Action MLP:Hidden weights: [array([[ 0.01159058,  0.00153528,  0.00965648, ...,  0.00713222,
         0.0028063 ,  0.01458996],
       [ 0.01713511,  0.03817546, -0.00889281, ...,  0.02494118,
         0.00382633,  0.0553602 ],
       [ 0.0373327 ,  0.05935059, -0.00131216, ...,  0.05984683,
         0.01885432,  0.09501101],
       ..., 
       [ 0.01510398,  0.01946557,  0.0101269 , ...,  0.008893  ,
         0.00805221,  0.02095372],
       [ 0.00810024, -0.00280158,  0.00074148, ...,  0.00144878,
        -0.00882291,  0.01411931],
       [ 0.00980062,  0.01167952,  0.00076985, ...,  0.01069125,
         0.00141705,  0.00019408]])]Hidden bias: [array([-0.88633305, -0.86803306, -0.90789425, -0.86233156, -0.86276451,
       -0.86018917, -0.86115968, -0.86706064, -0.8576865 , -0.86781881,
       -0.94574748, -0.86104042, -0.87101537, -0.87198765, -0.87533906,
       -0.87386203, -0.85787033, -0.87178116, -0.88900952, -0.85396389])]Output weights: [[ 0.03383341 -0.00018455]
 [ 0.04159385  0.00918573]
 [ 0.0373732  -0.0064622 ]
 [ 0.03818396  0.01760457]
 [ 0.0481264   0.02123746]
 [ 0.07491989  0.05100154]
 [ 0.0457744   0.01883816]
 [ 0.05782789  0.01887057]
 [ 0.06486871  0.04593969]
 [ 0.08028007  0.11546151]
 [ 0.09601     0.02006669]
 [ 0.03707393  0.01590931]
 [ 0.04357011  0.01065821]
 [ 0.02509991  0.00371967]
 [ 0.02946623  0.00237331]
 [ 0.0436199   0.00934848]
 [ 0.04481062  0.01646986]
 [ 0.04082002  0.00816748]
 [ 0.03291566 -0.00202397]
 [ 0.04851566  0.02734865]]Output bias: [ 0.23135039 -0.02623808]
Value MLP:Hidden weights: [array([[  1.94231513e-01,  -1.76705369e-02,  -1.82402709e-02, ...,
         -6.14188389e-02,  -1.09325965e+00,  -9.18030579e-03],
       [ -4.83956378e-03,  -7.72439313e-02,  -7.17184233e-02, ...,
         -2.30663156e-01,  -7.37858649e-01,  -7.68689914e-02],
       [ -2.03359293e-01,  -1.80905565e-01,  -1.95612556e-01, ...,
         -2.91994427e-01,  -3.44562531e-01,  -1.88560168e-01],
       ..., 
       [ -8.33176869e-02,  -2.16832527e-01,  -1.92246460e-01, ...,
         -1.02767952e-01,  -2.18046388e-01,  -1.90311887e-01],
       [ -2.37152660e-03,  -4.58870351e-03,   1.81890494e-03, ...,
          7.92759247e-03,  -6.60687671e-03,  -3.37855932e-03],
       [ -3.03589216e-04,  -5.67231435e-03,   9.66739064e-03, ...,
         -1.92363093e-03,  -1.82574566e-03,  -7.28865334e-04]])]Hidden bias: [array([-1.68083281, -2.57868145, -2.28395062, -3.55376011, -1.63212121,
        1.55444929, -3.23016428,  2.54743454, -1.99362809, -4.45265132,
       -2.28292512, -3.04315671, -3.58631011, -8.57636131, -2.16971747,
       -1.7976191 , -2.97957682, -1.81089008, -2.67352004, -2.39031325])]Output weights: [[  4.88002574]
 [  4.799726  ]
 [  4.86251206]
 [  4.50060656]
 [  4.90285533]
 [  0.38519801]
 [  4.68622844]
 [  0.11489752]
 [  4.8827379 ]
 [  3.1901164 ]
 [  4.8594605 ]
 [  4.44533294]
 [  4.48879478]
 [ 10.00808307]
 [  4.3781178 ]
 [  4.90923688]
 [  4.74302518]
 [  4.91971321]
 [  4.76574183]
 [  4.84563784]]Output bias: [-4.22369987]