Action MLP:Hidden weights: [array([[  2.07984000e-02,   2.55421026e-02,   3.42571658e-03,
          4.09294168e-04,   3.90537867e-03,   5.08977007e-03,
         -6.93778381e-03,  -5.76231399e-03,  -2.66262920e-03,
         -9.01381098e-03,   1.87373322e-03,   1.92595441e-02,
         -2.10325821e-02,   2.51993501e-02,  -1.18331146e-02,
         -1.28400511e-02,  -5.57208381e-02,   1.28596496e-02,
          2.23190790e-02,  -8.69573572e-03,  -3.38750710e-03,
          2.00265025e-02,  -3.93400797e-03,   2.00596307e-02,
         -5.54028983e-03,  -1.30543694e-03,   2.18865144e-03,
          1.45323314e-03,   1.88922813e-03,  -2.02302969e-03,
          3.67092184e-03,   9.89800552e-03,   1.15597600e-02,
         -1.80405979e-03,   2.97349941e-02,  -1.73796676e-02,
         -1.17077538e-02,   2.19850710e-02,   2.18234058e-02,
          2.18174228e-02,   9.65302332e-03,  -8.34181492e-01,
         -1.74381381e-03,   5.48556008e-03,   8.57717789e-03,
         -1.06138535e-02,   1.13206970e-02,   1.55348521e-02,
         -5.68152137e-03,  -2.15846262e-02,   1.09251721e-02,
          5.51052573e-03,   1.18068266e-02,  -1.54994667e-02,
         -5.65575651e-03,   6.59846003e-03,  -2.39568402e-02,
          1.70608101e-02,   1.32006036e-02,  -2.76903371e-03,
          3.15369418e-02,   6.94499143e-03,   1.90562736e-03,
          2.28400544e-03,   2.19229972e-02,   3.55234863e-02,
          4.85107089e-04,  -1.08365961e-02,   7.46074527e-03,
          2.22618015e-02,   1.63983826e-02,   1.01226686e-02,
          1.19524263e-02,  -1.26692994e-02,   2.47520997e-02,
          2.68509665e-03,  -4.13965463e-02,   5.88970179e-03,
          5.21770054e-03,  -7.54679047e-04,  -1.18746199e-02,
         -1.63506752e-02,  -8.93617797e-03,  -2.66780330e-04,
          1.83666776e-02,  -6.30740959e-03,   1.29092248e-02,
         -3.60510760e-03,   1.58711770e-02,  -5.95039624e-03,
          1.29048437e-02,   3.73696727e-02,   1.15751642e-02,
          1.89909054e-02,   3.33440150e-02,  -8.51934761e-03,
          1.57154113e-02,   3.73039665e-03,  -1.53195625e-02,
         -1.85896965e-03],
       [  9.11293422e-02,   4.60172651e-03,   5.65121862e-02,
          3.40512274e-02,  -6.91155359e-03,   2.69097605e-02,
         -1.03057140e-02,  -6.15941285e-03,  -1.46646566e-02,
          5.37448259e-02,   3.95809919e-02,   6.87707942e-02,
         -1.14568185e-02,   8.79881000e-02,   4.15188884e-02,
         -7.04790093e-03,  -4.48835152e-01,  -5.68197515e-03,
          1.16403449e-03,  -1.85329674e-02,   7.37940500e-03,
          7.76761192e-02,  -5.07646189e-03,   1.03240377e-01,
          5.23686077e-03,   2.53374996e-02,   1.31098533e-02,
          1.93582169e-02,   5.38072207e-02,   2.89925603e-02,
          1.59409778e-02,   6.20909105e-02,   3.63134528e-02,
         -7.46520200e-03,  -1.05057362e-02,  -9.16228219e-03,
          1.44202093e-02,   6.61120347e-02,   9.70832569e-02,
          6.38238807e-02,  -1.00214119e-02,   9.48293704e-02,
          4.71505879e-02,   7.40999633e-02,   6.95600917e-02,
         -5.40337957e-03,   2.66338547e-02,   8.45684256e-03,
         -8.36724008e-03,   8.89125237e-03,   8.22360860e-02,
          3.52232182e-02,   2.20568638e-02,   2.73663957e-02,
          1.29164205e-02,   4.55834568e-02,   1.07354236e-02,
         -1.05296652e-02,   5.45560316e-02,   4.18613605e-02,
          6.28728556e-01,   3.28988835e-02,   1.61541103e-02,
         -1.49636764e-02,   1.05300337e-01,  -1.11015497e-02,
          5.24255553e-02,  -5.16309442e-02,  -9.28565050e-03,
          8.70608227e-02,   8.37589074e-02,   2.79984206e-02,
          5.40347710e-02,  -4.76496027e-02,   1.77586465e-02,
          2.59261070e-02,  -9.55504099e-03,   3.18700068e-02,
         -6.60416282e-03,  -1.21678226e-02,   4.04841620e-02,
          3.68860650e-02,  -2.67340121e-02,   6.24124862e-02,
          5.19861296e-02,   5.34827570e-02,   4.05145873e-02,
          5.45543920e-02,   1.07023551e-03,  -6.87323337e-04,
         -4.08699552e-03,  -1.69178354e-02,   7.59736363e-03,
          3.44808955e-02,   1.85972296e-04,   2.98075063e-02,
          5.72509154e-02,   3.13348056e-03,   2.85117968e-02,
          1.77505843e-02],
       [ -1.17387129e-01,  -1.36326144e-01,   3.61123069e-02,
         -2.04211575e-02,  -2.72761599e-02,  -4.13407901e-02,
         -2.58026817e-02,   1.08114754e-03,   2.14948167e-02,
          7.19463711e-02,  -1.15488915e-02,  -8.27422174e-02,
          4.22031790e-02,  -2.09429314e-01,   1.04336640e-01,
         -1.37451269e-02,  -4.69727620e+00,  -2.30060760e-02,
         -2.44489414e-01,   3.43785010e-02,  -2.77111259e-02,
         -1.22173152e-01,  -3.44467839e-02,   2.04994638e-03,
         -4.71817992e-03,  -7.85667790e-03,   1.31569936e-02,
         -3.85141117e-02,   2.06518497e-02,   3.72529787e-02,
         -3.72396292e-02,  -2.59366457e-02,  -7.60838374e-02,
          6.36136150e-03,  -1.75830398e-01,   6.97443127e-03,
          4.69363848e-02,  -2.24349737e-01,  -4.36474491e-02,
         -1.26851407e-01,   5.24196689e-03,  -1.18189565e+00,
          3.81710124e-02,   2.60530464e-02,   2.18136653e-02,
          3.75355832e-03,  -1.05210122e-01,  -8.77335767e-02,
          6.88749603e-03,   9.46702576e-02,   1.80324966e-02,
         -1.33121792e-02,  -7.22553748e-02,   7.23365770e-02,
          2.16348504e-02,  -5.20585636e-03,   1.35039374e-01,
         -6.78302907e-02,  -7.89926156e-02,   5.12226867e-02,
         -4.45111012e+00,  -4.55618379e-04,  -2.81033343e-02,
         -6.24095659e-02,  -1.94078665e-02,  -2.03049757e-01,
          3.37113961e-02,  -7.98803314e-02,   1.13376864e-04,
         -1.02448833e-01,  -3.26204734e-02,  -1.67183062e-02,
         -5.89323255e-02,  -1.82020235e-02,  -1.27752721e-01,
          8.11319236e-04,   2.25696876e-01,  -3.73554656e-02,
         -4.61684926e-02,  -2.95452409e-02,   8.33130020e-02,
          1.34445646e-01,   2.40075391e-02,   5.70558230e-02,
         -1.82467816e-01,   8.33481739e-02,  -9.60515305e-02,
          6.60905866e-02,  -6.19210220e-02,   1.61981801e-02,
         -9.41192731e-02,  -1.75646113e-01,  -6.79511839e-02,
         -1.95498028e-01,  -2.08898755e-01,   7.32786349e-02,
         -3.39135115e-02,  -4.52208288e-02,   8.96883844e-02,
          3.80797947e-02],
       [ -1.53991053e-01,  -2.12841419e-01,  -1.87219463e-01,
         -2.00588919e-01,  -2.20136410e-01,  -2.04708278e-01,
         -2.33113453e-01,  -2.22609050e-01,  -2.21619076e-01,
         -1.98280967e-01,  -1.95834376e-01,  -1.71022373e-01,
         -2.46240245e-01,  -1.61228858e-01,  -2.15235261e-01,
         -2.37839571e-01,   6.42348445e+00,  -2.20400967e-01,
         -2.23458181e-01,  -2.29282744e-01,  -2.13314081e-01,
         -1.60687562e-01,  -2.25293412e-01,  -1.59474935e-01,
         -2.16391169e-01,  -1.99810620e-01,  -2.01539785e-01,
         -2.03341127e-01,  -1.90615102e-01,  -1.99502313e-01,
         -2.04712073e-01,  -1.82299718e-01,  -1.88062011e-01,
         -2.17268661e-01,  -2.27326131e-01,  -2.44378682e-01,
         -2.21010802e-01,  -1.72607397e-01,  -1.53169084e-01,
         -1.73827857e-01,  -2.23455386e-01,  -3.96451372e-01,
         -1.84991889e-01,  -1.77022503e-01,  -1.81347881e-01,
         -2.26600599e-01,  -1.95479520e-01,  -2.06247743e-01,
         -2.21672257e-01,  -2.24873915e-01,  -1.80314753e-01,
         -1.97761761e-01,  -1.96086317e-01,  -2.09832066e-01,
         -2.06688757e-01,  -1.82402241e-01,  -2.34909086e-01,
         -2.20627615e-01,  -1.80823720e-01,  -1.99776376e-01,
         -6.20598079e+00,  -1.90570399e-01,  -2.06818000e-01,
         -2.32676304e-01,  -1.56920684e-01,  -2.28019848e-01,
         -1.84383505e-01,  -2.82908500e-01,  -2.20941468e-01,
         -1.55632938e-01,  -1.60938466e-01,  -1.93936105e-01,
         -1.82730163e-01,  -2.62641035e-01,  -2.01470990e-01,
         -1.93313899e-01,  -2.59398704e-01,  -1.95637377e-01,
         -2.19065921e-01,  -2.22703314e-01,  -2.05270388e-01,
         -2.25717162e-01,  -2.34201815e-01,  -1.88781084e-01,
         -1.81105078e-01,  -2.03930885e-01,  -1.83855290e-01,
         -2.02836791e-01,  -2.10382233e-01,  -2.16768875e-01,
         -2.18116523e-01,  -2.34810038e-01,  -2.05177428e-01,
         -1.92888439e-01,  -2.17940881e-01,  -2.01138157e-01,
         -1.81636374e-01,  -2.11080274e-01,  -2.14628032e-01,
         -1.99753890e-01],
       [  6.45185988e-03,   7.57532465e-02,   2.36652312e-02,
          5.84336516e-03,   1.68548742e-02,   1.97072031e-02,
         -1.67792549e-02,  -1.35985005e-02,  -5.97679332e-03,
         -5.39290180e-03,   2.17779254e-03,   2.52034732e-02,
         -3.02848485e-02,   3.31438220e-03,   1.08356390e-02,
         -1.61883754e-02,   2.12469849e+00,   4.69930699e-02,
          6.06731826e-03,  -3.34694332e-02,  -1.68717394e-02,
          1.12350030e-02,  -5.14490344e-03,   6.74889563e-02,
         -1.53698183e-02,  -1.39336310e-02,  -1.49058478e-02,
          5.08606960e-03,   2.44643538e-02,  -2.71291180e-03,
          3.73103618e-05,   2.45821582e-02,   4.37110137e-03,
         -1.48224684e-02,   1.04661426e-01,  -2.50774685e-02,
         -1.95406717e-02,  -1.01752924e-02,   2.94146726e-02,
          2.27099815e-02,   4.43214921e-02,   1.05906679e+00,
         -1.26666926e-02,   1.23877963e-02,   3.58502362e-02,
         -2.20975336e-02,   4.11924502e-03,   3.61398841e-02,
         -1.97880652e-02,  -4.63663829e-02,   6.40276202e-02,
          1.86593537e-02,   1.61488969e-02,  -2.61425993e-02,
         -3.05365168e-02,  -4.87711899e-03,  -2.98882304e-02,
          6.27244494e-02,   3.71950594e-03,   5.81484588e-03,
          1.72803860e+00,   1.14488097e-02,   5.65661841e-03,
          1.95115465e-02,   6.97621257e-02,   1.29578472e-01,
          1.83340134e-03,   1.11802495e-02,   2.29720024e-02,
          1.13768567e-02,   7.90027049e-03,   1.05720305e-02,
          1.79441517e-02,  -9.82333089e-03,   6.97567495e-02,
         -6.57088048e-03,  -7.17558150e-02,   1.55656943e-02,
          2.33266095e-02,  -5.08130011e-03,  -1.08189453e-02,
          1.27282710e-02,  -2.58355962e-02,   5.95092946e-03,
         -9.78506832e-03,   1.84688829e-02,   9.43514677e-04,
          2.94697089e-02,   4.03797794e-02,  -1.23955001e-02,
          4.86162812e-02,   1.70453048e-01,   2.76564859e-02,
         -1.35021055e-02,   1.03162135e-01,  -2.05228317e-02,
          3.87458625e-02,   1.49719326e-02,  -2.32237364e-02,
         -1.51471085e-02],
       [ -8.20370979e-03,  -3.56858274e-02,  -3.52874387e-02,
         -6.59503658e-03,  -6.30284459e-03,  -2.09497792e-02,
          1.60704183e-02,   1.33938925e-02,   5.37274139e-03,
         -1.36631950e-02,   4.86688368e-04,  -1.91052994e-02,
         -1.58230483e-02,  -5.21991323e-03,  -4.24345764e-02,
          5.33845509e-03,  -2.50095667e-01,  -2.60247922e-02,
          8.64301940e-03,   2.62671330e-02,   1.65575145e-02,
          1.69963726e-03,   1.08965531e-03,  -8.63157588e-02,
          1.29075134e-02,   1.61438181e-02,   1.41612399e-02,
         -1.93285064e-03,  -3.08009437e-02,  -3.07946883e-03,
          9.09402583e-03,  -1.93593182e-02,   1.48173030e-02,
          1.49302099e-02,  -5.49689601e-02,   6.32301026e-03,
         -4.83223435e-03,   1.03833161e-02,  -3.85622760e-02,
         -5.29079577e-03,  -3.31291539e-02,   3.37210100e+00,
          2.73920223e-04,  -2.65135491e-02,  -5.22060886e-02,
          1.82534369e-02,   1.95789818e-02,  -3.95751001e-03,
          1.51340507e-02,   1.35343971e-02,  -8.16722689e-02,
         -1.53145045e-02,   1.31325576e-02,   1.18604618e-02,
          2.79694848e-02,   1.04302075e-02,  -1.25037910e-02,
         -3.05352964e-02,   6.52587922e-03,  -2.55865774e-02,
         -4.21513679e-01,  -4.97395120e-03,  -2.87013595e-03,
         -7.05480592e-03,  -7.93723710e-02,  -7.12226032e-02,
         -1.35383008e-02,  -3.86217615e-02,  -1.69961518e-02,
         -8.41371040e-03,  -1.25869518e-02,   2.10446810e-03,
         -1.31758025e-02,  -8.98638640e-03,  -3.09385330e-02,
          1.24983431e-02,   1.29580746e-02,  -8.19010440e-03,
         -1.41249010e-02,   2.01642895e-02,  -1.02697634e-02,
         -4.02500124e-02,   1.54433459e-02,  -2.62948524e-02,
          2.91300732e-02,  -4.18273368e-02,   1.89313569e-02,
         -5.44348048e-02,  -1.52589798e-02,   8.57282344e-03,
         -2.22541571e-02,  -1.05768521e-01,  -8.35109684e-03,
          2.93753640e-02,  -5.32443730e-02,   9.76875279e-04,
         -3.73523705e-02,  -5.73562625e-03,  -6.04406075e-03,
          1.06138668e-02],
       [  3.04328923e-02,   1.36554290e-02,   3.44854147e-02,
          2.55191624e-02,   2.11614902e-02,   2.41952635e-02,
          2.10561543e-02,   2.32584231e-02,   2.51749263e-02,
          3.57600841e-02,   2.81577499e-02,   2.80926960e-02,
          2.51357573e-02,   2.38875494e-02,   3.77867290e-02,
          2.03167803e-02,   2.39182213e-01,   2.40603221e-02,
          8.42777295e-03,   2.67209196e-02,   2.20433596e-02,
          2.74286229e-02,   2.05193208e-02,   3.84579760e-02,
          2.51098335e-02,   2.79967815e-02,   3.10149639e-02,
          2.30590023e-02,   3.13083996e-02,   3.24403948e-02,
          2.42147297e-02,   3.07971436e-02,   2.46935817e-02,
          2.63519163e-02,   7.14630501e-03,   2.19391131e-02,
          2.83631695e-02,   1.91967575e-02,   3.57392782e-02,
          2.32847551e-02,   2.67100778e-02,  -3.88199835e-01,
          3.59119331e-02,   3.82393538e-02,   3.47537315e-02,
          2.22697833e-02,   1.99588628e-02,   1.85035250e-02,
          2.55444325e-02,   3.36419703e-02,   3.53531130e-02,
          2.71111310e-02,   2.27932357e-02,   3.31544639e-02,
          2.92157255e-02,   3.17745153e-02,   3.70401379e-02,
          1.71133133e-02,   2.67712315e-02,   3.36957680e-02,
         -1.73262850e-02,   2.92138563e-02,   2.49921732e-02,
          1.53117335e-02,   3.62348637e-02,   3.55710640e-03,
          3.58345679e-02,   1.00052913e-02,   2.58398079e-02,
          2.94190546e-02,   3.56360713e-02,   2.98213813e-02,
          2.61789325e-02,   1.61599150e-02,   1.69917747e-02,
          2.98222428e-02,   4.20626485e-02,   2.61525809e-02,
          1.94349410e-02,   2.08791624e-02,   3.52935565e-02,
          3.87075156e-02,   2.46783086e-02,   3.76215883e-02,
          1.93602629e-02,   3.71383392e-02,   2.25743156e-02,
          3.59011637e-02,   2.04285509e-02,   2.71018792e-02,
          1.50367724e-02,   4.75770528e-03,   2.07446578e-02,
          1.54017374e-02,   6.22856134e-03,   3.58329960e-02,
          2.99495274e-02,   2.08345934e-02,   3.52509261e-02,
          3.25181912e-02],
       [  1.12757339e-02,   2.80617325e-03,   2.64067418e-02,
          2.48215349e-02,   1.78730847e-02,   1.93194593e-02,
          2.43186718e-02,   2.47623792e-02,   2.21592603e-02,
          3.64222233e-02,   2.43785298e-02,   1.35627304e-02,
          3.41724137e-02,   3.18048151e-03,   3.67014432e-02,
          2.83775158e-02,   3.03856131e-01,   1.23096754e-02,
         -3.91372791e-03,   2.67583885e-02,   2.40028362e-02,
          1.00662049e-02,   2.14873532e-02,   2.03765396e-02,
          2.46190548e-02,   2.37839817e-02,   2.03010142e-02,
          2.01392129e-02,   2.72637389e-02,   2.63557231e-02,
          1.89340094e-02,   2.12678004e-02,   1.43264343e-02,
          2.08817152e-02,  -2.11790582e-03,   3.20916578e-02,
          3.38518822e-02,   1.10401602e-03,   1.67400438e-02,
          1.06371057e-02,   1.38982891e-02,   7.60826670e-02,
          2.63426536e-02,   2.58633036e-02,   2.51109513e-02,
          2.86323626e-02,   1.25356656e-02,   9.94452936e-03,
          2.30424727e-02,   3.85782542e-02,   2.46726229e-02,
          2.23099492e-02,   1.27180893e-02,   3.58540763e-02,
          2.70391367e-02,   2.15215281e-02,   4.17089198e-02,
          8.53149607e-03,   1.56094480e-02,   2.97581617e-02,
         -7.94292176e-02,   2.10363002e-02,   1.93644756e-02,
          1.81131393e-02,   1.97813975e-02,  -5.20941610e-03,
          2.55379609e-02,   1.97971616e-02,   1.60848970e-02,
          1.30067539e-02,   1.87681039e-02,   1.67490541e-02,
          1.85291875e-02,   2.36839555e-02,   3.07622182e-03,
          2.07467271e-02,   5.43022974e-02,   1.82264776e-02,
          1.52574337e-02,   1.94888254e-02,   3.63096415e-02,
          4.16647138e-02,   2.45217258e-02,   3.13176044e-02,
          6.03406635e-03,   3.47009703e-02,   1.34212097e-02,
          3.20320869e-02,   1.02361279e-02,   2.37313320e-02,
          9.35762164e-03,  -5.80011287e-03,   1.11032469e-02,
          4.65351541e-03,  -5.61063377e-03,   3.10184841e-02,
          1.68549920e-02,   1.63027019e-02,   3.71967199e-02,
          2.38944869e-02]])]Hidden bias: [array([-0.04609751, -0.02838593, -0.05264347, -0.04551959, -0.03670396,
       -0.04202581, -0.03958862, -0.04052905, -0.03929093, -0.05775192,
       -0.04686311, -0.04453717, -0.04626336, -0.03947197, -0.05861848,
       -0.04151379, -0.08621504, -0.03634527, -0.02170753, -0.04190807,
       -0.04065431, -0.04276571, -0.03817817, -0.05675444, -0.04236733,
       -0.04479853, -0.0433472 , -0.04044926, -0.05138683, -0.04871388,
       -0.04017006, -0.04915781, -0.03987223, -0.03980006, -0.02254828,
       -0.04408386, -0.04953122, -0.03368425, -0.05214869, -0.04050601,
       -0.03796648,  0.07669156, -0.05139904, -0.0557248 , -0.05374347,
       -0.04202957, -0.03596147, -0.03310801, -0.04043295, -0.05321947,
       -0.05579454, -0.04534003, -0.03707151, -0.05324837, -0.04558897,
       -0.0471345 , -0.05734203, -0.03081674, -0.04327786, -0.05254171,
        0.06713095, -0.044929  , -0.04090874, -0.03391941, -0.05569133,
       -0.01995324, -0.05185079, -0.03078944, -0.03817194, -0.04605647,
       -0.05150496, -0.04295238, -0.04462021, -0.03430147, -0.03077014,
       -0.04395371, -0.0637285 , -0.0423352 , -0.03463106, -0.0364374 ,
       -0.05607804, -0.06152719, -0.03925423, -0.05716556, -0.03480154,
       -0.05833015, -0.03850563, -0.05678457, -0.03368194, -0.04218307,
       -0.03045471, -0.02076613, -0.03426962, -0.03082701, -0.02115357,
       -0.05226704, -0.04634472, -0.03622313, -0.05550706, -0.04597944])]Output weights: [[ -2.53753256e-02   2.31063345e-03]
 [ -3.00773919e-02  -2.86393634e-02]
 [ -1.21624133e-03   1.38396734e-02]
 [ -3.94507997e-03   4.35050742e-03]
 [ -3.16101902e-03  -7.76359995e-03]
 [ -9.93195361e-03  -2.82759377e-03]
 [  3.01159533e-03  -3.00338263e-03]
 [  6.45796588e-03   1.08042629e-03]
 [  8.66914733e-03   2.97466102e-04]
 [  1.03401429e-02   2.32484499e-02]
 [ -1.83880291e-03   7.42236721e-03]
 [ -2.05162125e-02  -3.55469246e-04]
 [  1.17211020e-02   6.59100291e-03]
 [ -3.99753807e-02  -1.08608145e-02]
 [  1.18474897e-02   2.18014026e-02]
 [  3.58458875e-03  -6.21899866e-04]
 [ -7.63421919e-01   5.74239878e-01]
 [ -7.37806173e-03  -1.16111706e-02]
 [ -3.80902188e-02  -3.55704542e-02]
 [  1.59941373e-02   5.33898541e-03]
 [  1.25889564e-03   6.17499205e-04]
 [ -2.42646919e-02  -1.25648345e-03]
 [ -1.76096925e-03  -5.18036575e-03]
 [ -2.00500086e-02   1.18894947e-02]
 [  4.76529566e-03   3.11539845e-03]
 [  2.95170721e-03   7.12511386e-03]
 [  6.82086712e-03   6.51007737e-03]
 [ -5.47155903e-03  -1.47431258e-03]
 [ -2.91224773e-03   1.15286693e-02]
 [  7.02638206e-03   1.21342000e-02]
 [ -3.36649752e-03  -1.30765657e-03]
 [ -1.00712425e-02   6.93698935e-03]
 [ -1.11729263e-02  -2.61463761e-03]
 [  7.42077242e-03   1.15324893e-03]
 [ -3.94808828e-02  -4.12634857e-02]
 [  8.17184020e-03   2.99788186e-03]
 [  1.11014518e-02   1.23310997e-02]
 [ -3.82278710e-02  -1.58465953e-02]
 [ -1.88990781e-02   9.94244503e-03]
 [ -2.56083816e-02  -6.72430693e-03]
 [ -3.03768640e-03  -8.69798200e-03]
 [ -4.90306980e-02   3.54097953e-01]
 [  6.86128031e-03   1.75685187e-02]
 [ -2.31757395e-03   1.79034266e-02]
 [ -7.62827159e-03   1.24116629e-02]
 [  8.35019279e-03   3.22126451e-03]
 [ -1.47308434e-02  -8.55824897e-03]
 [ -1.57179957e-02  -1.50297837e-02]
 [  8.12164147e-03   1.87756637e-03]
 [  2.39813950e-02   2.18491151e-02]
 [ -1.46486777e-02   1.06359319e-02]
 [ -5.06410137e-03   3.41084378e-03]
 [ -1.05374523e-02  -6.59487056e-03]
 [  1.71333496e-02   2.09291469e-02]
 [  1.15793652e-02   1.07403101e-02]
 [  2.22148178e-04   1.03358439e-02]
 [  2.61891719e-02   2.49844390e-02]
 [ -1.61726643e-02  -2.08185378e-02]
 [ -1.40194239e-02   7.13486490e-04]
 [  5.02476356e-03   1.51139697e-02]
 [  6.05804858e-01   4.46193722e-01]
 [ -1.10887075e-03   5.65069334e-03]
 [ -3.71680151e-03  -1.02206378e-03]
 [ -8.48289762e-03  -1.44859588e-02]
 [ -2.29133496e-02   9.59748247e-03]
 [ -4.71382091e-02  -4.82997254e-02]
 [  2.94681983e-03   1.59507426e-02]
 [ -1.16928464e-02  -2.54572551e-02]
 [ -4.15974189e-04  -6.23880188e-03]
 [ -2.29960195e-02   2.80105978e-03]
 [ -1.12157389e-02   1.21730099e-02]
 [ -2.69470898e-03   2.32721141e-03]
 [ -1.39264129e-02   1.16911331e-03]
 [  3.34216283e-03  -1.24394155e-02]
 [ -2.87303865e-02  -2.35303857e-02]
 [  3.07563310e-03   7.11575767e-03]
 [  4.94674330e-02   3.87327138e-02]
 [ -7.82448798e-03  -6.82155922e-05]
 [ -7.87455253e-03  -1.14461576e-02]
 [  1.86212708e-03  -5.38045389e-03]
 [  1.39889362e-02   2.25303638e-02]
 [  1.76639728e-02   2.53081456e-02]
 [  1.28663493e-02   6.69155424e-04]
 [  4.45297064e-03   2.05521110e-02]
 [ -2.76503928e-02  -1.20628279e-02]
 [  6.89854114e-03   2.06805749e-02]
 [ -1.41858343e-02  -3.95826524e-03]
 [  1.51268504e-03   1.66018914e-02]
 [ -1.26710061e-02  -1.44068969e-02]
 [  7.83419327e-03   4.04038816e-03]
 [ -1.88848915e-02  -2.07173182e-02]
 [ -4.84539292e-02  -5.12881845e-02]
 [ -1.23655628e-02  -1.17497806e-02]
 [ -2.83868476e-02  -1.78127899e-02]
 [ -4.54724954e-02  -4.32271285e-02]
 [  1.48848369e-02   1.96279399e-02]
 [ -1.46143631e-02   1.71105379e-03]
 [ -6.76695837e-03  -7.62088942e-03]
 [  1.74396275e-02   2.21342082e-02]
 [  1.03711467e-02   1.13099999e-02]]Output bias: [-0.32351449  0.12689248]
Value MLP:Hidden weights: [array([[  4.79397566e-01,   5.82833806e-01,  -2.98094892e+00,
          8.01098274e+00,   9.46637618e+00,   3.92590561e-01,
         -5.50262775e-01,   8.90193294e-01,   9.53235570e+00,
         -3.61157326e+00,   1.12315868e+01,   4.75146167e+00,
         -1.88674223e-01,  -2.93963339e+00,  -4.72638724e+00,
         -6.45884461e+00,   3.04467071e+00,  -4.30628220e+00,
          1.49216280e+01,   7.34001233e+00,   4.42449602e+00,
          4.54928382e+00,  -3.13275667e+00,   3.72352781e+00,
         -5.19899720e+00,   8.76828900e+00,  -1.20751867e+01,
         -4.45716380e+00,  -4.83839433e+00,  -7.44767341e+00,
         -1.08680592e+00,   4.44825507e+00,  -3.84265303e+00,
         -9.39407715e+00,   1.93017116e+00,  -2.08391795e+00,
         -3.62528277e-01,  -5.44366636e+00,   1.20337748e+01,
         -2.70322787e+00,   3.54722038e+00,  -7.55250552e+00,
         -1.12029837e+01,   3.94564386e+00,  -9.57800026e+00,
          1.26078668e+00,   1.12999713e+01,  -1.81338456e+00,
          5.09965957e+00,   6.13179802e-01],
       [ -1.68547551e+00,  -1.52860222e+00,   2.00930035e-02,
         -5.76341439e+00,   7.70373160e+00,   4.52101581e+00,
         -3.91872766e+00,   2.75954632e+00,   1.09385336e+00,
          2.57058483e+00,  -8.14426756e+00,  -5.69473640e+00,
          9.62998882e+00,  -5.87193741e+00,   6.49367810e+00,
          1.89325860e+00,   2.77149632e-01,   7.83004492e+00,
         -1.71702514e-01,  -3.88009892e-01,   4.12289324e+00,
         -1.13542688e+01,  -6.83049869e+00,   1.12068359e+00,
          6.03059675e+00,  -5.47231727e-01,  -9.50898216e-01,
         -1.16602497e+01,   6.29690030e+00,  -6.76430239e+00,
         -1.60419129e+00,   5.18847876e+00,  -4.29852994e+00,
         -1.26690800e+01,   6.28787548e+00,  -5.46737654e+00,
          1.11546236e+01,  -8.89940510e+00,   4.80518777e+00,
          8.32727449e+00,  -1.39009058e+01,   1.33002249e+01,
          2.77135407e+00,   1.00484261e+01,   3.66918842e+00,
         -2.20248173e+00,   1.30641672e+01,   1.46805573e+01,
         -1.03748903e+01,  -2.74727042e+00],
       [ -7.14585495e+00,   1.36663850e+00,  -1.29033425e+01,
          9.02348326e+00,   4.88482218e+01,   7.70143059e+00,
          1.03358795e+01,   3.98636527e+00,   9.06242977e+00,
         -1.61803618e+01,   2.26702479e+01,   1.74223395e-01,
          1.04543151e+01,   9.16471065e+00,   1.21388433e+01,
         -1.92950978e+01,  -2.36317936e+01,  -6.19722224e+00,
          2.19746465e+01,   2.82773628e+01,  -1.08347823e+01,
          2.55009196e+01,   8.43469585e-01,   1.29567824e+01,
         -2.13438538e+01,   1.95889779e+01,  -4.51663757e+01,
         -2.43427934e+01,  -1.53178202e+01,  -4.42821844e+00,
          1.54345336e-01,   2.33210858e+01,   1.05398955e+01,
          7.56284409e+00,  -8.53687240e-01,  -1.02924332e+01,
         -1.96190751e+01,  -1.40712792e+01,   7.32756244e+00,
          8.24985964e+00,   4.01204673e+00,   7.31313836e+00,
         -1.11299323e+01,   6.46101835e+00,  -1.14963663e+01,
          1.02496662e+01,  -5.06315144e+00,  -1.11491774e+01,
          4.79754559e+00,   9.98081754e-01],
       [ -1.42572686e+01,   2.55334353e+00,  -1.31708685e+01,
         -1.15839371e+01,   1.33856907e+01,   7.88528330e+00,
         -1.67492022e+00,   9.31808986e+00,  -1.26871731e+01,
         -2.68436354e+00,  -1.03370239e+01,   9.56286180e+00,
          1.08697435e+01,  -4.13992256e-01,   3.89769984e+00,
          7.24725113e+00,  -1.81379440e+01,  -1.94158426e+00,
         -5.33344704e+00,   2.17467075e+00,   7.15490152e+00,
         -1.07476762e+01,  -1.71959109e+01,   5.12129866e+00,
         -2.22134110e+00,   6.90021317e-01,  -3.24713810e+01,
         -2.37842424e+00,   6.17980832e+00,  -3.27811508e+00,
          1.91493848e+00,   3.12275353e+00,   1.79957764e+01,
         -1.01792240e+01,  -2.59318718e+00,  -5.29640268e+00,
         -7.21624614e+00,  -1.39110113e+01,   8.24752613e+00,
          1.51367543e+01,  -5.06416287e+00,   9.54142067e+00,
         -2.63979406e+01,  -3.84514037e+00,   1.51004137e+00,
          7.79412603e+00,   4.35007276e+00,  -2.78100970e+00,
          4.88752559e+00,   4.09716659e+00],
       [  3.34392931e+01,   3.57888802e-01,   9.28404430e+00,
          1.01592078e+01,   4.51749304e+01,   4.79472209e+00,
         -2.60602612e+00,   3.77314810e+01,  -3.35030288e+00,
          1.08115882e+01,   1.77061805e+01,  -4.52973075e+00,
         -6.24474688e+01,  -3.08167984e+00,   9.87120834e+00,
          2.03795228e+01,   2.94846506e+01,  -7.05851478e+00,
         -2.29976226e+01,  -2.53490492e+01,  -5.89878211e+00,
         -3.89217144e+01,   2.34591646e+01,  -8.40491566e+00,
         -5.83412359e+00,  -1.89655292e+01,  -8.70729250e+01,
          3.13487488e+00,   1.36585272e+01,   2.54396098e+00,
         -3.79669848e-01,   1.42114991e+01,   9.91371734e+00,
          3.07301818e+00,  -3.42536368e+00,  -7.36985133e+00,
         -3.37337170e+01,   2.94390961e+00,  -1.88310166e+01,
          4.96988259e+00,  -2.91343106e+00,  -1.54628746e+00,
         -2.62509039e+01,   5.97328882e+00,   1.10636920e+01,
          2.37804447e+01,   3.15503088e+01,   1.80122511e+01,
          2.30356359e+01,  -4.71663759e-01],
       [  2.48109776e+01,   2.07643665e-01,   5.54615766e+00,
          2.58071174e+01,   2.65494271e+01,   1.75324170e+01,
          3.25580264e+01,  -1.28581541e+00,   2.77786733e+01,
         -1.81799906e+01,  -2.60566636e+00,  -2.16943313e+01,
         -2.85863460e+01,   2.61298071e+01,   2.03603515e+01,
          3.18178448e+00,  -2.73597693e+01,  -6.44124623e+00,
         -1.51760785e+01,   7.76892132e+00,  -3.32098599e+01,
         -3.96840526e+01,   1.34739769e+00,   7.89125158e+00,
         -2.08957981e+01,   9.32460786e+00,  -6.79623929e+01,
         -1.50020012e+01,  -1.93565257e+01,   3.47822132e+01,
          1.82514974e-01,   1.69374528e+01,   3.58855548e+01,
          2.10413190e+01,  -1.63104085e+01,  -7.40879724e+00,
         -1.05174667e+01,  -2.72417695e+01,  -1.90050187e+01,
          1.89502930e+01,   1.24842420e+01,   3.55392083e+01,
         -1.00560508e+01,   2.04013699e+01,   1.93894628e+01,
          1.53755668e+00,   1.87887205e+01,  -7.72673633e+00,
          5.17146180e+00,  -4.27343878e-01],
       [  4.73714451e+00,  -1.48573159e+00,   1.16998708e+01,
         -2.85430450e+00,  -1.29482307e+01,   2.48455743e+01,
          7.48042659e-01,  -8.39242098e+00,   4.17363848e+00,
         -1.61894859e+01,  -1.25206519e+01,   1.63076079e-01,
         -1.18259333e+01,   3.83579951e+00,  -7.73976401e+00,
          2.81385865e+00,  -9.88434816e+00,  -1.45829903e+01,
         -3.35733537e+00,   1.43712668e+01,  -7.60520822e+00,
          3.09067829e+00,   1.34395707e+00,   3.61504369e+00,
          4.31504106e+00,  -5.49278537e-01,  -1.17571515e+01,
          3.86364255e+00,   1.85856624e+00,   1.26154723e+01,
         -2.76236780e+00,  -3.14976283e+00,  -1.25763412e+00,
          4.71394638e+00,  -6.78116122e+00,  -2.27420566e+00,
         -1.70762297e+01,   2.89735632e+00,  -4.28074939e+00,
         -1.45084029e+01,   1.45461380e+01,   2.71109825e+00,
          1.01712979e+01,  -9.10263486e+00,   4.10241511e+00,
         -1.51091219e+01,  -2.63724848e+00,  -8.18625983e+00,
          1.26471593e+00,  -5.28879750e+00],
       [ -7.04157697e+00,  -4.88958194e-01,   1.21341514e+01,
         -2.87248774e+00,  -2.17407102e+01,   1.78321088e+00,
          2.84807588e+00,  -1.85887233e-02,  -2.76991206e+00,
          2.15369961e+00,  -7.88936008e+00,   1.04269803e+01,
         -1.72176059e+01,   1.89388096e+00,  -5.29238349e+00,
          1.13190963e+01,  -3.42400926e+00,  -6.80721073e+00,
          2.40047544e+00,   3.66513360e+00,   4.35160546e-01,
          7.34833110e-02,   1.13980093e+01,  -2.41625606e+01,
          1.05074365e+01,  -9.08143268e+00,   1.56998832e+01,
          6.62058302e+00,   1.28724572e+01,   8.32384769e-01,
         -1.35803942e+00,  -4.10427087e+00,  -1.21221746e+01,
          3.85519853e-01,  -1.28229945e+01,   3.00516400e+01,
         -7.88567639e+00,   7.35110269e+00,   2.17970802e-01,
         -1.30047277e+01,   8.73046499e+00,  -2.59180350e+00,
         -2.97275538e-01,  -6.24056385e+00,  -6.97294445e+00,
          8.43476410e+00,   2.77592747e+00,  -1.68251172e+00,
          9.95494310e+00,  -1.35552796e+00]])]Hidden bias: [array([ 16.25760178,  -5.94966657,  21.67808366, -12.44006125,
       -19.38368394, -13.23304208,  11.15055761,  -3.90009411,
        20.05583743,   9.22272172,  -7.29978396,  -5.47444649,
       -11.75977601,   6.3379004 ,  -9.7732711 , -15.30723933,
         6.85535792, -17.60664909,  19.66490403,   5.39211147,
       -23.5014188 , -19.47017747,  21.17017717,   9.32196673,
         1.62705488,  -6.07311992,  12.60459871,  10.36398878,
        -7.64924206,  16.68224056,  -7.19399281,  -9.02912753,
       -24.73817772,  20.56719633, -18.0720509 ,  -9.63797483,
       -13.62539279,  22.92227415, -21.47123468, -18.61939889,
        26.54711441, -17.87486917,  11.79599333,  -7.97713187,
       -16.71547308, -11.2123312 ,  -9.76238629,  -4.6633424 ,
         5.67621874,  -9.87801018])]Output weights: [[ 3.71347161]
 [ 5.74676817]
 [-0.10452673]
 [-0.94542325]
 [-0.39734086]
 [-4.00442727]
 [ 1.37752446]
 [ 4.82912641]
 [-1.30018753]
 [-1.93003964]
 [ 3.31747806]
 [-1.1241772 ]
 [-3.54528169]
 [ 1.14642806]
 [ 1.43634732]
 [ 1.34250769]
 [ 2.7373841 ]
 [-1.63232215]
 [ 2.65256115]
 [ 2.25209314]
 [-2.83049156]
 [-0.8306241 ]
 [ 1.02297255]
 [-3.64687046]
 [-0.64726756]
 [-0.92531421]
 [-0.77103187]
 [-2.99463451]
 [ 2.99829373]
 [ 6.24744223]
 [ 4.78236845]
 [-1.68869705]
 [ 4.92097482]
 [ 4.08542231]
 [-4.38198012]
 [-9.79783829]
 [-4.2342109 ]
 [ 1.14321602]
 [-3.02311686]
 [-5.64779262]
 [ 3.39179301]
 [-0.87413894]
 [ 0.64360063]
 [ 1.84404352]
 [-3.31808527]
 [ 1.51251005]
 [-1.89357423]
 [-2.88281864]
 [-1.60745249]
 [ 9.90258658]]Output bias: [-20.29845425]