Action MLP:Hidden weights: [array([[ -1.30216216e-01,   1.83418924e-01,   4.94086104e-02,
          1.60386248e-01,   1.53677877e-01,   5.76119714e-02,
          2.19430397e-01,   4.83615239e-02,  -5.16478597e-02,
          8.42448456e-02,   7.24906131e-02,   1.04379284e-01,
         -2.04040951e-01,  -2.33789895e-01,  -1.10721148e-01,
          4.82457423e-02,   1.75351392e-01,   1.63204882e-01,
          1.01197084e-01,   1.37967828e-01,   1.54272894e-01,
         -3.30511002e-01,   1.37981381e-01,  -1.23248804e-01,
         -1.09570501e-01,   2.23063349e-01,   1.65913500e-03,
          6.04721244e-02,  -2.43507726e-01,   1.47775183e-01,
          3.99503639e-02,  -9.10632116e-02,   6.81731025e-02,
          3.10409119e-01,  -1.97030858e-01,   1.24777034e-01,
          1.81961267e-01,  -1.48024885e-01,   2.25674875e-02,
          6.43687804e-02,  -1.74792376e-01,   1.28292727e-01,
          6.69407578e-02,  -2.54812673e-01,  -3.35281171e-01,
         -1.14468682e-01,   3.10592141e-01,   1.80782377e-01,
          1.70595120e-01,   1.88379016e-01,   7.00970224e-02,
          2.59858468e-01,  -7.65894075e-02,   1.59204310e-01,
          6.25162315e-02,  -7.17568696e-02,   2.35889584e-01,
          7.52472171e-04,   1.08809686e-01,  -1.24885816e-01,
         -9.03177206e-02,   1.32459639e-03,   1.27993349e-01,
          3.26529536e-02,  -9.08941729e-02,   1.18633282e-01,
         -2.25931238e-02,   2.74006904e-01,  -4.39231011e-02,
         -4.26594940e-02,   7.59706650e-03,   1.57035764e-01,
         -5.96378421e-02,   1.26878735e-01,   1.70124804e-01,
         -5.35171162e-02,  -1.84861050e-01,   1.54112575e-01,
          4.90791017e-02,   2.68007772e-01,  -9.95108055e-02,
          1.76000320e-04,   1.22816534e-01,   2.08496564e-01,
          1.15501209e-01,   4.89950185e-02,   4.93479681e-02,
          1.92316701e-01,   3.12485831e-01,  -1.78524683e-01,
          3.10224276e-01,  -3.47598153e-02,   2.64581711e-01,
         -1.10304145e-01,   7.89668630e-02,  -1.07383212e-02,
          1.79702186e-01,   9.91914341e-02,   1.59843296e-01,
         -8.45972586e-02],
       [  3.18041330e-01,   4.43843188e-02,   3.69899219e-01,
          3.56549217e-01,   3.21722851e-01,   3.42554013e-01,
          3.57038226e-01,   2.61959082e-01,   3.78994472e-01,
          2.00866742e-01,   4.11442094e-01,   2.52961278e-01,
          2.94825212e-01,   1.13556270e-01,   4.53999094e-01,
          2.93800607e-01,   4.20729939e-01,   5.65448150e-01,
          2.66491621e-01,   4.12702486e-01,   2.74456242e-01,
          6.53948626e-02,   7.10241482e-01,   4.29086419e-02,
          5.69837740e-01,   3.16551089e-01,   6.06721200e-01,
          1.29553239e-01,   4.16443270e-01,   3.23320907e-01,
          1.86427391e-01,   4.86259737e-01,   3.36218371e-01,
          4.36304778e-01,   1.59049963e-01,   2.71391320e-01,
          4.30997450e-01,   3.24538570e-01,   2.83999131e-01,
          3.73568473e-01,   2.96538285e-01,   4.49806237e-01,
          3.07716063e-01,   3.52795421e-01,   6.91363281e-02,
          3.59211794e-01,   3.62682371e-01,   4.99220342e-01,
          3.82112471e-01,   1.90873874e-01,   3.39853989e-01,
          4.21990764e-01,   3.93984368e-01,   3.30776274e-01,
          2.91329726e-01,   3.76734144e-01,   4.37193794e-01,
         -2.00539712e-01,   1.66040467e-01,   5.14572806e-01,
          4.86311137e-01,   2.65717537e-01,   3.54743730e-01,
          1.83977189e-01,   3.64075456e-01,   3.18388639e-01,
          3.08912327e-01,   1.79026023e-01,   1.73798415e-01,
          3.33382999e-01,   3.72103201e-01,   6.04716193e-02,
          3.63929449e-01,   1.27291182e-01,   4.14635605e-01,
          2.70985449e-01,   2.80271388e-01,  -3.92071122e-02,
          3.67721139e-01,   4.97637425e-01,   4.22685470e-01,
          2.78213296e-01,   5.40423255e-01,   3.50055554e-01,
          3.14961730e-01,   2.89869089e-01,   2.92089019e-01,
          1.07556914e-01,   4.74407690e-01,   4.82386594e-01,
          3.57662870e-01,  -9.03262177e-02,   3.10085507e-01,
          3.84186571e-01,   3.02707384e-01,   3.22704627e-01,
          3.36165597e-01,   3.32978475e-01,  -1.78136793e-02,
          3.19742743e-01],
       [ -2.56497635e-01,   4.37324379e-01,  -2.62012621e-02,
          1.25949390e-01,   9.81154105e-02,  -1.82878314e-02,
          2.00822780e-01,  -3.92024440e-02,  -1.28307520e-01,
          2.99218670e-02,   1.06086583e-02,   4.48499475e-02,
         -3.70088517e-01,  -5.04059364e-01,  -2.39171258e-01,
         -3.39095799e-02,   1.53980555e-01,   1.66566305e-01,
          1.92661145e-02,   9.84584506e-02,   1.10567995e-01,
         -7.30376267e-01,   1.47000875e-01,  -3.24529567e-01,
         -2.99014078e-01,   2.26449673e-01,  -1.13902546e-01,
         -6.46104461e-03,  -4.26275906e-01,   8.88055369e-02,
         -5.67498375e-02,  -2.29333939e-01,  -1.66933127e-03,
          3.21717848e-01,  -4.00390496e-01,   5.88589352e-02,
          1.71353086e-01,  -2.83868534e-01,  -6.56863717e-02,
         -1.94946216e-03,  -3.17367529e-01,   9.51970588e-02,
         -2.25841813e-02,  -4.58907498e-01,  -7.82535052e-01,
         -2.46064419e-01,   3.80957988e-01,   1.83173151e-01,
          1.45243931e-01,   2.04005643e-01,  -6.82723109e-03,
          2.78473096e-01,  -1.87666548e-01,   1.07230256e-01,
         -2.46452648e-02,  -1.57622786e-01,   2.24483007e-01,
         -2.16539153e-02,   5.26527343e-02,  -2.78327094e-01,
         -2.09163138e-01,  -9.04113380e-02,   8.08120855e-02,
         -5.73060870e-02,  -2.00229877e-01,   5.11096592e-02,
         -1.08344432e-01,   5.20646103e-01,  -1.86411911e-01,
         -1.53802800e-01,  -7.07030513e-02,   2.39595515e-01,
         -1.55206694e-01,   9.91007381e-02,   1.46687749e-01,
         -1.54759348e-01,  -3.24497738e-01,   4.15928156e-01,
         -1.68743114e-02,   3.07346803e-01,  -1.99647287e-01,
         -1.02560630e-01,   1.08723638e-01,   1.79105042e-01,
          3.62454910e-02,  -4.74279746e-02,  -2.58787931e-02,
          2.69971098e-01,   3.53008926e-01,  -3.49466270e-01,
          3.87720654e-01,  -1.62424975e-01,   2.98058967e-01,
         -2.18629434e-01,  -5.19818585e-03,  -1.09333540e-01,
          1.39286448e-01,   1.81564575e-02,   3.68384377e-01,
         -2.06390260e-01],
       [ -1.94526461e-01,  -1.16301187e+00,  -1.40168939e-01,
         -2.44181814e-01,  -3.29485473e-01,  -2.52127522e-01,
         -2.82413516e-01,  -4.30863357e-01,  -8.91029755e-02,
         -6.19312450e-01,  -4.01727950e-02,  -5.12861233e-01,
         -2.56494538e-01,  -6.17108951e-01,   9.95588545e-02,
         -3.36373927e-01,  -9.14764584e-02,   2.17021154e-01,
         -4.36646265e-01,  -9.62779861e-02,  -4.41944164e-01,
         -7.79514003e-01,   4.47683456e-01,  -7.83096405e-01,
          3.54625392e-01,  -3.92270534e-01,   4.06696367e-01,
         -7.67355340e-01,   2.54877620e-02,  -3.30152164e-01,
         -6.14540850e-01,   1.83690708e-01,  -2.55427464e-01,
         -1.50011192e-01,  -5.01693757e-01,  -4.52446246e-01,
         -6.41143754e-02,  -1.79003616e-01,  -3.52972755e-01,
         -1.48397342e-01,  -2.49387165e-01,   6.08835318e-03,
         -3.39624158e-01,  -1.33107565e-01,  -8.17368509e-01,
         -1.03830105e-01,  -3.57088120e-01,   7.60733991e-02,
         -1.69253717e-01,  -6.78811048e-01,  -2.61491489e-01,
         -1.39487321e-01,  -2.95206391e-02,  -3.00429921e-01,
         -3.92684723e-01,  -8.45876841e-02,  -1.06643740e-01,
         -1.48237830e+00,  -7.09197704e-01,   2.45504582e-01,
          1.64858740e-01,  -4.06888776e-01,  -2.39168922e-01,
         -6.19628922e-01,  -9.73853139e-02,  -2.99013044e-01,
         -2.49407815e-01,  -8.88864402e-01,  -5.46603235e-01,
         -1.95892499e-01,  -1.09525201e-01,  -9.68322793e-01,
         -1.14674932e-01,  -8.20449637e-01,  -9.24025285e-02,
         -3.22850747e-01,  -2.75342365e-01,  -1.36587681e+00,
         -1.31135588e-01,   2.16261570e-02,   3.00679369e-02,
         -3.56213876e-01,   1.79145499e-01,  -2.77078634e-01,
         -3.59541581e-01,  -3.54418622e-01,  -3.80641707e-01,
         -8.99408512e-01,  -9.38251676e-02,   1.64061122e-01,
         -3.78393924e-01,  -1.15374745e+00,  -4.38656948e-01,
         -6.83625718e-02,  -3.37815727e-01,  -2.58758898e-01,
         -3.17423299e-01,  -2.81486605e-01,  -1.26730987e+00,
         -1.99477541e-01],
       [  2.67302203e-01,  -2.69748485e-01,   6.04184845e-02,
         -9.83419275e-02,  -6.60986615e-02,   5.11698755e-02,
         -1.73036006e-01,   1.04060571e-01,   1.34936159e-01,
          5.08525820e-02,   4.14314776e-03,   2.18477469e-02,
          3.48095291e-01,   4.82906312e-01,   2.15616426e-01,
          8.15786388e-02,  -1.36374557e-01,  -1.99739499e-01,
          1.53401555e-02,  -8.13717605e-02,  -3.89486457e-02,
          6.19968731e-01,  -2.27515825e-01,   3.58247947e-01,
          2.18785360e-01,  -1.59269264e-01,   2.67699386e-02,
          7.26057210e-02,   3.83574976e-01,  -4.41129613e-02,
          1.32193890e-01,   1.71712901e-01,   4.96938584e-02,
         -2.77506895e-01,   4.22181908e-01,  -1.60876862e-02,
         -1.70564396e-01,   2.78701790e-01,   1.01201408e-01,
          2.10840935e-02,   3.10068277e-01,  -1.06090549e-01,
          5.99473022e-02,   3.99949962e-01,   6.29901390e-01,
          2.35976427e-01,  -2.94623673e-01,  -1.98279938e-01,
         -1.22914942e-01,  -1.20806255e-01,   2.51327363e-02,
         -2.31134380e-01,   1.62848279e-01,  -8.51164628e-02,
          6.07351540e-02,   1.63768620e-01,  -1.87080847e-01,
          7.10018175e-02,   2.30322187e-02,   2.28796475e-01,
          1.66411690e-01,   1.36937876e-01,  -5.88272609e-02,
          1.08878773e-01,   1.89247826e-01,  -1.33044661e-02,
          1.43164435e-01,  -3.83720229e-01,   2.47519923e-01,
          1.65130039e-01,   7.59482119e-02,  -1.15119817e-01,
          1.71328875e-01,   1.00522428e-02,  -1.35088877e-01,
          1.92873100e-01,   3.31079891e-01,  -2.12385321e-01,
          2.12480292e-02,  -2.70497105e-01,   1.73653179e-01,
          1.49756917e-01,  -1.45277477e-01,  -1.50976427e-01,
         -1.40447146e-02,   8.97466151e-02,   6.12637211e-02,
         -1.52746778e-01,  -2.99343104e-01,   2.87236422e-01,
         -3.10787059e-01,   1.93395867e-01,  -2.29203121e-01,
          2.24222648e-01,   3.79976259e-02,   1.36980577e-01,
         -1.11045483e-01,   4.31558881e-03,  -1.98251668e-01,
          2.24131903e-01],
       [  2.06684649e-01,  -2.48265234e-01,   4.05893932e-02,
         -7.45805223e-02,  -6.21121831e-02,   2.91449185e-02,
         -1.38321721e-01,   3.00595815e-02,   1.24321555e-01,
         -3.77728132e-02,   2.38960564e-02,  -2.70696596e-02,
          2.82410644e-01,   3.30342304e-01,   2.15090778e-01,
          3.96648821e-02,  -8.44272081e-02,  -2.78330249e-02,
         -2.07898088e-02,  -3.03434426e-02,  -7.65994606e-02,
          4.33513833e-01,   2.82295175e-02,   1.79131871e-01,
          2.42211584e-01,  -1.42827574e-01,   1.44887165e-01,
         -2.84106462e-02,   3.47784819e-01,  -4.46068683e-02,
          3.66080559e-02,   2.14977363e-01,   1.60020323e-02,
         -2.07489777e-01,   2.70317720e-01,  -5.80720356e-02,
         -7.86100402e-02,   2.20892236e-01,   5.39588197e-02,
          3.03890446e-02,   2.45292030e-01,  -3.69290607e-02,
          2.52458332e-02,   3.48264343e-01,   4.26904452e-01,
          1.97970472e-01,  -2.33705207e-01,  -7.22339141e-02,
         -7.68549476e-02,  -1.56929549e-01,   1.60461509e-02,
         -1.78017076e-01,   1.61091531e-01,  -7.16113593e-02,
          1.69193392e-02,   1.34887870e-01,  -1.21994583e-01,
         -9.04982569e-02,  -5.69092715e-02,   2.46006945e-01,
          2.11222611e-01,   6.54000930e-02,  -5.19054695e-02,
          2.27571595e-02,   1.69827050e-01,  -2.09239329e-02,
          7.87659977e-02,  -3.00043432e-01,   1.21076567e-01,
          1.18761530e-01,   8.67564926e-02,  -1.62004948e-01,
          1.45968606e-01,  -8.73404464e-02,  -6.45582551e-02,
          1.12556750e-01,   2.59915787e-01,  -2.36300478e-01,
          3.14512074e-02,  -1.43734201e-01,   1.70954772e-01,
          8.86541635e-02,  -6.93256456e-03,  -1.24884918e-01,
         -3.00718749e-02,   4.70146557e-02,   1.29995800e-02,
         -1.78642398e-01,  -2.08718809e-01,   3.04350998e-01,
         -2.52769003e-01,   2.51468205e-02,  -1.96726077e-01,
          1.91108360e-01,   4.54084479e-03,   8.95119283e-02,
         -1.04032523e-01,   1.21699310e-03,  -2.23686483e-01,
          1.60862948e-01],
       [  2.97547178e-02,   6.00749284e-02,   1.18638194e-01,
          1.54298974e-01,   1.39838701e-01,   1.20580386e-01,
          1.60933082e-01,   9.08216843e-02,   8.92792815e-02,
          8.40522517e-02,   1.42766335e-01,   9.86369641e-02,
         -1.44235797e-02,  -1.00988394e-01,   6.35714914e-02,
          9.35696476e-02,   1.71349217e-01,   2.11544921e-01,
          1.02569485e-01,   1.65714066e-01,   1.22452829e-01,
         -1.67971675e-01,   2.17839089e-01,  -4.77324439e-02,
          8.14048723e-02,   1.58222061e-01,   1.53228063e-01,
          4.82934883e-02,  -2.38737778e-02,   1.34478001e-01,
          4.95886351e-02,   8.36136043e-02,   1.21291035e-01,
          1.95420318e-01,  -5.68043378e-02,   1.21013982e-01,
          1.75728103e-01,   1.29209442e-02,   9.59575258e-02,
          1.25755166e-01,   2.68541022e-03,   1.77292857e-01,
          1.13746695e-01,  -4.51998710e-02,  -1.80703173e-01,
          4.67321221e-02,   1.81236355e-01,   1.95233256e-01,
          1.66402347e-01,   1.18072240e-01,   1.12312677e-01,
          1.86278388e-01,   7.68696703e-02,   1.40349274e-01,
          1.05663713e-01,   7.56044135e-02,   1.84020810e-01,
         -4.27191666e-02,   7.76664311e-02,   7.54512864e-02,
          8.14015372e-02,   7.48963802e-02,   1.35210336e-01,
          6.80415980e-02,   6.29841627e-02,   1.24927330e-01,
          8.69440011e-02,   1.13125030e-01,   2.68801358e-02,
          7.10296333e-02,   1.16306394e-01,   6.22466324e-02,
          7.84599835e-02,   7.79604129e-02,   1.83573988e-01,
          5.78054314e-02,  -1.09220459e-02,   2.09573737e-02,
          1.32781463e-01,   2.09479421e-01,   7.79927135e-02,
          7.44781384e-02,   1.90686540e-01,   1.68682468e-01,
          1.27640350e-01,   9.04034719e-02,   9.98767529e-02,
          8.01261876e-02,   2.14678617e-01,   4.12314402e-02,
          1.76087611e-01,  -4.41730509e-02,   1.53171995e-01,
          4.80286725e-02,   1.13479309e-01,   8.84926044e-02,
          1.57108573e-01,   1.29103540e-01,   2.87977574e-02,
          5.48570173e-02],
       [  1.14225976e-01,  -3.91409357e-02,   1.32663326e-01,
          1.07890760e-01,   9.07923476e-02,   1.18951197e-01,
          9.12622496e-02,   9.28331948e-02,   1.32836328e-01,
          6.13935930e-02,   1.36731086e-01,   7.63445140e-02,
          8.71146881e-02,   1.79462796e-02,   1.60365875e-01,
          1.06992690e-01,   1.19510447e-01,   1.63519709e-01,
          8.44144602e-02,   1.31954866e-01,   7.57588756e-02,
         -1.90883869e-02,   2.00651318e-01,   1.50114285e-02,
          1.87011457e-01,   7.67320927e-02,   1.98793665e-01,
          3.45118578e-02,   1.34395095e-01,   9.31836590e-02,
          6.72203246e-02,   1.60868648e-01,   1.03907094e-01,
          8.70235566e-02,   4.52272784e-02,   8.23411545e-02,
          1.28589134e-01,   1.15741601e-01,   9.92457554e-02,
          1.29472238e-01,   1.00040701e-01,   1.31623288e-01,
          9.41801538e-02,   9.60586661e-02,  -2.10566134e-02,
          1.32419632e-01,   6.61258680e-02,   1.45509026e-01,
          1.07197086e-01,   4.07956165e-02,   1.09709387e-01,
          1.02421562e-01,   1.36267738e-01,   9.28475878e-02,
          8.49987928e-02,   1.25995914e-01,   1.17536415e-01,
         -8.09742800e-02,   3.98455297e-02,   1.67253961e-01,
          1.68994700e-01,   9.17206445e-02,   1.15236091e-01,
          5.80618985e-02,   1.29607879e-01,   9.82876605e-02,
          1.11169185e-01,  -2.19519249e-02,   6.10446713e-02,
          1.19013190e-01,   1.29424758e-01,  -6.02606758e-03,
          1.23873854e-01,   1.67016154e-02,   1.14672254e-01,
          1.01200807e-01,   9.46548733e-02,  -6.05110873e-02,
          1.26797162e-01,   1.15392800e-01,   1.42362067e-01,
          9.65991340e-02,   1.68973606e-01,   9.22323091e-02,
          8.99123100e-02,   1.00268335e-01,   9.84909451e-02,
         -3.48098956e-03,   9.80353796e-02,   1.49467755e-01,
          4.79047914e-02,  -2.42811694e-02,   5.75380129e-02,
          1.27134960e-01,   9.67585251e-02,   1.14079925e-01,
          9.26198848e-02,   1.08034576e-01,  -5.16077530e-02,
          1.07705361e-01]])]Hidden bias: [array([-0.27781078, -0.14406851, -0.24082169, -0.20056489, -0.18681656,
       -0.21856814, -0.18978975, -0.18981128, -0.27088524, -0.1678404 ,
       -0.2516087 , -0.16796366, -0.29893919, -0.34179239, -0.26908365,
       -0.20040965, -0.20972079, -0.16439087, -0.17393245, -0.22269757,
       -0.170429  , -0.35607086, -0.05766406, -0.3060016 , -0.23132815,
       -0.17888611, -0.1989133 , -0.17938884, -0.29253688, -0.18465609,
       -0.18173354, -0.25916121, -0.21458448, -0.15486652, -0.3166857 ,
       -0.17392789, -0.20240994, -0.28282175, -0.20767624, -0.23403851,
       -0.29185362, -0.23321873, -0.19758126, -0.30337225, -0.35091452,
       -0.27453646, -0.15327825, -0.18889991, -0.20372465, -0.16334189,
       -0.2128111 , -0.17361706, -0.27343399, -0.19119166, -0.19192684,
       -0.27554544, -0.1865282 , -0.31459459, -0.16278827, -0.25228571,
       -0.26575146, -0.21275103, -0.20834181, -0.18354231, -0.27328172,
       -0.19037229, -0.2426828 , -0.11967008, -0.24050798, -0.25739524,
       -0.25112534, -0.16901734, -0.26673991, -0.164026  , -0.20781254,
       -0.24645509, -0.29437707, -0.15592493, -0.24013685, -0.14552132,
       -0.27994933, -0.21888175, -0.21186186, -0.18932222, -0.18784531,
       -0.19818816, -0.19851241, -0.15736656, -0.1455627 , -0.27195606,
       -0.15288184, -0.28869765, -0.16874555, -0.27852113, -0.19384489,
       -0.23928377, -0.19190191, -0.19982949, -0.16316828, -0.26759578])]Output weights: [[ 0.01825092 -0.00786139]
 [ 0.20873041 -0.08189519]
 [ 0.00620798 -0.01833144]
 [-0.03795871  0.02862725]
 [-0.06376863  0.02063904]
 [-0.04134374 -0.01292998]
 [-0.02590884  0.0169881 ]
 [-0.08665802 -0.02629632]
 [ 0.02685796 -0.02153556]
 [-0.10931355 -0.00548291]
 [ 0.03741024 -0.00400741]
 [-0.10814976 -0.00174832]
 [ 0.02618475  0.03529389]
 [ 0.09466148  0.10258328]
 [ 0.02111757 -0.02207962]
 [-0.06633111 -0.0197569 ]
 [-0.0034804   0.02736744]
 [ 0.0036474   0.00312546]
 [-0.0978524   0.00074248]
 [-0.00029853  0.0200559 ]
 [-0.07915302  0.01222648]
 [ 0.17507707  0.21831472]
 [-0.06278476 -0.0296847 ]
 [ 0.02312288  0.02481386]
 [-0.028243   -0.02757881]
 [-0.02568926  0.00447811]
 [ 0.04387136 -0.05677257]
 [-0.10102264 -0.00771728]
 [-0.03515084  0.05423081]
 [-0.06830558  0.01336904]
 [-0.10930179 -0.03037425]
 [ 0.02414316 -0.02677142]
 [-0.03830482 -0.01011295]
 [-0.00528804 -0.03823598]
 [ 0.06296463  0.05540337]
 [-0.09265133  0.00998581]
 [-0.00867913  0.0290657 ]
 [ 0.020459    0.00158394]
 [-0.0663535  -0.02222603]
 [-0.00530085 -0.00471327]
 [ 0.02184496  0.01670112]
 [ 0.02942962  0.02547611]
 [-0.07244621 -0.01710673]
 [-0.00231913  0.06991954]
 [ 0.18844855  0.24065162]
 [ 0.02029021 -0.01643901]
 [ 0.04809228 -0.06156614]
 [ 0.00112963  0.01887265]
 [-0.02050502  0.02964301]
 [-0.02923458 -0.00598283]
 [-0.04878315 -0.00239049]
 [-0.00847858 -0.00716198]
 [ 0.03244836 -0.02357166]
 [-0.0541646   0.02608969]
 [-0.0867857  -0.01377675]
 [ 0.03192033 -0.02138631]
 [-0.01717416  0.00618614]
 [ 0.14796874  0.02542452]
 [-0.103879   -0.00501301]
 [-0.00602513 -0.01852914]
 [ 0.03067163 -0.02611496]
 [-0.07062799 -0.02623747]
 [-0.0383268   0.02617242]
 [-0.11026907 -0.01984751]
 [ 0.02276279 -0.01939312]
 [-0.06094893  0.00822331]
 [-0.01460538 -0.02470687]
 [ 0.23603586 -0.1254088 ]
 [-0.04515397 -0.02586634]
 [ 0.00058498 -0.02859327]
 [ 0.01230434 -0.02022893]
 [ 0.03249471 -0.01636439]
 [ 0.02033352 -0.02755319]
 [-0.07722912 -0.01031171]
 [-0.00725618  0.02694395]
 [-0.02279163 -0.02348956]
 [ 0.02564765  0.02355423]
 [ 0.23543941 -0.07206483]
 [ 0.00465434 -0.00179545]
 [-0.03023751 -0.02291724]
 [ 0.04017036 -0.01930111]
 [-0.05629326 -0.03275252]
 [ 0.03669217  0.01280552]
 [-0.03219919  0.01973149]
 [-0.08107615  0.00784511]
 [-0.07325951 -0.02526193]
 [-0.07959011 -0.00840662]
 [ 0.03673623 -0.03104115]
 [-0.01173483 -0.05125539]
 [-0.0302813   0.01281714]
 [ 0.06232968 -0.0648637 ]
 [ 0.0256783   0.00524048]
 [ 0.0178671  -0.02416684]
 [ 0.0268158  -0.01733613]
 [-0.07125615 -0.00725899]
 [-0.02729616 -0.02994595]
 [-0.04797435  0.024422  ]
 [-0.05936757 -0.00062171]
 [ 0.18380184 -0.05772104]
 [ 0.01268208 -0.02330772]]Output bias: [ 0.50095695  0.10544511]
Value MLP:Hidden weights: [array([[ -4.60716518e+00,   6.47330076e+00,  -1.19592386e+00,
          8.65285093e-01,   4.84573767e+00,   6.11874898e+00,
          1.12451215e+01,   3.91267827e+00,   9.12507926e+00,
          8.46343365e+00,  -1.78668285e+01,   1.60384802e+01,
          1.68902633e+01,   9.29403270e+00,   1.91330140e-01,
         -1.77196760e+01,  -4.01421286e+00,   2.02709812e+00,
         -1.74694624e+00,   2.84915476e+00,   1.71396903e+00,
          5.88971008e+00,  -2.59419433e+01,  -4.78924767e-01,
         -9.68540641e+00,  -1.18088465e+01,   1.37833127e+00,
         -1.58368282e+01,  -7.82183916e+00,   3.31476627e+00,
          1.28795685e+01,   2.26524590e+01,   8.37541938e+00,
          1.62504991e+00,  -3.26563479e+00,   8.42538679e-01,
         -2.22304202e+00,   4.07250043e-01,  -5.77356131e-02,
         -3.95620096e+00,   1.54876716e+01,   3.43938488e+01,
          6.26837414e+00,   2.67214494e+01,  -8.78409169e+00,
         -6.88099280e+00,   1.36402660e+00,  -1.25678602e+01,
          2.02359162e+00,   1.47556692e+00],
       [  4.67850140e+00,   1.17574749e+01,  -4.88487920e+00,
         -3.12991783e+00,  -3.03065236e+00,   8.86696853e+00,
          1.42790687e+00,  -5.10979352e+00,  -8.22575314e+00,
          1.12177175e+00,   6.24448597e+00,   5.13634499e+00,
          6.83854986e+00,   8.12440126e+00,  -1.39855851e+00,
          3.05411771e+00,  -2.13022812e+00,  -8.87261549e+00,
          3.60058679e-01,   1.61985651e+00,   8.15882999e-01,
         -1.22505674e+00,  -8.64172863e-01,  -4.90312242e-01,
         -1.35948921e+00,   1.16863952e+00,  -3.02448710e+00,
          3.14388874e+00,   2.55256423e+00,  -3.29650104e+00,
          8.94270902e+00,  -6.65176529e+00,  -2.21746694e-01,
          3.26347260e+00,  -5.38229967e-01,  -1.78521862e+00,
         -3.02326145e+00,  -2.13754909e+00,  -1.73469320e+00,
         -2.66648579e+00,   2.18917778e+00,   1.40637785e+01,
         -5.66008937e+00,   7.15644806e-01,   5.47967139e+00,
          1.22154696e+01,  -2.05309326e-01,   1.54246175e+00,
         -4.54793432e+00,   4.24197965e-01],
       [  9.07185899e+00,   5.72172664e+01,   1.12691658e+01,
          2.43610769e+01,   1.70730121e+01,   4.08234742e+00,
          1.39598592e+01,  -2.86770616e+01,   2.05810653e+01,
          4.59819411e+00,   6.77351644e+00,   2.10147942e+00,
          5.23829075e+00,   2.67163809e+01,   5.25162435e-01,
          1.19149344e+01,   5.92464944e+00,   3.05292096e+01,
          1.82417656e+01,  -3.95632355e+01,   2.99682292e+00,
         -1.58372852e+01,  -1.21658239e+01,  -2.95337345e+01,
          2.55413059e+01,   1.33637641e+01,  -2.36566590e+01,
          2.48980763e+01,   1.29088257e+01,  -8.84939572e-01,
          1.99776807e+01,  -3.86407929e-01,  -2.40092217e+01,
         -1.97445358e+01,  -1.37477908e+01,   1.18935341e+00,
         -2.12645957e+00,   1.65774698e+00,   6.02638198e-01,
         -7.98372083e+00,  -4.69119312e+00,  -2.56331826e+01,
          2.55071023e+01,   1.40214574e+01,   5.01024352e+00,
         -6.85115930e+00,  -3.26199133e+01,   1.55471320e+01,
         -2.33763750e+01,  -1.81649702e+01],
       [ -2.14219828e+01,   3.22254653e+01,   3.21154142e+01,
         -7.96665829e+00,   1.97363159e+01,   8.11606286e+00,
          9.08156882e-01,  -1.05061537e+01,  -9.25912013e+00,
          1.32313045e+00,   3.14818155e+00,   6.18979705e+00,
         -2.28560187e+01,   5.09144725e+00,   3.21924992e+00,
          2.21942621e+01,   1.18484678e+01,   2.10387639e+01,
         -2.58733263e+01,   1.80364267e+01,   3.26156484e+00,
         -6.43441037e+00,   5.36061043e+00,  -3.77535104e-01,
          9.26026186e+00,   1.98669619e+00,   1.52192147e+01,
          8.80328317e+00,   1.95176103e+01,   5.46943332e+01,
          1.59785534e+01,  -1.01951607e+01,  -1.25960349e+00,
          7.32439353e-01,  -5.49464542e+00,   4.93766793e+00,
          8.02145700e+00,   5.38868416e+00,   5.31764566e+00,
          1.69554324e+01,   9.07580984e+00,   8.09770379e+00,
          1.59660449e+00,   2.09153780e+01,   1.07266149e+01,
          1.87477608e+00,   9.84427576e+00,   1.95838999e+01,
          1.45085660e+01,  -1.05239618e+01],
       [ -1.26672827e+01,   3.50883178e+01,  -1.16075816e+01,
          3.86931859e+00,  -8.69450166e+00,   1.37971862e+01,
          6.45091859e+00,   2.20198175e+00,   9.89775246e+00,
          2.51426029e+01,  -2.09497802e+01,   3.80984224e+01,
          1.69655623e+01,   1.63661497e+01,   7.09408327e-01,
         -9.14679340e+00,   2.95484024e+01,   1.09815103e+01,
         -4.69618967e+00,  -4.56672099e+00,  -2.54088276e+01,
          2.21289154e+01,  -1.86004814e+01,   1.00127823e+01,
         -2.25108734e-01,  -2.39530070e+01,   1.06763694e+01,
         -1.84803789e+00,  -2.10148591e+01,  -1.86644857e+01,
         -2.13981110e+00,   3.64041196e+01,   2.20754278e+01,
         -2.07391898e+01,   5.18116829e-01,  -3.09811139e-01,
          2.80886085e-01,   8.38377350e-01,  -1.29490172e+00,
         -1.63632012e+00,   2.50759341e+01,   5.27957240e+01,
          5.12505865e+00,  -1.50189252e+00,  -2.22035448e+01,
         -8.31269430e+00,  -1.93959924e+00,  -1.57502784e+01,
          6.02294230e+00,   1.75691299e+01],
       [  1.31517871e+01,  -9.48841535e-02,  -8.69456346e+00,
          1.99739782e+01,  -1.27979502e+00,   2.58414884e+01,
          2.36917206e+01,  -6.36204533e+00,   1.19082308e+01,
          6.55842840e+00,   7.54457647e+00,  -1.84677606e+01,
         -2.11248362e+01,   1.60942251e+01,   6.28281672e-01,
          1.32251762e+01,   2.32870904e+01,   1.69095323e+01,
         -3.28310806e+00,   1.51959749e+01,  -2.43530448e+01,
         -5.52312048e+00,   1.22481264e+01,  -1.08772258e+01,
          1.43016305e+01,  -6.41678576e+00,  -1.21255417e+01,
          1.92513769e+01,  -1.99199461e+01,   2.34099628e+01,
          6.89689213e+00,  -1.30277621e+01,  -5.04912382e-01,
         -1.40567741e+01,   2.25378661e+01,   8.45045671e-02,
         -4.36981336e-01,   8.12893405e-01,   8.85401793e-01,
          1.66279721e-04,   4.23379399e+00,  -1.17554690e+01,
          2.12909497e+01,   7.93889253e+00,   6.62200518e+00,
         -2.59501345e+01,  -2.59178977e+00,   7.31764887e+00,
         -6.01096086e+00,  -2.72291815e+00],
       [ -4.11526168e+00,  -5.61037805e+00,  -4.76472066e+00,
         -3.77345859e-01,   1.21170171e+00,  -9.14534520e-01,
         -3.72603174e-02,   7.91182714e+00,   9.52790934e+00,
          1.11548431e+01,   1.64529991e+00,  -5.68751678e+00,
          1.75399111e+01,  -9.45291440e+00,  -1.91965330e+00,
         -6.32859236e+00,  -2.82310876e+00,  -4.66739981e+00,
         -4.80425792e-03,   4.80527993e+00,  -3.33131495e-01,
         -4.66090295e+00,   2.31418936e+00,   9.06589808e+00,
         -8.31675003e+00,  -1.53632222e+00,   2.41944943e+00,
         -1.21324462e+00,   1.51078217e+00,  -4.81515107e-01,
         -4.33128945e+00,   2.71905499e-01,  -3.30400763e-01,
          1.26223926e+01,   3.75995938e+00,  -2.48579181e+00,
         -1.78513764e+00,  -3.73806305e+00,  -2.70219442e+00,
         -7.14584063e+00,  -7.17956995e-01,  -1.59447605e+00,
         -3.40122276e-02,   1.12784008e+01,  -3.92468660e-02,
          3.07830721e+00,   1.68437845e+00,   8.72357053e-01,
          1.99313335e+00,   1.04970289e+01],
       [  4.56175271e+00,  -5.74572599e+00,  -9.85337212e+00,
         -3.18442557e+00,  -2.16319914e+00,  -1.89840651e+00,
          5.19603827e-01,  -1.34403406e+00,  -6.91019772e+00,
         -3.25307182e-01,  -3.32343871e+00,   9.28191803e-01,
         -2.11694498e+00,  -6.42120161e+00,  -2.77730271e+00,
         -1.56214013e+00,  -6.48981352e-01,  -3.88975002e+00,
         -1.90181533e+00,  -4.26945606e+00,   8.61746849e+00,
         -2.70677169e-01,  -5.92344372e+00,   3.07664659e+00,
          3.63749287e+00,  -1.03079671e+01,  -2.72684589e+00,
         -2.88004760e+00,  -4.25593802e+00,   7.05519880e+00,
          8.82392719e-01,  -9.76443865e+00,  -3.34804404e+00,
         -1.35732735e+01,   6.23706811e+00,  -1.62012113e+00,
         -2.12372217e+00,  -9.74210555e-01,  -1.52768468e+00,
         -7.79803290e+00,  -1.83699584e+00,  -1.22985481e+00,
          2.58504104e+00,  -3.45910129e+00,  -3.95036043e+00,
         -5.68300969e+00,  -7.01758971e+00,  -1.86528502e+00,
         -1.57678459e+00,  -1.61853029e+00]])]Hidden bias: [array([ 25.85772072, -24.09378846, -21.24085256,  -1.90899581,
       -16.21591872,   2.23985405,  -1.30643131,  -3.50930694,
         3.02548411,   5.61670368,   4.63524241,  -4.77114422,
        21.27995643,   4.02930075, -10.18683527,  -9.04775904,
        -3.24200152, -19.46727092,  10.98713564,   4.53527873,
         8.02174187,   4.57801415,   1.44880821,  11.01980888,
       -14.66359897, -10.95716202, -16.14735317,  -4.33887618,
        -4.82797504, -32.81193836,  -3.00552233,   0.70151969,
         4.10089064,   7.2455989 ,  19.33111309,  -8.17579361,
       -11.50553388,  -9.56891274,  -8.58397877, -19.04411783,
        -6.84566005,  -9.07396485,  10.31118771, -10.86741969,
        -3.41117956,   2.03113585,  -4.64724739, -11.27363725,
        -6.79105489,  11.41963777])]Output weights: [[  8.50030620e+00]
 [  5.41629061e-01]
 [  9.91305884e+00]
 [  8.60297669e+00]
 [  6.60022138e+00]
 [  1.08792599e+01]
 [ -2.08253589e-02]
 [ -4.31092477e-01]
 [ -2.41276856e+00]
 [  6.50051497e+00]
 [ -2.62185680e+00]
 [ -1.52942458e+00]
 [ -1.61286593e+01]
 [  4.96853173e+00]
 [  2.35628782e+01]
 [  1.02928720e+01]
 [  2.04803668e+00]
 [  6.68035242e+00]
 [ -8.49697499e+00]
 [ -4.79045974e+00]
 [  6.71294450e+00]
 [ -8.01556578e-01]
 [ -4.86662249e+00]
 [ -9.01241361e+00]
 [  2.68072328e+00]
 [ -2.07965896e+00]
 [  7.23686536e-01]
 [  4.07885961e+00]
 [  4.30485244e+00]
 [ -8.15422998e+00]
 [ -2.15359274e+00]
 [  1.51319101e+00]
 [  1.67886060e+00]
 [  1.21924266e+01]
 [ -1.15144361e+01]
 [ -9.06578729e-01]
 [  5.28948226e+00]
 [  3.13669554e+00]
 [ -1.48289758e+00]
 [ -5.21171717e+00]
 [  1.81327410e+00]
 [  2.15267706e+00]
 [  3.19628116e+00]
 [ -4.45130338e+00]
 [  1.14956870e-01]
 [  1.44116719e+01]
 [  4.71058696e+00]
 [  9.25065569e+00]
 [  2.91417748e+00]
 [  5.02414331e-01]]Output bias: [-54.60654298]