Action MLP:Hidden weights: [array([[ -1.30230340e-01,   1.83333303e-01,   4.93933745e-02,
          1.60436528e-01,   1.53763434e-01,   5.76954709e-02,
          2.19452241e-01,   4.85378196e-02,  -5.16898952e-02,
          8.44252763e-02,   7.24145293e-02,   1.04557867e-01,
         -2.04049023e-01,  -2.33807366e-01,  -1.10736697e-01,
          4.83804332e-02,   1.75361009e-01,   1.63200440e-01,
          1.01370365e-01,   1.37973086e-01,   1.54369759e-01,
         -3.30518093e-01,   1.38095108e-01,  -1.23265857e-01,
         -1.09558634e-01,   2.23081116e-01,   1.60008144e-03,
          6.06439205e-02,  -2.43490581e-01,   1.47874637e-01,
          4.01742978e-02,  -9.10818420e-02,   6.82494991e-02,
          3.10402594e-01,  -1.97051978e-01,   1.24912664e-01,
          1.81976552e-01,  -1.48037776e-01,   2.27001454e-02,
          6.43796307e-02,  -1.74802715e-01,   1.28252812e-01,
          6.70867450e-02,  -2.54804614e-01,  -3.35286097e-01,
         -1.14485840e-01,   3.10557166e-01,   1.80785260e-01,
          1.70624193e-01,   1.88396069e-01,   7.01953269e-02,
          2.59861592e-01,  -7.66267016e-02,   1.59274425e-01,
          6.26908433e-02,  -7.18000975e-02,   2.35904400e-01,
          6.19820453e-04,   1.08952040e-01,  -1.24883863e-01,
         -9.03422774e-02,   1.46053114e-03,   1.28054814e-01,
          3.28789580e-02,  -9.09191509e-02,   1.18738850e-01,
         -2.25705499e-02,   2.73894256e-01,  -4.38604256e-02,
         -4.26643710e-02,   7.57071757e-03,   1.57016579e-01,
         -5.96667150e-02,   1.26959668e-01,   1.70139199e-01,
         -5.34865887e-02,  -1.84871755e-01,   1.54021825e-01,
          4.90700064e-02,   2.68020547e-01,  -9.95501657e-02,
          2.74799354e-04,   1.22755376e-01,   2.08526251e-01,
          1.15637186e-01,   4.91429405e-02,   4.95098548e-02,
          1.92294839e-01,   3.12478200e-01,  -1.78511744e-01,
          3.10183638e-01,  -3.48075274e-02,   2.64568036e-01,
         -1.10327898e-01,   7.91069120e-02,  -1.06941771e-02,
          1.79753362e-01,   9.93042407e-02,   1.59769520e-01,
         -8.46133035e-02],
       [  3.18052517e-01,   4.45015192e-02,   3.69897049e-01,
          3.56531074e-01,   3.21682911e-01,   3.42519599e-01,
          3.57024891e-01,   2.61887305e-01,   3.79006624e-01,
          2.00785516e-01,   4.11467752e-01,   2.52882346e-01,
          2.94856619e-01,   1.13649286e-01,   4.54006113e-01,
          2.93745567e-01,   4.20737189e-01,   5.65452344e-01,
          2.66421029e-01,   4.12709653e-01,   2.74401901e-01,
          6.55398130e-02,   7.10200539e-01,   4.29319649e-02,
          5.69804294e-01,   3.16533768e-01,   6.06724761e-01,
          1.29477405e-01,   4.16434214e-01,   3.23275532e-01,
          1.86338024e-01,   4.86266497e-01,   3.36187181e-01,
          4.36290658e-01,   1.59113297e-01,   2.71326773e-01,
          4.31001200e-01,   3.24554816e-01,   2.83942727e-01,
          3.73563003e-01,   2.96560624e-01,   4.49836982e-01,
          3.07657970e-01,   3.52814542e-01,   6.92827466e-02,
          3.59221385e-01,   3.62701634e-01,   4.99227980e-01,
          3.82107696e-01,   1.90849911e-01,   3.39818053e-01,
          4.21983183e-01,   3.94000392e-01,   3.30745159e-01,
          2.91262606e-01,   3.76750523e-01,   4.37183792e-01,
         -2.00434258e-01,   1.65962494e-01,   5.14559475e-01,
          4.86323374e-01,   2.65656098e-01,   3.54724864e-01,
          1.83890912e-01,   3.64085717e-01,   3.18347297e-01,
          3.08892086e-01,   1.79160118e-01,   1.73754559e-01,
          3.33372659e-01,   3.72104639e-01,   6.04890670e-02,
          3.63934617e-01,   1.27230256e-01,   4.14639859e-01,
          2.70959010e-01,   2.80298994e-01,  -3.90799716e-02,
          3.67723875e-01,   4.97610312e-01,   4.22708944e-01,
          2.78159394e-01,   5.40453105e-01,   3.50038390e-01,
          3.14905628e-01,   2.89807093e-01,   2.92028792e-01,
          1.07572113e-01,   4.74386353e-01,   4.82367664e-01,
          3.57691906e-01,  -9.03076072e-02,   3.10092225e-01,
          3.84200822e-01,   3.02653543e-01,   3.22673054e-01,
          3.36138216e-01,   3.32935549e-01,  -1.77116498e-02,
          3.19743912e-01],
       [ -2.56526210e-01,   4.37178355e-01,  -2.62306540e-02,
          1.25998466e-01,   9.81859446e-02,  -1.81868966e-02,
          2.00844163e-01,  -3.89742449e-02,  -1.28382383e-01,
          3.00975165e-02,   1.05147292e-02,   4.50211785e-02,
         -3.70091489e-01,  -5.04095118e-01,  -2.39209518e-01,
         -3.37378628e-02,   1.54002211e-01,   1.66563350e-01,
          1.94459262e-02,   9.84745566e-02,   1.10633717e-01,
         -7.30434578e-01,   1.47149652e-01,  -3.24559147e-01,
         -2.99013849e-01,   2.26460654e-01,  -1.14004272e-01,
         -6.27993568e-03,  -4.26215300e-01,   8.88904279e-02,
         -5.64450720e-02,  -2.29378869e-01,  -1.57936811e-03,
          3.21700136e-01,  -4.00423308e-01,   5.89726666e-02,
          1.71378986e-01,  -2.83891284e-01,  -6.55092572e-02,
         -1.93809009e-03,  -3.17380463e-01,   9.51749770e-02,
         -2.24055599e-02,  -4.58865025e-01,  -7.82594784e-01,
         -2.46101782e-01,   3.80897704e-01,   1.83183633e-01,
          1.45279818e-01,   2.04006400e-01,  -6.70938403e-03,
          2.78473679e-01,  -1.87737295e-01,   1.07290647e-01,
         -2.44310598e-02,  -1.57701358e-01,   2.24496874e-01,
         -2.16881826e-02,   5.27579684e-02,  -2.78335758e-01,
         -2.09216314e-01,  -9.02211487e-02,   8.08770010e-02,
         -5.70062599e-02,  -2.00280106e-01,   5.12168955e-02,
         -1.08322237e-01,   5.20446658e-01,  -1.86316159e-01,
         -1.53824346e-01,  -7.07506177e-02,   2.39583154e-01,
         -1.55265928e-01,   9.91289792e-02,   1.46712894e-01,
         -1.54721259e-01,  -3.24509367e-01,   4.15795942e-01,
         -1.68864483e-02,   3.07356217e-01,  -1.99719954e-01,
         -1.02425524e-01,   1.08665148e-01,   1.79131743e-01,
          3.63785084e-02,  -4.72366188e-02,  -2.56774174e-02,
          2.69944401e-01,   3.52990917e-01,  -3.49434359e-01,
          3.87649734e-01,  -1.62498815e-01,   2.98037180e-01,
         -2.18678132e-01,  -5.03499709e-03,  -1.09281316e-01,
          1.39327035e-01,   1.82813368e-02,   3.68290272e-01,
         -2.06427873e-01],
       [ -1.94523284e-01,  -1.16301705e+00,  -1.40163125e-01,
         -2.44197389e-01,  -3.29515598e-01,  -2.52167528e-01,
         -2.82417561e-01,  -4.30941595e-01,  -8.90850521e-02,
         -6.19376942e-01,  -4.01375210e-02,  -5.12929528e-01,
         -2.56500085e-01,  -6.17127260e-01,   9.95641346e-02,
         -3.36436100e-01,  -9.14785645e-02,   2.17022340e-01,
         -4.36716839e-01,  -9.62788783e-02,  -4.41975757e-01,
         -7.79550304e-01,   4.47637903e-01,  -7.83092456e-01,
          3.54625701e-01,  -3.92273658e-01,   4.06716995e-01,
         -7.67414079e-01,   2.54823882e-02,  -3.30189970e-01,
         -6.14635349e-01,   1.83697247e-01,  -2.55463754e-01,
         -1.50007450e-01,  -5.01702395e-01,  -4.52495457e-01,
         -6.41178771e-02,  -1.79002193e-01,  -3.53032734e-01,
         -1.48403054e-01,  -2.49388676e-01,   6.10404554e-03,
         -3.39691181e-01,  -1.33117733e-01,  -8.17404934e-01,
         -1.03825056e-01,  -3.57083542e-01,   7.60726987e-02,
         -1.69261516e-01,  -6.78812360e-01,  -2.61537076e-01,
         -1.39486935e-01,  -2.95064164e-02,  -3.00453170e-01,
         -3.92762202e-01,  -8.45701421e-02,  -1.06646033e-01,
         -1.48237462e+00,  -7.09239746e-01,   2.45505907e-01,
          1.64867225e-01,  -4.06947839e-01,  -2.39191547e-01,
         -6.19721937e-01,  -9.73763129e-02,  -2.99057662e-01,
         -2.49418029e-01,  -8.88845594e-01,  -5.46625411e-01,
         -1.95890261e-01,  -1.09513866e-01,  -9.68322714e-01,
         -1.14663261e-01,  -8.20465308e-01,  -9.24060769e-02,
         -3.22861925e-01,  -2.75345334e-01,  -1.36589603e+00,
         -1.31131516e-01,   2.16281280e-02,   3.00821944e-02,
         -3.56256518e-01,   1.79167953e-01,  -2.77085087e-01,
         -3.59597241e-01,  -3.54486456e-01,  -3.80713464e-01,
         -8.99406663e-01,  -9.38194689e-02,   1.64060052e-01,
         -3.78389469e-01,  -1.15372893e+00,  -4.38655002e-01,
         -6.83550652e-02,  -3.37878566e-01,  -2.58778611e-01,
         -3.17437513e-01,  -2.81537455e-01,  -1.26732343e+00,
         -1.99471410e-01],
       [  2.67301443e-01,  -2.69915131e-01,   6.04149650e-02,
         -9.82741648e-02,  -6.60021915e-02,   5.11342472e-02,
         -1.72989656e-01,   1.03959894e-01,   1.34946636e-01,
          5.09065238e-02,   4.15641741e-03,   2.19098676e-02,
          3.48100568e-01,   4.82916579e-01,   2.15605983e-01,
          8.15067759e-02,  -1.36357713e-01,  -1.99740879e-01,
          1.53728003e-02,  -8.13632483e-02,  -3.88236070e-02,
          6.19977574e-01,  -2.27575846e-01,   3.58274698e-01,
          2.18795446e-01,  -1.59226918e-01,   2.67387266e-02,
          7.26291243e-02,   3.83597447e-01,  -4.40287882e-02,
          1.32047096e-01,   1.71698924e-01,   4.96682256e-02,
         -2.77518756e-01,   4.22192921e-01,  -1.59826909e-02,
         -1.70540366e-01,   2.78702110e-01,   1.01115018e-01,
          2.10783468e-02,   3.10072154e-01,  -1.06104318e-01,
          5.98892570e-02,   3.99966294e-01,   6.29916340e-01,
          2.35971955e-01,  -2.94687281e-01,  -1.98272676e-01,
         -1.22872520e-01,  -1.20758137e-01,   2.51122501e-02,
         -2.31128783e-01,   1.62848135e-01,  -8.50260900e-02,
          6.06756865e-02,   1.63778221e-01,  -1.87055671e-01,
          7.07532800e-02,   2.31519954e-02,   2.28795836e-01,
          1.66397148e-01,   1.36832752e-01,  -5.87746346e-02,
          1.08761529e-01,   1.89247009e-01,  -1.32675124e-02,
          1.43137194e-01,  -3.83883908e-01,   2.47454331e-01,
          1.65119234e-01,   7.59513539e-02,  -1.15181655e-01,
          1.71329884e-01,   1.01852243e-02,  -1.35067580e-01,
          1.92841289e-01,   3.31084617e-01,  -2.12600017e-01,
          2.12493571e-02,  -2.70482028e-01,   1.73649973e-01,
          1.49671089e-01,  -1.45284519e-01,  -1.50916968e-01,
         -1.39891232e-02,   8.96581276e-02,   6.12100168e-02,
         -1.52811442e-01,  -2.99356593e-01,   2.87251722e-01,
         -3.10859116e-01,   1.93436943e-01,  -2.29233957e-01,
          2.24219641e-01,   3.79721453e-02,   1.36936793e-01,
         -1.10955746e-01,   4.31655215e-03,  -1.98449921e-01,
          2.24129144e-01],
       [  2.06693940e-01,  -2.48431683e-01,   4.05992938e-02,
         -7.45615201e-02,  -6.21081690e-02,   2.90103607e-02,
         -1.38292367e-01,   2.97619424e-02,   1.24373171e-01,
         -3.79123263e-02,   2.39972483e-02,  -2.72052515e-02,
          2.82429510e-01,   3.30370135e-01,   2.15088645e-01,
          3.94382646e-02,  -8.44143189e-02,  -2.78299601e-02,
         -2.09515682e-02,  -3.03363776e-02,  -7.65801477e-02,
          4.33521121e-01,   2.80581053e-02,   1.79175798e-01,
          2.42201198e-01,  -1.42801797e-01,   1.44910966e-01,
         -2.85650928e-02,   3.47817814e-01,  -4.46338464e-02,
          3.62225079e-02,   2.14974500e-01,   1.58858997e-02,
         -2.07505572e-01,   2.70348972e-01,  -5.81167785e-02,
         -7.85948844e-02,   2.20903410e-01,   5.37223598e-02,
          3.03694670e-02,   2.45307625e-01,  -3.68946090e-02,
          2.50193985e-02,   3.48296119e-01,   4.26910474e-01,
          1.97977283e-01,  -2.33764282e-01,  -7.22262667e-02,
         -7.68364716e-02,  -1.56899877e-01,   1.59113409e-02,
         -1.78015629e-01,   1.61124727e-01,  -7.15937358e-02,
          1.66623830e-02,   1.34938293e-01,  -1.21981323e-01,
         -9.06274848e-02,  -5.69392492e-02,   2.45998374e-01,
          2.11226154e-01,   6.51452155e-02,  -5.19173453e-02,
          2.24003124e-02,   1.69846619e-01,  -2.10077140e-02,
          7.87088739e-02,  -3.00190133e-01,   1.20946111e-01,
          1.18749039e-01,   8.67851392e-02,  -1.62057046e-01,
          1.45993228e-01,  -8.72907560e-02,  -6.45459786e-02,
          1.12488873e-01,   2.59933710e-01,  -2.36519085e-01,
          3.14627162e-02,  -1.43729961e-01,   1.70987655e-01,
          8.84564173e-02,  -6.87497793e-03,  -1.24850777e-01,
         -3.01705850e-02,   4.67570792e-02,   1.27635764e-02,
         -1.78700975e-01,  -2.08736475e-01,   3.04362323e-01,
         -2.52835318e-01,   2.52343970e-02,  -1.96753781e-01,
          1.91123406e-01,   4.35435258e-03,   8.94136582e-02,
         -1.03992571e-01,   1.08681011e-03,  -2.23879411e-01,
          1.60869813e-01],
       [  2.97553568e-02,   6.00807462e-02,   1.18638704e-01,
          1.54297996e-01,   1.39838036e-01,   1.20580897e-01,
          1.60932187e-01,   9.08223181e-02,   8.92804697e-02,
          8.40524048e-02,   1.42766167e-01,   9.86371534e-02,
         -1.44239714e-02,  -1.00988756e-01,   6.35725617e-02,
          9.35701799e-02,   1.71348335e-01,   2.11544882e-01,
          1.02569885e-01,   1.65713545e-01,   1.22451969e-01,
         -1.67971291e-01,   2.17840061e-01,  -4.77326812e-02,
          8.14051511e-02,   1.58221545e-01,   1.53230342e-01,
          4.82939634e-02,  -2.38754576e-02,   1.34477713e-01,
          4.95892497e-02,   8.36149501e-02,   1.21291497e-01,
          1.95421319e-01,  -5.68044459e-02,   1.21013609e-01,
          1.75727144e-01,   1.29213157e-02,   9.59579045e-02,
          1.25755345e-01,   2.68539408e-03,   1.77292110e-01,
          1.13747358e-01,  -4.52012880e-02,  -1.80702212e-01,
          4.67330582e-02,   1.81238609e-01,   1.95232716e-01,
          1.66401347e-01,   1.18071750e-01,   1.12313078e-01,
          1.86278483e-01,   7.68711065e-02,   1.40348380e-01,
          1.05664373e-01,   7.56057071e-02,   1.84020378e-01,
         -4.27194053e-02,   7.76660913e-02,   7.54517200e-02,
          8.14030108e-02,   7.48965451e-02,   1.35209731e-01,
          6.80422612e-02,   6.29852955e-02,   1.24927475e-01,
          8.69446177e-02,   1.13129621e-01,   2.68799815e-02,
          7.10306059e-02,   1.16307141e-01,   6.22476986e-02,
          7.84613518e-02,   7.79595753e-02,   1.83573162e-01,
          5.78057526e-02,  -1.09221800e-02,   2.09648474e-02,
          1.32781499e-01,   2.09479497e-01,   7.79940998e-02,
          7.44784051e-02,   1.90686161e-01,   1.68681437e-01,
          1.27640520e-01,   9.04040364e-02,   9.98772974e-02,
          8.01276062e-02,   2.14679710e-01,   4.12305601e-02,
          1.76090154e-01,  -4.41733221e-02,   1.53172995e-01,
          4.80297748e-02,   1.13479887e-01,   8.84932226e-02,
          1.57107386e-01,   1.29103996e-01,   2.88035972e-02,
          5.48580574e-02],
       [  1.14233594e-01,  -3.91412815e-02,   1.32672214e-01,
          1.07864276e-01,   9.07383954e-02,   1.18875844e-01,
          9.12555376e-02,   9.26748873e-02,   1.32867315e-01,
          6.12548028e-02,   1.36795226e-01,   7.62069116e-02,
          8.71203566e-02,   1.79570029e-02,   1.60372300e-01,
          1.06871153e-01,   1.19509942e-01,   1.63523360e-01,
          8.42768411e-02,   1.31955421e-01,   7.56981177e-02,
         -1.90816028e-02,   2.00548907e-01,   1.50283314e-02,
          1.87004942e-01,   7.67258033e-02,   1.98830897e-01,
          3.43784213e-02,   1.34395963e-01,   9.31149110e-02,
          6.70210738e-02,   1.60876817e-01,   1.03839090e-01,
          8.70206615e-02,   4.52402088e-02,   8.22451168e-02,
          1.28585729e-01,   1.15748861e-01,   9.91252080e-02,
          1.29461635e-01,   1.00047387e-01,   1.31658423e-01,
          9.40508014e-02,   9.60612818e-02,  -2.10498116e-02,
          1.32428246e-01,   6.61244777e-02,   1.45510884e-01,
          1.07185034e-01,   4.07886774e-02,   1.09625200e-01,
          1.02419477e-01,   1.36292055e-01,   9.28069346e-02,
          8.48470755e-02,   1.26026872e-01,   1.17530467e-01,
         -8.09084972e-02,   3.97468518e-02,   1.67251725e-01,
          1.69007045e-01,   9.15968294e-02,   1.15196975e-01,
          5.78655358e-02,   1.29623202e-01,   9.82063017e-02,
          1.11144641e-01,  -2.19569610e-02,   6.09882108e-02,
          1.19011966e-01,   1.29443302e-01,  -6.02305650e-03,
          1.23892096e-01,   1.66540824e-02,   1.14668546e-01,
          1.01171308e-01,   9.46618597e-02,  -6.05101169e-02,
          1.26804524e-01,   1.15384757e-01,   1.42387389e-01,
          9.65069279e-02,   1.69023861e-01,   9.22212554e-02,
          8.98084979e-02,   1.00133847e-01,   9.83511074e-02,
         -3.47944752e-03,   9.80314082e-02,   1.49465479e-01,
          4.79031857e-02,  -2.42391695e-02,   5.75380438e-02,
          1.27148432e-01,   9.66390177e-02,   1.14035744e-01,
          9.25953188e-02,   1.07941100e-01,  -5.16056786e-02,
          1.07713614e-01]])]Hidden bias: [array([-0.27778884, -0.14393012, -0.24080774, -0.20065291, -0.18698506,
       -0.21871932, -0.18982987, -0.19012116, -0.2708273 , -0.16818956,
       -0.2514775 , -0.1683098 , -0.29890052, -0.34168625, -0.26906652,
       -0.20064838, -0.20972002, -0.16437953, -0.17425731, -0.22269219,
       -0.17063557, -0.35591931, -0.05786605, -0.30595928, -0.23137009,
       -0.17892774, -0.19883576, -0.1797111 , -0.29254175, -0.18485188,
       -0.18211496, -0.25914062, -0.21472373, -0.15488345, -0.31660635,
       -0.17420062, -0.20242007, -0.28279562, -0.20790857, -0.23406005,
       -0.29182261, -0.23312082, -0.19784232, -0.30334755, -0.35076558,
       -0.27451411, -0.15324899, -0.18889097, -0.20376517, -0.16339456,
       -0.21298482, -0.17363014, -0.27338168, -0.19132554, -0.19223617,
       -0.27548402, -0.1865571 , -0.31426805, -0.16309   , -0.25230181,
       -0.26571909, -0.21298671, -0.20844734, -0.1839278 , -0.27324868,
       -0.19056866, -0.24273543, -0.11955854, -0.24062344, -0.25740496,
       -0.25109442, -0.1689728 , -0.26670715, -0.16422508, -0.20782195,
       -0.24652029, -0.29434039, -0.15574749, -0.24012195, -0.1455686 ,
       -0.27988836, -0.21906198, -0.21173992, -0.18937854, -0.18810328,
       -0.19844997, -0.19879599, -0.15732842, -0.14558934, -0.27197759,
       -0.15284283, -0.28862182, -0.16873049, -0.27848727, -0.19409723,
       -0.23937483, -0.19200312, -0.2000349 , -0.16300932, -0.26758198])]Output weights: [[ 0.01891881 -0.00780238]
 [ 0.20776048 -0.08174932]
 [ 0.005805   -0.01823811]
 [-0.03894146  0.02872524]
 [-0.06480873  0.02072998]
 [-0.04190611 -0.01284199]
 [-0.02681858  0.01708505]
 [-0.08726976 -0.02621418]
 [ 0.02717893 -0.02146086]
 [-0.11049469 -0.00541615]
 [ 0.03687537 -0.00390667]
 [-0.10923778 -0.00165997]
 [ 0.02697829  0.0353286 ]
 [ 0.09537843  0.10259326]
 [ 0.02193945 -0.02199093]
 [-0.06684821 -0.0196712 ]
 [-0.00435726  0.02748032]
 [ 0.00321148  0.00329381]
 [-0.0988276   0.00081244]
 [-0.00115596  0.02017339]
 [-0.08029323  0.01232251]
 [ 0.17588386  0.21831952]
 [-0.06246809 -0.02944053]
 [ 0.02348378  0.02481268]
 [-0.02720325 -0.02746945]
 [-0.02665542  0.00459032]
 [ 0.04479406 -0.05660034]
 [-0.10230605 -0.00769322]
 [-0.03422456  0.05427188]
 [-0.06934373  0.01347288]
 [-0.11002875 -0.03030803]
 [ 0.02500735 -0.02667545]
 [-0.03899089 -0.01002036]
 [-0.0060099  -0.03810036]
 [ 0.06364509  0.05542506]
 [-0.09374591  0.0100574 ]
 [-0.00949413  0.02918251]
 [ 0.02117979  0.00163377]
 [-0.06672076 -0.02215594]
 [-0.00584531 -0.00461998]
 [ 0.02258387  0.01674394]
 [ 0.02866227  0.02558204]
 [-0.07310095 -0.01702358]
 [-0.00141754  0.06994017]
 [ 0.18929479  0.24065086]
 [ 0.02098508 -0.01637936]
 [ 0.04732536 -0.06141748]
 [ 0.00046248  0.0190071 ]
 [-0.02143859  0.02974945]
 [-0.03032817 -0.005908  ]
 [-0.04945833 -0.00231073]
 [-0.00925249 -0.00703677]
 [ 0.03303203 -0.0235077 ]
 [-0.05518152  0.026176  ]
 [-0.08750641 -0.01370298]
 [ 0.03235095 -0.02131977]
 [-0.01800378  0.00632368]
 [ 0.1459001   0.02521848]
 [-0.1051937  -0.00495673]
 [-0.00507317 -0.01842916]
 [ 0.03150381 -0.02600923]
 [-0.07088855 -0.02616978]
 [-0.03928746  0.02626015]
 [-0.11107766 -0.01980446]
 [ 0.02334623 -0.01933109]
 [-0.06189292  0.00831713]
 [-0.01461596 -0.0246449 ]
 [ 0.23519758 -0.12522737]
 [-0.04503849 -0.02581698]
 [ 0.00087575 -0.02853126]
 [ 0.01226141 -0.02014724]
 [ 0.03129481 -0.01630166]
 [ 0.02076121 -0.02747404]
 [-0.07865241 -0.01025078]
 [-0.00812997  0.0270597 ]
 [-0.02258885 -0.02343183]
 [ 0.02638309  0.02360224]
 [ 0.23438613 -0.07193706]
 [ 0.00416935 -0.00171991]
 [-0.03091794 -0.02275818]
 [ 0.04084433 -0.01923392]
 [-0.0563825  -0.03267342]
 [ 0.03624958  0.01295227]
 [-0.03314198  0.01982581]
 [-0.08205088  0.00792205]
 [-0.0737325  -0.02517852]
 [-0.08027991 -0.00833873]
 [ 0.03564729 -0.03095323]
 [-0.0124195  -0.05110475]
 [-0.02932896  0.01288988]
 [ 0.06158079 -0.06472568]
 [ 0.02434947  0.00512079]
 [ 0.01700867 -0.02405033]
 [ 0.02748379 -0.01726144]
 [-0.07203015 -0.0071826 ]
 [-0.02728223 -0.02987337]
 [-0.04898159  0.02450787]
 [-0.0601756  -0.00053398]
 [ 0.18273552 -0.05762029]
 [ 0.01319561 -0.02324718]]Output bias: [ 0.50471554  0.10578651]
Value MLP:Hidden weights: [array([[  3.79945108e+00,   1.76842244e+01,   9.61812544e+00,
          9.86068731e+00,   2.41784102e+00,  -6.22250556e+00,
          1.23670458e+01,  -6.05682387e+00,   1.10959732e+01,
          7.34250676e+00,  -1.65912574e+01,   1.40670371e+01,
          1.30922528e+01,   3.28689769e+00,   1.91648582e-01,
         -7.19088900e+00,  -4.32014359e+00,   5.01990846e+00,
          7.76529967e+00,  -1.26989750e+01,   1.75869171e+01,
         -8.37733127e-01,  -7.61036604e+00,  -6.17338019e+00,
         -5.95846212e+00,  -1.04624562e+00,  -5.30959646e+00,
         -6.66662347e+00,   2.49260177e+00,  -1.37950969e+01,
          1.00036602e+01,   2.18246959e+01,  -4.19696706e-01,
          1.19054203e+00,  -1.24508112e+01,   8.40940889e-01,
         -2.22135948e+00,   4.14942655e-01,  -5.77365905e-02,
         -3.94030332e+00,  -8.57555327e-01,   2.33403334e+00,
          4.02085563e+00,   8.41711923e+00,  -8.18934482e+00,
          6.56092525e+00,  -2.41028369e+00,   2.46335427e+00,
         -9.23025046e+00,  -6.58907224e+00],
       [  5.17447702e+00,   1.10335979e+00,   6.23293880e+00,
         -4.27026289e+00,   2.55262392e+00,   2.96628288e-03,
          2.01946364e+00,   4.29785456e+00,  -5.22724774e+00,
          9.60275067e-01,   4.66266939e+00,   2.26140041e+00,
          4.93245594e+00,   7.52450077e+00,  -1.39854463e+00,
          8.85245292e+00,  -5.24736362e+00,  -7.06063606e+00,
         -5.26967677e-01,  -1.86960199e+00,  -2.90945669e+00,
          8.34026148e-01,   1.32929267e+00,   1.70725573e+00,
         -6.53004424e-01,   5.14790782e+00,  -6.10856001e+00,
          3.00792516e+00,  -6.07401647e-01,  -1.24222481e+00,
          6.76707596e+00,  -6.55293721e+00,  -2.54112380e+00,
          3.06722021e+00,  -5.85014282e+00,  -1.78543232e+00,
         -3.02327853e+00,  -2.13600348e+00,  -1.73472476e+00,
         -2.66379503e+00,  -6.10726768e-01,   1.07759642e+01,
         -7.49011195e+00,  -9.63359253e-02,   5.50318062e+00,
          9.21934782e+00,   6.53396717e-01,   4.00423575e+00,
         -3.74352161e+00,   1.77443607e+00],
       [ -7.47082955e+00,   2.04614360e+00,   2.59475605e+01,
         -2.46077150e+00,  -1.51910119e+01,  -2.85558873e+01,
         -1.97559336e+01,   8.31157474e+00,  -9.14364434e+00,
         -7.34295326e+00,   1.05865960e+01,  -7.24859822e+00,
         -5.73115702e+00,  -2.87089077e+01,   5.26635004e-01,
          1.67703598e+01,  -1.42911463e+01,   3.18127058e+01,
         -6.04371452e-01,  -1.21409114e+01,   3.11938494e+01,
         -1.88403392e+01,   1.23547328e+01,   2.45698930e+01,
          2.38489762e+01,   2.92609971e+01,   1.77929895e+01,
          2.30470269e+01,  -1.15532086e+01,  -2.18135861e+01,
         -1.71521621e+01,  -5.28768044e+00,  -2.96241465e+01,
          1.60938345e+01,  -6.70271180e+00,   1.18216029e+00,
         -2.12431701e+00,   1.67411246e+00,   6.01661276e-01,
         -7.93245148e+00,  -1.49894620e+01,  -4.43905728e+01,
         -2.96887537e+01,  -2.84099488e+01,   9.01328153e+00,
          2.04802726e+01,   2.67324119e+01,   1.21556016e+01,
         -8.18970942e+00,   5.29713289e+00],
       [ -4.43935617e+00,   2.85885919e+01,   2.50610318e+01,
         -1.26077683e+01,   1.56702696e+01,   8.45734568e+00,
         -1.45371886e+00,  -7.03122252e+00,  -9.46721480e+00,
          2.01247398e+00,   3.56293584e+00,   6.80230230e+00,
         -2.15585754e+01,   9.36540864e+00,   3.21988540e+00,
          1.65435347e+01,   1.39631670e+01,   2.03832562e+01,
         -1.80744696e+01,   1.58107361e+01,  -5.93062536e-01,
         -2.95995151e+00,   1.63428216e+01,   1.76200919e+00,
          1.13891033e+01,   5.19850488e-01,   1.23429734e+01,
          1.09124351e+01,   1.97632990e+01,   2.33631527e+01,
          1.12870482e+01,  -1.03074344e+01,  -1.59980908e+00,
          8.98408492e+00,  -6.21760421e-01,   4.93658372e+00,
          8.02018709e+00,   5.39255228e+00,   5.31758691e+00,
          1.69486310e+01,   6.53793023e+00,   2.28417458e+01,
          3.15233816e+00,   7.76305864e+00,   1.05964290e+01,
         -8.66062501e-01,   4.03517781e+00,   1.23698899e+01,
          1.16524035e+01,  -7.69642428e+00],
       [  1.36625159e+01,   5.88679272e+01,   1.13751380e+01,
          2.21204190e+01,   3.46036099e+00,  -7.36328195e+00,
          1.59144369e+01,  -2.38972520e+01,   2.26867968e+01,
          2.52179178e+01,  -1.51385290e+01,   3.40244819e+01,
          7.72129249e+00,   1.68835016e+01,   7.05816292e-01,
          1.48640626e+01,   6.26648425e+00,   1.28393663e+01,
          2.28129613e+01,  -3.46833439e+01,  -1.89384664e+00,
         -6.33982703e+00,  -4.00437408e-01,  -1.76031277e+01,
          5.69624275e+00,  -2.42365263e+00,  -1.69078273e+01,
          1.16139007e+01,   1.38763759e+01,  -1.60113695e+01,
          4.42332253e+00,   3.50841442e+01,   3.25799967e+00,
         -2.26128695e+01,  -1.90864860e+01,  -3.04780288e-01,
          2.77761309e-01,   8.40445738e-01,  -1.29338564e+00,
         -1.67338439e+00,  -1.52592618e+01,  -1.00547656e+01,
          1.27892758e+01,   3.25702075e+00,  -2.00300612e+01,
          1.31745985e+01,  -1.49886994e+01,   1.46791080e+01,
         -2.22547289e+01,  -2.15855142e+01],
       [  1.84555929e+01,  -1.99217175e+01,   2.31726158e+00,
          1.49479142e+01,  -1.10351305e+01,  -2.14550273e-01,
          9.28898752e+00,   4.56334656e+00,   2.64769642e-01,
          1.03732150e+00,   1.62913634e+01,  -2.56573537e+01,
         -3.04869367e+01,  -1.02321473e+01,   6.20002483e-01,
          1.58669931e+01,   1.56027223e+01,   1.06169287e+01,
         -1.20550081e+00,   1.66111344e+01,   1.11818350e+00,
         -1.95666915e+01,   2.63128194e+01,  -3.73795264e+00,
          1.41204125e+01,   8.95314493e+00,  -2.94943409e+00,
          2.14094676e+01,  -1.09724453e+00,  -4.60227262e-01,
          1.87833192e-01,  -1.62887613e+01,  -1.36878944e+01,
         -1.36680528e+00,   1.34261120e+01,   8.72933585e-02,
         -4.43443797e-01,   8.20182281e-01,   8.85563268e-01,
         -2.77897130e-02,  -1.65711597e+01,  -4.11724984e+01,
          7.37346823e-01,  -8.62530148e+00,   9.61429500e+00,
         -2.27360920e+00,   6.00944452e+00,   1.44208228e+01,
         -5.20864033e+00,  -2.06820731e+00],
       [ -5.95145765e+00,  -6.16845842e+00,  -2.57197288e+00,
          2.05080301e+00,  -2.49601907e+00,  -2.94315134e-01,
          6.22567795e-01,   8.35097307e+00,   8.57130617e+00,
          1.11255229e+01,   6.96964165e-01,  -5.25543156e+00,
          1.78390287e+01,  -9.84436662e+00,  -1.91965345e+00,
         -8.16316512e+00,  -2.82315535e+00,  -3.58170019e+00,
         -2.68900295e-01,   5.24810424e+00,  -3.35936640e-01,
         -4.87044971e+00,   2.97334261e+00,   8.41689634e+00,
         -8.86926311e+00,  -1.50485450e+00,   2.68181468e+00,
         -1.65005731e+00,  -1.28358971e+00,   3.76522757e+00,
         -4.41698976e+00,   2.00516660e-01,  -4.07389166e-01,
          6.93460400e+00,  -1.17297093e+00,  -2.48580087e+00,
         -1.78513764e+00,  -3.73806292e+00,  -2.70219886e+00,
         -7.14584063e+00,   2.40366073e-01,  -2.34069715e+00,
         -5.13233823e-01,   1.05335605e+01,   1.73060075e-02,
          5.70595702e-01,   1.41704639e+00,   8.52827783e-01,
          1.48701509e+00,   9.46256036e+00],
       [ -1.31290203e+00,  -5.68995577e+00,  -1.12383788e+01,
         -3.23763792e+00,  -2.08466035e+00,  -2.46952641e+00,
          5.33684668e-01,  -1.44531922e+00,  -6.47569547e+00,
         -5.82371378e-02,  -2.93984753e+00,   8.49344326e-01,
         -1.92339803e+00,  -6.61270226e+00,  -2.77730312e+00,
         -2.42542759e+00,  -7.79386748e-01,  -3.89879556e+00,
         -1.90298653e+00,  -4.28738562e+00,   8.02341437e+00,
         -9.59681055e-01,  -5.86420128e+00,   1.83779031e+00,
          3.90646319e+00,  -1.00273985e+01,  -2.46952681e+00,
         -2.88004183e+00,  -4.30354584e+00,   6.52083609e+00,
          7.60411432e-01,  -9.77938327e+00,  -3.34842013e+00,
         -1.35023153e+01,   1.89457134e+00,  -1.62012123e+00,
         -2.12537397e+00,  -9.74220358e-01,  -1.52768501e+00,
         -7.81953351e+00,  -2.23942310e+00,  -9.10281361e-01,
          2.12895476e+00,  -3.24534879e+00,  -3.95442897e+00,
         -6.80967362e+00,  -6.98587747e+00,  -1.86251392e+00,
         -1.58439786e+00,  -1.82049108e+00]])]Hidden bias: [array([  9.16300298, -34.09303032,  -7.14434244,   1.48846292,
        -6.19662436,  -1.694477  ,   2.50155065,   7.43570009,
         6.82363598,   6.35514729,   2.06789143,  -5.94984549,
        17.95819493,   5.06721226, -10.18810611,  -0.29426389,
       -14.02907469, -17.60256717,   1.85827808,  -0.97956655,
         3.2335807 ,   3.25548575,  -7.7209015 ,   6.09940936,
       -15.74953499,  -8.48834587, -17.48177044,  -4.82027709,
       -13.18708519,  -7.80834857,  -3.05761022,   0.67574964,
         4.70842943,  -6.61615406,   4.61625811,  -8.17927402,
       -11.50718346,  -9.56056041,  -8.58463706, -19.06611551,
        -4.07716778, -16.54217666,  12.37023595,  -2.19151585,
        -3.14584425,  -6.86654766,  -2.07044189,  -5.85579213,
        -4.29267646,  11.70854474])]Output weights: [[  1.11503034e+00]
 [ -7.15022810e+00]
 [ -2.32486329e+00]
 [ -1.16026110e-02]
 [  7.47070468e+00]
 [ -2.86957641e+00]
 [  6.35938425e+00]
 [ -3.30722929e+00]
 [  1.13200211e+00]
 [  3.44392556e+00]
 [ -2.89335700e+00]
 [ -3.07123425e+00]
 [  7.53738819e+00]
 [ -1.20194738e+00]
 [  2.67678304e+01]
 [  4.87784521e+00]
 [  1.05461076e+01]
 [ -1.69744413e+00]
 [  2.79462433e-01]
 [  9.98686106e+00]
 [  1.73599893e+00]
 [ -4.27559337e+00]
 [ -3.16552965e+00]
 [  6.09015553e+00]
 [ -1.75163952e+00]
 [ -1.12167945e+00]
 [  5.38640678e+00]
 [  8.84710448e-01]
 [  1.30125518e+01]
 [ -5.37947709e+00]
 [  8.25335246e+00]
 [ -1.08910342e+00]
 [ -2.03931473e+00]
 [ -3.27197575e+00]
 [ -5.87832821e+00]
 [  2.29793202e+00]
 [  8.49443185e+00]
 [  6.34306468e+00]
 [  1.72130354e+00]
 [ -2.00605183e+00]
 [ -8.49016063e+00]
 [  4.37341059e+00]
 [  5.54187657e+00]
 [  4.78425812e+00]
 [  9.05514182e-01]
 [  3.86981564e+00]
 [  2.17588344e+00]
 [ -9.86732614e+00]
 [ -1.03850230e+01]
 [  1.60272627e+00]]Output bias: [-57.81151942]