Action MLP:
Initial hidden weights: [array([[-0.06736275,  0.0575578 ,  0.04570135, ..., -0.07756581,
         0.08662391,  0.01057248],
       [ 0.07304087, -0.02352346, -0.09803845, ..., -0.09972597,
         0.00442493, -0.02559048],
       [-0.07592404,  0.06966389,  0.09278464, ...,  0.00930769,
        -0.00189193, -0.08053858],
       ..., 
       [ 0.0020741 ,  0.09257294,  0.06064245, ..., -0.03237704,
         0.04199106,  0.00016031],
       [ 0.04453529, -0.09416547,  0.01600954, ...,  0.05504964,
        -0.0536524 ,  0.0409449 ],
       [ 0.04228675, -0.02722883,  0.04685499, ..., -0.04891533,
         0.05531458, -0.09874474]])]
Initial hidden bias: [array([-1., -1., -1., -1., -1., -1., -1., -1., -1., -1., -1., -1., -1.,
       -1., -1., -1., -1., -1., -1., -1.])]
Initial output weights: [[ 0.00380976 -0.00495731]
 [-0.00392072 -0.00837783]
 [-0.06119542  0.07493565]
 [-0.0965789  -0.06449559]
 [ 0.03152141 -0.01434398]
 [ 0.0349825  -0.06824341]
 [-0.05094568 -0.0130216 ]
 [ 0.0473538  -0.00164816]
 [-0.09396804 -0.0997803 ]
 [ 0.0876363  -0.09466824]
 [-0.07025742 -0.05103433]
 [-0.0840941   0.05435566]
 [-0.0344997  -0.02643258]
 [-0.06651595 -0.04124684]
 [-0.08653728 -0.05633214]
 [-0.01336067  0.08560467]
 [-0.0459263  -0.00837149]
 [ 0.00737256  0.05719373]
 [ 0.01618803 -0.09858453]
 [ 0.0870798   0.04167136]]
Initial output bias: [ 1.  1.]
Value MLP:
Initial hidden weights: [array([[-0.09600661, -0.00718634, -0.09134218, ...,  0.01512598,
        -0.04758423, -0.04118841],
       [ 0.02237383, -0.03317087, -0.01969422, ..., -0.06864482,
        -0.02600656, -0.0428863 ],
       [ 0.03077843,  0.0885433 ,  0.07752163, ..., -0.07140477,
        -0.02482756,  0.06153399],
       ..., 
       [-0.04350945,  0.05868205, -0.05698142, ..., -0.04410687,
        -0.0275859 ,  0.01519094],
       [ 0.09995   ,  0.00243016,  0.02136377, ..., -0.0107786 ,
        -0.07101749, -0.05231969],
       [ 0.07325091, -0.08999516,  0.01787124, ..., -0.0444656 ,
         0.09984319, -0.09179543]])]
Initial hidden bias: [array([-1., -1., -1., -1., -1., -1., -1., -1., -1., -1., -1., -1., -1.,
       -1., -1., -1., -1., -1., -1., -1.])]
Initial output weights: [[-0.07044725]
 [-0.08951253]
 [-0.07894393]
 [ 0.0418917 ]
 [-0.09594343]
 [-0.04425469]
 [ 0.08440105]
 [-0.0745614 ]
 [ 0.05794168]
 [ 0.02931703]
 [ 0.06628715]
 [-0.07235956]
 [ 0.06715873]
 [ 0.06244284]
 [-0.09475041]
 [-0.01093232]
 [-0.09070923]
 [ 0.01330695]
 [ 0.09385805]
 [-0.01912255]]
Initial output bias: [ 1.]
