Action MLP:Hidden weights: [array([[-0.11855704,  0.05049164,  0.11805933, ..., -0.00215309,
         0.09023511,  0.00941643],
       [ 0.03698164, -0.03256441, -0.03213076, ..., -0.03642519,
         0.02471789,  0.01012779],
       [-0.08154406,  0.07588528,  0.1389729 , ...,  0.0229359 ,
         0.05434908, -0.04630038],
       ..., 
       [-0.0069103 ,  0.09285991,  0.06036705, ..., -0.02472017,
         0.04183566,  0.07509106],
       [ 0.04418144, -0.09485839,  0.01397285, ...,  0.05369695,
        -0.05394149,  0.03278501],
       [ 0.04207675, -0.02751082,  0.04575511, ..., -0.04973069,
         0.05514574, -0.10461939]])]Hidden bias: [array([-0.77685684, -0.7993933 , -0.84161754, -0.89968922, -0.83234753,
       -0.8464117 , -0.81572171, -0.83031551, -0.76132583, -0.83164605,
       -0.83437154, -0.84215131, -0.84869782, -0.81452161, -0.83214873,
       -0.84932958, -0.81190108, -0.84766905, -0.85691756, -1.07694496])]Output weights: [[-0.04071105  0.02770653]
 [ 0.0051836  -0.00243675]
 [ 0.00885813 -0.00295129]
 [-0.00758303  0.00999379]
 [ 0.00675722  0.00464338]
 [ 0.00330101 -0.00301603]
 [ 0.00269743  0.00207191]
 [ 0.00664985 -0.0031411 ]
 [ 0.00835594  0.48218183]
 [ 0.00508214  0.00050995]
 [ 0.00357305  0.003143  ]
 [ 0.0023441  -0.00653716]
 [ 0.00474469  0.00120577]
 [ 0.00507924  0.00485528]
 [-0.00093001 -0.00223946]
 [ 0.00549277 -0.00572857]
 [ 0.00420941 -0.00634259]
 [ 0.00922062 -0.00634378]
 [ 0.00543217 -0.003981  ]
 [ 0.26681647  0.06123529]]Output bias: [ 0.00242115 -0.2491753 ]
Value MLP:Hidden weights: [array([[-0.09600661, -0.0071864 ,  0.67759633, ...,  0.01454496,
        -0.04762713, -0.04118843],
       [ 0.02237383, -0.03317098,  0.40610472, ..., -0.06970208,
        -0.02607028, -0.04288631],
       [ 0.03086574,  0.08886967,  0.11035721, ..., -0.07300067,
        -0.02508621,  0.06157855],
       ..., 
       [-0.55783876, -0.35562249,  0.0756654 , ..., -0.25276606,
        -0.28447417, -0.39629089],
       [ 0.09995   ,  0.00243016,  0.02136601, ..., -0.01077715,
        -0.07101749, -0.05231969],
       [ 0.07325091, -0.08999516,  0.01787101, ..., -0.04446419,
         0.09984319, -0.09179543]])]Hidden bias: [array([-4.80040806, -4.06131965,  0.72678822, -2.25220598, -2.18001683,
       -3.57787314, -4.17690532, -2.12066166, -1.97291493, -3.69134884,
       -6.60119717, -2.18030244, -5.53026621, -5.04902016, -2.50155349,
       -7.39941626, -6.97652451, -2.54586462, -2.89829212, -4.04046234])]Output weights: [[ 4.50548888]
 [ 4.57770247]
 [ 3.78590851]
 [ 4.97429432]
 [ 4.88493017]
 [ 4.66316324]
 [ 4.71734648]
 [ 4.74381327]
 [ 4.4678844 ]
 [ 4.80740358]
 [ 4.18324894]
 [ 4.88737653]
 [ 4.53270714]
 [ 4.67423706]
 [ 0.64663474]
 [ 3.50878524]
 [ 3.81340079]
 [ 4.77974211]
 [ 5.086713  ]
 [ 2.38808989]]Output bias: [-4.3235054]