epoch total_reward
0 243.753173895
1 239.42196304
2 242.486253227
3 230.801896432
4 239.215529331
5 215.773962128
6 223.963376393
7 245.083583638
8 237.674795365
9 227.511578553
10 230.014792617
11 216.923936418
12 227.976423491
13 238.818685375
14 224.708734278
15 234.286710749
16 229.209564313
17 200.549362086
18 225.273595784
19 245.62199557
20 219.488375325
21 246.742735487
22 238.32450411
23 230.827623148
24 228.31765235
25 233.755937296
26 220.608836053
27 204.828041404
28 231.183652185
29 231.373119626
30 206.077805699
31 239.96044786
32 242.835407023
33 221.507569125
34 215.6257869
35 216.379699958
36 237.67459833
37 247.116105297
38 222.084156156
39 236.847377181
40 240.921697338
41 230.938059958
42 227.464229505
43 225.54889095
44 236.695155874
45 240.017655568
46 207.945026502
47 238.983845109
48 249.777437497
49 224.136227307
50 255.546419319
51 251.550949946
52 199.011992651
53 206.181726419
54 213.166748905
55 207.9684086
56 199.578274094
57 247.685068306
58 245.80151542
59 38.1429482693
60 239.607557441
61 259.469687775
62 260.97569702
63 239.447560855
64 235.480784572
65 229.583985667
66 214.263596748
67 227.929942271
68 214.918977487
69 245.200597895
70 211.218277664
71 223.750879333
72 205.731478622
73 231.876080552
74 242.114214813
75 251.934057915
76 238.333705972
77 214.730274442
78 247.907445084
79 246.86091598
80 212.57318888
81 238.728680887
82 239.102886791
83 206.262734062
84 219.735073893
85 232.478274458
86 220.132975341
87 241.686215429
88 228.182753342
89 240.41979958
90 192.232124217
91 232.20027002
92 221.552695076
93 245.590225846
94 251.890989158
95 234.237316248
96 223.42638569
97 242.243193887
98 251.087441117
99 224.161655037
100 244.411493158
101 242.064109604
102 253.520877403
103 236.664042427
104 248.667069501
105 231.584179629
106 230.41558782
107 227.801983187
108 227.801398436
109 248.30845682
110 254.100374434
111 220.980796963
112 237.184949608
113 199.204087626
114 250.815119543
115 253.372333539
116 222.741309624
117 230.532157943
118 222.173036128
119 260.087892536
120 246.787287866
121 202.869272284
122 251.304817471
123 238.285176287
124 241.775269981
125 203.542302874
126 196.82085331
127 121.579326195
128 248.962557079
129 243.553330007
130 242.863389788
131 210.419182911
132 230.494710649
133 229.866071952
134 243.208724494
135 211.279033243
136 206.958103548
137 227.561277294
138 242.926311406
139 257.98934195
140 229.585986512
141 224.496320945
142 203.97804414
143 235.944425709
144 219.250563438
145 204.769963902
146 225.184099281
147 221.789368073
148 219.824746095
149 253.51164979
150 232.155263234
151 204.382610284
152 247.311062125
153 223.620208957
154 218.474759453
155 239.912370539
156 244.45027931
157 225.916512039
158 230.998759233
159 244.682833472
160 235.351416616
161 227.069088495
162 193.439917596
163 218.150976511
164 240.938950528
165 231.844984221
166 209.883918605
167 201.044266987
168 204.552475599
169 243.982357045
170 250.199068935
171 233.447979207
172 224.125986387
173 235.46421952
174 224.218822807
175 222.710678927
176 223.600828393
177 190.378772097
178 232.355825844
179 218.154300204
180 233.089946663
181 227.008292643
182 226.908340942
183 226.580314308
184 210.997189316
185 234.617067594
186 224.582412753
187 221.276498704
188 217.046662903
189 208.155575686
190 248.779491018
191 244.769942562
192 222.378075679
193 237.779375699
194 244.381937574
195 238.371117494
196 227.944206146
197 253.938597783
198 247.08283586
199 223.005698764
200 240.414838508
201 191.791765035
202 237.180174717
203 243.759732964
204 190.609769468
205 221.759529478
206 227.202713524
207 245.608768653
208 234.472460376
209 259.227321603
210 229.338210679
211 228.683990444
212 212.455171467
213 239.666683608
214 205.967221122
215 236.712663881
216 237.619474386
217 245.991685303
218 243.204120867
219 243.84170715
220 213.201749827
221 212.629820981
222 245.37742655
223 195.512196689
224 234.551010218
225 208.21623899
226 237.114951424
227 265.994706214
228 220.967741218
229 207.05060021
230 214.765803478
231 255.3537789
232 232.805953711
233 235.051718829
234 245.625527448
235 241.369237463
236 240.794626371
237 254.272214666
238 250.557056602
239 248.669696682
240 241.53547625
241 248.975411239
242 221.01773093
243 244.8064545
244 233.072666154
245 245.999899346
246 231.434104385
247 243.834432175
248 242.071541644
249 226.113199829
250 240.233060002
251 225.898285647
252 251.905098501
253 235.681612407
254 232.922731954
255 227.55525576
256 256.65651065
257 228.660242152
258 214.240685786
259 242.869079541
260 242.121222041
261 211.524152656
262 229.754976217
263 234.358364397
264 232.731128584
265 225.919140164
266 233.162294529
267 236.805780921
268 256.048937852
269 204.476157152
270 227.52942707
271 236.285987799
272 257.474381736
273 237.552892896
274 237.89545738
275 216.667463978
276 220.931255552
277 245.907941194
278 228.974347618
279 225.981588288
280 241.325651672
281 241.985137915
282 226.887435118
283 230.773862305
284 210.438381554
285 245.775917676
286 245.878992926
287 239.659326222
288 254.279987678
289 256.603491728
290 217.880226756
291 208.117155118
292 242.814044397
293 249.827915787
294 226.78439893
295 218.914615597
296 232.248504658
297 233.074865628
298 239.011381929
299 238.606548795
300 233.19643226
301 193.848316668
302 233.871488865
303 235.315237051
304 241.878242141
305 240.259822792
306 234.540934481
307 214.345880137
308 250.051071789
309 224.281704126
310 245.488332642
311 207.162069599
312 240.198797648
313 206.689427706
314 234.569903706
315 241.186832341
316 243.561585811
317 230.538884583
318 239.802434166
319 245.357655932
320 216.239010303
321 221.107275455
322 227.697215179
323 237.898912047
324 233.891061983
325 237.836818308
326 238.279819401
327 216.739907266
328 225.631893751
329 217.119867954
330 213.505812577
331 245.584209668
332 233.331874718
333 242.160661157
334 244.112627467
335 -242.627506667
336 222.97979609
337 229.250403961
338 220.155517826
339 233.041900818
340 229.923508967
341 244.963298902
342 188.356550374
343 -193.814189266
344 261.760280915
345 237.536159711
346 234.056788408
347 195.124671838
348 216.487026557
349 239.92853221
350 229.379081042
351 244.159989904
352 232.275344773
353 243.331201006
354 201.323287903
355 203.958041771
356 180.446779166
357 206.876687071
358 218.620656167
359 212.261354507
360 243.718350472
361 230.697445998
362 239.764036092
363 228.446602762
364 250.560969905
365 239.187809552
366 234.908824206
367 234.261048125
368 245.655640277
369 228.268013071
370 239.412251083
371 255.938197236
372 206.026700921
373 223.485690115
374 202.341818979
375 227.571164075
376 199.263451683
377 242.9625234
378 229.436996677
379 215.00534263
380 214.443735084
381 260.630778924
382 228.62226827
383 210.273750077
384 249.537233324
385 242.034320708
386 187.395256719
387 212.224122248
388 232.998408699
389 234.473320494
390 243.905753488
391 247.354616595
392 237.964056348
393 218.679980041
394 244.802747336
395 247.367944184
396 200.79793557
397 231.089513028
398 219.680645586
399 243.559074527
400 241.727609912
401 236.0532435
402 248.743710024
403 237.197174404
404 250.79609562
405 241.709346302
406 225.365802349
407 238.975720199
408 236.286735052
409 237.161755948
410 243.735615334
411 243.283004976
412 188.926652598
413 247.574219984
414 237.767639729
415 198.39918742
416 244.633862316
417 242.312380055
418 198.681409844
419 264.18516595
420 208.595145836
421 229.342459246
422 200.815824742
423 233.475346488
424 245.93040143
425 200.672585441
426 247.619941168
427 229.208927402
428 247.737312341
429 237.745190724
430 232.648406654
431 218.602860876
432 223.962035253
433 221.955850836
434 246.871510355
435 231.706222377
436 203.912742249
437 218.919982503
438 247.27188112
439 203.10075706
440 239.931294914
441 239.297428363
442 251.975658295
443 212.82975795
444 219.176284721
445 224.792262607
446 244.038096423
447 236.725771154
448 231.8142315
449 212.468093441
450 211.117680223
451 241.557306728
452 235.583149562
453 228.942282762
454 243.602519437
455 233.09922207
456 223.625751905
457 220.106869216
458 245.825869363
459 231.602279939
460 233.877430086
461 210.938449882
462 198.53146928
463 244.614659309
464 240.927183035
465 248.539359629
466 209.10316503
467 224.164288467
468 235.118679182
469 223.54113946
470 238.441234942
471 237.076761492
472 236.353162362
473 224.066054634
474 236.72747891
475 249.19809921
476 247.166751024
477 238.691146533
478 240.331788577
479 215.864727717
480 238.012492105
481 242.991946178
482 235.632549696
483 219.459661785
484 209.785058749
485 224.923174824
486 233.126971873
487 258.518381063
488 242.993755904
489 216.576694379
490 233.120796399
491 211.309441745
492 210.072387752
493 229.818903369
494 234.167140906
495 188.161094263
496 230.111560119
497 250.127007813
498 225.808016888
499 239.906918814
500 234.247254308
501 221.594833321
502 225.495201204
503 250.688647501
504 209.561491106
505 248.604749371
506 227.980729681
507 231.889289723
508 192.895253226
509 233.90523228
510 247.106128732
511 205.699074282
512 206.180295791
513 249.084174663
514 227.434896463
515 200.265125904
516 228.255160911
517 239.709395133
518 227.841484388
519 205.012863923
520 234.945685664
521 215.087031453
522 208.674997802
523 237.463583978
524 224.704166051
525 219.518647024
526 245.73139265
527 219.229753629
528 246.096709088
529 245.267464449
530 205.748421165
531 230.466028653
532 210.477114899
533 212.154641402
534 203.055987346
535 219.559025649
536 249.15165156
537 228.02541455
538 248.554491705
539 212.651505641
540 202.647071469
541 221.419325168
542 234.145380689
543 229.79713109
544 227.541414404
545 237.672253053
546 237.942709444
547 218.22119069
548 235.928696159
549 216.738377283
550 259.852721695
551 250.362996647
552 224.843886281
553 246.705449735
554 245.918748954
555 219.009229692
556 231.91402582
557 242.213512968
558 252.982596067
559 244.771688069
560 262.102318732
561 242.582202918
562 234.829353304
563 243.574011854
564 234.112548641
565 244.708354724
566 244.252905308
567 194.698587505
568 248.863428124
569 250.806135365
570 230.881986653
571 242.345773919
572 214.560710224
573 239.05984664
574 233.335435916
575 242.372177575
576 239.631295896
577 230.945900378
578 245.6686361
579 242.408603449
580 253.431499141
581 246.353156865
582 218.684429674
583 250.145947256
584 244.556590093
585 247.8775193
586 258.324766353
587 246.259907469
588 243.16070662
589 241.599063858
590 229.666155183
591 235.829233491
592 249.565650458
593 253.649809942
594 236.109186719
595 244.346822414
596 200.856820908
597 232.838265026
598 246.970852873
599 234.567853717
600 249.398555174
601 191.441044173
602 223.330987996
603 217.614160274
604 220.02986069
605 237.751030565
606 243.1919403
607 240.515097707
608 214.984660993
609 206.546618396
610 234.66602769
611 240.339638415
612 224.030436028
613 242.060586086
614 228.555125842
615 241.772317467
616 246.315762474
617 251.494481873
618 245.713726247
619 235.099751391
620 231.004440194
621 235.761457231
622 237.220666085
623 239.49344576
624 238.683169002
625 247.837886928
626 244.480505695
627 239.967776161
628 211.874894564
629 242.97383938
630 202.277498328
631 236.733470041
632 218.362458286
633 218.734590581
634 222.675587925
635 206.636245739
636 186.632860304
637 242.402840361
638 198.520134414
639 246.487884005
640 233.425867726
641 220.148073765
642 258.001805927
643 231.525825447
644 254.330861716
645 198.437320302
646 233.705488131
647 213.484793516
648 190.326670889
649 234.883866924
650 244.060865676
651 211.619590161
652 236.368004362
653 229.994838317
654 217.33092467
655 234.360140817
656 227.066056172
657 239.039311874
658 232.372927311
659 216.187627545
660 198.533548996
661 229.442366398
662 210.490129886
663 242.019175828
664 258.768428392
665 214.422497577
666 200.267817288
667 237.403901939
668 220.019830172
669 232.045394492
670 214.262545532
671 219.53957859
672 257.301096713
673 197.374317311
674 213.840035508
675 226.884945716
676 253.394266578
677 242.910701563
678 231.69531407
679 246.356499535
680 247.275977674
681 247.05367389
682 240.472292594
683 255.014819521
684 228.818389123
685 236.327611075
686 241.542929993
687 238.745371637
688 229.501054298
689 239.269924784
690 200.434891336
691 249.709594103
692 243.575397924
693 215.197774767
694 222.728825349
695 235.21427816
696 249.295056269
697 231.14143844
698 243.673290346
699 248.521761571
700 245.011513548
701 229.500281736
702 245.486463992
703 207.458925585
704 212.502500531
705 202.465488453
706 222.568194136
707 227.96544716
708 242.012689607
709 240.111134634
710 189.090627255
711 246.068026417
712 246.393041579
713 229.289502169
714 234.718016146
715 196.602892922
716 216.492563385
717 232.97743213
718 228.347226464
719 214.361936903
720 234.107700678
721 228.839877886
722 222.037711745
723 228.011902501
724 250.809641871
725 230.900340317
726 218.337554009
727 256.964327396
728 232.631842598
729 180.751655856
730 183.555928527
731 123.306620971
732 202.714071649
733 213.213428832
734 216.38733099
735 233.534426596
736 221.089260495
737 232.468207468
738 246.172848201
739 251.660750451
740 214.95033763
741 242.902280875
742 243.367964086
743 232.330335522
744 232.690484041
745 241.87726132
746 230.089718441
747 252.155311961
748 218.327262786
749 227.308503454
750 217.136058397
751 219.662876431
752 212.963736645
753 223.864777596
754 222.979297482
755 242.821973078
756 232.837937092
757 202.414084004
758 230.10573879
759 234.801875053
760 211.63650752
761 247.506587308
762 191.962598399
763 212.043424387
764 207.198853238
765 210.735164801
766 249.048436994
767 240.703348305
768 242.160140339
769 236.195447084
770 223.596495595
771 244.314909024
772 232.77922617
773 239.012627175
774 219.384335186
775 242.757514
776 229.110230217
777 238.071220064
778 234.703934743
779 219.131896851
780 243.260099935
781 220.3387382
782 225.867076756
783 247.120655661
784 234.552238106
785 231.205504291
786 197.707927001
787 265.477904283
788 237.135611093
789 242.213828133
790 234.312068442
791 245.890280008
792 233.792242896
793 227.815397471
794 213.748469179
795 186.26083088
796 237.531817181
797 237.780987782
798 224.00850129
799 232.262466856
800 252.626785091
801 228.8053289
802 224.513978453
803 213.361869568
804 230.472367186
805 228.994494988
806 195.229723307
807 260.98686136
808 211.260191439
809 241.991595177
810 241.696113162
811 239.258136572
812 227.31666467
813 229.230688766
814 242.33634977
815 236.224767606
816 252.355507714
817 236.227977993
818 201.2765996
819 242.403152075
820 218.400352624
821 215.304364192
822 227.672878562
823 222.471797709
824 209.716603763
825 244.481915613
826 261.110139571
827 236.452492214
828 241.466038678
829 218.172745457
830 254.196388922
831 233.006245427
832 191.692141997
833 217.4177734
834 245.292772254
835 215.069730932
836 244.623015999
837 240.522393569
838 246.832487078
839 236.662465216
840 215.795541949
841 215.265440936
842 235.903666517
843 224.050979054
844 229.416689836
845 243.893107885
846 238.304553985
847 231.404741214
848 249.118292986
849 232.64164451
850 218.209898284
851 188.427400041
852 240.274140791
853 244.840082097
854 233.589705944
855 246.442348466
856 199.725763737
857 201.347068918
858 208.009574802
859 256.215031274
860 222.055125774
861 212.274801081
862 219.65811355
863 246.020188276
864 231.332010435
865 229.569723682
866 220.734057104
867 236.400991219
868 228.332677498
869 239.622214485
870 248.451399373
871 218.225518042
872 239.668027893
873 235.998876398
874 240.492407872
875 218.161732971
876 213.82522864
877 245.249506007
878 236.926559133
879 233.476874999
880 215.877678595
881 251.65938402
882 238.709928414
883 198.11545496
884 235.798856746
885 199.025509741
886 236.520728685
887 224.540175472
888 210.292208799
889 245.698697043
890 128.245046372
891 244.299353082
892 250.531547145
893 238.514999147
894 226.502708548
895 213.538481076
896 231.95685265
897 249.658745979
898 228.194812687
899 191.193952913
900 248.515424338
901 236.016294208
902 222.555607435
903 239.464176572
904 245.432439865
905 241.318014287
906 254.063409634
907 203.47997136
908 226.259909638
909 237.191293027
910 261.27148636
911 246.218530478
912 226.518169035
913 194.910448678
914 195.200993745
915 226.870147315
916 247.500117479
917 242.325612816
918 227.448603589
919 225.556746326
920 230.561700365
921 248.267367652
922 247.594506975
923 229.162365008
924 239.34367672
925 234.57478474
926 234.560033904
927 236.666168708
928 242.996837312
929 236.516563873
930 216.971297011
931 195.423295983
932 239.249161269
933 246.50562605
934 254.878004341
935 207.583829776
936 240.947845543
937 256.588804963
938 227.387941993
939 221.585106262
940 235.49206658
941 209.769355385
942 211.450949297
943 220.184653287
944 243.74380038
945 228.334668259
946 243.578644331
947 228.959681653
948 223.857892284
949 219.763641578
950 220.810297246
951 228.164894107
952 247.948985592
953 248.296535307
954 259.128856856
955 211.863706931
956 206.210724645
957 230.94560389
958 206.264794857
959 215.98444701
960 247.539391366
961 241.341246982
962 202.583902738
963 246.144320476
964 204.984028015
965 217.542764016
966 196.305315246
967 251.303742795
968 256.322550642
969 227.160557537
970 193.862271685
971 224.116846803
972 252.99913032
973 232.806449032
974 234.425412322
975 228.474775131
976 214.985958202
977 235.592826402
978 224.98897024
979 212.464977383
980 250.41970597
981 225.138726432
982 198.275505182
983 209.713369123
984 237.598764131
985 242.946670529
986 235.815166094
987 219.532459229
988 217.047271682
989 229.063953217
990 234.214659624
991 230.403203827
992 234.927303794
993 249.854530068
994 244.121773534
995 241.092095902
996 240.511259421
997 236.624131727
998 225.859333302
999 217.890163076
1000 241.734885836
1001 208.240726298
1002 254.558421368
1003 243.943829109
1004 240.242661635
1005 219.077435251
1006 245.408443786
1007 236.009958382
1008 226.778119476
1009 238.648089299
1010 243.567930429
1011 243.592777581
1012 200.148225933
1013 226.364809095
1014 238.125443835
1015 202.008712294
1016 246.256004818
1017 238.107699946
1018 252.842843434
1019 243.90906585
1020 212.814066825
1021 207.381078651
1022 233.416328146
1023 249.699916108
1024 229.160304936
1025 213.761449602
1026 204.308382451
1027 231.357389734
1028 246.433732994
1029 224.867250919
1030 211.834148894
1031 220.080876241
1032 194.527096519
1033 241.14747847
1034 215.22286592
1035 209.497689917
1036 226.716941755
1037 234.221462663
1038 241.791033864
1039 221.085315494
1040 231.669919511
1041 256.436311696
1042 241.970756633
1043 211.634655371
1044 216.433291021
1045 244.044001682
1046 222.175216274
1047 242.531198838
1048 249.748196143
1049 224.327620434
1050 221.989450827
1051 249.016962451
1052 234.607043865
1053 221.752475234
1054 237.344216983
1055 236.527245113
1056 224.867958958
1057 216.438940983
1058 247.958545836
1059 241.198708259
1060 238.254188192
1061 262.223660286
1062 226.318807898
1063 255.292909766
1064 220.607145369
1065 209.723410912
1066 250.671189702
1067 240.527311124
1068 243.888086558
1069 222.297665842
1070 240.125878378
1071 256.086577493
1072 240.338377629
1073 239.017922204
1074 251.599783175
1075 250.71814144
1076 195.250066746
1077 211.106769228
1078 202.879214594
1079 190.287686216
1080 238.836098637
1081 224.526999205
1082 252.191016701
1083 232.815459539
1084 255.606321564
1085 218.440565628
1086 213.578150847
1087 220.104975213
1088 216.377078886
1089 215.505597192
1090 248.612682448
1091 223.780981236
1092 236.844254761
1093 253.359788
1094 201.281287342
1095 247.020282351
1096 238.52218252
1097 228.68426422
1098 232.919232796
1099 235.486962847
1100 206.166568386
1101 239.724631749
1102 231.062679707
1103 236.473442547
1104 232.341603683
1105 225.558538854
1106 250.810377361
1107 247.886846375
1108 229.931689865
1109 242.237786572
1110 224.681654855
1111 211.886132696
1112 233.177470828
1113 230.715980998
1114 234.819171565
1115 217.151092641
1116 231.566227926
1117 238.762380184
1118 228.70218861
1119 231.890592866
1120 230.417846631
1121 238.219956913
1122 226.872276693
1123 208.03050626
1124 248.534763688
1125 228.935769555
1126 243.515445784
1127 239.494655101
1128 242.936376505
1129 236.717805012
1130 227.62226059
1131 99.1064878705
1132 197.954099373
1133 225.852600792
1134 239.531889769
1135 250.595188586
1136 232.356173186
1137 236.173054002
1138 246.559677681
1139 220.55900012
1140 230.810017543
1141 246.678900341
1142 207.056324065
1143 237.751462005
1144 241.046571657
1145 206.800156716
1146 232.616113824
1147 223.309022472
1148 239.750959387
1149 241.881687288
1150 218.090731322
1151 200.428480584
1152 240.724793868
1153 200.051638665
1154 230.894052596
1155 235.604949757
1156 248.010927071
1157 208.455255002
1158 229.060216308
1159 -185.677333437
1160 232.570984393
1161 241.029060431
1162 201.93213878
1163 238.209677797
1164 244.443597998
1165 232.193180425
1166 235.968225153
1167 244.153700667
1168 219.339086084
1169 231.9198089
1170 238.508867616
1171 193.909662417
1172 244.892055094
1173 229.165681421
1174 237.714405191
1175 236.528242949
1176 219.112068807
1177 210.665765581
1178 232.670013322
1179 239.411102494
1180 234.610526263
1181 250.376370025
1182 232.675705046
1183 243.604623139
1184 242.188672738
1185 246.863560646
1186 232.737618781
1187 241.655305977
1188 242.655708473
1189 226.490858607
1190 238.252205343
1191 214.487804081
1192 252.898598603
1193 236.848136143
1194 236.164549173
1195 220.736795615
1196 233.712209721
1197 247.320986681
1198 227.35410424
1199 249.498534955
1200 224.888153507
1201 238.780127139
1202 215.758277338
1203 191.217432654
1204 219.537073857
1205 252.416854223
1206 237.288854188
1207 250.690852889
1208 230.443753012
1209 236.367608158
1210 238.874004992
1211 235.472069986
1212 233.532009849
1213 244.05901087
1214 233.075905885
1215 198.389458606
1216 235.377870356
1217 243.075544738
1218 248.368578977
1219 235.529183126
1220 186.687476362
1221 227.403086655
1222 264.193233678
1223 230.867316283
1224 239.831303256
1225 207.404729425
1226 223.155847788
1227 220.426589345
1228 242.225740352
1229 246.118585559
1230 270.010128936
1231 239.554321348
1232 237.047815188
1233 204.586639187
1234 244.868347171
1235 234.596807198
1236 249.055737757
1237 223.505824641
1238 225.551989922
1239 237.996312925
1240 216.933280071
1241 235.353254103
1242 223.54815598
1243 237.463755919
1244 225.096385609
1245 227.148653354
1246 216.076137315
1247 252.704785012
1248 227.569304207
1249 235.541033859
1250 198.092001076
1251 224.831997811
1252 195.204759137
1253 222.414344963
1254 221.175965139
1255 244.727826864
1256 220.615895623
1257 240.017851967
1258 244.560657453
1259 241.981182959
1260 226.636386141
1261 249.396435605
1262 231.205211792
1263 230.80865752
1264 227.055246108
1265 229.993836065
1266 247.909939961
1267 236.772275588
1268 250.168023027
1269 232.253754344
1270 218.984562311
1271 242.420689813
1272 227.435187073
1273 239.067129471
1274 222.423002054
1275 246.753989108
1276 238.352741733
1277 205.363852553
1278 214.623545581
1279 244.291996678
1280 246.775561008
1281 234.879189697
1282 241.514296525
1283 211.459088307
1284 216.900996462
1285 244.302760291
1286 239.440542189
1287 253.210417923
1288 235.124436478
1289 217.051901457
1290 254.563515829
1291 256.460435245
1292 251.202991537
1293 235.096699174
1294 231.108156656
1295 238.943566821
1296 237.674299446
1297 226.636362108
1298 231.755358422
1299 220.956873964
1300 226.278806579
1301 212.991903135
1302 234.301812785
1303 239.519010619
1304 235.402007687
1305 215.416061564
1306 233.10427931
1307 223.681531004
1308 213.84751175
1309 240.925787127
1310 227.138307997
1311 198.756809084
1312 228.024483216
1313 239.318846454
1314 211.521541827
1315 232.747312582
1316 237.063363495
1317 215.49887301
1318 232.846924696
1319 206.613426604
1320 216.251428893
1321 202.403982339
1322 212.437315903
1323 222.939835055
1324 233.76107142
1325 247.105930896
1326 224.943230358
1327 238.091577565
1328 191.377503581
1329 237.480934586
1330 235.162275216
1331 207.343377825
1332 231.307124513
1333 229.224871115
1334 220.750737294
1335 227.450388652
1336 226.367237093
1337 241.681965314
1338 250.412508122
1339 223.853974776
1340 238.70549176
1341 234.112607649
1342 245.372313282
1343 231.682774616
1344 253.077558921
1345 227.452376619
1346 200.740498681
1347 236.314891781
1348 223.786886967
1349 231.540124092
1350 255.782584938
1351 211.983043567
1352 246.337368046
1353 212.55470003
1354 220.672253883
1355 242.733792957
1356 230.867272663
1357 226.916751125
1358 237.355500433
1359 242.949299096
1360 234.504550916
1361 196.696367213
1362 202.800692393
1363 213.102346157
1364 230.521418692
1365 233.494061824
1366 245.208268251
1367 226.18678664
1368 232.879117687
1369 258.540391233
1370 211.66406496
1371 238.740483758
1372 214.112896064
1373 235.89937375
1374 235.092758275
1375 233.067879827
1376 234.870272335
1377 238.844581726
1378 241.444150792
1379 233.038541294
1380 249.232069469
1381 244.859494432
1382 246.582902277
1383 233.472708387
1384 221.180062609
1385 229.72994172
1386 228.489314805
1387 224.89158576
1388 248.658713392
1389 227.413926798
1390 248.501919207
1391 197.950975069
1392 237.128974158
1393 232.807019011
1394 229.684006394
1395 230.138061535
1396 220.239151142
1397 206.040142578
1398 232.039616431
1399 215.893271004
1400 241.813198234
1401 239.135056883
1402 204.394686348
1403 236.014323812
1404 227.64277197
1405 243.412529045
1406 232.649388344
1407 242.101947247
1408 219.044477748
1409 218.925802532
1410 203.687449144
1411 207.577046318
1412 251.862131242
1413 231.657845878
1414 247.598188777
1415 203.821165445
1416 245.715238024
1417 222.485634117
1418 223.892038543
1419 227.510160894
1420 232.290530364
1421 233.215977245
1422 225.154149622
1423 210.52129787
1424 239.699545894
1425 211.270371962
1426 217.364018477
1427 217.646735478
1428 249.35701409
1429 210.734174808
1430 215.940159911
1431 235.983467401
1432 205.567834764
1433 228.272822991
1434 249.252807785
1435 211.142325698
1436 230.525811925
1437 229.16287311
1438 232.916156765
1439 221.795870248
1440 246.402523142
1441 198.231632273
1442 237.991686139
1443 213.303134262
1444 239.994303356
1445 209.230980645
1446 241.349548384
1447 245.581940973
1448 215.081465224
1449 247.96985267
1450 209.87915563
1451 245.47120725
1452 231.270887797
1453 238.795041938
1454 240.813644375
1455 246.655319431
1456 232.631274226
1457 241.142951002
1458 224.297308482
1459 239.555177482
1460 226.928480508
1461 227.985357206
1462 222.275660715
1463 226.226641178
1464 252.859806258
1465 247.317494991
1466 255.966438244
1467 191.311212406
1468 214.661721587
1469 244.206444296
1470 229.900673825
1471 254.28927425
1472 238.345209294
1473 209.142547951
1474 237.292590036
1475 242.385627659
1476 224.137193892
1477 243.727899691
1478 235.319851288
1479 189.457110997
1480 221.113929296
1481 246.008673621
1482 230.843995269
1483 231.830675087
1484 219.003685406
1485 233.763415
1486 193.906695394
1487 250.206392181
1488 231.023997025
1489 236.956857995
1490 258.87197966
1491 228.129918182
1492 206.9373938
1493 212.05491299
1494 211.484130113
1495 251.52626183
1496 243.757882822
1497 250.979427092
1498 241.88649575
1499 233.832973637
1500 240.343797259
1501 255.881985017
1502 236.052456701
1503 219.3427568
1504 228.870695672
1505 244.664180684
1506 241.676107035
1507 239.453782616
1508 228.869088334
1509 247.662442058
1510 237.14295381
1511 231.238426506
1512 199.498720784
1513 247.782320692
1514 257.025417027
1515 208.572731534
1516 234.637099052
1517 239.211520767
1518 233.281096976
1519 215.73294545
1520 213.797739334
1521 236.195729544
1522 244.628848116
1523 239.295766725
1524 221.855483529
1525 221.657187488
1526 245.65576221
1527 257.839457769
1528 203.022526533
1529 205.916408324
1530 256.446486716
1531 243.790464118
1532 237.647670586
1533 200.708996054
1534 210.165804359
1535 249.649945072
1536 222.93489096
1537 243.363838008
1538 237.590014275
1539 196.198790563
1540 224.162223648
1541 239.224267657
1542 242.240521558
1543 211.476472562
1544 249.548527432
1545 189.197052841
1546 260.220299929
1547 253.564890479
1548 248.489540086
1549 250.196001188
1550 255.886912008
1551 208.861901987
1552 258.519248193
1553 229.515825508
1554 247.641598137
1555 222.788789449
1556 243.302003588
1557 218.738670158
1558 221.89695985
1559 236.723362745
1560 237.493571129
1561 248.404113032
1562 239.002041465
1563 211.634896653
1564 213.93184422
1565 221.586397948
1566 203.430717616
1567 249.76089141
1568 221.583031024
1569 206.981572518
1570 201.492069199
1571 214.547688627
1572 204.599015048
1573 241.734007849
1574 241.207287294
1575 240.45341635
1576 240.240061855
1577 249.130864802
1578 242.519167754
1579 212.427344845
1580 213.58088159
1581 225.284788586
1582 206.96729022
1583 217.692675321
1584 253.419357459
1585 243.438318097
1586 235.45446028
1587 251.226311824
1588 233.428760268
1589 194.659597331
1590 243.363396772
1591 240.122843977
1592 232.604912464
1593 240.4875645
1594 227.980645468
1595 235.466222782
1596 226.403610538
1597 231.960395064
1598 221.339566963
1599 223.112454657
1600 228.045820741
1601 198.542703441
1602 243.170118697
1603 233.790583325
1604 238.288093503
1605 221.746916792
1606 220.175434645
1607 255.063572548
1608 244.884923437
1609 228.51061943
1610 199.942244718
1611 216.710984348
1612 239.955246771
1613 245.330531521
1614 261.392697992
1615 229.473743944
1616 219.361345232
1617 247.748100693
1618 227.425154349
1619 234.877063295
1620 215.902060304
1621 242.839071893
1622 197.206445889
1623 255.818955422
1624 234.594312302
1625 226.118338873
1626 238.470300911
1627 218.004222493
1628 224.243009789
1629 213.574093629
1630 249.711113577
1631 212.531901793
1632 213.330248923
1633 221.426981704
1634 229.176236233
1635 229.084351382
1636 249.384357824
1637 235.830033337
1638 254.682771382
1639 250.390748748
1640 206.830461462
1641 215.445661393
1642 228.44285229
1643 231.641804786
1644 247.017583841
1645 251.086330014
1646 206.11699792
1647 202.368118373
1648 242.984281902
1649 237.846762641
1650 206.225534923
1651 240.208547262
1652 255.942969133
1653 236.738590248
1654 204.040960074
1655 248.472554263
1656 228.304649323
1657 217.137081663
1658 235.063028412
1659 248.588090817
1660 206.85024959
1661 228.20237932
1662 236.84888364
1663 248.302632115
1664 236.448939691
1665 244.717762322
1666 224.083391892
1667 232.743400053
1668 212.428482683
1669 222.955479969
1670 245.982160958
1671 223.50537307
1672 205.290214669
1673 238.359965211
1674 254.201269157
1675 257.294693394
1676 201.76435927
1677 222.267102347
1678 198.910682165
1679 229.480088172
1680 230.608161912
1681 231.73100841
1682 243.023604053
1683 236.005127829
1684 248.282115676
1685 202.542668571
1686 252.360544759
1687 228.838558803
1688 245.936883116
1689 237.828147364
1690 225.956099269
1691 225.717354601
1692 206.528776864
1693 229.603217375
1694 232.571345874
1695 196.713076376
1696 236.460136957
1697 209.693589613
1698 232.168273351
1699 241.700761389
1700 208.497996612
1701 208.402396832
1702 229.016664745
1703 245.184709889
1704 239.661022017
1705 215.217895529
1706 234.935467969
1707 239.158270171
1708 217.246436731
1709 243.776310872
1710 251.16454304
1711 207.337430557
1712 248.956330916
1713 213.49395447
1714 237.119519523
1715 226.451721854
1716 239.078151928
1717 211.554421447
1718 238.986533287
1719 218.7086725
1720 247.22774631
1721 239.782116441
1722 238.974718869
1723 221.545471277
1724 223.667307379
1725 208.072411007
1726 233.351655639
1727 225.618527121
1728 241.340159852
1729 242.900618285
1730 225.246353201
1731 235.655690175
1732 203.027882338
1733 260.207552868
1734 243.022377102
1735 227.681875063
1736 242.257231281
1737 249.558989453
1738 216.928093167
1739 223.071750454
1740 230.50028076
1741 222.346242156
1742 206.091070277
1743 236.820839835
1744 231.132923487
1745 242.040228072
1746 246.442573061
1747 227.584893018
1748 228.994255515
1749 235.584101805
1750 242.570204879
1751 226.316448684
1752 244.868159928
1753 245.08460022
1754 228.770824745
1755 251.379343188
1756 245.571291911
1757 220.907326897
1758 235.838918594
1759 227.319107485
1760 207.20539492
1761 244.573552726
1762 241.82515869
1763 246.487775139
1764 208.275877488
1765 225.545150702
1766 220.163888
1767 243.279068889
1768 200.920708224
1769 238.219529913
1770 198.967553808
1771 217.027397231
1772 238.894786468
1773 232.738075552
1774 255.588898813
1775 222.069617868
1776 188.814884131
1777 213.090030908
1778 235.307555507
1779 254.990844709
1780 205.975729812
1781 240.001498589
1782 229.863611629
1783 213.649751164
1784 234.466709822
1785 256.370067159
1786 225.40604372
1787 252.313306538
1788 239.62283649
1789 251.422872126
1790 244.932655139
1791 194.179726612
1792 198.118603658
1793 246.295718481
1794 218.053596254
1795 199.248915836
1796 246.19425487
1797 235.273758327
1798 248.117192178
1799 246.066354004
1800 234.24116356
1801 231.129237341
1802 199.458981104
1803 249.142978841
1804 239.082362363
1805 238.837717643
1806 221.22708105
1807 242.512809004
1808 225.951343426
1809 231.840395294
1810 198.409629901
1811 234.603829601
1812 243.504606336
1813 232.614040052
1814 242.622446799
1815 260.670065495
1816 241.372335618
1817 224.701377321
1818 211.547228141
1819 235.927380375
1820 213.000938204
1821 205.717278349
1822 197.767458533
1823 211.725170394
1824 241.091663389
1825 234.259637793
1826 210.966939031
1827 241.609853243
1828 246.344941361
1829 243.304972348
1830 232.275760936
1831 229.192472272
1832 224.283169031
1833 229.069770259
1834 230.129218379
1835 206.302457114
1836 236.364381509
1837 217.358921994
1838 231.377982132
1839 213.257188632
1840 235.946458366
1841 219.391424219
1842 233.299080203
1843 203.512899808
1844 242.130666175
1845 246.745466386
1846 240.572697281
1847 232.003400823
1848 249.318764446
1849 209.810823814
1850 245.10897925
1851 205.870421814
1852 238.35079759
1853 238.494863619
1854 211.229627511
1855 230.488829126
1856 220.402809013
1857 238.646832187
1858 257.933983913
1859 224.643011281
1860 214.541317336
1861 243.143752052
1862 230.630358153
1863 241.278416543
1864 203.751430494
1865 236.509865536
1866 234.148464199
1867 221.99073063
1868 224.453546271
1869 218.117632941
1870 239.348176132
1871 256.522541004
1872 241.355777496
1873 239.256302105
1874 217.254431365
1875 243.242039553
1876 225.783586571
1877 229.694269763
1878 249.74161022
1879 241.016224383
1880 -237.213750218
1881 234.94900872
1882 219.374562418
1883 235.744141064
1884 262.472775019
1885 236.963786413
1886 211.30133276
1887 234.699861983
1888 191.598068914
1889 237.537835308
1890 222.231131923
1891 236.21857922
1892 260.945630559
1893 227.02634235
1894 210.750418054
1895 251.714321008
1896 243.385290456
1897 222.61767725
1898 215.389210734
1899 246.075765839
1900 209.270629669
1901 244.57324575
1902 224.955988873
1903 230.323317823
1904 198.667916164
1905 227.897825042
1906 200.759150035
1907 204.967551729
1908 249.501409781
1909 240.641429838
1910 245.974667863
1911 250.535669734
1912 206.15394331
1913 -202.500980087
1914 239.598413609
1915 244.161621171
1916 240.877530753
1917 256.675933191
1918 217.647928501
1919 202.270120234
1920 199.224079448
1921 207.120461865
1922 226.593916
1923 238.887777218
1924 232.204090955
1925 235.705372749
1926 224.012498832
1927 249.464291829
1928 230.047900296
1929 219.067424168
1930 237.217338006
1931 256.414533167
1932 241.881536316
1933 237.765525022
1934 243.430788557
1935 216.290021648
1936 240.826388398
1937 237.204293791
1938 193.495106196
1939 229.411062397
1940 234.005456873
1941 235.426178532
1942 234.658577562
1943 202.029587042
1944 244.821838941
1945 222.574458459
1946 241.01438404
1947 245.159235199
1948 242.366452222
1949 249.772476835
1950 220.926414238
1951 221.975652409
1952 -162.674345658
1953 221.956513696
1954 233.195458119
1955 250.690894032
1956 231.668920274
1957 253.239424332
1958 243.763705718
1959 226.949757879
1960 257.603325423
1961 245.116469148
1962 222.049342472
1963 222.366535194
1964 240.759433251
1965 221.778068917
1966 196.194015337
1967 229.617303982
1968 220.299597381
1969 231.057497735
1970 243.101343424
1971 244.804903997
1972 234.065594146
1973 226.59259209
1974 244.736624008
1975 245.109711502
1976 231.985028635
1977 236.030021325
1978 218.884221352
1979 244.43929608
1980 245.943874659
1981 252.9058258
1982 241.611933173
1983 246.492753819
1984 209.644752086
1985 262.715608241
1986 242.011368997
1987 222.420254526
1988 262.516635622
1989 208.406603869
1990 207.964251793
1991 229.688088796
1992 237.303383178
1993 218.582411752
1994 259.252176938
1995 234.237292109
1996 237.382663186
1997 245.831721865
1998 232.387914472
1999 236.512501506
2000 229.299080893
2001 190.127390132
2002 210.472850029
2003 222.024453197
2004 240.502119791
2005 212.04830274
2006 210.613069895
2007 180.302897282
2008 203.001625914
2009 149.865336425
2010 231.812463257
2011 249.830086136
2012 244.504434554
2013 151.483750668
2014 175.844069915
2015 162.441860034
2016 245.990533513
2017 176.046412749
2018 191.670909575
2019 250.284558188
2020 182.667108413
2021 178.332435686
2022 143.877567814
2023 195.534014799
2024 212.458550599
2025 181.116399335
2026 233.176023401
2027 199.593730036
2028 98.4856328074
2029 142.14668288
2030 194.351950748
2031 183.651966733
2032 -535.590649422
2033 248.174038476
2034 188.339822648
2035 219.870849215
2036 226.100940973
2037 -118.381780628
2038 240.484797603
2039 204.538051158
2040 190.159691213
2041 214.358470792
2042 197.777761614
2043 91.5598234551
2044 223.903247082
2045 207.410609905
2046 246.001574744
2047 230.763079955
2048 211.116430169
2049 144.90227243
2050 221.602373682
2051 213.480628954
2052 175.662362401
2053 241.386711702
2054 151.015701654
2055 215.128616172
2056 168.79357546
2057 131.445468454
2058 63.9920843301
2059 194.831056884
2060 88.817755783
2061 117.178297135
2062 219.319991752
2063 166.431093069
2064 161.257085924
2065 227.515102683
2066 233.948684394
2067 229.350596136
2068 204.620858586
2069 107.182659599
2070 175.181019964
2071 208.446867954
2072 209.015753506
2073 163.441188786
2074 211.811199633
2075 196.036537434
2076 146.439204516
2077 192.560038943
2078 195.228008202
2079 216.425176923
2080 236.122720999
2081 207.985442955
2082 208.312777629
2083 147.991761622
2084 205.495071619
2085 207.217233561
2086 149.822426236
2087 196.322501679
2088 -20.5533102879
2089 165.828140913
2090 232.400129904
2091 147.523519778
2092 184.228224706
2093 137.814610834
2094 201.462198945
2095 214.688478992
2096 -210.192029766
2097 -678.937758059
2098 -106.20469436
2099 132.128556419
2100 167.924635519
2101 -151.500153204
2102 192.423846903
2103 -111.736768547
2104 -235.125727867
2105 203.134095163
2106 -572.66926604
2107 -104.122615585
2108 187.711517023
2109 -90.5998865352
2110 -61.0880519532
2111 -53.0811168317
2112 -47.6265191921
2113 -108.60718618
2114 -494.347823682
2115 -509.608966499
2116 -91.6401433879
2117 -66.7200986441
2118 -507.171831553
2119 -608.299789351
2120 -91.4088986966
2121 -818.730926957
2122 -125.28996509
2123 -468.471947047
2124 -552.704887885
2125 -124.933565142
2126 -758.534917006
2127 -105.708892383
2128 -816.393625001
2129 -583.809403847
2130 -792.578833895
2131 -117.157695682
2132 -684.295037828
2133 -172.703278551
2134 -111.630651865
2135 -93.0550936499
2136 -434.689727557
2137 -892.875460053
2138 -121.603838285
2139 -276.166937214
2140 -137.978335766
2141 -557.290663573
2142 -124.139749198
2143 -701.459779342
2144 -658.293216271
2145 -972.4886522
2146 -3047.02580387
2147 -173.248216961
2148 -111.931386233
2149 -142.66315254
2150 -133.038178893
2151 -131.698209259
2152 -1027.90388768
2153 -1191.40330233
2154 -372.619807756
2155 -352.307198121
2156 -1119.99319987
2157 -1399.43000555
2158 -126.188430557
2159 -1278.12281401
2160 -923.12993491
2161 -239.439937696
2162 -1376.63142516
2163 -124.865299548
2164 -104.46817213
2165 -429.942765958
2166 -956.482513603
2167 -92.4759351161
2168 -95.1877638345
2169 -1347.8370643
2170 -117.042556974
2171 -1290.85963392
2172 -126.117986598
2173 -210.9153057
2174 -1164.24203771
2175 -1623.78771726
2176 -139.153836009
2177 -131.89045999
2178 -155.910318504
2179 -137.222669883
2180 -706.860387363
2181 -91.899129694
2182 -677.70381276
2183 -457.965584335
2184 -188.639643495
2185 -1614.58042373
2186 -151.275549599
2187 -188.799643103
2188 -3276.32516312
2189 -155.813316984
2190 -115.112904251
2191 -161.935621185
2192 -156.274264501
2193 -117.650836577
2194 -630.863358338
2195 -162.077071027
2196 -132.528936486
2197 -110.8154778
2198 -138.600749311
2199 -128.007334056
2200 -1310.29745769
2201 -547.24960592
2202 -1025.27826977
2203 -1132.93923965
2204 -1312.38932493
2205 -169.036636452
2206 -2668.31836155
2207 -319.656895258
2208 -188.159366999
2209 -647.671241116
2210 -388.603316479
2211 -149.147146438
2212 -136.532243449
2213 -109.172151447
2214 -501.921392397
2215 -103.086630533
2216 -133.785805162
2217 -192.049734975
2218 -384.61072236
2219 -138.589942922
2220 -483.69531109
2221 -632.119144784
2222 -630.512695352
2223 -271.301798178
2224 -122.835926555
2225 -204.76627738
2226 -471.576883075
2227 -1927.10925176
2228 -91.2202057037
2229 -626.420198103
2230 -160.786755495
2231 -816.177110032
2232 -408.779920614
2233 -518.725989111
2234 -142.680341219
2235 -765.461043838
2236 -539.055864442
2237 -818.761672047
2238 -259.483956735
2239 -112.021456255
2240 -2817.14264961
2241 -169.032118038
2242 -594.572636743
2243 -238.598489147
2244 -660.601970659
2245 -164.54537717
2246 -151.051024946
2247 -570.909497975
2248 -354.67092789
2249 -137.82475066
2250 -165.241973747
2251 -146.702875546
2252 -315.335659917
2253 -167.268578402
2254 -222.462246889
2255 -145.06348868
2256 -405.703531433
2257 -680.748588399
2258 -547.737563694
2259 -375.284799244
2260 -398.243535502
2261 -146.369907526
2262 -372.044182982
2263 -109.097065678
2264 -155.016782608
2265 -248.911231084
2266 -431.644883303
2267 -142.763213163
2268 -495.250032739
2269 -168.345035974
2270 -139.860924477
2271 -103.256966764
2272 -128.738461936
2273 -138.360535355
2274 -188.60238478
2275 -470.053696691
2276 -502.333746216
2277 -178.210634527
2278 -479.944553921
2279 -646.984335174
2280 -1391.40315693
2281 -151.946682458
2282 -140.717445061
2283 -114.251262079
2284 -1227.00656897
2285 -179.277883807
2286 -128.733638808
2287 -145.880722781
2288 -174.517648987
2289 -151.599044038
2290 -102.502744743
2291 -453.359101543
2292 -1405.59806665
2293 -133.696217033
2294 -158.375825743
2295 -134.699784172
2296 -190.308972651
2297 -122.879204721
2298 -2288.82000824
2299 -503.0868802
2300 -152.948977279
2301 -190.87076189
2302 -548.626559104
2303 -132.268421311
2304 -158.391321482
2305 -139.504549116
2306 -109.540501479
2307 -99.8562300286
2308 -748.494136676
2309 -437.335444822
2310 -125.023531495
2311 -161.474368437
2312 -419.695152584
2313 -113.199146056
2314 -149.850488714
2315 -147.088941075
2316 -147.526134218
2317 -529.106134664
2318 -548.711085897
2319 -107.246918085
2320 -181.542870877
2321 -171.414947605
2322 -840.288717255
2323 -497.328788006
2324 -1196.63982158
2325 -375.738941502
2326 -145.066159512
2327 -163.068242979
2328 -117.899563534
2329 -486.982287176
2330 -210.558860917
2331 -149.288214883
2332 -583.42734886
2333 -295.83540959
2334 -342.629415301
2335 -242.007181886
2336 -108.397175877
2337 -100.793554437
2338 -1113.61128808
2339 -110.755110145
2340 -481.382448198
2341 -163.492436542
2342 -146.206145119
2343 -1214.26402831
2344 -147.104854957
2345 -113.934721035
2346 -260.773028663
2347 -121.828298383
2348 -153.912136245
2349 -257.442085576
2350 -139.159794787
2351 -158.859618909
2352 -334.150977596
2353 -366.895623985
2354 -144.58039832
2355 -469.313603455
2356 -160.64888635
2357 -1152.61087369
2358 -164.396754854
2359 -154.526612272
2360 -125.445446286
2361 -229.2569927
2362 -424.912777965
2363 -1182.41522237
2364 -170.42080406
2365 -154.883068915
2366 -105.109214898
2367 -111.849139837
2368 -216.15493578
2369 -114.162331636
2370 -309.744000902
2371 -123.98456745
2372 -596.314638519
2373 -149.12020857
2374 -469.609395838
2375 -978.050025241
2376 -248.288947689
2377 -338.922880829
2378 -910.928357446
2379 -154.238122472
2380 -107.084495845
2381 -656.152255552
2382 -144.149658346
2383 -790.146386156
2384 -96.1256709776
2385 -118.133029495
2386 -120.551392118
2387 -518.110858994
2388 -153.157279888
2389 -505.093286739
2390 -166.110312562
2391 -151.212052161
2392 -76.1518361474
2393 -478.51832117
2394 -154.051855492
2395 -124.697729104
2396 -161.946981269
2397 -431.949926853
2398 -341.598684956
2399 -327.347348546
2400 -724.304213688
2401 -677.705908799
2402 -452.596874735
2403 -439.090437044
2404 -169.464347137
2405 -1318.3089797
2406 -682.273736493
2407 -149.482043576
2408 -931.679312255
2409 -165.484064688
2410 -617.940164679
2411 -456.771512658
2412 -168.128952007
2413 -179.142042008
2414 -674.989332692
2415 -121.444877249
2416 -157.002911595
2417 -516.275228049
2418 -478.144762135
2419 -439.759705114
2420 -150.889249678
2421 -405.61419427
2422 -151.595553595
2423 -731.084676478
2424 -441.185441806
2425 -557.230597587
2426 -342.210900768
2427 -530.821016813
2428 -614.564700032
2429 -320.725563205
2430 -210.030131435
2431 -655.492305972
2432 -571.093677359
2433 -213.440190981
2434 -224.92748512
2435 -906.358570812
2436 -630.050025032
2437 -708.094872472
2438 -163.954872708
2439 -1131.08958676
2440 -140.224765139
2441 -70.2887291541
2442 -286.699802566
2443 -477.673347574
2444 -156.090954453
2445 -1432.99005761
2446 -140.027580132
2447 -1276.2516396
2448 -103.306686815
2449 -120.283659334
2450 -1108.19420937
2451 -109.043524627
2452 -385.241107523
2453 -190.762760759
2454 -545.018575956
2455 -106.958213724
2456 -125.653688895
2457 -586.529975234
2458 -147.178539269
2459 -310.101473972
2460 -134.170670677
2461 -428.191534015
2462 -122.044594705
2463 -118.972840494
2464 -491.696354383
2465 -509.977947649
2466 -816.645115712
2467 -923.780887579
2468 -119.203782455
2469 -150.140187798
2470 -599.570292899
2471 -382.248482157
2472 -583.624013898
2473 -2166.49050846
2474 -560.473759641
2475 -754.089392179
2476 -866.234648467
2477 -170.802778551
2478 -633.103182732
2479 -145.548990956
2480 -597.98868929
2481 -578.686847808
2482 -413.816015181
2483 -339.882155563
2484 -158.531794807
2485 -339.751095623
2486 -363.271841716
2487 -144.990746625
2488 -385.596418566
2489 -503.700887036
2490 -128.359039997
2491 -670.116364634
2492 -437.413009257
2493 -512.092707121
2494 -1627.1113057
2495 -489.572433341
2496 -2270.05524519
2497 -642.556927041
2498 -486.743330375
2499 -153.991794878
