Action MLP:Hidden weights: [array([[-0.12342604,  0.12248238,  0.02652286,  0.11760708,  0.07760287,
         0.11850476,  0.22638274,  0.14800913,  0.11075183,  0.16376893,
         0.05925528,  0.10568122,  0.11053136,  0.21895364,  0.12008186,
        -0.09048795,  0.01644496,  0.03605998, -0.11231711,  0.06274449],
       [-0.34694977,  0.09082407,  0.17460665,  0.09545932, -0.30978422,
        -0.00806258, -0.8348934 , -0.11689944,  0.08107816, -1.14275732,
        -0.00480994,  0.07233151, -0.0989625 , -0.28665128,  0.04121613,
        -0.95048445,  0.14472158, -0.0984555 , -0.67229991,  0.01329863],
       [-0.09614696,  0.13863234,  0.12624494,  0.14572032,  0.09103858,
         0.13064158,  0.21984641,  0.1528142 ,  0.15003731,  0.14988258,
         0.10433239,  0.14110596,  0.14511228,  0.18892862,  0.15370041,
        -0.15732407,  0.11397585,  0.07274927, -0.17388423,  0.10866509],
       [-0.81213731, -0.20958188, -0.28599632, -0.21577733, -0.46304046,
        -0.2606392 , -0.76482762, -0.28553382, -0.23849118, -1.20597067,
        -0.33461997, -0.23475859, -0.30408026, -0.32630806, -0.24038173,
        -1.32681193, -0.31915861, -0.39723847, -1.0835725 , -0.31449755],
       [-0.20843328,  0.22986991,  0.0839307 ,  0.23125974,  0.12943913,
         0.21047138,  0.35228624,  0.2521375 ,  0.2285276 ,  0.22438064,
         0.11285287,  0.21573835,  0.20547126,  0.38021229,  0.21126238,
        -0.16786227,  0.05937535,  0.06117351, -0.22280235,  0.11438331],
       [-0.1805546 ,  0.27670666,  0.13096901,  0.26439842,  0.14073267,
         0.23659005,  0.27968554,  0.2801799 ,  0.2760381 ,  0.15536442,
         0.13781051,  0.24693845,  0.23101968,  0.38255228,  0.25677382,
        -0.16736492,  0.11423841,  0.09520439, -0.18575136,  0.14365531],
       [-0.20000929,  0.08203961,  0.02271362,  0.06071419, -0.12758059,
        -0.04718876, -0.15107615, -0.07305518,  0.03194371, -0.16282179,
        -0.08554132,  0.02001127, -0.07190751, -0.07285424,  0.00898174,
        -0.21175753, -0.02899138, -0.11709445, -0.19393097, -0.06114761],
       [-0.17764617,  0.05806753,  0.00846354,  0.05028819, -0.15787574,
        -0.06577485, -0.1403099 , -0.09437166,  0.01702124, -0.1415649 ,
        -0.09887316,  0.00723691, -0.10616393, -0.11566395, -0.01068131,
        -0.13996304, -0.04482582, -0.13677779, -0.18396285, -0.08310874]])]Hidden bias: [array([-0.57870004, -0.71422218, -0.7586508 , -0.71688928, -0.64853524,
       -0.69543552, -0.54363957, -0.64622488, -0.70493891, -0.57484801,
       -0.70121658, -0.71779132, -0.66875735, -0.54575002, -0.70699421,
       -0.59685108, -0.73950375, -0.68030102, -0.59682249, -0.7162469 ])]Output weights: [[ 0.45167868 -0.46340916]
 [-0.23047665  0.22296952]
 [-0.2038393  -0.03614169]
 [-0.22157836  0.20912532]
 [ 0.26973144  0.09860637]
 [-0.03649751  0.18774891]
 [ 0.61118533  0.51632349]
 [ 0.04874172  0.27707966]
 [-0.18061874  0.20506913]
 [ 1.00489151  0.35961387]
 [ 0.01972854  0.02291538]
 [-0.15923834  0.18294464]
 [ 0.0517403   0.19441986]
 [ 0.14666345  0.49469432]
 [-0.1271416   0.1997897 ]
 [ 1.02434015 -0.34352032]
 [-0.12320061 -0.0699984 ]
 [ 0.1281903  -0.03408281]
 [ 0.74721164 -0.45574547]
 [-0.01040038  0.03288625]]Output bias: [ 1.49873807  1.0134746 ]
Value MLP:Hidden weights: [array([[ 0.36274779,  0.18697979,  0.14513978,  0.04487988,  0.19542036,
         0.16405709, -0.7140793 ,  0.14265856, -0.43362256, -0.72157869,
         0.23710001, -0.26300436,  0.39280453, -0.32573118, -0.16886116,
        -0.47678699, -0.09481005,  0.46711792, -0.13725372, -0.40486036],
       [ 2.39670898,  3.34102531,  2.07994952,  3.84443913,  3.97858306,
         3.62827114, -0.71875208,  3.41901124, -1.19357023, -0.62517867,
         2.63747936, -2.94365996,  3.89690873, -2.0090719 ,  4.45281319,
         0.88022444,  3.88413585,  2.53529899,  4.63400835, -2.5757881 ],
       [ 0.09145522,  0.49550423,  1.21239244,  0.14228848, -0.32401549,
         0.29286358, -0.60705505,  0.56731636, -0.8648044 , -0.60211134,
         0.17586988, -0.19523853, -0.84961081,  0.11322461, -0.20959502,
        -0.36973257, -0.6044881 , -0.07404494, -0.22169992,  0.39069067],
       [ 3.55701371,  0.11679403,  5.44747217,  0.16557691,  0.0470293 ,
         0.16600231,  0.83897704,  0.08156374,  0.96581019,  0.92616619,
         4.25140757,  7.94340244,  0.0702345 ,  5.84099293,  0.27881522,
         1.1673173 ,  0.10246155,  2.75273796,  0.23796537,  5.81401749],
       [ 0.13668653, -0.12993339, -0.29931705, -0.19911004,  0.0406374 ,
        -0.21752494,  0.33997448, -0.13022737,  0.38317881,  0.31204828,
         0.13435734,  1.16386744,  0.31228206,  0.55255571, -0.21073689,
         0.27178724, -0.06012704,  0.14000576, -0.17129795,  0.25307433],
       [ 0.64206611,  0.90177798,  0.663763  ,  0.13185586, -0.74844   ,
         0.5063487 , -0.46046287,  1.06068099, -0.58068256, -0.37495497,
         0.36734985,  0.24440359, -1.03745349,  0.11924959, -0.40179265,
         0.30485488, -1.29579611,  0.67708081, -0.44110736, -0.27250841],
       [-1.81803536, -0.37251893, -0.79109564, -0.6352313 ,  0.0373758 ,
        -0.04939688, -0.48043845, -0.53555697, -0.61753284, -0.18021751,
        -0.01315288,  0.38118621,  0.0822729 ,  0.99445137,  0.30659283,
         2.6019202 ,  0.34999844, -1.95771286,  0.24481525,  0.9069157 ],
       [-0.42058387,  0.22681543, -0.07750726, -0.07200984,  0.43609152,
         0.53268698,  1.22297054,  0.02876249,  0.75727852,  1.26621076,
         0.08343084,  1.524693  ,  0.32878199,  1.59450871,  0.32591343,
         2.45550397,  0.31777451, -0.64345356,  0.26697418,  1.5704252 ]])]Hidden bias: [array([-6.77663822, -3.79527859, -7.15727887, -3.97906409, -3.89866242,
       -3.94220045, -0.40677499, -3.88737582,  0.21170795, -0.85426435,
       -6.86177589,  5.19923523, -3.86244422,  6.48403649, -5.32461507,
       -3.78716089, -3.93685015, -6.56258624, -5.25636249,  5.50996243])]Output weights: [[ -8.77506851]
 [ -6.23287725]
 [-12.09096589]
 [ -6.00164896]
 [ -5.6035763 ]
 [ -6.1861031 ]
 [  0.31025681]
 [ -6.28099668]
 [  0.33533194]
 [  0.20998819]
 [ -8.582872  ]
 [ -8.99210994]
 [ -5.72175849]
 [ -9.3459738 ]
 [ -7.51843845]
 [ -2.00984439]
 [ -6.44070787]
 [ -7.80426027]
 [ -7.54338223]
 [ -8.68771122]]Output bias: [ 7.54347337]