Action MLP:Hidden weights: [array([[  2.92214150e-01,  -4.89253440e-02,   5.09564889e-02,
         -4.13792779e-02,   3.11646520e-02,  -8.24036015e-03,
          2.48208624e-01,  -4.49318018e-02,  -3.28080429e-02,
          5.74709157e-01,   5.46142261e-02,  -1.94509659e-02,
         -5.06469642e-03,  -2.42461257e-01,  -6.12753670e-03,
         -4.36451404e-01,   8.41378254e-02,   7.15801307e-02,
         -9.66365386e-02,   5.19404540e-02],
       [  3.71385207e-01,  -4.76254472e-01,  -1.91740142e-01,
         -4.01782357e-01,  -2.41433283e-01,   1.23525673e-02,
         -9.06208622e-01,   1.29197951e-01,  -2.32259098e-01,
         -2.42434686e+00,  -3.86338066e-02,  -1.83749100e-01,
         -5.69709162e-03,   5.95614793e-01,  -1.28517059e-01,
         -2.35417115e+00,  -4.02538378e-02,  -5.98737735e-02,
         -1.11040717e+00,  -4.87205738e-02],
       [  3.28792765e-01,  -1.56771567e-01,   1.25183424e-01,
         -1.36919096e-01,   6.20618819e-02,  -9.93149774e-02,
          1.41399020e-01,  -1.61712970e-01,  -1.24008518e-01,
          6.50332885e-02,   7.93563523e-02,  -1.02536830e-01,
         -5.00988273e-02,  -5.50652440e-01,  -9.74637700e-02,
         -2.83318754e-01,   1.79390114e-01,   1.27953558e-01,
         -4.62605230e-02,   6.87892640e-02],
       [ -7.74230467e-01,  -3.78617742e-01,  -5.96179358e-01,
         -3.93618971e-01,  -4.80116276e-01,  -3.62240646e-01,
         -9.94112271e-01,  -3.26585369e-01,  -4.24576211e-01,
         -2.84070641e+00,  -4.31619024e-01,  -4.15443271e-01,
         -3.57858964e-01,  -3.25252227e-01,  -4.03063336e-01,
         -2.79169621e+00,  -5.60045891e-01,  -4.43308925e-01,
         -1.34745708e+00,  -4.31796921e-01],
       [ -5.90556153e-01,   2.98670907e-01,  -1.50946487e-03,
          2.90302009e-01,   1.77277635e-01,   3.07507716e-01,
          6.03402732e-01,   4.43216145e-01,   2.94049155e-01,
          7.47228964e-01,   1.06053310e-01,   2.68160205e-01,
          3.12847880e-01,   8.71695371e-01,   2.76414087e-01,
         -4.42505252e-01,  -3.10166913e-02,   3.36051427e-02,
         -3.17121160e-01,   1.06526551e-01],
       [ -1.06712048e+00,  -2.28857851e-03,   1.49358045e-01,
         -4.22360829e-03,   1.88622165e-01,   2.59009514e-01,
          2.13588928e-01,   4.80722592e-01,   7.31104639e-02,
         -3.00348179e-02,   1.39775527e-01,   8.99234711e-02,
          2.94370422e-01,   1.56521731e+00,   1.46204030e-01,
          6.16362532e-02,   1.22039663e-01,   9.92385800e-02,
         -1.15391848e-01,   1.42055885e-01],
       [ -6.39453938e-01,   3.25702021e-01,   3.41311964e-01,
          2.88417686e-01,  -1.92982547e-01,  -2.10287615e-01,
         -3.55507217e-01,  -4.37059865e-01,   1.20413457e-01,
          5.96278180e-02,  -6.27709336e-02,   7.63259290e-02,
         -2.51732824e-01,  -1.06977334e+00,  -2.80544528e-02,
          2.35004751e-01,   1.45450969e-01,  -8.60904550e-02,
          1.71843672e-02,  -3.14344819e-02],
       [ -1.00125987e+00,   4.89275966e-01,   2.85099710e-01,
          4.43795476e-01,  -1.90499621e-01,  -8.59397720e-02,
         -1.55618650e-01,  -2.80724159e-01,   2.78516600e-01,
          2.82585503e-01,  -6.28150538e-02,   2.11782735e-01,
         -1.65328865e-01,  -8.57312885e-01,   1.13648134e-01,
          1.73303435e-01,   6.83692924e-02,  -1.36424026e-01,
         -2.18651016e-01,  -3.08074621e-02]])]Hidden bias: [array([-0.75046203, -0.32915522, -0.63138484, -0.37973777, -0.53039434,
       -0.56122305, -0.83074416, -0.56296673, -0.45590754, -0.87785489,
       -0.55333762, -0.50562739, -0.53461883, -0.67575103, -0.52620135,
       -0.96856529, -0.63914472, -0.53078033, -1.08930633, -0.5668193 ])]Output weights: [[-0.07672507 -1.26398678]
 [-0.61000749  0.35564539]
 [-0.50783859 -0.13595867]
 [-0.53987499  0.31052251]
 [-0.12921017  0.11605288]
 [-0.0648006   0.23922299]
 [ 0.3675965   0.43340254]
 [ 0.03825337  0.4644709 ]
 [-0.35084941  0.22781316]
 [ 1.9505424   0.05644092]
 [-0.11673639 -0.02386128]
 [-0.30435552  0.19107267]
 [-0.04085941  0.24676801]
 [ 0.21969631  1.55189565]
 [-0.22891302  0.18785538]
 [ 1.82096242  0.00461292]
 [-0.28591219 -0.20349377]
 [-0.10535899 -0.08704302]
 [ 0.51780094 -0.27897258]
 [-0.14108891 -0.02095354]]Output bias: [ 1.60539082  0.99971735]
Value MLP:Hidden weights: [array([[  3.66669459e-01,   3.90135296e-01,   1.91057388e-01,
         -1.55498871e-01,   7.59292792e-01,  -5.91294935e-01,
          3.74421946e+00,   7.42334992e-02,   6.81577102e+00,
         -9.11251486e+00,   2.40247124e-01,  -6.16915077e-01,
          1.22512008e+00,  -5.02481406e-01,   5.68260262e-01,
         -1.87079570e+00,   1.17853421e+00,   4.70361008e-01,
          6.50761475e-01,   1.24519778e-01],
       [  2.25318500e+00,   4.41805643e+00,   1.87903646e+00,
          7.10733330e+00,   7.77327832e+00,   6.05066361e+00,
         -7.18348747e-01,   4.89369926e+00,  -8.89662655e-01,
          4.12186990e-01,   2.40026941e+00,  -7.31593894e+00,
          6.51188840e+00,  -6.49081424e+00,   6.90718693e+00,
          9.11917743e-01,   5.64340955e+00,   2.39767131e+00,
          6.93438877e+00,  -5.84927761e+00],
       [  8.79997357e-02,   1.49378978e+00,   1.26243275e+00,
          4.05784644e-01,  -1.72318171e+00,   7.26362418e-01,
         -2.41053893e+00,   1.44976702e+00,  -1.54074153e-01,
          3.06936507e+00,   1.65401207e-01,   6.37182540e-01,
         -7.00577773e-01,   1.16646064e-01,   2.01365716e-02,
         -8.97912635e-01,  -1.33848098e+00,  -7.48611566e-02,
         -1.04828274e-02,  -2.47160705e-01],
       [  3.50854479e+00,   4.00008095e-01,   5.39882827e+00,
          4.66983640e-01,   1.16861596e+00,   1.79595940e-01,
         -4.51792990e+00,   2.20852788e-01,  -2.66784124e+00,
         -8.87804863e-01,   4.17426565e+00,   2.18533606e+00,
         -4.08986706e-03,   4.44260865e+00,   1.55261232e-01,
          1.77738087e+00,   1.16338884e-01,   2.70003926e+00,
          1.79692737e-01,   3.67519030e+00],
       [  1.39653207e-01,  -9.51901341e-01,  -2.73890998e-01,
         -5.08288122e-01,   7.64485010e-01,  -1.23606242e+00,
          8.39626187e-01,  -1.27002543e+00,   1.85194915e+00,
         -7.35993519e-01,   1.37316763e-01,   2.28080515e-01,
          1.24519349e+00,  -1.29747541e-01,   6.60410167e-01,
          6.73103985e-01,   1.56014914e+00,   1.42381897e-01,
          7.70664794e-01,   7.47323800e-01],
       [  6.46285900e-01,   5.02659288e+00,   6.87778222e-01,
          6.89750331e-01,   2.77717943e-01,   2.94532438e+00,
         -1.03500593e+00,   5.41618443e+00,  -2.84849612e-01,
          1.52001522e+00,   3.69996552e-01,  -6.00548226e-02,
         -2.45680900e+00,   6.85050894e-02,  -1.54673791e+00,
          7.77157493e-01,  -5.09672160e+00,   6.81659839e-01,
         -1.78286448e+00,   3.77107310e-01],
       [ -1.81800988e+00,  -7.20715155e-01,  -7.88205772e-01,
         -6.30186444e-01,   2.94778270e-01,   1.46324296e-01,
          2.21809322e+00,  -8.53361783e-01,   1.88564315e+00,
          2.68902930e+00,  -1.14643098e-02,   2.76882860e-01,
          3.17353437e-01,   9.94227239e-01,   3.59801701e-01,
          4.86733691e+00,   8.74777247e-01,  -1.95770646e+00,
          2.78904975e-01,   9.04268372e-01],
       [ -4.20670993e-01,   2.10591579e-01,  -7.74006237e-02,
         -7.64975044e-02,   5.87047065e-01,   7.73517664e-01,
          3.79914549e+00,   1.27982499e-02,   2.68357949e+00,
          3.81162674e+00,   8.46594293e-02,   1.51010522e+00,
          3.77959707e-01,   1.59445463e+00,   3.65719281e-01,
          5.11091465e+00,   4.46613057e-01,  -6.43544054e-01,
          2.89701850e-01,   1.57008703e+00]])]Hidden bias: [array([-6.9215103 , -4.84345817, -7.31975046, -6.85341629, -5.6336402 ,
       -6.09187945,  3.23910356, -5.30622952,  2.3289997 ,  2.39611753,
       -7.10287994,  4.80754346, -5.55922048,  8.2652369 , -6.331348  ,
       -6.95325848, -6.12189847, -6.70217062, -6.42918167,  9.30409587])]Output weights: [[ -5.20056799]
 [ -5.74570171]
 [ -8.51973236]
 [ -6.73921318]
 [ -7.03236589]
 [ -6.17368607]
 [  7.94481713]
 [ -6.34535919]
 [  9.55228461]
 [  7.20664458]
 [ -5.00036083]
 [-10.5570633 ]
 [ -6.05852762]
 [-12.41914356]
 [ -6.88176689]
 [ -3.91311777]
 [ -7.27584359]
 [ -4.22817377]
 [ -6.94325011]
 [-10.09806059]]Output bias: [ 3.9802808]