Action MLP:
Initial hidden weights: [array([[ -9.04537726e-03,   2.82433814e-03,  -7.21662975e-03,
         -4.33130723e-04,  -1.91474062e-03,   7.55157756e-03,
         -1.00325062e-04,  -4.63385015e-03,   9.51371901e-03,
          2.63255733e-03,  -5.83881466e-03,   4.82665792e-03,
          4.93283892e-03,   1.68633375e-03,  -8.80221938e-03,
         -6.78386602e-03,  -4.00318160e-03,  -6.94825149e-03,
         -7.05311302e-03,   9.31751128e-03,   3.24130142e-04,
         -7.00921490e-03,  -7.91487397e-03,  -7.67819108e-03,
         -4.64916215e-03,  -5.33582505e-03,   6.63651447e-03,
          2.26956621e-03,   8.29759409e-03,   1.30516577e-04,
          5.28902019e-03,  -5.17475547e-03,   3.99053576e-05,
          1.72217354e-03,   2.37317690e-03,  -4.70351540e-03,
          9.87381677e-03,   4.09992192e-03,   4.49200650e-03,
         -5.66117259e-03,  -5.85169124e-03,   9.81959980e-03,
         -5.13273767e-03,  -3.88045855e-03,  -7.19542167e-03,
         -1.42413912e-03,   5.89185387e-03,   6.08626173e-03,
          9.45594396e-03,  -4.88404482e-03],
       [  9.37131463e-04,  -4.25039313e-03,   8.51833329e-03,
         -1.76960956e-03,   4.03325777e-03,  -9.64370083e-03,
          9.53052098e-03,  -5.31160575e-03,   3.70674987e-03,
         -6.80451014e-03,  -3.73299725e-03,   5.49064596e-03,
          1.70886605e-03,  -1.69200609e-03,   4.73778078e-03,
          3.96142626e-03,  -9.82029095e-03,   6.78644726e-03,
          2.12538300e-03,   6.77477330e-03,  -7.12568684e-03,
          2.79972438e-05,   2.13467955e-03,  -8.87625967e-03,
         -9.26624044e-03,  -7.24560267e-03,   6.35171431e-03,
          8.99845206e-03,  -3.87360147e-03,  -5.27918092e-03,
          8.05137692e-03,  -6.14363908e-03,   3.09009580e-03,
          2.32995938e-03,  -3.98690922e-04,  -9.68998450e-03,
          8.39837092e-03,   6.71725395e-04,   7.52520025e-03,
         -8.51532204e-03,   5.02333246e-03,   9.43415255e-03,
          3.56860213e-03,  -3.87214866e-03,  -1.69309320e-04,
         -2.39224648e-03,  -7.68459911e-03,   3.42666676e-03,
         -1.99915040e-03,  -2.39116537e-03],
       [ -8.34692299e-03,  -9.20263313e-03,   8.40629177e-03,
          9.02180036e-03,  -6.09691830e-03,  -7.01499413e-03,
         -3.92626999e-03,   9.82834675e-03,   8.17146827e-03,
          2.13704587e-05,  -2.91473481e-03,  -6.11767432e-03,
         -1.02563515e-03,   8.66058808e-03,  -5.68964846e-03,
         -6.37682135e-03,   4.08009169e-03,  -1.24221622e-03,
          1.62573149e-03,   5.83698567e-03,   4.01028715e-03,
          9.93922600e-03,  -6.34453690e-03,  -2.41327386e-03,
          1.29280511e-03,  -9.23250381e-03,  -3.82435359e-03,
          6.09369944e-03,   7.50724207e-03,  -2.19056353e-03,
         -5.73440851e-03,  -5.48554803e-03,   6.46840714e-03,
          8.16174797e-03,  -8.41149738e-03,   1.20555958e-03,
         -6.12565850e-03,  -7.91061074e-03,   6.04996805e-03,
         -4.58769287e-03,  -8.05709686e-03,   9.65976283e-03,
         -2.97372511e-03,  -8.58634328e-03,   5.24755949e-03,
         -7.25428123e-03,   5.27051375e-03,   8.11463234e-03,
          8.12641036e-03,   4.75484986e-03],
       [  7.63484424e-03,  -5.45731177e-03,   2.56737473e-03,
         -3.83989692e-03,  -7.21357150e-03,  -5.59531907e-03,
          4.68224668e-03,   9.24589574e-04,   2.27461412e-03,
          1.63418209e-03,  -4.72344192e-03,   9.39421075e-03,
          3.89686163e-03,   3.63315407e-04,   4.80466213e-03,
         -6.65051814e-03,  -1.12925142e-03,  -3.47893308e-03,
         -6.68476898e-03,   3.84005310e-03,  -4.22617426e-03,
         -7.69286775e-03,   4.63100286e-03,  -5.22476212e-03,
          9.60895444e-03,   6.28642610e-04,  -4.91082681e-03,
         -3.96156846e-03,  -4.71557332e-03,  -9.90766327e-03,
         -7.00038966e-03,   7.47707330e-03,   6.42419476e-03,
         -1.31819994e-03,   1.43817973e-03,  -3.68097459e-03,
         -3.62624395e-03,   2.83846376e-03,  -7.56162223e-03,
          6.24319028e-03,   6.01775703e-03,   7.16079145e-03,
          7.91602865e-03,   3.44571779e-03,   2.75881036e-03,
         -1.01465714e-03,   6.19639717e-03,  -1.68913531e-03,
          7.69997541e-03,   4.34895030e-03],
       [ -6.26627172e-03,  -8.02142473e-04,   9.90682014e-03,
          7.54101602e-03,   3.48059819e-03,  -1.00294632e-03,
          4.59085058e-03,  -2.77426652e-04,  -2.08811598e-03,
         -9.79063914e-04,  -7.72900211e-03,  -5.80995044e-03,
         -3.23480322e-03,  -1.79953850e-03,   8.83960843e-03,
          8.43714261e-03,  -9.54009147e-03,   2.82616669e-03,
          4.09487443e-03,  -6.46443656e-03,  -6.60855965e-03,
          4.44070008e-03,  -9.84545624e-03,   6.63907389e-03,
         -2.97080128e-03,   5.68172233e-03,   8.88350408e-03,
          7.17424854e-05,  -1.66257896e-03,  -2.13348129e-03,
          9.98870797e-03,  -5.24109377e-03,  -6.62067898e-03,
         -5.95126144e-03,  -8.15196994e-03,  -1.83237335e-03,
         -5.63469290e-03,   2.14593107e-03,  -8.83845723e-03,
          7.85988081e-03,  -5.51946315e-03,   2.70486768e-03,
          8.18159479e-03,  -7.97062420e-03,   7.23334875e-03,
          2.76764431e-03,   1.85690088e-03,   8.77259472e-03,
          7.85803153e-03,  -7.87361504e-03],
       [  3.37024584e-03,   7.08915448e-03,  -6.74989158e-03,
          7.65831295e-03,  -9.71807532e-03,   7.10301749e-03,
         -4.77159354e-03,   7.79689921e-03,   2.13496801e-04,
         -8.54088830e-03,  -4.43509851e-03,   1.67752363e-03,
         -9.04696628e-05,  -8.98244504e-03,   2.12168625e-03,
         -1.00438951e-03,   3.54624340e-03,   7.44961637e-03,
          2.60480917e-03,   7.16429988e-03,   2.98086984e-04,
          3.12053272e-03,   6.24266136e-03,  -8.32834115e-03,
         -9.83521659e-03,   5.86186825e-04,   7.07698589e-03,
          6.46288887e-03,   8.17385496e-03,  -9.36022974e-03,
          6.86634827e-03,  -8.37134575e-03,   6.31418777e-04,
         -2.55801300e-03,   7.99282463e-04,  -5.30087339e-03,
          1.10561923e-03,  -4.50502315e-03,  -5.55083735e-04,
         -5.64409914e-03,  -2.71144881e-03,  -3.29874324e-03,
          4.03815543e-03,   5.24715605e-03,   3.12532923e-03,
         -4.23810985e-03,  -8.52926437e-03,   8.19435194e-03,
         -2.83013461e-03,   6.85048118e-03],
       [ -9.16687681e-03,  -1.10198968e-04,  -5.14835958e-03,
          6.84319269e-03,   6.07558418e-03,   4.05393264e-03,
          7.93280702e-03,   5.04075772e-03,   5.75203575e-03,
         -6.56157025e-03,  -2.24607631e-03,  -7.58692750e-03,
         -6.68398571e-03,  -6.04983898e-03,  -3.23172300e-03,
          9.06051486e-03,   5.44427824e-03,   8.44544484e-03,
          2.61701710e-03,   4.56107190e-03,  -6.13049595e-03,
          2.22662307e-03,   5.74970599e-03,  -7.33375858e-03,
          5.33006446e-03,   7.06035510e-03,   4.15147870e-03,
          1.92882475e-03,  -6.81006564e-03,   5.27958752e-03,
         -5.92804083e-03,  -2.76002476e-03,  -1.09121328e-03,
         -1.53237451e-03,  -9.08485469e-03,   8.89178915e-03,
          3.98327316e-04,  -9.69558527e-03,   9.22596406e-03,
          3.02797931e-03,  -9.16826701e-04,   6.65247471e-03,
          1.33546701e-03,  -3.39256279e-03,   4.01928585e-03,
         -3.40989705e-03,   8.95212772e-03,  -9.76158853e-03,
         -7.32594048e-03,  -6.31677436e-03],
       [ -4.89209803e-03,  -4.12877850e-03,   8.43929044e-03,
          9.65396647e-03,  -1.88062608e-04,   6.24523888e-03,
          3.53059143e-03,   2.81326356e-03,   4.24771102e-03,
          7.10230033e-03,   6.67538209e-03,   2.50383732e-03,
         -3.15993769e-03,   6.04045345e-03,  -7.06829970e-04,
         -9.44239396e-03,   9.56735433e-03,  -7.12087075e-03,
          8.68059851e-03,  -4.58767787e-04,  -8.33588561e-03,
          4.85257775e-03,  -7.52316127e-03,  -6.83026246e-03,
         -4.59455686e-03,  -5.33007816e-03,   1.86912771e-03,
          3.71528036e-03,  -7.91190992e-03,  -4.24547875e-03,
         -8.62022325e-03,   9.20310049e-03,  -6.16286921e-03,
          8.00040287e-03,  -2.26876540e-03,   8.77730530e-03,
          4.00348511e-03,  -1.51227152e-03,   9.14872514e-05,
         -8.47835961e-03,   1.28627022e-03,  -2.73323008e-03,
         -1.08061146e-03,   1.78605274e-03,   2.05471915e-03,
         -8.05937544e-03,   6.44702334e-03,   4.97958390e-04,
          1.88267323e-03,  -2.07421816e-03]])]
Initial hidden bias: [array([-1., -1., -1., -1., -1., -1., -1., -1., -1., -1., -1., -1., -1.,
       -1., -1., -1., -1., -1., -1., -1., -1., -1., -1., -1., -1., -1.,
       -1., -1., -1., -1., -1., -1., -1., -1., -1., -1., -1., -1., -1.,
       -1., -1., -1., -1., -1., -1., -1., -1., -1., -1., -1.])]
Initial output weights: [[-0.00608239  0.00736905]
 [-0.00313517 -0.00448845]
 [-0.00633405 -0.00573273]
 [-0.00055964  0.0096144 ]
 [-0.0036038   0.0071179 ]
 [-0.0086291   0.00139931]
 [-0.00421875 -0.00160116]
 [-0.00509096  0.00136219]
 [ 0.00198391  0.00610986]
 [-0.00613914  0.00316905]
 [ 0.00011544 -0.00644956]
 [ 0.00886775 -0.00526179]
 [-0.00223317  0.00688151]
 [-0.00365841  0.00420305]
 [-0.00511623 -0.00574565]
 [-0.00104534  0.0032172 ]
 [-0.00187155 -0.00218134]
 [ 0.00704635  0.0014761 ]
 [-0.00596674  0.00940967]
 [ 0.00155239  0.00848164]
 [-0.00290189 -0.0051658 ]
 [ 0.00498164 -0.00479048]
 [ 0.0088214   0.0025566 ]
 [-0.00784561 -0.00176196]
 [ 0.00065441 -0.00482035]
 [-0.00746254 -0.00320773]
 [ 0.0018745  -0.00643884]
 [-0.00906052  0.00248901]
 [-0.00844171 -0.00605698]
 [-0.00947418  0.00701658]
 [-0.00636638  0.00589502]
 [ 0.00276927 -0.00525926]
 [ 0.00212925  0.00052593]
 [-0.00186048 -0.00110871]
 [-0.00341425 -0.00217477]
 [-0.00756068 -0.00327767]
 [-0.00439067 -0.0015092 ]
 [ 0.00451454 -0.00925066]
 [-0.0024188   0.00557977]
 [-0.00251144  0.00228742]
 [-0.00755536 -0.00167569]
 [ 0.00709584  0.00061629]
 [ 0.00577513 -0.00383602]
 [-0.00833352  0.00668473]
 [ 0.00822458 -0.00856307]
 [-0.00602496 -0.00395873]
 [ 0.00332059  0.00746272]
 [ 0.0060846  -0.00717445]
 [ 0.00268876  0.00802497]
 [-0.00559752 -0.00283221]]
Initial output bias: [ 1.  1.]
Value MLP:
Initial hidden weights: [array([[ -1.49980074e-03,   8.08657806e-04,  -3.24722575e-03,
          2.28517704e-05,  -3.01945228e-03,  -9.43703668e-03,
          9.81108259e-03,   6.16551736e-03,   5.71588278e-03,
         -1.19304882e-03,   4.85868549e-03,   1.89494116e-03,
         -1.38802127e-03,  -8.74571391e-03,   7.16569679e-03,
         -1.53373005e-04,   5.78363602e-03,   7.67428951e-04,
          3.55734822e-03,   4.36410760e-03,  -1.02198905e-03,
          3.02966652e-03,   6.70476293e-04,   7.27270768e-03,
         -2.58563013e-03,   2.38151306e-03,  -5.44046986e-03,
          7.14070492e-05,  -1.73229302e-03,  -3.30781636e-03,
         -5.10367788e-03,   6.08470189e-03,   6.48703808e-03,
          6.68261928e-03,   5.09406723e-03,  -8.61942049e-03,
         -9.54667669e-03,  -3.06019643e-03,   2.99688887e-03,
          4.23265438e-03,  -3.64657307e-03,  -4.49799687e-03,
         -6.26241416e-03,  -9.34301827e-03,   3.64849160e-03,
         -3.61924643e-03,   3.99126053e-04,   1.10249776e-03,
         -8.96569023e-03,  -7.50626638e-03],
       [ -9.50777947e-03,  -4.81903470e-03,   8.56494779e-03,
         -4.47042955e-03,   8.32700733e-03,  -4.82825668e-03,
          6.58931581e-03,  -1.93637196e-03,   2.64538679e-03,
          1.89102886e-03,   7.99789586e-03,   4.72740548e-03,
         -7.04978462e-03,   8.77822056e-03,  -4.80555653e-03,
          7.58004223e-03,  -5.71697625e-03,   9.85317522e-03,
         -1.72240495e-03,  -3.83684315e-03,  -1.47916351e-03,
         -7.93536959e-03,   8.44275272e-03,  -1.87600831e-03,
          2.93940852e-03,   4.09458619e-03,   9.39219716e-03,
         -4.33286380e-03,   4.65166931e-03,   6.85353015e-03,
         -5.55989904e-03,   1.76234197e-04,   4.56201987e-03,
          4.35286190e-03,  -1.34711108e-03,   1.85329564e-03,
          6.75716127e-03,  -3.88272716e-03,   7.07055733e-03,
         -5.18665981e-03,   9.33660841e-03,   4.45778250e-03,
          9.47476473e-03,  -6.79379950e-03,   3.78511320e-03,
         -2.19975137e-03,  -2.68328006e-03,  -7.67432548e-03,
          3.08422562e-03,   6.31051652e-03],
       [  4.40694477e-03,   7.06232902e-03,  -6.25984240e-03,
         -2.64695186e-03,  -7.56305487e-03,  -6.46434096e-03,
          9.70781358e-03,   7.79025240e-04,  -2.55022042e-03,
          7.83267659e-03,   9.26861520e-03,  -7.85764244e-03,
         -4.11779285e-03,   2.38630060e-03,  -8.72828734e-04,
         -3.85795119e-03,   9.98756343e-03,  -7.74864255e-03,
         -5.50195216e-03,   1.87557387e-03,  -9.11034174e-03,
          4.86776242e-03,   4.32301874e-03,   5.33494939e-03,
          2.27074416e-03,   7.78116784e-03,   4.11429203e-03,
          2.80812226e-03,  -5.63817865e-03,   4.25067329e-03,
          5.85843729e-03,   7.84616138e-03,  -7.71508295e-03,
         -9.38654021e-03,  -4.25324362e-03,  -5.19731972e-03,
          9.45114999e-03,  -3.92903359e-04,   2.73396050e-03,
         -3.91217970e-03,   3.31848664e-03,  -5.76524784e-03,
         -2.09265390e-03,   4.37230881e-03,  -9.35092443e-03,
         -8.07841864e-03,  -3.44241994e-03,  -2.05137816e-03,
         -8.28372865e-03,   2.76798330e-03],
       [  4.92553044e-03,   7.00357938e-03,  -8.17058785e-03,
          2.02695444e-03,   9.34221769e-03,   3.87510117e-03,
          9.28676271e-03,   3.70413740e-03,  -6.36320675e-04,
         -1.32843646e-03,  -5.08794041e-03,   4.60004172e-03,
         -6.00068647e-03,   3.59537919e-03,   2.13919035e-03,
         -4.11221376e-03,   6.81122368e-03,   6.24509983e-03,
         -3.16072891e-03,  -5.56473526e-03,   5.26617106e-03,
         -5.62070524e-03,  -9.16511929e-03,   3.13464851e-03,
          1.27070404e-03,  -3.84099963e-03,  -1.24294091e-03,
         -4.27866948e-03,   6.86269850e-03,  -5.22615648e-03,
         -3.00540970e-03,  -7.35063457e-03,   6.00915799e-03,
         -5.26129671e-03,  -2.15824748e-03,  -8.81244007e-04,
         -5.93460305e-03,  -6.07965679e-04,  -3.05303000e-03,
         -7.57519296e-03,   3.19774800e-03,  -3.47153559e-03,
          8.65520569e-03,  -3.41571089e-03,  -3.92651071e-03,
         -8.97938964e-03,   8.85759989e-03,   1.31991106e-03,
          3.23674423e-03,  -4.05156220e-04],
       [  3.65946159e-03,   5.95095302e-03,   4.66409087e-04,
          3.35404464e-03,   8.83727627e-03,  -1.28427041e-03,
          9.79577828e-03,  -1.89387469e-03,   3.76635954e-03,
          8.52661482e-03,   8.14375696e-03,   8.50283994e-03,
          3.58839748e-03,   9.85651178e-03,   6.17880365e-03,
          3.54102788e-03,  -9.58496445e-03,  -8.16447371e-03,
          5.72954686e-04,   9.76934984e-03,  -9.24902560e-03,
         -3.34817119e-03,  -6.39567761e-03,   2.01242806e-05,
          2.70418769e-03,   2.49277098e-03,  -2.74314486e-03,
          8.84301359e-04,   1.93501346e-04,  -5.54773784e-03,
          9.11044658e-03,   1.69844425e-03,   4.46755135e-03,
          4.08664531e-03,  -4.28095134e-03,  -8.64948385e-04,
          4.20294950e-03,   2.11006907e-04,   6.28312581e-03,
          6.03833222e-03,  -1.99221571e-03,   8.27081812e-03,
         -9.46699317e-03,  -1.93081295e-03,   3.46805534e-03,
          8.29376907e-04,   4.51141419e-03,   9.59900795e-03,
          1.30134433e-03,  -2.45842559e-03],
       [  1.74210829e-03,  -9.59904074e-03,  -4.89679878e-03,
         -3.95456074e-03,  -4.14606888e-03,   6.85946715e-03,
          9.96345718e-03,  -6.54905379e-03,  -8.12716801e-03,
          5.48666665e-03,  -8.74852157e-04,   1.01985347e-03,
         -4.84291405e-03,   9.51078901e-03,   2.82218318e-03,
         -9.19826165e-03,   1.78085791e-03,  -1.11359371e-03,
          2.56699838e-03,  -1.04171159e-03,  -7.81615374e-03,
         -3.38913999e-03,  -9.16548627e-03,  -5.18040594e-03,
         -4.83884666e-03,  -6.33703194e-03,   4.48449921e-03,
         -5.02811996e-03,  -2.45043992e-03,   4.23109521e-03,
         -9.66485723e-03,   6.01452202e-03,  -8.37159166e-03,
         -3.38076740e-04,   7.36830985e-03,  -9.06730122e-03,
          4.52705120e-03,   9.17021917e-03,   9.88239301e-03,
         -3.13675782e-03,  -5.68420409e-03,  -7.26161344e-03,
         -4.23539628e-03,  -6.45464052e-03,   8.82254873e-03,
         -5.37415959e-05,  -5.78731307e-03,  -5.34889914e-03,
          6.37572618e-03,   4.95083550e-03],
       [  1.16008018e-04,   1.49135379e-03,  -6.98800269e-03,
          4.39469898e-03,  -2.20063769e-04,  -4.35238670e-04,
         -4.50853881e-03,  -2.52253914e-03,  -5.22519451e-03,
          8.58463503e-03,  -8.04189321e-03,   3.86381880e-03,
         -9.24426730e-03,  -7.07174863e-03,  -1.37656739e-03,
         -5.60999049e-03,   3.51846317e-03,   2.95667743e-03,
          3.82242992e-03,   8.41849548e-03,  -2.94194957e-03,
          6.54468330e-03,   1.70090960e-03,   5.02684184e-04,
          6.80833972e-03,   1.86313441e-04,  -4.18467436e-03,
          7.29346919e-03,   7.28214939e-03,  -4.76792943e-03,
          3.53771681e-03,  -7.90922417e-03,   7.10883088e-03,
         -6.43287412e-03,   6.35440699e-03,  -7.36110162e-03,
         -4.79517019e-03,   5.85359278e-03,   2.75872142e-03,
          8.13848978e-03,  -1.76966764e-03,   5.59030012e-04,
          7.04357863e-03,   8.39123740e-03,  -2.31966011e-04,
         -6.29107162e-03,  -7.60446808e-03,   9.25652932e-03,
         -4.12858639e-03,   9.31075609e-03],
       [  7.90383441e-03,   7.51873323e-05,   8.11714783e-03,
         -7.46102263e-03,   4.01490447e-03,   5.05245636e-03,
          7.66514105e-03,   6.31096345e-03,   4.83695037e-03,
          5.06684789e-03,   9.83860793e-03,  -9.95578524e-03,
         -7.05279901e-03,   3.40325886e-04,  -1.91792262e-03,
         -2.58978697e-03,  -5.51562850e-03,  -3.52501443e-03,
          7.50031036e-03,  -2.34811135e-03,   7.17757239e-03,
          5.08873092e-03,   1.50768351e-03,  -1.65013726e-03,
         -7.43591795e-03,   8.64752765e-03,  -6.64012336e-03,
         -1.48097296e-03,  -8.91374180e-03,  -4.45814110e-03,
         -3.37984733e-03,  -7.80133177e-03,   6.57123572e-03,
          2.96601411e-03,   8.51946652e-03,  -9.36956272e-03,
          3.75018394e-03,  -7.42796304e-03,  -8.35887377e-03,
          6.51675585e-03,   6.71560516e-03,  -5.49107964e-03,
          6.75783081e-03,  -9.90759683e-03,  -6.47534529e-03,
         -6.84699580e-03,  -6.41439821e-05,  -2.69616760e-03,
          3.62361483e-03,  -6.86428726e-03]])]
Initial hidden bias: [array([-1., -1., -1., -1., -1., -1., -1., -1., -1., -1., -1., -1., -1.,
       -1., -1., -1., -1., -1., -1., -1., -1., -1., -1., -1., -1., -1.,
       -1., -1., -1., -1., -1., -1., -1., -1., -1., -1., -1., -1., -1.,
       -1., -1., -1., -1., -1., -1., -1., -1., -1., -1., -1.])]
Initial output weights: [[ 0.0059544 ]
 [-0.00319383]
 [-0.00418135]
 [ 0.00916755]
 [ 0.0085597 ]
 [ 0.00179677]
 [-0.00762825]
 [ 0.00697309]
 [-0.00113534]
 [-0.00842838]
 [-0.00807207]
 [ 0.0070304 ]
 [ 0.00025838]
 [-0.00438434]
 [-0.00607914]
 [-0.00880332]
 [-0.00109635]
 [ 0.00060956]
 [ 0.00410102]
 [ 0.00727742]
 [-0.00035876]
 [-0.00038506]
 [-0.00457966]
 [ 0.00755309]
 [-0.00919563]
 [-0.00036197]
 [ 0.00343574]
 [ 0.00217323]
 [ 0.00661399]
 [-0.00838617]
 [ 0.00460975]
 [ 0.00268546]
 [-0.00345399]
 [-0.0031991 ]
 [ 0.00025841]
 [-0.00424148]
 [ 0.00226105]
 [ 0.00619011]
 [-0.00911653]
 [ 0.00610589]
 [-0.00465401]
 [-0.00191894]
 [ 0.00896295]
 [-0.00722042]
 [-0.00299394]
 [ 0.00455559]
 [ 0.00279732]
 [ 0.00541466]
 [ 0.00830682]
 [-0.00908622]]
Initial output bias: [ 1.]
