Action MLP:
Initial hidden weights: [array([[ -1.48187468e-03,   7.16719127e-03,   6.29190603e-03, ...,
         -8.01594014e-03,  -6.77771063e-03,  -8.36441699e-03],
       [ -8.37823496e-03,   7.20711352e-03,  -4.87941572e-04, ...,
          8.74876273e-03,   4.76027215e-03,  -5.83720666e-03],
       [  4.06904684e-03,  -6.60391396e-03,   7.83146038e-03, ...,
          5.02246138e-03,  -4.82909951e-03,  -1.76006823e-03],
       ..., 
       [ -4.20851074e-03,  -1.52327924e-04,   4.64319483e-03, ...,
          4.24563243e-03,   6.67692348e-03,   6.41437293e-05],
       [ -7.26096404e-03,   5.47597797e-04,  -6.92537513e-03, ...,
          6.92931468e-03,  -8.52367232e-03,  -9.25495864e-03],
       [ -1.90760033e-03,   3.27586623e-03,  -4.12749050e-04, ...,
          9.61365706e-03,  -3.04580743e-03,  -9.51604471e-03]])]
Initial hidden bias: [array([-1., -1., -1., -1., -1., -1., -1., -1., -1., -1., -1., -1., -1.,
       -1., -1., -1., -1., -1., -1., -1.])]
Initial output weights: [[ -6.93152596e-04   9.39551386e-05]
 [ -1.82963720e-03  -9.06015025e-03]
 [ -1.12621570e-03   1.06475077e-03]
 [  8.58521832e-03   2.16315651e-03]
 [  7.10453971e-03  -5.51674998e-03]
 [  3.28988532e-03  -3.26809925e-04]
 [ -3.09259354e-03  -1.01964933e-03]
 [ -8.68330229e-04  -1.15760112e-03]
 [  8.14721004e-03   6.72830551e-03]
 [  8.19175085e-03  -8.54509284e-03]
 [  3.64199709e-03   3.46807378e-04]
 [  8.66033616e-03  -4.06595948e-03]
 [  1.46667547e-03  -5.81381464e-03]
 [ -1.08413481e-03  -2.98024428e-03]
 [ -5.05783428e-03   6.48295274e-03]
 [ -6.29236066e-03  -5.02205004e-03]
 [  9.62094442e-03  -3.19695128e-04]
 [  7.59329193e-03  -3.09458282e-03]
 [  3.70599761e-04  -4.16163936e-03]
 [  9.68079549e-03  -6.07513887e-03]]
Initial output bias: [ 1.  1.]
Value MLP:
Initial hidden weights: [array([[-0.00945056, -0.00480241,  0.00354494, ..., -0.00603896,
        -0.00991428, -0.00875148],
       [-0.00915896,  0.00531808,  0.00190495, ...,  0.00288031,
        -0.00804912,  0.00481971],
       [ 0.00085053, -0.00508418,  0.0052291 , ..., -0.00355635,
         0.00113243, -0.00535693],
       ..., 
       [ 0.00411731, -0.00810458,  0.00497638, ..., -0.00521424,
         0.00655322, -0.00754675],
       [ 0.00313691,  0.00451184,  0.00797936, ..., -0.00804247,
        -0.00067387,  0.00715148],
       [-0.0027345 , -0.000807  , -0.00796022, ..., -0.00986711,
         0.0097101 ,  0.00654921]])]
Initial hidden bias: [array([-1., -1., -1., -1., -1., -1., -1., -1., -1., -1., -1., -1., -1.,
       -1., -1., -1., -1., -1., -1., -1.])]
Initial output weights: [[ 0.00175536]
 [ 0.00514582]
 [ 0.00588684]
 [-0.002384  ]
 [-0.00690812]
 [-0.00948913]
 [-0.00821649]
 [ 0.00916331]
 [-0.00629196]
 [ 0.00952333]
 [-0.00161991]
 [ 0.00833541]
 [-0.00912155]
 [ 0.0039257 ]
 [ 0.00564263]
 [ 0.00162698]
 [ 0.00537076]
 [ 0.00653291]
 [ 0.00874995]
 [-0.00492037]]
Initial output bias: [ 1.]
