Action MLP:Hidden weights: [array([[ 0.03117599,  0.04096327,  0.04052231, ...,  0.03014839,
         0.02872714,  0.03377042],
       [ 0.02159346,  0.03995212,  0.03244374, ...,  0.04417139,
         0.03779227,  0.03423977],
       [ 0.04178267,  0.01733041,  0.03691594, ...,  0.03069256,
         0.03296052,  0.02244824],
       ..., 
       [ 0.00544627,  0.00989726,  0.01283183, ...,  0.0111298 ,
         0.01605767,  0.008721  ],
       [-0.0065961 , -0.00031356, -0.00706516, ...,  0.0063034 ,
        -0.00835175, -0.01059588],
       [-0.00081142,  0.00185606, -0.00064321, ...,  0.0085817 ,
        -0.00276235, -0.01172685]])]Hidden bias: [array([-0.86214426, -0.86183991, -0.86365086, -0.85940593, -0.86038118,
       -0.86402448, -0.85978273, -0.85905555, -0.89797686, -0.86243051,
       -0.88575434, -0.87614103, -0.85659814, -0.85740361, -0.90979983,
       -0.94965078, -0.8734655 , -0.86467972, -0.86260088, -0.86187251])]Output weights: [[ -1.03563531e-03   3.33786330e-03]
 [ -6.72382536e-04  -2.22249943e-03]
 [ -7.82537597e-04   1.10133585e-03]
 [ -7.43501449e-04   1.21864373e-03]
 [ -8.85027107e-04   1.50595484e-03]
 [ -7.98066174e-04  -6.14525174e-04]
 [ -6.36533105e-04   1.28651888e-03]
 [ -1.03354267e-03   1.96661825e-03]
 [  5.83378457e-01   2.06410433e-02]
 [ -1.00315632e-03  -6.34536711e-04]
 [  7.39133499e-04  -8.35020719e-03]
 [  5.17561468e-04   8.13789780e-03]
 [ -8.21763387e-04   1.46652012e-03]
 [ -7.74183540e-04  -1.00446552e-04]
 [  6.44418631e-03  -4.95328961e-02]
 [ -1.67710955e-01  -6.02125244e-01]
 [ -6.22847079e-04  -3.58955999e-03]
 [ -8.99032368e-04  -5.31513477e-04]
 [ -8.58040354e-04   1.04123602e-03]
 [ -1.73808816e-04  -3.25190178e-03]]Output bias: [-0.21230436  0.07498349]
Value MLP:Hidden weights: [array([[ -4.54695712e-04,  -1.58405232e+00,  -1.14538287e+00, ...,
         -1.10756074e+00,  -5.82145876e-01,  -8.33115936e-01],
       [ -6.88574284e-02,  -1.01087754e+00,  -7.50403335e-01, ...,
         -7.18693301e-01,  -3.81056634e-01,  -5.34237657e-01],
       [ -1.15249225e-01,  -4.85808491e-01,  -2.96952918e-01, ...,
         -2.94796958e-01,  -1.56559961e-01,  -2.28493748e-01],
       ..., 
       [  1.59707400e-01,  -5.26124334e-02,  -4.89961089e-02, ...,
         -5.96270532e-02,  -4.34694213e-02,  -6.29175033e-02],
       [  3.12655467e-03,   4.48164574e-03,   7.97934660e-03, ...,
         -8.04248630e-03,  -6.76827572e-04,   7.15121046e-03],
       [ -2.73763347e-03,  -8.09639244e-04,  -7.96022763e-03, ...,
         -9.86712018e-03,   9.70868454e-03,   6.54905184e-03]])]Hidden bias: [array([ 0.00320984, -2.64036312, -2.63540231, -2.19014319, -2.55937472,
       -2.031116  , -2.58756028, -2.419182  , -2.39220964, -1.99262389,
       -2.03103336, -2.12974803, -2.4615695 , -2.29130278, -2.18382817,
       -2.24940881, -2.29643942, -2.58786306, -1.99478462, -2.296434  ])]Output weights: [[-6.93389857]
 [ 2.51629908]
 [ 4.89239789]
 [ 4.967235  ]
 [ 4.8244696 ]
 [ 4.98756869]
 [ 4.89298559]
 [ 4.95832216]
 [ 4.94655796]
 [ 5.05057035]
 [ 5.02779689]
 [ 5.0142862 ]
 [ 4.89723401]
 [ 4.97351931]
 [ 4.97931291]
 [ 4.95249157]
 [ 4.97531286]
 [ 4.93037046]
 [ 5.03269211]
 [ 4.91311382]]Output bias: [-4.43870551]