Action MLP:Hidden weights: [array([[ 0.03117599,  0.04096327,  0.04052231, ...,  0.03014839,
         0.02872714,  0.03377042],
       [ 0.02159346,  0.03995212,  0.03244374, ...,  0.04417139,
         0.03779227,  0.03423977],
       [ 0.04178269,  0.0173304 ,  0.03691594, ...,  0.03069255,
         0.03296052,  0.02244823],
       ..., 
       [ 0.00544627,  0.00989726,  0.01283183, ...,  0.0111298 ,
         0.01605767,  0.008721  ],
       [-0.0065961 , -0.00031356, -0.00706516, ...,  0.0063034 ,
        -0.00835175, -0.01059588],
       [-0.00081142,  0.00185606, -0.00064321, ...,  0.0085817 ,
        -0.00276235, -0.01172685]])]Hidden bias: [array([-0.86214427, -0.8618399 , -0.86365087, -0.85940593, -0.86038118,
       -0.86402448, -0.85978273, -0.85905555, -0.89797702, -0.86243051,
       -0.88575433, -0.87614104, -0.85659814, -0.85740361, -0.9097998 ,
       -0.94965016, -0.87346549, -0.86467972, -0.86260088, -0.86187251])]Output weights: [[ -1.03518724e-03   3.33808956e-03]
 [ -6.72456630e-04  -2.22235102e-03]
 [ -7.82288123e-04   1.10162137e-03]
 [ -7.43281906e-04   1.21873278e-03]
 [ -8.84766366e-04   1.50614845e-03]
 [ -7.97940804e-04  -6.14273317e-04]
 [ -6.36333986e-04   1.28662442e-03]
 [ -1.03324914e-03   1.96681607e-03]
 [  5.83374786e-01   2.06442274e-02]
 [ -1.00290230e-03  -6.34132417e-04]
 [  7.39243453e-04  -8.34979529e-03]
 [  5.18286278e-04   8.13795019e-03]
 [ -8.21513815e-04   1.46663259e-03]
 [ -7.74039890e-04  -1.00226467e-04]
 [  6.44396846e-03  -4.95332470e-02]
 [ -1.67713235e-01  -6.02123480e-01]
 [ -6.22628171e-04  -3.58897760e-03]
 [ -8.98798583e-04  -5.31173225e-04]
 [ -8.57750447e-04   1.04142721e-03]
 [ -1.73812775e-04  -3.25158311e-03]]Output bias: [-0.21230383  0.07498214]
Value MLP:Hidden weights: [array([[ -1.77981009e-03,  -1.58405290e+00,  -1.14547810e+00, ...,
         -1.10769424e+00,  -1.44359104e+00,  -8.34577225e-01],
       [ -7.00783914e-02,  -1.01088063e+00,  -7.50674843e-01, ...,
         -7.19061969e-01,  -1.45078344e+00,  -5.37793506e-01],
       [ -1.16611416e-01,  -4.85813946e-01,  -2.97390318e-01, ...,
         -2.95388898e-01,  -7.52635898e-01,  -2.33959609e-01],
       ..., 
       [  1.59731269e-01,  -5.26145485e-02,  -4.84018943e-02, ...,
         -5.89169651e-02,  -2.01802333e-01,  -5.86136861e-02],
       [  3.12655467e-03,   4.48164574e-03,   7.97934660e-03, ...,
         -8.04248630e-03,  -6.76827572e-04,   7.15121046e-03],
       [ -2.73763347e-03,  -8.09639244e-04,  -7.96022763e-03, ...,
         -9.86712018e-03,   9.70868454e-03,   6.54905184e-03]])]Hidden bias: [array([ 0.00398298, -2.64040256, -2.63631946, -2.18727211, -2.56129329,
        2.11410219, -2.58944032, -2.4266661 , -2.40083765,  0.70366601,
        1.04948091, -3.72957681, -2.46710864, -2.30615503, -2.18291093,
       -2.26032991, -2.30831776, -2.58932023, -3.69799025, -2.30805486])]Output weights: [[ -4.55902089]
 [  0.14156826]
 [  2.51855615]
 [  2.60983599]
 [  2.45130652]
 [-10.02857004]
 [  2.51966898]
 [  2.58807514]
 [  2.57715903]
 [ -6.69559689]
 [-18.66562971]
 [ 10.63443175]
 [  2.52585962]
 [  2.60911686]
 [  2.62344255]
 [  2.58989372]
 [  2.60998759]
 [  2.55685649]
 [ 17.51795701]
 [  2.54774161]]Output bias: [-2.06396153]