Action MLP:Hidden weights: [array([[-0.00148187,  0.00716719,  0.00629191, ..., -0.00801594,
        -0.00677771, -0.00836442],
       [-0.00837823,  0.00720711, -0.00048794, ...,  0.00874876,
         0.00476027, -0.00583721],
       [ 0.01018621, -0.00041152,  0.01397071, ...,  0.01113095,
         0.00134732,  0.0043528 ],
       ..., 
       [ 0.00190898,  0.00604168,  0.01078295, ...,  0.01035777,
         0.01285535,  0.00618195],
       [-0.00726096,  0.0005476 , -0.00692538, ...,  0.00692931,
        -0.00852367, -0.00925496],
       [-0.0019076 ,  0.00327587, -0.00041275, ...,  0.00961366,
        -0.00304581, -0.00951604]])]Hidden bias: [array([-0.95479753, -0.95423213, -0.95463299, -0.95540381, -0.95485344,
       -0.95480896, -0.9543892 , -0.95460512, -0.95569973, -0.95465444,
       -0.95492591, -0.95503451, -0.95484194, -0.95444206, -0.95491079,
       -0.95425821, -0.95504444, -0.95483711, -0.95434724, -0.95479517])]Output weights: [[ -6.35732472e-06   2.47538272e-03]
 [  3.20445272e-03  -2.75915132e-03]
 [  9.88819930e-04   3.09790709e-03]
 [  5.77544378e-03   2.63634550e-03]
 [  8.52750597e-03  -2.91718481e-03]
 [  3.93588208e-03   1.98013785e-03]
 [  1.50444122e-03   2.46861508e-03]
 [  2.45138351e-03   2.04564216e-03]
 [  4.96460208e-03   5.63202069e-03]
 [  9.94320097e-03  -5.25179568e-03]
 [  4.81887678e-03   2.60701334e-03]
 [  9.55084183e-03  -1.73118002e-03]
 [  1.66414353e-03  -2.63118040e-03]
 [  2.95764027e-03   3.77516427e-04]
 [ -2.45812148e-03   7.26281500e-03]
 [ -1.02509887e-03  -2.17107126e-04]
 [  7.34020709e-03   1.75315151e-03]
 [  7.75025682e-03  -4.19964168e-04]
 [  4.70119531e-03   7.57222621e-06]
 [  1.08701554e-02  -3.20321311e-03]]Output bias: [ 1.0089659   1.00789231]
Value MLP:Hidden weights: [array([[-0.00945056, -0.00480241,  0.00354494, ..., -0.00603896,
        -0.00991428, -0.00875148],
       [-0.00915896,  0.00531808,  0.00190495, ...,  0.00288031,
        -0.00804912,  0.00481971],
       [-0.02417937, -0.03021056, -0.01997655, ..., -0.02848335,
        -0.02390085, -0.03048609],
       ..., 
       [-0.02412975, -0.03601906, -0.02515061, ..., -0.03541476,
        -0.02208153, -0.03675141],
       [ 0.00313691,  0.00451184,  0.00797936, ..., -0.00804247,
        -0.00067387,  0.00715148],
       [-0.0027345 , -0.000807  , -0.00796022, ..., -0.00986711,
         0.0097101 ,  0.00654921]])]Hidden bias: [array([-1.2087191 , -1.20626164, -1.22261003, -1.21208093, -1.22324428,
       -1.21119742, -1.21663438, -1.21700874, -1.212079  , -1.20965467,
       -1.21084172, -1.21525315, -1.21712691, -1.21053054, -1.21173292,
       -1.21571081, -1.21491324, -1.2231533 , -1.21158377, -1.21579488])]Output weights: [[ 4.05849731]
 [ 4.07235147]
 [ 4.06741883]
 [ 4.0545692 ]
 [ 4.03661113]
 [ 4.04552332]
 [ 4.04422295]
 [ 4.07574479]
 [ 4.06133434]
 [ 4.09788273]
 [ 4.086046  ]
 [ 4.0911038 ]
 [ 4.02275348]
 [ 4.07423065]
 [ 4.06547721]
 [ 4.04801951]
 [ 4.07652685]
 [ 4.07850486]
 [ 4.07891816]
 [ 4.01538163]]Output bias: [-3.44955597]