Action MLP:Hidden weights: [array([[ 0.03117599,  0.04096327,  0.04052231, ...,  0.03014839,
         0.02872714,  0.03377042],
       [ 0.02159346,  0.03995212,  0.03244374, ...,  0.04417139,
         0.03779227,  0.03423977],
       [ 0.04178269,  0.0173304 ,  0.03691594, ...,  0.03069255,
         0.03296052,  0.02244823],
       ..., 
       [ 0.00544627,  0.00989726,  0.01283183, ...,  0.0111298 ,
         0.01605767,  0.008721  ],
       [-0.0065961 , -0.00031356, -0.00706516, ...,  0.0063034 ,
        -0.00835175, -0.01059588],
       [-0.00081142,  0.00185606, -0.00064321, ...,  0.0085817 ,
        -0.00276235, -0.01172685]])]Hidden bias: [array([-0.86214427, -0.8618399 , -0.86365087, -0.85940593, -0.86038118,
       -0.86402448, -0.85978273, -0.85905555, -0.89797702, -0.86243051,
       -0.88575433, -0.87614104, -0.85659814, -0.85740361, -0.9097998 ,
       -0.94965016, -0.87346549, -0.86467972, -0.86260088, -0.86187251])]Output weights: [[ -1.03518724e-03   3.33808956e-03]
 [ -6.72456630e-04  -2.22235102e-03]
 [ -7.82288123e-04   1.10162137e-03]
 [ -7.43281906e-04   1.21873278e-03]
 [ -8.84766366e-04   1.50614845e-03]
 [ -7.97940804e-04  -6.14273317e-04]
 [ -6.36333986e-04   1.28662442e-03]
 [ -1.03324914e-03   1.96681607e-03]
 [  5.83374786e-01   2.06442274e-02]
 [ -1.00290230e-03  -6.34132417e-04]
 [  7.39243453e-04  -8.34979529e-03]
 [  5.18286278e-04   8.13795019e-03]
 [ -8.21513815e-04   1.46663259e-03]
 [ -7.74039890e-04  -1.00226467e-04]
 [  6.44396846e-03  -4.95332470e-02]
 [ -1.67713235e-01  -6.02123480e-01]
 [ -6.22628171e-04  -3.58897760e-03]
 [ -8.98798583e-04  -5.31173225e-04]
 [ -8.57750447e-04   1.04142721e-03]
 [ -1.73812775e-04  -3.25158311e-03]]Output bias: [-0.21230383  0.07498214]
Value MLP:Hidden weights: [array([[ -1.90181179e-03,  -1.58405287e+00,  -1.14545695e+00, ...,
         -1.10766476e+00,  -1.44359104e+00,  -8.34308964e-01],
       [ -7.02970220e-02,  -1.01088026e+00,  -7.50598445e-01, ...,
         -7.18959471e-01,  -1.45078344e+00,  -5.37023249e-01],
       [ -1.16829493e-01,  -4.85814709e-01,  -2.97217009e-01, ...,
         -2.95160307e-01,  -7.52635898e-01,  -2.32478377e-01],
       ..., 
       [  1.59715714e-01,  -5.26174126e-02,  -4.85318333e-02, ...,
         -5.90714471e-02,  -2.01802333e-01,  -5.95779498e-02],
       [  3.12655467e-03,   4.48164574e-03,   7.97934660e-03, ...,
         -8.04248630e-03,  -6.76827572e-04,   7.15121046e-03],
       [ -2.73763347e-03,  -8.09639244e-04,  -7.96022763e-03, ...,
         -9.86712018e-03,   9.70868454e-03,   6.54905184e-03]])]Hidden bias: [array([  3.51378523e-03,  -2.64051578e+00,  -2.63612012e+00,
        -2.19671788e+00,  -2.56096124e+00,   2.11410220e+00,
        -2.58900351e+00,  -2.42520820e+00,  -2.39929036e+00,
         7.05112750e-01,   1.04947572e+00,  -3.72957681e+00,
        -2.46606331e+00,  -2.30440563e+00,  -2.19164449e+00,
        -2.26078323e+00,  -2.30712919e+00,  -2.58899965e+00,
        -3.69799025e+00,  -2.30709066e+00])]Output weights: [[ -4.54433308]
 [  0.12677707]
 [  2.50367238]
 [  2.59440297]
 [  2.43637083]
 [-10.01376298]
 [  2.50470749]
 [  2.57279696]
 [  2.56181438]
 [ -6.68088005]
 [-18.65082284]
 [ 10.61962469]
 [  2.51071316]
 [  2.59345849]
 [  2.60772829]
 [  2.57430379]
 [  2.59444235]
 [  2.54193439]
 [ 17.50314995]
 [  2.53218833]]Output bias: [-2.04915447]