Action MLP:Hidden weights: [array([[ 0.06239639,  0.05623657,  0.07750482,  0.07705405, -0.06102749,
         0.06698066,  0.04396637,  0.08436732,  0.0709849 ,  0.05617046,
         0.04435059,  0.05959126,  0.05969753, -0.00502385,  0.03088235,
         0.04556934,  0.08210345,  0.08393453,  0.06087136,  0.01924514],
       [ 0.05733572,  0.04516958,  0.17451967,  0.1160775 , -0.74813644,
         0.0618954 , -0.10868098,  0.13165938,  0.17640236, -0.04294493,
        -0.24982432, -0.10590046, -0.0830955 , -0.13287627, -0.04771733,
        -0.15557056,  0.2629291 ,  0.14712655,  0.06064804, -0.32592655],
       [ 0.10923232,  0.07445471,  0.11638382,  0.12702974, -0.11940048,
         0.117346  ,  0.06890058,  0.13830555,  0.12085738,  0.10389994,
         0.04639558,  0.07129857,  0.07370005, -0.03492244,  0.0563501 ,
         0.0796519 ,  0.13962131,  0.15297862,  0.1017398 , -0.01398074],
       [-0.32893384, -0.32784206, -0.20939542, -0.28480959, -1.20622292,
        -0.3216815 , -0.43937664, -0.25806909, -0.21958466, -0.39591106,
        -0.54279126, -0.43789748, -0.41518211, -0.45740011, -0.39418629,
        -0.47160019, -0.16591501, -0.25395693, -0.32209748, -0.59738846],
       [ 0.10150121,  0.07904869,  0.12275904,  0.12700876, -0.15394145,
         0.10652081,  0.07239357,  0.12127417,  0.11177097,  0.08801054,
         0.03873192,  0.07358581,  0.07258719, -0.02036154,  0.05278254,
         0.0668514 ,  0.13874236,  0.12767177,  0.1104425 , -0.00995903],
       [ 0.13561943,  0.09116854,  0.15041693,  0.14961598, -0.17133298,
         0.13052851,  0.07397836,  0.16937036,  0.14563174,  0.11047193,
         0.05710825,  0.08638556,  0.09276052, -0.01915175,  0.06490802,
         0.08979431,  0.1871566 ,  0.16504097,  0.12245013,  0.00617714],
       [-0.07374762, -0.08679472, -0.01724415, -0.04794807, -0.28815435,
        -0.06436766, -0.10917669, -0.02662748, -0.01795167, -0.10611914,
        -0.14820716, -0.12199598, -0.11964754, -0.1426488 , -0.10863382,
        -0.12698796,  0.02233526, -0.02067668, -0.06746452, -0.17039184],
       [-0.08080778, -0.08335916, -0.03474571, -0.05733969, -0.32659909,
        -0.07781639, -0.14270997, -0.05103686, -0.0270456 , -0.10833235,
        -0.18018475, -0.13503943, -0.12474143, -0.14617994, -0.12117128,
        -0.14607385,  0.01097748, -0.03563564, -0.09106651, -0.1977648 ]])]Hidden bias: [array([-0.76943418, -0.77980157, -0.81152648, -0.78465167, -0.06132385,
       -0.7738468 , -0.6950192 , -0.79162357, -0.81084348, -0.7268051 ,
       -0.58294389, -0.69233052, -0.71102455, -0.6928547 , -0.73747832,
       -0.65926617, -0.7982321 , -0.79227853, -0.7734277 , -0.5247361 ])]Output weights: [[ 0.0621091   0.11840882]
 [ 0.07641113  0.05940519]
 [-0.11652038  0.14502498]
 [-0.01876457  0.15182488]
 [ 1.17164792 -0.18598668]
 [ 0.05124715  0.12344695]
 [ 0.26736224  0.05032284]
 [-0.05308077  0.171253  ]
 [-0.1147642   0.13537881]
 [ 0.1864196   0.09726655]
 [ 0.43989758  0.02648654]
 [ 0.26498677  0.06235295]
 [ 0.23545306  0.06554018]
 [ 0.29865239 -0.11908427]
 [ 0.19338268  0.018517  ]
 [ 0.32430896  0.06804413]
 [-0.23121134  0.18895192]
 [-0.07374502  0.18047847]
 [ 0.05824132  0.1099029 ]
 [ 0.52949745 -0.05591801]]Output bias: [ 1.4689645   1.01425186]
Value MLP:Hidden weights: [array([[  4.22757031e-01,  -1.16547086e-01,  -3.60412032e-01,
         -2.79746275e-01,  -1.14199090e+00,  -2.37765519e-01,
         -2.89648029e-02,   9.46974887e-03,  -3.74698273e-01,
          1.10191062e-01,  -9.23679746e-02,  -3.61161175e-01,
          3.86106568e-01,  -2.98309051e-01,   7.88801401e-03,
         -1.36815716e-01,  -1.51321432e-01,   1.11334803e-02,
          3.14440268e-01,  -2.14703795e-01],
       [  2.06499123e+00,   2.59831834e-01,   2.06541358e-01,
          7.49169760e-01,   7.50068891e+00,   1.30335790e-01,
          4.86121257e-01,   7.44187974e-01,  -1.95727986e-02,
          3.08481015e-01,   4.36163435e-01,   1.49950531e-01,
          6.92134796e-01,   4.35608746e-02,   2.61790184e-01,
          4.86048208e-01,   5.06966096e-01,   3.57368342e-01,
          5.31772927e-01,   2.52590550e-01],
       [  2.02567143e-02,   5.41047838e-01,  -9.53652116e-02,
          1.15980109e-01,  -1.68045656e-02,   3.87888482e-01,
         -4.56445235e-02,   1.03396843e-01,   1.18258787e-01,
          8.74619593e-02,   2.68543418e-01,  -1.42473237e-01,
         -1.07338973e-01,   2.29566352e-01,   4.26413589e-01,
          1.46784167e-01,   4.62253607e-02,   3.73916777e-02,
          7.41415466e-02,   2.34191572e-01],
       [  6.49550809e-01,   4.57111853e-01,  -2.48195904e-01,
         -2.86488302e-01,   5.94061181e+00,   1.90414735e-01,
         -1.36385565e-01,  -7.91485418e-02,   3.40886412e-02,
          1.90397965e-01,   5.55238077e-02,  -1.42654121e-01,
          2.06059251e-01,   9.71451152e-02,   9.43722307e-02,
          6.71083043e-02,  -1.93326278e-01,  -8.93562131e-02,
          1.73652954e-01,   3.81513401e-02],
       [  2.27249638e-01,   7.97176731e-03,  -1.91587813e-01,
         -3.60561019e-02,  -6.82697436e-01,  -9.59351545e-02,
         -4.24468349e-02,  -3.58837406e-03,  -1.50923170e-01,
          4.43840874e-02,  -3.28230809e-02,  -2.10740022e-01,
          1.72131951e-01,  -1.71759819e-01,   6.24437904e-02,
          3.17817483e-03,  -2.92225627e-02,  -2.25423302e-02,
          1.69080474e-01,  -9.58272175e-02],
       [  1.86830800e-02,   7.05152028e-02,  -9.57209344e-02,
         -3.68646645e-02,  -4.12155792e-01,  -1.36983600e-01,
          8.54523734e-02,  -9.90752678e-03,  -1.68960187e-01,
          3.86162827e-02,   5.07366023e-03,  -1.03711254e-01,
          8.62470154e-02,  -1.47516281e-01,   2.04387966e-02,
          2.44716862e-02,  -4.29993076e-02,   3.15545619e-02,
          2.09847097e-01,  -1.09741115e-01],
       [ -1.21474271e+00,   7.51615149e-02,   5.71747759e-01,
          4.44184689e-01,  -3.90195913e+00,   3.92910320e-01,
         -4.12921895e-01,   4.21531534e-01,   6.12854440e-01,
          2.73106320e-01,   2.63851504e-01,   7.95729136e-01,
         -5.05565177e-01,   5.80625577e-01,  -6.48292752e-01,
          5.59128363e-01,   3.64725244e-01,  -6.30316914e-01,
         -9.54307075e-01,   6.89864152e-01],
       [  5.85172866e-01,   5.30466058e-01,   2.48017105e-02,
         -1.65838363e-01,  -1.92231570e+00,  -1.05830686e-01,
          1.67476355e-01,  -3.00411741e-01,  -1.19502044e-01,
         -4.62616059e-01,  -1.93179816e-01,   3.49116947e-02,
         -1.77587069e-02,  -3.12103636e-01,   4.69432477e-01,
         -3.38680892e-01,  -1.70438473e-01,   4.58180779e-01,
          2.36120356e-01,  -2.61735782e-01]])]Hidden bias: [array([ 0.7138715 , -0.30589247, -0.64218953, -0.29856425,  0.44888773,
       -0.48245337,  0.08584027, -0.01223597, -0.61995778,  0.00341312,
       -0.21096174, -0.54371979,  0.56834139, -0.31690192,  0.15607875,
       -0.35548254, -0.36793146,  0.12033712,  0.42889969, -0.23768358])]Output weights: [[-0.13898059]
 [-0.11304319]
 [ 0.16211553]
 [ 0.15113558]
 [-4.41545753]
 [ 0.15524339]
 [ 0.03200319]
 [-0.15763223]
 [ 0.1412688 ]
 [ 0.17039567]
 [ 0.15299415]
 [-0.07704277]
 [-0.15747548]
 [ 0.14672173]
 [-0.0778756 ]
 [ 0.18332118]
 [ 0.15355173]
 [-0.10307577]
 [ 0.11024896]
 [-0.13407786]]Output bias: [ 2.7310622]