Action MLP:Hidden weights: [array([[ 0.12813061,  0.0930344 ,  0.09616245,  0.12816229, -0.03275097,
         0.13364258,  0.1498752 ,  0.12814064,  0.08581566,  0.16206065,
         0.21139418,  0.17386659,  0.16246167,  0.01091099,  0.07919105,
         0.19243477,  0.07672255,  0.12598133,  0.12217806,  0.1025198 ],
       [ 0.03118141,  0.02751431,  0.14813932,  0.12948094, -1.45124485,
         0.03580078, -0.20085567,  0.17964357,  0.13811592, -0.08820459,
        -0.43011945, -0.18792989, -0.15482909,  0.34701241, -0.05840081,
        -0.24402447,  0.24310696,  0.18617116,  0.02658488, -0.51182847],
       [-0.03117593,  0.12426019, -0.02632252, -0.11803932,  0.00351428,
        -0.03269504,  0.03144571, -0.18334321,  0.03607025, -0.03544033,
        -0.01669287, -0.00693268,  0.00482438,  0.56153243,  0.14431492,
        -0.04822418, -0.13238058, -0.18331626, -0.00756852,  0.04218024],
       [-0.31109914, -0.34549349, -0.31064811, -0.29032466, -2.35432495,
        -0.30743566, -0.38373051, -0.26377864, -0.33421039, -0.32947417,
        -0.5150404 , -0.37218915, -0.35424245, -0.64065588, -0.37765643,
        -0.39532269, -0.34976425, -0.27487936, -0.31198004, -0.64019063],
       [ 0.25031966,  0.12668718,  0.23827396,  0.30115592, -0.2931994 ,
         0.2600936 ,  0.20341714,  0.31557814,  0.20763112,  0.26419879,
         0.22356734,  0.22802593,  0.21536788, -0.23684352,  0.08252696,
         0.2653308 ,  0.2866701 ,  0.328228  ,  0.24266208,  0.02679416],
       [ 0.43073797,  0.08968905,  0.39122579,  0.55961705, -0.31167417,
         0.43491919,  0.26325936,  0.67227942,  0.31483575,  0.44897174,
         0.38206387,  0.35189468,  0.33073373, -1.12011112, -0.00530476,
         0.47244158,  0.56504021,  0.67978846,  0.36663883, -0.01112024],
       [-0.14347843, -0.06604528, -0.04444678, -0.1527694 , -0.2691704 ,
        -0.13614503, -0.15707262, -0.16773432, -0.01495554, -0.20017053,
        -0.24454866, -0.19490233, -0.18265308,  0.05588961, -0.08442559,
        -0.24290292, -0.02777853, -0.160972  , -0.11881587, -0.17799653],
       [-0.05838558, -0.08570649,  0.02957504, -0.01071964, -0.32205651,
        -0.05303921, -0.15843309,  0.00647487,  0.03496225, -0.10369334,
        -0.19971576, -0.14345014, -0.13168643, -0.40750887, -0.14912115,
        -0.15521653,  0.13829432,  0.03191262, -0.07145407, -0.24904823]])]Hidden bias: [array([-0.56866818, -0.6886736 , -0.62280464, -0.51350667, -0.65863384,
       -0.56658949, -0.60917933, -0.4675059 , -0.65143711, -0.53248668,
       -0.54923156, -0.56975949, -0.58649403, -0.51202572, -0.67788207,
       -0.50548361, -0.55289546, -0.46339349, -0.59925895, -0.65443895])]Output weights: [[ 0.01437916  0.29969112]
 [-0.03084017 -0.08971308]
 [-0.15578551  0.26491807]
 [-0.03342917  0.46195862]
 [ 1.80055201 -0.31033622]
 [ 0.00768785  0.30706598]
 [ 0.18702382  0.11668016]
 [-0.03344055  0.58976728]
 [-0.18337842  0.16278698]
 [ 0.13526973  0.32291047]
 [ 0.37990781  0.25082538]
 [ 0.19789207  0.21775426]
 [ 0.16886905  0.19235888]
 [-0.11779858 -1.39353883]
 [ 0.06034681 -0.19204662]
 [ 0.26650388  0.34634713]
 [-0.26856721  0.47620087]
 [-0.06041903  0.60149449]
 [ 0.00525242  0.23113816]
 [ 0.42530634 -0.16055805]]Output bias: [ 1.42930264  1.38185517]
Value MLP:Hidden weights: [array([[  2.18841440e-01,  -3.33047287e-02,  -5.76747336e-01,
         -8.94225575e-01,   9.25866895e-02,  -1.12259773e+00,
         -6.51553988e-01,  -9.57401752e-01,  -4.20027805e-01,
         -4.05556862e-01,  -1.07099734e+00,  -1.22123384e-01,
         -3.36284664e-01,  -4.36229615e-01,  -8.33250144e-01,
         -7.56620601e-01,  -6.56608773e-01,   4.67997846e-01,
         -2.57161712e-02,   3.30487670e-01],
       [  8.95076399e+00,  -2.95074179e-01,  -3.30057468e-01,
          6.30458471e-01,   1.80679588e+01,  -5.86662071e-01,
          1.67063531e-01,   5.98957940e-01,   9.89381971e-02,
         -3.92513791e-01,   1.55956817e-01,  -1.53190285e-01,
         -5.65950088e-01,  -3.09451340e-01,   4.73013181e-01,
          2.83532594e-01,   2.53495027e-01,   4.24036537e-02,
         -3.72143357e-01,  -6.32156994e-02],
       [ -5.08703456e-01,   8.44040885e-01,  -2.18004778e-01,
         -1.02386196e+00,   5.22895836e-01,  -2.34463957e-01,
         -1.30316533e+00,  -1.89018906e+00,  -2.01953584e-01,
         -4.54479994e-01,  -7.73011303e-01,   2.90952813e-01,
         -7.22369894e-01,   2.02634443e-01,  -6.71517242e-01,
         -9.01882626e-01,  -7.31959756e-01,   2.50113002e-01,
         -5.73235990e-01,   6.08437689e-01],
       [  1.13952249e+01,   4.72090735e-01,  -1.23131882e-01,
         -1.11236903e-01,  -1.82954588e-02,  -3.04119769e-01,
          2.46630021e-01,   1.72703533e-02,  -2.81300103e-01,
          5.70032523e-01,  -2.14367270e-01,  -5.16347360e-02,
          6.79059449e-01,   1.93138332e-01,   1.69066485e-01,
          1.49048975e-02,  -1.84234092e-01,   6.44954680e-01,
          1.01754875e+00,   5.29218478e-01],
       [  5.52158281e-01,  -2.09478621e-01,  -3.69511392e-01,
         -4.58124861e-01,  -1.89113128e-01,  -4.75642815e-01,
         -4.54943157e-01,  -6.49483818e-01,  -2.05310486e-01,
          5.69046156e-02,  -4.36377796e-01,  -1.65733210e-01,
         -6.78666624e-03,  -8.09326229e-02,  -6.17257006e-01,
         -2.79512470e-01,  -2.26128138e-01,   3.48698726e-02,
         -8.26508314e-02,   1.13660360e-01],
       [  1.23853823e+00,   4.58085096e-02,   1.33099699e-01,
         -3.11168660e-02,  -8.11588606e-01,   5.35694894e-02,
          3.61795872e-01,  -2.88030426e-02,   3.52623412e-02,
         -5.94981140e-03,   1.39615330e-01,  -2.67239217e-01,
          3.28802425e-01,  -2.93427481e-01,   4.72529963e-01,
          1.48355460e-01,   1.55566685e-01,  -1.58824289e-02,
          3.08930161e-01,  -2.90097157e-01],
       [  1.64672644e+00,  -1.07573330e+00,   8.24136197e-01,
          1.20900443e+00,  -3.76527964e+00,   1.03312599e+00,
          6.97651763e-01,   1.34975212e+00,   1.04998315e-01,
          1.10198431e+00,   2.53638928e-01,   6.34273343e-01,
          8.20622181e-01,   8.00849000e-01,   3.76442831e-01,
          6.71544982e-01,   9.08400751e-01,  -5.71155010e-01,
         -1.78639449e-01,   1.29788783e-02],
       [  2.39321299e+00,   1.28654571e+00,  -8.38810992e-01,
         -9.82714796e-01,  -4.35930121e+00,  -8.55462889e-01,
         -8.76437123e-01,  -1.28509362e+00,   1.08337896e-01,
         -6.96610989e-01,  -1.98659110e-01,  -6.70708137e-01,
         -6.00540075e-01,  -1.02429211e+00,  -3.99500806e-01,
         -7.91249182e-01,  -9.72447158e-01,   3.00488039e-01,
          3.80888029e-01,  -7.30475080e-02]])]Hidden bias: [array([ 2.60252871, -0.12189573, -0.06451475, -0.18910195, -0.6120164 ,
       -0.05776819,  0.0071568 , -0.29927002, -0.2620758 , -0.17826833,
       -0.09233236, -0.02285323,  0.00398132,  0.01058921,  0.00983394,
        0.01823459,  0.03493052,  0.35866133,  0.05675856,  0.241113  ])]Output weights: [[-5.26134254]
 [ 0.29499739]
 [ 0.08208181]
 [-0.16022157]
 [-4.88317612]
 [-0.16869761]
 [ 0.06008383]
 [-0.03407032]
 [-0.13069044]
 [-0.10769536]
 [ 0.08149771]
 [ 0.0936366 ]
 [-0.09007318]
 [ 0.1531089 ]
 [-0.20701691]
 [ 0.06586445]
 [-0.24227041]
 [ 0.15601041]
 [-0.13726608]
 [-0.1361411 ]]Output bias: [ 8.22613917]