Action MLP:Hidden weights: [array([[  2.76216120e-02,   8.07102151e-02,  -6.49497795e-02,
         -4.36698800e-02,   1.38428024e-01,   2.85989884e-02,
          1.85799024e-01,  -8.62938263e-02,  -6.25217895e-02,
          1.26122760e-01,   3.69527395e-01,   1.98810339e-01,
          1.76816881e-01,   4.86259570e-01,   1.27542384e-01,
          2.35322855e-01,  -1.80504274e-01,  -1.06076339e-01,
          3.69139764e-02,   2.29965158e-01],
       [  1.48649462e-01,  -1.75485928e-03,   1.18824721e-01,
          3.50543272e-01,  -2.44035792e+00,   1.55011342e-01,
         -1.44634429e-01,   5.46223738e-01,   2.62864056e-02,
          8.32452157e-02,  -3.95378191e-01,  -8.78073893e-02,
         -6.26504981e-02,   7.46575087e-01,  -6.62947073e-02,
         -7.96545032e-02,   1.35348008e-01,   5.21300440e-01,
          1.05193265e-01,  -5.56694456e-01],
       [  7.10956351e-03,   1.31561308e-01,   2.74971427e-02,
         -1.17515382e-01,  -1.54222366e-01,   4.48135866e-03,
          8.87200028e-02,  -2.48796285e-01,   1.10383555e-01,
          3.40601332e-02,   1.44993813e-01,   7.42538603e-02,
          7.26721739e-02,   8.54608373e-01,   1.25208025e-01,
          7.62380677e-02,  -3.97703680e-02,  -2.49282334e-01,
          2.98599105e-02,   5.33330274e-02],
       [ -2.77069401e-01,  -4.73367639e-01,  -5.81266913e-01,
         -2.26455471e-01,  -3.58451591e+00,  -2.77945352e-01,
         -2.54881924e-01,  -8.87317182e-02,  -6.99286789e-01,
         -1.49681830e-01,  -3.23333086e-01,  -2.03217462e-01,
         -2.05089055e-01,  -6.82221265e-01,  -4.05393926e-01,
         -1.54450167e-01,  -7.83787173e-01,  -1.66559158e-01,
         -3.10844377e-01,  -5.08748793e-01],
       [  3.68548733e-01,   1.17971023e-01,   3.68534400e-01,
          4.96963973e-01,  -3.94726530e-01,   3.81145703e-01,
          2.64795489e-01,   5.74669908e-01,   3.14251976e-01,
          3.97751595e-01,   3.79605859e-01,   3.25531203e-01,
          3.00297727e-01,  -8.87203281e-01,   4.38683641e-02,
          4.21810757e-01,   5.39902166e-01,   5.91005679e-01,
          3.34339803e-01,   4.01556440e-02],
       [  3.57278335e-01,   1.20692673e-01,   3.04633436e-01,
          4.66422195e-01,  -3.84337782e-02,   3.57694337e-01,
          2.46333651e-01,   5.93426192e-01,   2.59598452e-01,
          3.81389361e-01,   3.73898573e-01,   3.14293779e-01,
          2.93588600e-01,  -1.47388247e+00,   5.02805060e-02,
          4.23367984e-01,   3.97367722e-01,   5.95399137e-01,
          3.04924975e-01,   6.92987235e-02],
       [ -2.05160123e-01,  -3.73468055e-02,  -3.76677909e-03,
         -2.78298945e-01,  -6.53535797e-02,  -1.98432788e-01,
         -1.69367204e-01,  -3.66483742e-01,   9.29266661e-02,
         -2.70817424e-01,  -2.57033325e-01,  -2.27917951e-01,
         -2.11620112e-01,  -5.82671249e-01,  -7.33386695e-02,
         -3.07404317e-01,   8.18168594e-02,  -3.61010129e-01,
         -1.55710138e-01,  -1.52834339e-01],
       [ -9.73436868e-02,  -5.33857071e-02,   1.19636056e-01,
         -1.03880100e-01,  -4.68016520e-02,  -9.11032439e-02,
         -1.80889450e-01,  -1.67751885e-01,   1.87344891e-01,
         -1.69325044e-01,  -2.42252459e-01,  -1.82316025e-01,
         -1.64290346e-01,  -1.00061824e+00,  -1.48100868e-01,
         -2.29888094e-01,   3.40417098e-01,  -1.33681526e-01,
         -8.74849230e-02,  -2.60028085e-01]])]Hidden bias: [array([-0.59171818, -0.55930592, -0.60044625, -0.65089231, -0.78854886,
       -0.59055283, -0.62708986, -0.72108657, -0.57474331, -0.60833419,
       -0.76502977, -0.63172037, -0.62232096, -0.87747124, -0.56353382,
       -0.66268461, -0.72093177, -0.72404433, -0.58328164, -0.77160294])]Output weights: [[-0.01125837  0.27393526]
 [-0.19237845 -0.04348422]
 [-0.36849466  0.26056509]
 [ 0.03441473  0.47549302]
 [ 1.96758677 -0.04794526]
 [-0.01428038  0.28104759]
 [ 0.12556108  0.06785536]
 [ 0.18465903  0.6638707 ]
 [-0.51637428  0.17718683]
 [ 0.15265647  0.27395824]
 [ 0.35135802  0.13287957]
 [ 0.16865944  0.15004323]
 [ 0.14381114  0.13612268]
 [-0.03625536 -1.58798648]
 [-0.08673278 -0.14107483]
 [ 0.25476091  0.25571263]
 [-0.6475342   0.45639059]
 [ 0.10243794  0.6665674 ]
 [-0.04265248  0.21448412]
 [ 0.24428332 -0.18480293]]Output bias: [ 1.10859189  1.27543101]
Value MLP:Hidden weights: [array([[ -8.23048018e-01,   5.12508219e-01,   1.12503829e-01,
         -1.96700083e+00,   1.76541414e-02,  -2.36936763e-01,
         -1.20522146e+00,  -1.36001055e+00,  -3.40995378e-01,
         -2.40027856e-01,  -8.55131632e-01,  -1.35010744e-01,
         -5.56797917e-01,  -6.96459101e-01,  -9.76791820e-01,
         -1.46144143e+00,  -1.25416708e+00,   1.42393313e-02,
          1.16983906e+00,  -9.33708806e-01],
       [  1.43984032e+01,  -1.20588590e+00,  -2.77976270e+00,
          3.53870408e-01,   2.80832398e+01,  -3.68155942e-02,
         -6.97305564e-01,  -4.55581190e-01,   8.64780681e-01,
         -1.61399828e+00,   1.12075073e+00,   1.25899634e+00,
         -1.48714627e+00,  -1.21319921e+00,   2.34995987e-01,
          2.17053746e-01,  -1.17471970e+00,  -1.54215809e+00,
         -1.68590507e+00,  -4.65905985e-01],
       [ -1.84503922e-01,  -2.38985155e-01,  -3.69791298e-02,
         -5.76827329e-01,  -1.45654432e+00,   1.43430493e+00,
         -5.19864107e-01,  -1.74667032e+00,   2.12465183e-02,
         -2.16431534e-01,   1.27587528e-01,   1.84818472e+00,
         -1.35311451e+00,  -1.12300790e-01,  -1.12346068e+00,
         -2.46149456e-01,  -1.54184618e-01,  -1.39498798e+00,
          4.37229675e-02,  -3.43691031e-01],
       [  1.46766254e+01,   2.17787538e+00,   1.56250840e+00,
          1.68742235e-01,  -5.86060102e+00,  -1.22164225e+00,
          1.39160749e+00,   7.05659603e-01,  -1.09927999e+00,
          9.42550991e-01,  -6.87392893e-01,  -7.23441857e-01,
          6.05311520e-01,  -2.58787464e-03,   3.40972404e-01,
         -2.52164569e-01,   3.21283155e-01,   1.14023868e+00,
          1.16295715e+00,   2.55545469e-01],
       [  2.08267396e+00,  -7.92488022e-01,  -5.15292521e-01,
         -8.24823743e-01,  -2.07346276e-01,  -6.39786841e-01,
         -4.22152388e-01,  -7.00206133e-01,  -1.45487702e-01,
          1.25289779e-01,  -6.87675408e-01,  -1.24827414e-01,
          7.61672944e-02,   6.43702069e-01,  -1.16672781e+00,
         -7.43756292e-01,  -4.95272573e-01,   1.19301731e-01,
          2.70649747e-01,   3.79832147e-01],
       [  1.92963240e+00,   2.49768501e-01,   1.09786645e+00,
          7.37737596e-01,  -1.20562466e+00,   6.96107200e-01,
          9.75637411e-01,   2.39423664e-01,   7.61563167e-01,
          2.41388626e-01,   1.21357253e+00,   1.41419445e-01,
          1.27959338e+00,  -7.67030747e-01,   1.60291126e+00,
          1.05560050e+00,   3.35988796e-01,  -9.19738751e-01,
          9.70061047e-02,  -9.13415526e-01],
       [  2.91660730e+00,  -2.04764172e+00,   2.41757394e+00,
          1.56580723e+00,  -3.05852992e+00,   2.15024229e+00,
          1.76936211e+00,   1.84919947e+00,   1.28274902e+00,
          7.90217252e-02,   1.12606628e+00,   1.01360446e+00,
          2.08996782e+00,  -6.69045100e-01,   9.53897783e-01,
          6.11805434e-02,   1.42867742e+00,  -1.56629344e+00,
         -1.71374394e+00,  -1.41463383e+00],
       [  3.47304084e+00,   1.90505469e+00,  -1.50036425e-01,
         -8.21449443e-01,  -3.07972255e+00,  -1.37727864e+00,
         -2.04321658e+00,  -1.68900738e+00,  -1.12837210e+00,
         -4.72216520e-01,  -1.02334448e+00,  -6.79383973e-01,
         -1.68017123e+00,   5.86204598e-02,  -1.16841810e+00,
         -1.26447350e+00,  -1.16423686e+00,   7.69011059e-01,
         -1.29922247e+00,   9.95771730e-01]])]Hidden bias: [array([ 1.80000955,  0.20193258,  0.46760909, -0.66578094,  1.74738103,
       -0.59110815,  0.3402656 , -0.29405021,  0.00693718,  0.24761433,
        0.07091204, -0.61406435, -0.33997634,  0.37659853,  0.29510444,
       -2.08318665, -0.44736037,  0.59253418, -1.75969446,  0.21159084])]Output weights: [[-3.17347057]
 [-0.07934485]
 [ 2.47454675]
 [ 0.17258611]
 [-4.00162888]
 [ 0.14233038]
 [ 0.17987678]
 [ 0.18688862]
 [ 0.04519696]
 [ 0.18630078]
 [ 0.05120199]
 [ 0.12243143]
 [ 0.19508916]
 [ 0.16047654]
 [-0.0923144 ]
 [-1.61745773]
 [ 0.1603068 ]
 [ 0.11475021]
 [-0.74100028]
 [-0.11329611]]Output bias: [ 4.89562017]