Action MLP:Hidden weights: [array([[-0.09353197, -0.00632378,  0.12149341,  0.00466891, -0.01669727],
       [-0.98459319, -1.5077941 , -0.9065516 , -0.1383038 , -0.05221099],
       [ 0.04470638,  0.21006474,  0.24785242, -0.43255626, -0.47569345],
       [-1.376783  , -1.98010187, -1.02190844, -0.19530113, -0.15836914],
       [-0.4532459 , -0.14982283,  0.16294893,  0.8271048 ,  0.90481006],
       [-0.8352112 , -0.07765734,  0.22287955,  0.67442166,  0.82540989],
       [-0.50780511, -0.01102597, -0.07252485, -0.25230022, -0.43288322],
       [-0.3898653 , -0.33916399, -0.32383802,  0.22429852,  0.08024289]])]Hidden bias: [array([-0.70533428, -0.58011503, -0.67590117, -0.26914698, -0.34325015])]Output weights: [[ 0.82583885 -0.71390712]
 [ 1.24434257 -0.04312462]
 [ 0.55892609  0.13397337]
 [ 0.25258568  0.88554264]
 [ 0.41369108  0.93945096]]Output bias: [ 1.58261886  0.18162412]
Value MLP:Hidden weights: [array([[-0.50032057,  0.78901462,  0.00692489,  3.96531189, -0.18184954],
       [ 6.49292352,  6.195111  ,  5.10533059, -0.55926913,  5.50965937],
       [ 0.9605962 , -1.43950144,  1.48288268,  3.67550695, -1.1531383 ],
       [ 3.99416804,  4.93029001,  5.08784564,  5.12183641,  2.98458978],
       [-1.12283174,  0.9384094 , -0.25971456,  0.81564465, -0.22994161],
       [ 1.11071063, -0.54372431,  0.39536756,  0.76187597, -0.61086257],
       [-0.52395246, -0.52394929, -0.51830442,  0.85417252, -0.53863468],
       [-0.47106131, -0.47467699, -0.46498373, -1.8952763 , -0.46503243]])]Hidden bias: [array([-11.71035659, -11.76506471, -10.98810438,  -6.29116869,  -9.7661399 ])]Output weights: [[-15.27496723]
 [-23.94154613]
 [-22.9074589 ]
 [ -4.9653541 ]
 [ -4.72712147]]Output bias: [ 1.82305656]