epoch total_reward
0 -605.702297244
1 -269.247195695
2 -358.516388923
3 -346.718046996
4 -250.678500074
5 -319.332468684
6 -282.520060435
7 -523.144325022
8 -462.338088663
9 -724.427213077
10 -528.92021721
11 -208.978879636
12 -415.102984643
13 -351.009540841
14 -289.986544938
15 -544.069482284
16 -438.92317122
17 -224.285030369
18 -450.898106243
19 -314.179397517
20 -274.988141136
21 -207.984353255
22 -372.51021412
23 -607.810492009
24 -640.659228172
25 -144.849112205
26 -543.310263944
27 -110.136478351
28 -161.760526427
29 -424.554313838
30 -265.756224081
31 -227.95141605
32 -145.104554145
33 -623.309754823
34 -597.909957582
35 -357.744057566
36 -173.041797264
37 -287.449764593
38 -302.992748979
39 -80.4164570703
40 -272.88218501
41 -345.807625821
42 -161.232844651
43 -362.368255906
44 -234.32770957
45 -429.532314508
46 -86.3827320891
47 -349.622581188
48 -459.678792973
49 -168.328898818
50 -197.827958013
51 -254.625826852
52 -165.91547845
53 -376.718975977
54 -234.786003131
55 -224.149218068
56 -79.9767825921
57 -642.369782189
58 -336.724786621
59 -131.254829586
60 -493.790906607
61 -517.087717107
62 -231.383701731
63 -724.045962649
64 -344.502239999
65 -132.128845778
66 -256.988605345
67 -135.709213268
68 -687.671606053
69 -375.740578314
70 -206.072986125
71 -459.676275918
72 -511.776470775
73 -191.844270597
74 -197.167261112
75 -350.897191178
76 -299.758483632
77 -17.4941317764
78 -668.864469565
79 -189.415974436
80 -254.60879037
81 -67.5889215185
82 -262.200379134
83 -158.975708806
84 -7.26409557525
85 -584.493225087
86 -229.270111942
87 -329.174706084
88 -237.94589127
89 -64.8759507567
90 -642.789103598
91 -684.950237176
92 -221.622204993
93 -57.413604313
94 -189.175721973
95 -557.080676221
96 -96.9637431021
97 -167.791676315
98 -213.912799812
99 -612.482799155
100 -567.22598452
101 -626.032433101
102 -580.965612402
103 -322.455132342
104 -95.4079198524
105 -100.737102336
106 -274.08317616
107 -88.0703096284
108 -502.482426492
109 -428.593868097
110 -647.807148023
111 -546.05849665
112 -285.733768698
113 -488.712731545
114 -650.313410956
115 -501.940748324
116 -434.620394518
117 -499.379572973
118 -403.395404494
119 -416.086037801
120 -54.2253836597
121 -666.44201393
122 -243.285567224
123 -192.57838289
124 -336.346328714
125 -271.2978088
126 -308.996134786
127 -549.6910341
128 -593.615127381
129 -562.334155475
130 -443.05346203
131 -4.74445730765
132 -426.173682251
133 -446.86860802
134 -260.003826836
135 -249.201255873
136 -1000.65195491
137 -204.527217156
138 -647.859172137
139 -569.356177122
140 -167.297169862
141 -313.577447469
142 -716.416214211
143 -638.188174658
144 -797.30301413
145 -619.257452631
146 -135.983980305
147 -137.030061308
148 -637.583719212
149 -278.392146878
150 -476.357177888
151 -216.698731682
152 -135.469055096
153 -469.008188802
154 -248.14381326
155 -311.885525889
156 -512.225739767
157 -413.461066601
158 -557.175504289
159 -756.246503156
160 -594.300941628
161 -159.65924263
162 -354.887362587
163 -484.131748586
164 -672.494810854
165 -580.757263006
166 -181.154859326
167 -673.581232248
168 -522.158775754
169 -206.683715045
170 -159.676404608
171 -183.802547568
172 -340.073322168
173 -376.499755684
174 -602.555407318
175 -739.584411768
176 -747.2002349
177 -215.202353815
178 -630.051606765
179 -579.376465371
180 -826.144817511
181 -1266.01829674
182 -783.973862291
183 -539.167392359
184 -831.662072072
185 -533.396281646
186 -391.615692139
187 -424.500795067
188 -396.841551117
189 -362.692554522
190 -217.214660748
191 -263.464711449
192 -1002.65130416
193 -777.221458503
194 -745.956065724
195 -511.891536008
196 -554.316266184
197 -198.496788072
198 -476.442676708
199 -540.030336709
200 -474.744513043
201 -102.803503536
202 -546.329983804
203 -282.820642458
204 -197.790018381
205 -291.84813953
206 -698.316670919
207 -590.202124706
208 -1084.86802764
209 -711.521494549
210 -838.427535425
211 -791.750223665
212 -850.838019901
213 -777.59048431
214 -727.776771768
215 -665.777994054
216 -543.363291038
217 -425.674822284
218 -387.561121522
219 -317.457852543
220 -176.764447824
221 -174.091050423
222 -174.787919662
223 -197.290301564
224 -187.76231792
225 -172.41900502
226 -180.941817172
227 -182.587801332
228 -438.730939298
229 -201.360378639
230 -202.684716446
231 -194.369150967
232 -181.295001282
233 -148.449064863
234 -147.311015239
235 -165.966413415
236 -210.261964629
237 -166.571417614
238 -186.248687613
239 -199.214525285
240 -197.750670273
241 -411.141777445
242 -182.926763617
243 -207.031561568
244 -171.429296014
245 -237.275972888
246 -212.547528494
247 -204.205964143
248 -181.855491794
249 -184.954691297
250 -177.533585506
251 -184.529706545
252 -239.112655441
253 -151.738599716
254 -26.3055231256
255 -147.446944965
256 -172.83773527
257 -187.376270664
258 -175.187923894
259 -191.433861692
260 -173.18728429
261 -142.074986457
262 -192.189977797
263 -200.271700629
264 -150.124202435
265 -196.596962273
266 -166.472261462
267 -208.368954768
268 -189.939136283
269 -199.789511963
270 -195.442028808
271 -171.395221469
272 -172.45816224
273 -168.533326239
274 -173.874161262
275 -177.136523613
276 -120.323480935
277 -75.47609785
278 -191.504590253
279 -135.915397822
280 -146.147640741
281 -170.114524417
282 -277.811937629
283 -284.248474577
284 -243.94983719
285 -241.146813412
286 -163.152967625
287 -449.535838823
288 -192.53433632
289 -303.831697325
290 -342.831670062
291 -247.007538079
292 -374.374745368
293 -453.366782648
294 -393.629367599
295 -373.745044272
296 -328.781791738
297 -360.250243555
298 -335.895503404
299 -346.301860793
300 -191.02076977
301 -236.849138394
302 -339.584986475
303 -274.963124291
304 -424.739383518
305 -468.290281852
306 -422.539835192
307 -657.831707502
308 -646.266393106
309 -315.760249185
310 -293.717250331
311 -319.707553053
312 -265.405190281
313 -318.865565206
314 -323.286371657
315 -348.347240083
316 -343.208812407
317 -418.310082692
318 -491.29706995
319 -758.673021175
320 -379.671437002
321 -540.259228255
322 -700.235649846
323 -550.983683992
324 -680.555280854
325 -645.867562001
326 -302.893839478
327 -293.520043611
328 -643.703571345
329 -421.289629461
330 -603.772174277
331 -458.596319438
332 -524.811875187
333 -494.243341526
334 -525.644070099
335 -657.960101142
336 -555.41444905
337 -473.440576151
338 -560.951506187
339 -360.898403555
340 -327.122136051
341 -300.661574763
342 -267.488406728
343 -169.168353861
344 77.2750728113
345 -349.359017737
346 -439.567009111
347 -468.620051518
348 -609.729728163
349 -625.639492376
350 -744.934784108
351 -683.831460611
352 -594.413528823
353 -668.068140268
354 -595.974717162
355 -632.903003684
356 -582.363411521
357 -695.275857306
358 -548.904042392
359 -581.844148249
360 -512.146122338
361 -554.8830613
362 -524.011019588
363 -514.152992285
364 -622.892664294
365 -712.828486381
366 -532.240934106
367 -639.627297062
368 -565.104782243
369 -427.787592215
370 -593.344057305
371 -417.873282876
372 -396.789738229
373 -551.144823675
374 -628.531958551
375 -596.459539264
376 -549.536423217
377 -661.31772778
378 -619.249503404
379 -572.860911212
380 -727.216355898
381 -533.349623991
382 -507.598413842
383 -539.565335482
384 -383.550517201
385 -579.066325823
386 -482.523374603
387 -390.970382736
388 -464.24050127
389 -547.016256613
390 -409.685187894
391 -484.681164643
392 -430.361230607
393 -452.901752606
394 -637.11868085
395 -494.987473974
396 -569.617943282
397 -448.978629062
398 -368.892364138
399 -402.829320523
400 -521.141932179
401 -631.625590204
402 -430.683036124
403 -271.702576833
404 -474.008022243
405 -291.269632714
406 -332.806870457
407 -375.062246049
408 -362.905913413
409 -436.462618309
410 -415.233158341
411 -511.133947854
412 -399.186779156
413 -344.673744301
414 -498.40938433
415 -398.009262311
416 -469.081229575
417 -470.176517928
418 -623.513694332
419 -365.2468956
420 -433.439738564
421 -341.286514057
422 -370.661331444
423 -464.484425006
424 -601.762703612
425 -526.448018026
426 -487.476313957
427 -419.760591971
428 -549.755016677
429 -500.168499089
430 -371.719368636
431 -354.566373025
432 -532.456542866
433 -255.345585604
434 -467.508452809
435 -308.012231325
436 -322.638585854
437 -592.457664316
438 -354.618176453
439 -313.716575951
440 -382.422908717
441 -300.060405062
442 -302.632137813
443 -570.834975312
444 -530.274938542
445 -573.496210949
446 -533.353534133
447 -337.504931777
448 -338.154504193
449 -476.665957797
450 -213.607059508
451 -241.075192262
452 -337.836603787
453 -239.423946759
454 -224.061975683
455 -352.28627372
456 -103.80576226
457 -177.442770139
458 -341.220343339
459 -418.13331557
460 -302.587904466
461 -93.4882384632
462 -77.2372294869
463 -399.634602872
464 -211.376392859
465 -476.969333884
466 -96.7904399204
467 -346.065959282
468 -117.509885268
469 -156.622055983
470 -149.075368747
471 -152.307024553
472 -211.002241798
473 -94.3810341678
474 -210.360144853
475 -70.5916211668
476 -179.74323351
477 -91.5086990859
478 -57.2416006652
479 -358.54308
480 -314.591477673
481 -426.053494931
482 -177.186918404
483 -133.274146279
484 -201.351547581
485 -51.2090009168
486 -214.141945315
487 -70.7415909928
488 -160.586484498
489 -208.840127417
490 -199.434728798
491 -33.851394101
492 -218.776984728
493 -62.8490895566
494 -360.013291455
495 -414.948461998
496 -224.374477932
497 -290.022769501
498 -341.410464349
499 -287.60571438
500 -157.938342172
501 -54.0644188036
502 -324.485513411
503 -205.48283268
504 -70.9666501575
505 -276.878316606
506 -394.958070632
507 -327.981926318
508 -103.086276325
509 -279.616877772
510 -214.676921061
511 -255.580090422
512 -328.662956845
513 -159.297611958
514 -199.4102039
515 -184.983803097
516 -328.794068226
517 -45.3964127205
518 -203.452175338
519 -256.544360402
520 -28.6667980801
521 -143.889216075
522 -390.952444857
523 -280.041788248
524 -347.578113387
525 -236.206659551
526 -321.188569644
527 -317.056874802
528 -75.2504461837
529 -337.577394302
530 -218.240178921
531 -248.354391615
532 -370.80147994
533 -492.434777622
534 -274.598013808
535 -347.337880193
536 -143.791824104
537 -246.715071949
538 -282.781399709
539 -48.2582548029
540 -206.61244708
541 -360.015832511
542 -322.283032205
543 -362.949621478
544 -279.838720424
545 -234.864517351
546 -122.184734585
547 -387.365096353
548 -134.59483728
549 -538.012425091
550 -309.761821957
551 -42.8362785458
552 -328.623402086
553 -65.2618792605
554 -127.504953995
555 -343.753053472
556 -222.089164125
557 -362.254789898
558 -324.549070022
559 -251.335279084
560 -303.04982007
561 -88.855654415
562 -397.789102696
563 -344.730077039
564 -318.231296891
565 -195.57301814
566 -346.863117892
567 -284.856687975
568 -280.27140159
569 -351.57810426
570 -187.506641628
571 -222.186048582
572 -363.80111165
573 -214.47938054
574 -40.5066144281
575 -346.382339414
576 -80.3982497531
577 -323.390812849
578 -253.750845239
579 -332.175828186
580 -106.837878355
581 -67.4266017572
582 -349.405828011
583 -341.712961514
584 -349.971530061
585 -68.7464752017
586 -350.706160496
587 -324.072218405
588 -351.265243219
589 -47.3411074772
590 -195.688919707
591 -94.5049093615
592 -436.894485438
593 -183.663175331
594 -355.16011074
595 -42.8955306907
596 -349.04370952
597 -207.473950068
598 -329.533307043
599 -365.431676564
600 -198.893526332
601 -393.678657316
602 -309.878968675
603 -358.269126401
604 -372.170750075
605 -43.8775958879
606 -390.085802614
607 -24.4694351536
608 -320.166329428
609 -67.8639384536
610 -54.2199607309
611 -271.84073109
612 -360.583779562
613 -231.318716659
614 -248.363277811
615 -330.926872087
616 -102.762862374
617 -181.199133576
618 -31.1821567213
619 -265.160312275
620 -80.249816691
621 -341.84019548
622 -204.429916283
623 -358.139434309
624 -218.978349463
625 -219.049691365
626 -213.815021016
627 -226.054618398
628 -407.420802195
629 -212.145564624
630 -274.110174785
631 -249.21393798
632 -163.818091192
633 -236.888791758
634 -124.484298186
635 -126.560402159
636 -202.51910111
637 -29.960079961
638 -315.139185656
639 -170.523832851
640 -688.794712396
641 -352.488490171
642 -220.084098915
643 -340.085571749
644 -402.892661768
645 -362.852692401
646 -182.363629387
647 -107.133170005
648 -348.978161888
649 -205.026450574
650 -294.737823044
651 -112.027647279
652 -70.5202144601
653 -333.363125213
654 -298.882270433
655 -82.6936868691
656 -360.924206281
657 -174.078287635
658 -208.25617179
659 -326.917417612
660 -195.499180377
661 -347.731192822
662 -216.743819464
663 -204.163000555
664 -238.383285453
665 -204.742903312
666 -299.880069182
667 -348.834810574
668 -222.555113955
669 -345.381438665
670 -135.442842338
671 -214.809748506
672 -162.668504032
673 -216.315511084
674 -147.230376893
675 -528.863398538
676 -120.652775235
677 -334.448572889
678 -334.438775769
679 -191.350677709
680 -22.5346079663
681 -103.738720242
682 -313.127886639
683 -69.3703050343
684 -93.5352213403
685 -238.777793899
686 -33.4500075431
687 -331.317383813
688 -24.7331393775
689 -111.055829213
690 -26.7340862504
691 -167.634951812
692 -237.782106343
693 -240.884699887
694 -238.243883985
695 -293.437069596
696 -599.528054827
697 -157.29260245
698 -176.667601678
699 -244.274429849
700 -188.504011917
701 -114.359734389
702 -341.454112239
703 -69.8292079029
704 -390.098506085
705 -312.243419746
706 -49.4056499158
707 -183.323631725
708 -65.4447616095
709 -208.414786076
710 -346.031783224
711 -98.260870462
712 -244.931392614
713 -361.687328809
714 -345.975997014
715 -53.12198212
716 -575.403327198
717 -267.589556327
718 -73.1134402335
719 -158.840868652
720 -148.604275821
721 -226.306992118
722 -475.713955494
723 -193.36133295
724 -172.341112218
725 -367.114807682
726 -363.085226538
727 -52.9372006469
728 -497.770330076
729 -116.372560927
730 -313.052361815
731 -36.3309375942
732 -68.329034183
733 -334.446532612
734 -210.700065429
735 -354.749039585
736 -340.47744798
737 -343.6133855
738 -38.1805189419
739 -178.320722257
740 -351.812061683
741 -335.902561214
742 -53.7176842765
743 -365.550163142
744 -169.745140453
745 -341.279078626
746 -226.697672685
747 -338.416099047
748 -169.754334871
749 -331.766612794
750 -267.618103389
751 -284.9328259
752 -282.982200551
753 -226.356392626
754 -192.848675959
755 -289.921665589
756 -249.493669456
757 -200.304014068
758 -338.331567746
759 -152.263398266
760 -387.052552563
761 -62.3064128255
762 -190.666828153
763 -194.617419879
764 -229.432755581
765 -214.202442925
766 -322.320154927
767 -297.33825558
768 -214.892179857
769 -223.523953304
770 -295.369327504
771 -205.423042272
772 -336.156226821
773 -376.319080888
774 -304.301902785
775 -362.180891888
776 -74.6440244442
777 -267.318500602
778 -313.591722071
779 -163.53520033
780 -149.723209625
781 -77.7925077004
782 169.020094397
783 -269.361161378
784 -68.0570590027
785 -341.343071154
786 -245.608471464
787 -343.264124005
788 -327.988330621
789 -117.336363251
790 -60.7863664218
791 -109.302675484
792 -376.992019154
793 -99.3186329162
794 -204.893019834
795 -231.551966
796 -297.351080671
797 -31.4205772392
798 -63.4153696644
799 -272.030382662
800 -328.794330011
801 -205.068183125
802 -468.511815269
803 -290.664175023
804 -351.813776327
805 -206.065038765
806 -325.310240577
807 -330.181622339
808 -36.2609253354
809 -234.035786321
810 -284.827077977
811 -36.0632457789
812 -328.154494925
813 -220.814979797
814 -457.429467717
815 -445.581264902
816 -339.763964048
817 -348.084819525
818 -356.051715168
819 -341.137094933
820 -218.796404064
821 -378.437381951
822 -359.793252112
823 -206.974727277
824 -292.44573451
825 -494.192008741
826 -225.490409836
827 -58.7286266681
828 -82.1864959959
829 -57.9624901617
830 -395.088296013
831 -397.340827014
832 -248.508455245
833 -95.7751035068
834 -260.654821032
835 -189.922077116
836 -330.277991292
837 -299.823219849
838 -359.697130562
839 -90.3656076655
840 -349.888846026
841 -315.048957672
842 -225.979435279
843 -152.429018862
844 -29.6416412463
845 -296.351733504
846 -347.532475339
847 -287.361173888
848 -211.263862407
849 -365.646573521
850 -338.267796567
851 -82.3844236685
852 -186.636559377
853 -154.490890704
854 -342.951767059
855 -287.578965369
856 -335.759570516
857 -315.641902345
858 -416.50322977
859 -418.121630751
860 -195.741009379
861 -242.355522692
862 -295.314303005
863 -73.997068374
864 -163.144423616
865 -325.460264979
866 -91.9793150484
867 -100.014879741
868 -222.721387476
869 -76.3403605683
870 -199.219377142
871 -58.0295740135
872 -94.2206205953
873 -397.925813108
874 -350.875862764
875 -146.155351496
876 -81.1560688631
877 -392.467835829
878 -288.884221009
879 -307.059492553
880 -37.858250288
881 -62.5573679351
882 -214.996924197
883 -342.110413181
884 -223.597223617
885 -211.701800062
886 -205.358648257
887 -339.342501098
888 -305.566157344
889 -230.962516186
890 -292.32575297
891 -360.72200871
892 -82.9913804557
893 -251.258003691
894 -243.83779051
895 -333.768299608
896 -191.310573636
897 -179.002235961
898 -245.889162067
899 -200.64413475
900 -254.000795214
901 -106.214090306
902 -117.993100286
903 -179.45640868
904 -229.659036738
905 -355.968991894
906 -339.594207776
907 -108.563910082
908 -289.943647681
909 -361.493906534
910 -657.982917863
911 -106.074122166
912 -340.842596229
913 -359.245475108
914 -205.991912569
915 -59.12327561
916 -327.540395201
917 -156.89007548
918 -349.159624787
919 -64.2452313594
920 -153.697242461
921 -175.06928014
922 -157.32063919
923 -223.580700236
924 -341.640910403
925 -214.140726057
926 -360.015029635
927 -325.266306247
928 -348.61721223
929 -190.948296014
930 -149.109846661
931 -121.873216895
932 -316.436744199
933 -200.850992538
934 -354.120458511
935 -275.897713083
936 -199.949599868
937 -559.704400854
938 -235.870812512
939 -199.952937914
940 -227.10478985
941 -401.04367928
942 -189.035426899
943 -215.055846145
944 -248.309456578
945 -309.5571105
946 -361.82136279
947 -93.822361547
948 -59.4642706125
949 -211.901305089
950 -65.3377986895
951 -323.599751999
952 -197.444492177
953 -33.777640206
954 -90.8806113861
955 -366.250996468
956 -67.7540475574
957 -341.128393639
958 -87.7650607227
959 -330.454659959
960 -207.445552044
961 -71.3233563682
962 -171.892291754
963 -153.563819192
964 -328.659089798
965 -332.184550881
966 -162.478039874
967 -317.428827365
968 -278.777909742
969 -277.024704422
970 -199.805963614
971 -420.403589668
972 -202.098107704
973 -228.865786813
974 -78.808668315
975 -215.935437217
976 -262.416142006
977 -218.104906302
978 -353.285412797
979 -122.775094674
980 -255.900659232
981 -343.758297943
982 -189.394827432
983 -101.368466104
984 -170.78943147
985 -126.242181576
986 -382.578716259
987 -231.582480661
988 -328.627026941
989 -62.4931267447
990 -298.546194728
991 -215.881577238
992 -320.386279742
993 -95.7028840616
994 -194.149358074
995 -302.12272806
996 -257.363289609
997 -341.946351901
998 -331.66700069
999 -208.312868374
1000 -170.059043449
1001 -367.145724357
1002 -123.117082561
1003 -206.573862636
1004 -340.257293983
1005 -162.654899651
1006 -231.010344545
1007 -174.068804947
1008 -205.805040789
1009 -334.293717872
1010 -552.976046076
1011 -341.184905823
1012 -401.477173077
1013 -232.513435119
1014 -214.407036344
1015 -237.691004005
1016 -324.137718936
1017 -336.955517568
1018 -331.705354801
1019 -403.304355018
1020 -203.96352306
1021 -295.018603037
1022 -420.879118933
1023 -312.132504116
1024 -661.659806089
1025 -263.907687535
1026 -330.647518851
1027 -69.4714852422
1028 -370.035810075
1029 -98.340760664
1030 -336.568472947
1031 -26.9393842476
1032 -352.732429506
1033 -310.273413815
1034 -371.160347975
1035 -266.687611509
1036 -199.985903788
1037 -47.0980887168
1038 -31.428520509
1039 -227.154859737
1040 -270.189604704
1041 -304.248665103
1042 -211.262325989
1043 -240.558857967
1044 -321.567082619
1045 -349.416560072
1046 -122.640575401
1047 -354.855616759
1048 -336.835525089
1049 -682.856849029
1050 -239.635251637
1051 -235.641830778
1052 -96.4411906846
1053 -347.356752457
1054 -91.1712286088
1055 -229.99608846
1056 -174.282485687
1057 -221.999040097
1058 -221.356891806
1059 -100.838064765
1060 -364.929210994
1061 -154.155873032
1062 -213.703884155
1063 -371.23568377
1064 -86.2341852334
1065 -335.865279446
1066 -300.105421795
1067 -219.966863533
1068 -229.624230395
1069 -72.3451224376
1070 -197.89353987
1071 -340.245759526
1072 -33.2554340576
1073 -322.280053612
1074 -207.180246828
1075 -193.409591883
1076 -280.378522209
1077 -315.229563115
1078 -213.121081325
1079 -353.932527048
1080 -333.943616245
1081 -151.898406564
1082 -348.038845594
1083 -187.071939811
1084 -305.980360988
1085 -322.42720237
1086 -124.760220457
1087 -79.7189313123
1088 -354.168432038
1089 -152.660360673
1090 -170.563785456
1091 -322.745829372
1092 -399.784283892
1093 -229.161178132
1094 -353.759059249
1095 -317.684535159
1096 -98.8456505072
1097 -367.532796505
1098 -288.319732166
1099 -342.239819773
1100 -314.483571156
1101 -433.414416403
1102 -209.67216429
1103 -186.644003795
1104 -92.6007688487
1105 -281.620614672
1106 -109.634750428
1107 -175.146172029
1108 -319.363704229
1109 -507.9068644
1110 -367.816177022
1111 -214.774581048
1112 -143.24194576
1113 -306.24411185
1114 -187.081668705
1115 -341.34494335
1116 -138.169782575
1117 -202.226747683
1118 -209.876891219
1119 -326.051814568
1120 -223.912298778
1121 -198.414735973
1122 -314.609695557
1123 -339.275579405
1124 -24.486843785
1125 -276.546960701
1126 -241.545715736
1127 -380.05246083
1128 -90.9653937412
1129 -38.2564993405
1130 -186.888324044
1131 -332.942487309
1132 -315.83273106
1133 -210.343946367
1134 -332.642404556
1135 -268.369744596
1136 -355.712290958
1137 189.435993304
1138 -217.293874574
1139 -236.588876749
1140 -209.869848683
1141 -223.368344329
1142 -142.747157192
1143 -124.008256068
1144 -275.48471266
1145 -270.174565301
1146 -390.759083309
1147 -66.5911641556
1148 -320.560767059
1149 -211.804809911
1150 -355.567783015
1151 -185.703627619
1152 -303.01054223
1153 -208.790505331
1154 -213.246862742
1155 -204.060436118
1156 -107.618964412
1157 -82.0512175448
1158 -207.486425778
1159 -337.767496709
1160 -371.566625647
1161 -308.572330731
1162 -184.935392633
1163 -200.219800429
1164 -220.734476098
1165 -374.892393541
1166 -70.6365143118
1167 -305.280569433
1168 -142.833889421
1169 -353.213981527
1170 -328.015317112
1171 -257.310416908
1172 -329.919730768
1173 -148.877137758
1174 -348.014913653
1175 -39.738558871
1176 -185.210354107
1177 -203.291534027
1178 -163.834882941
1179 -366.418601861
1180 -334.298586547
1181 -110.537214028
1182 -244.693358281
1183 -151.978366425
1184 -259.536834677
1185 -102.377493324
1186 -240.237826939
1187 -250.97656058
1188 -372.015006287
1189 -186.132606249
1190 -220.381809087
1191 -32.4013473799
1192 -359.608487077
1193 -65.9295627808
1194 -465.385731332
1195 -48.6801300768
1196 -45.1153694519
1197 -385.687418254
1198 -300.804467506
1199 -203.188262566
1200 -77.824311413
1201 -88.7566306901
1202 -163.602153815
1203 -114.24998389
1204 -171.91079913
1205 -237.429591645
1206 -269.137022782
1207 -343.828976146
1208 -395.741088493
1209 -368.628419863
1210 -225.106180429
1211 -255.615592673
1212 -318.603523232
1213 -314.912783129
1214 -200.292217398
1215 -236.026605898
1216 -204.162062548
1217 -90.1692481371
1218 -222.298528945
1219 -398.384437124
1220 -338.894515519
1221 -184.533033748
1222 -227.683377578
1223 -191.185798403
1224 -263.198856156
1225 -185.425919556
1226 -28.0226267894
1227 -706.66211557
1228 -336.403304518
1229 -304.597609942
1230 -356.495595742
1231 -579.687483747
1232 -74.9411639457
1233 -194.419877074
1234 -174.59462252
1235 -339.690739661
1236 -331.994722683
1237 -342.293493168
1238 -541.13818678
1239 -69.4626124624
1240 -347.546636445
1241 -213.165765402
1242 -294.565996653
1243 -183.013987304
1244 -287.745466131
1245 -153.142110985
1246 -160.190629324
1247 -311.12131612
1248 -203.741441321
1249 -223.202772763
1250 -235.518161651
1251 -133.341760294
1252 -325.547534558
1253 -250.383540541
1254 -333.365179387
1255 -153.383951863
1256 -66.4923965273
1257 -140.796787706
1258 -147.442383472
1259 -222.004471989
1260 -30.1921931541
1261 -324.886815555
1262 -283.037323323
1263 -235.112833782
1264 -203.66203781
1265 -198.430838173
1266 -372.625914452
1267 -185.297111635
1268 -266.651233596
1269 -314.882652068
1270 -330.615779253
1271 -224.20189503
1272 -120.193694431
1273 -163.117473798
1274 -51.4080996609
1275 -406.516643329
1276 -223.103779018
1277 -210.869536612
1278 -545.814975153
1279 -194.116092899
1280 -180.924311074
1281 -166.561366652
1282 -296.94501925
1283 -376.906477366
1284 -200.653380282
1285 -345.238087683
1286 -421.566339576
1287 -76.4077640263
1288 -108.077709944
1289 -212.745762768
1290 -676.486129114
1291 -147.866449192
1292 -206.795976131
1293 -21.7884525287
1294 -308.708213466
1295 -210.557393538
1296 -363.597673309
1297 -116.248245888
1298 -397.576391607
1299 -285.740215053
1300 -107.930273416
1301 -301.464203389
1302 -157.743244136
1303 -382.82639629
1304 -319.668380751
1305 -334.109869031
1306 -192.15128227
1307 -147.248878396
1308 -207.162229476
1309 -295.813966888
1310 -230.328710845
1311 -344.600975697
1312 -204.683978888
1313 -348.718367847
1314 -102.779183636
1315 -108.064016959
1316 -233.023809788
1317 -70.1384923898
1318 -231.40857802
1319 -350.2340862
1320 -361.028110873
1321 -347.733230327
1322 -205.760603859
1323 -205.582596403
1324 -594.272375732
1325 -169.450598811
1326 -48.4077308261
1327 -259.51332154
1328 -108.223144692
1329 -316.454730431
1330 -196.226491472
1331 -291.696219798
1332 -271.546884675
1333 -219.214608171
1334 -322.690932419
1335 -205.94424795
1336 -143.721629666
1337 -192.155516526
1338 -252.098080937
1339 -352.966473906
1340 -348.185736446
1341 -50.7112578767
1342 -363.097746561
1343 -283.786863373
1344 -82.7515524249
1345 -207.482506916
1346 -47.2267249355
1347 -241.669310398
1348 -232.385734144
1349 -284.157021896
1350 -265.818037324
1351 -232.65244875
1352 -202.931866471
1353 -166.973106054
1354 -69.2282567966
1355 -74.5825994305
1356 -204.030706713
1357 -366.846392946
1358 -342.025579535
1359 -69.8247224823
1360 -195.22096061
1361 -318.70210251
1362 -72.8834053425
1363 -337.93506437
1364 -170.051303213
1365 -438.473046676
1366 -274.401608908
1367 -84.8066083171
1368 -305.05233484
1369 -122.800501458
1370 -301.136357526
1371 -311.391493251
1372 -66.9344672757
1373 -355.740603405
1374 -234.227800378
1375 -388.00875035
1376 -360.517114253
1377 -172.34717435
1378 -96.9077654094
1379 -320.409360091
1380 -313.699971385
1381 -226.536810457
1382 -221.416372116
1383 -206.35632901
1384 -303.247006454
1385 -514.714172157
1386 -321.153087566
1387 -344.289225675
1388 -257.867156645
1389 -94.3655447265
1390 -366.145281006
1391 -549.714053465
1392 -336.749009038
1393 -302.705651887
1394 -457.91107023
1395 -200.747921978
1396 -317.668275977
1397 -77.2289619286
1398 -359.604253095
1399 -194.446601931
1400 -235.733345481
1401 -396.263641633
1402 -58.8452448011
1403 -183.714784817
1404 -229.246342325
1405 -358.997328517
1406 -396.274590603
1407 -200.072301231
1408 -347.752858072
1409 -203.100775733
1410 -61.1952808187
1411 -209.358041022
1412 -89.7602585106
1413 -62.5136109365
1414 -305.439920124
1415 -209.255788883
1416 -343.843468088
1417 -206.994104935
1418 -336.673674251
1419 -347.953873914
1420 -368.983751772
1421 -413.905155274
1422 -36.702735675
1423 -376.006668967
1424 -264.148412806
1425 -383.919409857
1426 -364.861900993
1427 -233.834979171
1428 -56.1837860788
1429 -318.831420883
1430 -345.794261359
1431 -264.471507696
1432 -193.799057811
1433 -146.231427371
1434 -215.520952622
1435 -278.287073967
1436 -210.720027102
1437 -100.661963026
1438 -196.439402563
1439 -497.80103529
1440 -290.797325136
1441 -209.95776786
1442 -340.352546211
1443 -331.831447248
1444 -353.228164546
1445 -656.709095306
1446 -332.724565232
1447 -332.93726034
1448 -155.854976952
1449 -92.5407655123
1450 -333.694307988
1451 -330.359675677
1452 -319.719230057
1453 -278.82614298
1454 -197.300118195
1455 -141.818343274
1456 -260.760212886
1457 -212.241384631
1458 -70.3968537235
1459 -26.2469795901
1460 -178.270740249
1461 -336.363545331
1462 -309.187615162
1463 -325.059069352
1464 -205.651162449
1465 -310.039742299
1466 -334.599873387
1467 -330.204127196
1468 -178.148477907
1469 -302.405591206
1470 -25.3930309638
1471 -204.002720243
1472 -335.773903621
1473 -226.548507401
1474 -138.292159908
1475 -346.302613694
1476 -98.0955025351
1477 -205.435589253
1478 -105.614099564
1479 -223.269343769
1480 -331.713618527
1481 -274.033684166
1482 -298.545651533
1483 -349.093671783
1484 -259.83378195
1485 -148.884078147
1486 -129.796983025
1487 -155.013819433
1488 -381.661327631
1489 -217.157100853
1490 -118.369476644
1491 -208.025979268
1492 -328.982535122
1493 -187.998026138
1494 -331.156189453
1495 -178.174247887
1496 -420.592213792
1497 -350.849883633
1498 -316.710641605
1499 -351.816029344
1500 -65.7632490868
1501 -347.86666532
1502 -173.685727254
1503 -408.204729679
1504 -372.665639155
1505 -387.509850326
1506 -221.672105487
1507 -271.113699603
1508 -335.504741664
1509 -246.380300003
1510 -307.216189587
1511 -292.264807012
1512 -335.943751074
1513 -328.622985517
1514 -162.431281416
1515 -206.573394576
1516 -230.484254588
1517 -237.905847269
1518 -344.535570901
1519 -314.658528334
1520 -100.945894895
1521 -242.2343514
1522 -355.879789447
1523 -143.461203804
1524 -369.985990959
1525 -212.111063612
1526 -243.718432138
1527 -224.426102581
1528 -198.607494085
1529 -82.343528357
1530 -234.931387305
1531 -326.18519096
1532 -298.613975174
1533 -342.367452823
1534 -78.2140988307
1535 -221.758665976
1536 -388.504931954
1537 -61.146028357
1538 -517.410468056
1539 -224.343667459
1540 -434.535087403
1541 -193.320578425
1542 -195.701466789
1543 -190.68622492
1544 -194.830752747
1545 -153.75721832
1546 -164.987523716
1547 -296.106405867
1548 -215.00709372
1549 -37.3470720579
1550 -301.467768499
1551 -332.887673069
1552 -347.879033848
1553 -337.244496971
1554 -171.554662571
1555 -314.23576656
1556 -612.840510099
1557 -399.151613126
1558 -313.61240228
1559 -227.938582576
1560 -265.565504769
1561 -353.742486899
1562 -226.027992265
1563 -244.329028636
1564 -274.043933696
1565 -202.197186327
1566 -339.094229296
1567 -311.522468412
1568 -75.7744506344
1569 -341.444349016
1570 -135.891184943
1571 -147.463983613
1572 -77.6836644512
1573 -152.484978703
1574 -390.395046051
1575 -335.746474131
1576 -190.127021444
1577 -236.527980777
1578 -394.541512651
1579 -274.442145509
1580 -100.065201657
1581 -196.303577864
1582 -320.764354871
1583 -201.907087196
1584 -277.525552194
1585 -353.502458327
1586 -85.8403318087
1587 -211.629607617
1588 -337.211448216
1589 -197.894710953
1590 -359.17016087
1591 -318.821464262
1592 -335.415189595
1593 -267.031494141
1594 -168.858310651
1595 -394.478561471
1596 -100.107502475
1597 -335.157391864
1598 -307.789889253
1599 -145.535478789
1600 -138.367087648
1601 -359.625903057
1602 -175.373261964
1603 -92.7265542716
1604 -352.074593574
1605 -226.595355906
1606 -210.762047016
1607 -344.543519461
1608 -626.09222364
1609 -400.651027376
1610 -99.5408919343
1611 -372.566729625
1612 -184.292570501
1613 -344.605158049
1614 -62.3680213331
1615 -335.928031477
1616 -216.418954459
1617 -181.950665378
1618 -156.048143352
1619 -524.944548625
1620 -309.26209538
1621 -366.188773338
1622 -66.1573066687
1623 -322.528533201
1624 -332.130035302
1625 -21.4692540167
1626 -217.155785202
1627 -357.301500726
1628 -462.479433491
1629 -347.260522903
1630 -206.861461651
1631 -329.598964058
1632 -264.187030758
1633 -321.537757356
1634 -76.0588339414
1635 -94.0566255076
1636 -293.292563969
1637 -33.805885669
1638 -106.850968796
1639 -211.053662294
1640 -349.787627067
1641 -410.120668648
1642 -65.7073652045
1643 -83.3264802502
1644 -358.962121477
1645 -265.145677067
1646 -109.868590034
1647 -117.035141922
1648 -269.545370801
1649 -327.993213464
1650 -362.284530189
1651 -276.065013709
1652 -312.613955449
1653 -209.665268564
1654 -335.087586934
1655 -346.666978423
1656 -221.299703397
1657 -235.808536747
1658 -283.99941957
1659 -112.109693484
1660 -308.23833137
1661 -81.7981911123
1662 -55.205490883
1663 -279.019043866
1664 -216.717597844
1665 -339.547298126
1666 -219.527551089
1667 -211.673265419
1668 -369.604816078
1669 -196.643782395
1670 -241.219191469
1671 -255.912960691
1672 -196.027528992
1673 -226.865665142
1674 -220.513689855
1675 -68.2113820655
1676 -174.125926154
1677 -246.960436639
1678 -49.6742909802
1679 -245.387326137
1680 -125.912070373
1681 -183.579018557
1682 -335.024016196
1683 -515.00729975
1684 -28.2580793184
1685 -327.698950664
1686 -298.485694229
1687 -557.51086707
1688 -270.54565129
1689 -63.1051893013
1690 -203.708282863
1691 -122.164081267
1692 -293.973461785
1693 -634.660896719
1694 -189.798129779
1695 -210.980136798
1696 -334.52192682
1697 -245.253747454
1698 -185.791836123
1699 -192.174801398
1700 -222.980551926
1701 -154.601683352
1702 -224.366720728
1703 -66.2384015244
1704 -144.894799806
1705 -382.071874032
1706 -394.476953182
1707 -214.204532326
1708 -368.281052163
1709 -224.167241529
1710 -142.246787174
1711 -207.954507715
1712 -287.578152007
1713 -366.267233028
1714 -336.686082772
1715 -325.424951565
1716 -270.831469723
1717 -78.3059734316
1718 -332.210706208
1719 -68.1900964904
1720 -112.854577646
1721 -112.440636008
1722 -73.1223144489
1723 -93.617560172
1724 -162.996938282
1725 -205.883904223
1726 -231.283104925
1727 -347.234988462
1728 -113.944650489
1729 -450.926229931
1730 -353.570661609
1731 -153.730136081
1732 -218.760771779
1733 -77.1239934473
1734 -49.9925984841
1735 -315.554128584
1736 -95.077708124
1737 -323.626516503
1738 -82.1848235813
1739 -304.282720231
1740 -202.366603556
1741 -152.515744921
1742 -375.206343369
1743 -224.150060483
1744 -350.685387397
1745 -343.606841647
1746 -304.272947264
1747 -509.401269539
1748 -332.487680539
1749 -204.146340955
1750 -159.418030769
1751 -176.55818638
1752 -79.4488183122
1753 -193.138065196
1754 -113.078465442
1755 -323.697050889
1756 -198.882965572
1757 -306.669164847
1758 -218.114252964
1759 -293.40731468
1760 -240.163710607
1761 -297.347667615
1762 -302.626324465
1763 -400.158006706
1764 -371.409450922
1765 -89.9864996122
1766 -303.623859069
1767 -149.779624794
1768 -254.137402842
1769 -342.511674552
1770 -339.657870685
1771 -208.488982371
1772 -487.717503659
1773 -41.4614002701
1774 -314.957746181
1775 -362.972915557
1776 -200.512938922
1777 -191.953953521
1778 -43.6450059912
1779 -92.4524033598
1780 -173.392538816
1781 -251.786906769
1782 -110.451642399
1783 -333.681914393
1784 -318.15823461
1785 -95.8952182402
1786 -134.364147401
1787 -188.666530334
1788 -33.0231394647
1789 -255.268178251
1790 -118.289771811
1791 -446.084477266
1792 -340.295888412
1793 -293.124355698
1794 -364.253493896
1795 -308.593038663
1796 -206.259629943
1797 -225.734808537
1798 -338.023355889
1799 -316.545830952
1800 -300.25219498
1801 -250.676293242
1802 -475.588098776
1803 -209.357082687
1804 -330.017501026
1805 -371.186700315
1806 -26.5881968163
1807 -443.238439975
1808 -14.1169249404
1809 -241.03813554
1810 -340.179789398
1811 -162.656741469
1812 -194.226738144
1813 -271.094825327
1814 -342.054954548
1815 -371.458958631
1816 -293.879093218
1817 -295.241465588
1818 -324.430590123
1819 -242.993617109
1820 -382.530065758
1821 -76.9836238587
1822 -392.475985736
1823 -494.84274147
1824 -177.147728768
1825 -216.175355077
1826 -350.813518144
1827 -314.276631871
1828 -369.621461087
1829 -156.130552053
1830 -219.859635351
1831 -106.971162445
1832 -48.3601859393
1833 -372.516213339
1834 -354.514598813
1835 -239.555442545
1836 -193.316286295
1837 -239.965826373
1838 -295.529502667
1839 -693.822330261
1840 -344.573254751
1841 -199.368136694
1842 -87.3954353094
1843 -205.915112821
1844 -147.882963989
1845 -370.119182271
1846 -126.65963425
1847 -223.564716064
1848 -63.5464169585
1849 -373.603044401
1850 -111.169693948
1851 -65.0557834614
1852 -202.209245178
1853 -32.6666911734
1854 -280.900786176
1855 -213.269456849
1856 -304.133504363
1857 -249.902373449
1858 -166.739867276
1859 -273.840312713
1860 -348.326044877
1861 -628.886244859
1862 -189.333665849
1863 -297.428944793
1864 -326.680534346
1865 -102.875547768
1866 -53.3165372893
1867 -353.594299301
1868 -222.784783327
1869 -188.237188583
1870 -54.2952047079
1871 -202.880532845
1872 -142.39182504
1873 -410.989525272
1874 -304.012724338
1875 -345.826284499
1876 -217.807077487
1877 -213.947880235
1878 -230.822630976
1879 -211.374796776
1880 -239.562922664
1881 -361.602145344
1882 -377.923561185
1883 -219.820150706
1884 -378.351082121
1885 -515.780803555
1886 -408.328813572
1887 -238.574381141
1888 -457.082637832
1889 -163.368621775
1890 -150.293930937
1891 -204.716088556
1892 -364.424758115
1893 -117.636189328
1894 -262.636458055
1895 -195.560515831
1896 -73.3823688399
1897 -346.057464315
1898 -214.644973876
1899 -158.873710064
1900 -308.751834652
1901 -226.482474707
1902 -294.671775893
1903 -39.1463470739
1904 -324.193292941
1905 -100.178380553
1906 -388.186617037
1907 -553.641072275
1908 -197.126425612
1909 -218.864909291
1910 -241.71280084
1911 -382.380517848
1912 -94.3558858203
1913 -231.094138854
1914 -646.149010196
1915 -219.278110971
1916 -185.422817128
1917 -117.135484435
1918 -319.604248586
1919 -66.2782956432
1920 -123.723588722
1921 -344.906441142
1922 -309.411385305
1923 -289.950016573
1924 -288.984996697
1925 -324.805110053
1926 -90.4318591447
1927 -268.805113275
1928 -328.073500161
1929 -211.309594988
1930 -217.180326037
1931 -545.205323782
1932 -381.527761722
1933 -330.147586783
1934 -310.572851307
1935 -256.563116403
1936 -51.3237973871
1937 -363.518569966
1938 -647.370814401
1939 -253.813377064
1940 -311.300390923
1941 -131.19061066
1942 -320.130133908
1943 -101.997829727
1944 -100.705226376
1945 -291.279253829
1946 -281.890506702
1947 -55.1087550377
1948 -93.1911959607
1949 -459.705900164
1950 -221.242121104
1951 -387.681093554
1952 -175.41467707
1953 -124.684226486
1954 -319.469902203
1955 -113.279157908
1956 -179.967390311
1957 -77.0655165034
1958 -316.355485957
1959 -246.769786468
1960 -172.796813755
1961 -198.463363843
1962 -162.371745538
1963 -266.069508227
1964 -217.347180565
1965 -75.5189588474
1966 -83.5890727812
1967 -328.846392448
1968 -229.111700268
1969 -68.211202585
1970 -161.34923575
1971 -345.63012108
1972 -97.1235961372
1973 -73.5442460613
1974 -169.805639607
1975 -47.119159297
1976 -298.574618437
1977 -305.212810229
1978 -413.175576686
1979 -471.032761128
1980 -355.62547552
1981 -280.620938724
1982 -191.320489365
1983 -106.340016365
1984 -208.299032547
1985 -159.054335131
1986 -82.7499202816
1987 -138.153125979
1988 -81.2940649281
1989 -57.8165299772
1990 -370.055011608
1991 -48.9170060531
1992 -311.066237872
1993 -301.994653146
1994 -345.55306665
1995 -326.650668797
1996 -316.201424815
1997 -182.855671859
1998 -148.688449277
1999 -245.597975681
2000 -413.592110029
2001 -172.424972574
2002 -204.291409246
2003 -194.502592431
2004 -336.34521407
2005 -125.357117965
2006 -38.2505782437
2007 -300.01204846
2008 -162.862728028
2009 -181.474524852
2010 -73.1111528407
2011 -217.13972038
2012 -317.256828529
2013 -143.494488164
2014 -350.632006696
2015 -297.01141261
2016 -222.995819884
2017 -174.392909521
2018 -321.027221469
2019 -211.673500676
2020 -325.511439575
2021 -187.294244408
2022 -693.289302403
2023 -191.706491664
2024 -348.112346875
2025 -120.052455839
2026 -345.523782102
2027 -329.305301405
2028 -402.720978196
2029 -363.608845196
2030 -266.053578086
2031 -414.30365444
2032 -90.8084339194
2033 -350.788279003
2034 -223.874121065
2035 -31.9594944172
2036 -181.293717494
2037 -294.65700137
2038 -216.698729127
2039 -168.044099155
2040 -513.645776793
2041 -244.044324083
2042 -341.500873468
2043 -89.5371028327
2044 -330.032831552
2045 -81.1029020274
2046 -318.175115728
2047 -223.215271089
2048 -264.72863568
2049 -148.267285929
2050 -190.163817618
2051 -243.98235295
2052 -138.08741752
2053 -317.102348277
2054 -89.0731212697
2055 -334.708560494
2056 -217.14807849
2057 -155.408835346
2058 -383.862027484
2059 -306.141709815
2060 -202.523099826
2061 -40.1392293218
2062 -146.087361614
2063 -189.862974573
2064 -129.871382562
2065 -84.9114458558
2066 -388.37723535
2067 -333.343811633
2068 -332.897831057
2069 -355.555547708
2070 -437.421847851
2071 -148.977455233
2072 -198.537619138
2073 -392.579689599
2074 -298.265000472
2075 -156.5123128
2076 -301.744486
2077 -95.4544064397
2078 -76.1711794582
2079 -38.9997235479
2080 -317.027414917
2081 -305.878287959
2082 -64.6614442408
2083 -324.994924167
2084 -155.493098329
2085 -317.919911738
2086 -179.517031343
2087 -59.7173899319
2088 -199.576335676
2089 -54.1163177848
2090 -220.723818608
2091 -66.1795832765
2092 -102.736271168
2093 -582.204413981
2094 -300.902705274
2095 -314.353310673
2096 -75.9620092768
2097 -291.60499465
2098 -464.644141399
2099 -217.616514149
2100 -93.3467712391
2101 -41.136733831
2102 -100.472126078
2103 -63.7140336988
2104 -204.817924605
2105 -332.610824635
2106 -212.61186744
2107 -279.084042064
2108 -180.536726667
2109 -349.231583123
2110 -377.979742178
2111 -168.535917018
2112 -108.796833984
2113 -210.891366205
2114 -342.300089765
2115 -90.1684496509
2116 -334.548774067
2117 -97.4143523143
2118 -350.141253173
2119 -365.408736357
2120 -250.395104189
2121 -296.409115292
2122 -210.609849338
2123 -168.706993029
2124 -238.405576034
2125 -393.146279976
2126 -346.859634805
2127 -165.729206234
2128 -44.7611672227
2129 -201.688998399
2130 -205.364105113
2131 -114.71628893
2132 -358.57304324
2133 -574.923435703
2134 -197.772147716
2135 -341.242039506
2136 -261.88881685
2137 -59.6186079166
2138 -26.9565599043
2139 -77.2925915683
2140 -404.356786086
2141 -520.492354261
2142 -213.026740186
2143 -313.035092747
2144 -268.550435584
2145 -499.523800109
2146 -80.3072386498
2147 -308.818273151
2148 -53.4596668541
2149 -227.918525786
2150 -307.142453828
2151 -88.6269787708
2152 -88.4330110231
2153 -218.427146053
2154 -38.3611809183
2155 -184.611102225
2156 -270.073521381
2157 -294.930712978
2158 -205.425900184
2159 -99.1081223134
2160 -343.581195887
2161 -332.240495604
2162 -373.494368144
2163 -68.6870902615
2164 -44.9499489651
2165 -69.6307709403
2166 -85.6497397824
2167 -202.114377751
2168 -74.3890067892
2169 -220.745057491
2170 -62.807123902
2171 -157.950085679
2172 -421.112959371
2173 -142.662310658
2174 -467.952716349
2175 -332.738460558
2176 -204.169720552
2177 -214.762044618
2178 -157.662305295
2179 -75.0871805152
2180 -375.878484446
2181 -324.43375266
2182 -169.871903937
2183 -219.763458382
2184 -105.679071426
2185 -209.219137522
2186 -297.861562794
2187 -306.309521272
2188 -352.905636333
2189 -178.247747457
2190 -488.777886368
2191 -85.7578324996
2192 -20.1187113584
2193 -59.0310558414
2194 -351.468274423
2195 -123.078373122
2196 -198.355043004
2197 -343.867792945
2198 -100.475714533
2199 -296.237881481
2200 -137.513350173
2201 -525.023826663
2202 -330.815457879
2203 -148.964878642
2204 -322.300204034
2205 -437.940240036
2206 -276.228786058
2207 -215.345559462
2208 -370.169460537
2209 -337.334046909
2210 -335.355628092
2211 -231.151482122
2212 -203.680687626
2213 -208.196891133
2214 -202.49582138
2215 -336.155169848
2216 -191.516918884
2217 -341.288248319
2218 -310.980802701
2219 -365.830014416
2220 -338.420038459
2221 -281.162699644
2222 -339.414483713
2223 -337.61683772
2224 -309.121310092
2225 -301.584667136
2226 -214.983661505
2227 -317.794660227
2228 -193.085237518
2229 -219.53925045
2230 -377.160931034
2231 -334.599219813
2232 -317.062846621
2233 -357.633647153
2234 -259.927487717
2235 -354.118115954
2236 -324.441676234
2237 -63.3137883963
2238 -151.965701046
2239 -389.836658831
2240 -117.343247958
2241 -285.328452342
2242 -218.232301765
2243 -131.817680942
2244 -150.669907993
2245 -222.195334617
2246 -85.6618888282
2247 -273.686023963
2248 -415.163388857
2249 -287.111509738
2250 -191.411142707
2251 -195.236127781
2252 -223.175302699
2253 -98.728042986
2254 -198.945409699
2255 -373.792112583
2256 -184.871994661
2257 -69.3457793295
2258 -265.523628586
2259 -200.959526165
2260 -364.55188125
2261 -215.134943744
2262 -339.804599258
2263 -234.114199765
2264 -183.376570426
2265 -174.952713826
2266 -344.754235649
2267 -252.997057945
2268 -332.574777502
2269 -296.911405406
2270 -76.0788092324
2271 -347.018820915
2272 -613.025693103
2273 -204.717268225
2274 -57.1540145666
2275 -130.168878065
2276 -220.109332273
2277 -315.822720584
2278 -198.949371662
2279 -107.33461899
2280 -275.548961115
2281 -179.181241404
2282 -349.651196078
2283 -309.483416385
2284 -238.053594061
2285 -210.690523081
2286 -154.328258954
2287 -54.1329646928
2288 -48.3780855733
2289 -67.4779419897
2290 -295.338376834
2291 -202.732490831
2292 -214.240297301
2293 -359.056656974
2294 -320.588646583
2295 -307.825068163
2296 -302.91059599
2297 -265.647764806
2298 -299.351831728
2299 -202.233488316
2300 -216.353751742
2301 -34.1758892287
2302 -220.150588416
2303 -85.0719722877
2304 -66.4134355507
2305 -341.150876045
2306 -261.823386076
2307 -288.088474897
2308 -289.973034902
2309 -232.247997454
2310 -206.418143089
2311 -398.611936309
2312 -394.105311738
2313 -218.108665275
2314 -307.920540483
2315 -96.3472918273
2316 -178.469451192
2317 -204.981241582
2318 -529.520569587
2319 -424.76122477
2320 -225.592292061
2321 -286.154325858
2322 -311.887142818
2323 -458.587166582
2324 -230.103969366
2325 -224.671765222
2326 -348.650502834
2327 -267.438727901
2328 -224.194049378
2329 -224.074036552
2330 -83.566417283
2331 -341.538074346
2332 -289.120456205
2333 -168.882117586
2334 -258.919690725
2335 -218.711952827
2336 -109.523067371
2337 -232.97025076
2338 -309.228704434
2339 -211.463047599
2340 -78.9032663261
2341 -330.284446082
2342 -305.227461556
2343 -66.1186099917
2344 -73.7405215401
2345 -142.734096505
2346 -126.745230657
2347 -340.849544598
2348 -170.775680793
2349 -376.326502817
2350 -190.040150762
2351 -337.653127146
2352 -160.59324965
2353 -439.598089348
2354 -296.111357655
2355 -235.743358967
2356 -360.74118459
2357 -53.2308846037
2358 -363.125916315
2359 -161.685688803
2360 -306.012347517
2361 -120.445297223
2362 -109.127239126
2363 -346.299617163
2364 -242.682935149
2365 -257.320220478
2366 -185.621121123
2367 -63.3810915872
2368 -402.054954662
2369 -377.268960833
2370 -363.04277421
2371 -341.1560463
2372 -286.493113559
2373 -230.335234066
2374 -82.9449828466
2375 -224.438508494
2376 -169.047075425
2377 -336.395565558
2378 -359.108566249
2379 -185.967980226
2380 -181.509738755
2381 -220.048833553
2382 -282.665198154
2383 -62.3370020666
2384 -220.984718947
2385 -360.30754613
2386 -289.761582721
2387 -194.991789959
2388 -276.075369664
2389 -224.868709451
2390 -263.525797536
2391 -571.764108234
2392 -213.996441999
2393 -320.462404771
2394 -283.210162411
2395 -358.801257143
2396 -353.416056
2397 -92.5921123553
2398 -165.506759068
2399 -278.973962043
2400 -350.782690313
2401 -50.4765193488
2402 -201.819558218
2403 -185.168691409
2404 -196.021633501
2405 -95.955375707
2406 -142.031690391
2407 -216.499831043
2408 -262.989571002
2409 -119.085313514
2410 -240.338405107
2411 -374.846662644
2412 -213.333579055
2413 -301.299922451
2414 -154.258075112
2415 -253.14053647
2416 -242.901596035
2417 -223.459791573
2418 -245.13815563
2419 -255.524931432
2420 -90.0852247521
2421 -223.197814005
2422 -156.681032762
2423 -201.5578473
2424 -90.916889979
2425 -312.81346629
2426 -382.904388363
2427 -325.441713968
2428 -294.68208017
2429 -300.278194072
2430 -303.464967022
2431 -46.1405797492
2432 -87.5355604436
2433 -125.554802397
2434 -118.171964284
2435 -301.077839342
2436 -172.677223905
2437 -131.833418016
2438 -256.971312441
2439 -314.761847813
2440 -67.6238709334
2441 -210.790980764
2442 -266.327511049
2443 -384.770141759
2444 -363.965910907
2445 -291.714142124
2446 -124.105377175
2447 -329.54506528
2448 -335.729093056
2449 -339.814143202
2450 -225.265599265
2451 -530.361909822
2452 -65.1164681487
2453 -199.072407627
2454 -240.933347654
2455 -99.679405582
2456 -75.8512652895
2457 -105.377615453
2458 -52.6839374032
2459 -242.674000213
2460 -218.761995729
2461 -133.862902019
2462 -306.551484216
2463 -515.29116619
2464 -80.2216378454
2465 -358.284201311
2466 -338.481171666
2467 -222.315730868
2468 -303.462611482
2469 -599.658023304
2470 -105.192382181
2471 -255.828600802
2472 -227.32349531
2473 -360.961747868
2474 -127.239304184
2475 -329.935201689
2476 -367.54411995
2477 -240.710694531
2478 -302.738511942
2479 -291.769388717
2480 -92.8070881974
2481 -339.339724154
2482 -199.526163072
2483 -206.205582028
2484 -299.438958597
2485 -209.058770876
2486 -296.232553077
2487 -327.526594675
2488 -201.577065527
2489 -350.743402842
2490 -207.584236485
2491 -320.161603788
2492 -344.11325255
2493 -297.721054422
2494 -86.1069097028
2495 -339.635623497
2496 -303.156273443
2497 -180.288376362
2498 -397.993430045
2499 -140.505329287
2500 -205.131764871
2501 -71.4990946793
2502 -271.060280229
2503 -329.02304822
2504 -629.283993627
2505 -224.7015861
2506 -308.25427096
2507 -317.313296491
2508 -343.64816032
2509 -186.827059236
2510 -76.7404009739
2511 -355.962506215
2512 -155.480389394
2513 -117.014732622
2514 -293.956336094
2515 -352.855079569
2516 -48.2705213811
2517 -258.312835351
2518 -72.4626373787
2519 -373.059530262
2520 -193.849742764
2521 -355.924312269
2522 -302.96246857
2523 -228.094491003
2524 -272.656080053
2525 -158.802611274
2526 -372.921955974
2527 -66.1679863264
2528 -339.657827812
2529 -261.839325735
2530 -137.379382441
2531 -83.3430577965
2532 -188.436197191
2533 -45.61893232
2534 -320.511568724
2535 -202.563654437
2536 -276.599044914
2537 -101.354343742
2538 -280.079633704
2539 -333.263604384
2540 -288.896125692
2541 -374.056139785
2542 -270.074327021
2543 -171.1132293
2544 -200.11917314
2545 -187.521155617
2546 -218.209016629
2547 -242.697092501
2548 -144.469929166
2549 -210.720898593
2550 -208.355673278
2551 -343.823343416
2552 -335.149129553
2553 -151.155616332
2554 -319.931183351
2555 -350.194445066
2556 -44.6450871332
2557 -88.3655986051
2558 -369.118432118
2559 -393.213026599
2560 -319.117178
2561 -285.563442941
2562 -311.559590776
2563 -79.2217903139
2564 -308.603140593
2565 -342.223393534
2566 -277.953392626
2567 -268.88447122
2568 -359.257308796
2569 -280.1778158
2570 -102.105653571
2571 -181.995678973
2572 -321.636083713
2573 -27.7267065497
2574 -213.886208511
2575 -125.912827826
2576 -254.407418754
2577 -185.005002848
2578 -276.16246735
2579 -280.200453455
2580 -269.281039574
2581 -349.558421587
2582 -219.461393206
2583 -181.194609478
2584 -203.311435721
2585 -359.359482732
2586 -214.056101037
2587 -215.007721828
2588 -317.382533013
2589 -360.900651404
2590 -148.1012521
2591 -321.514392378
2592 -190.035437437
2593 -222.719201572
2594 -200.590035446
2595 -351.556715131
2596 -563.936368477
2597 -250.79461841
2598 -82.581644335
2599 -540.185586997
2600 -266.345953152
2601 -195.273552421
2602 -321.888439694
2603 -340.725950669
2604 -44.9869546926
2605 -136.263507319
2606 -284.970550777
2607 -360.337161639
2608 -260.444377227
2609 -82.0951540612
2610 -116.717097248
2611 -207.773832705
2612 -223.641177682
2613 -98.7777479819
2614 -33.4785088365
2615 -366.798648088
2616 -52.5124408561
2617 -339.59814302
2618 -249.740782211
2619 -197.908188979
2620 -283.902582666
2621 -159.341152075
2622 -236.963315019
2623 -54.527538493
2624 -396.829663334
2625 -323.211335101
2626 -214.44523264
2627 -206.89799876
2628 -354.226774484
2629 -303.893855779
2630 -295.663326054
2631 -349.805693513
2632 -324.34276699
2633 -147.233895356
2634 -47.3218206363
2635 -86.7419313949
2636 -106.209255598
2637 -91.2129721173
2638 -51.9094960525
2639 -227.310379535
2640 -294.065823551
2641 -528.832315673
2642 -244.792340682
2643 -229.39935894
2644 -107.376963082
2645 -332.414799423
2646 -58.0656316229
2647 -245.717199758
2648 -370.40153739
2649 -335.662275675
2650 -342.574135394
2651 -205.70252397
2652 -46.1046175353
2653 -304.30665712
2654 -314.800677608
2655 -218.807306521
2656 -164.909269109
2657 -275.903939457
2658 -102.558885739
2659 -212.440850306
2660 -342.858429155
2661 -224.664293973
2662 -243.498405096
2663 -224.76727378
2664 -256.076422061
2665 -537.120610077
2666 -91.5856760827
2667 -206.357193794
2668 -239.999442099
2669 -210.72876569
2670 -252.176231562
2671 -245.808423369
2672 -203.321057301
2673 -195.47996283
2674 -235.676099878
2675 -214.748029279
2676 -64.6580241105
2677 -84.4619856277
2678 -331.465153742
2679 -423.272477418
2680 -191.653648405
2681 -356.365822195
2682 -290.994858087
2683 -67.0569223245
2684 -351.627958423
2685 -144.512598732
2686 -170.389779503
2687 -357.953175651
2688 -248.367896359
2689 -325.944380796
2690 -343.523760116
2691 -313.694010044
2692 -215.766666285
2693 -363.677389167
2694 -363.341672523
2695 -263.645993784
2696 -195.124415385
2697 -338.467183528
2698 -349.392541606
2699 -240.631628308
2700 -365.101436861
2701 -60.5274108095
2702 -228.040402416
2703 -75.3783707968
2704 -409.580656106
2705 -417.188836854
2706 -469.216710552
2707 -256.255343678
2708 -111.058509925
2709 -323.541369709
2710 -205.498348703
2711 -197.60940483
2712 -274.365230813
2713 -318.917279269
2714 -206.763905198
2715 -190.846842731
2716 -44.3593839668
2717 -352.581854442
2718 -367.712844979
2719 -214.026491211
2720 -203.159364706
2721 -217.455762471
2722 -97.2216348528
2723 -328.323159433
2724 -363.719271568
2725 -207.830902546
2726 -375.588983127
2727 -554.247508805
2728 -630.386015188
2729 -227.960578661
2730 -158.885876701
2731 -370.199804002
2732 -125.680745425
2733 -385.201246917
2734 -330.805636986
2735 -290.523698247
2736 -329.734184629
2737 -462.367959745
2738 -199.448806053
2739 -92.7541310152
2740 -192.830942042
2741 -176.665200992
2742 -63.1611665234
2743 -206.649567773
2744 -312.437249513
2745 -258.008874898
2746 -311.5883332
2747 -270.746610936
2748 -133.178392258
2749 -306.874563494
2750 -343.534371187
2751 -220.789843275
2752 -117.93428167
2753 -301.752217358
2754 -194.271240938
2755 -351.396807339
2756 -302.026283951
2757 -126.956857173
2758 -60.6340046243
2759 -289.516010324
2760 -333.263339009
2761 -320.088534913
2762 -337.744324061
2763 -347.962778618
2764 -282.620780827
2765 -134.710815626
2766 -260.040796628
2767 -313.743598986
2768 -135.815821395
2769 -148.235225826
2770 -144.327136218
2771 -370.684214084
2772 -309.679642514
2773 -382.481748536
2774 -164.877902361
2775 -207.263056557
2776 -193.394601698
2777 -126.342195526
2778 -217.741423335
2779 -335.09798897
2780 -216.593782815
2781 -40.1701075334
2782 -137.998882105
2783 -51.919839724
2784 -227.536221352
2785 -222.239882126
2786 -158.848171844
2787 -231.06757632
2788 -289.7892185
2789 -289.052348877
2790 -236.779319604
2791 -336.67401939
2792 -127.643500696
2793 -336.502764134
2794 -351.771944783
2795 -215.950795337
2796 -237.410644626
2797 -77.469466871
2798 -344.069718199
2799 -180.434912393
2800 -176.571224759
2801 -82.7424015151
2802 -203.417123028
2803 -229.206171337
2804 -72.3165395595
2805 -68.5040345469
2806 -212.459698268
2807 -208.548522253
2808 -337.073409552
2809 -82.6815700686
2810 -222.715871262
2811 -67.8444338209
2812 -377.750438104
2813 -309.491141948
2814 -227.081948255
2815 -199.485984818
2816 -163.833981686
2817 -403.407470585
2818 -575.091092669
2819 -208.591777871
2820 -541.647374584
2821 -345.424561021
2822 -413.510336517
2823 -248.053493715
2824 -322.531926507
2825 -279.091734398
2826 -213.125926236
2827 -83.7329106595
2828 -131.08089767
2829 -247.947861275
2830 -233.474049288
2831 -319.86028341
2832 -656.266127948
2833 -335.89752764
2834 -110.520816334
2835 -341.925360482
2836 -219.844046389
2837 -325.818755696
2838 -245.504337999
2839 -241.219088687
2840 -95.5622520488
2841 -230.575808599
2842 -77.4889268657
2843 -345.644177333
2844 -373.101984014
2845 -160.24555855
2846 -175.592930466
2847 -96.7379980583
2848 -207.219396099
2849 -195.72005488
2850 -203.056636013
2851 -317.577399621
2852 -196.753424998
2853 -224.018182173
2854 -265.370657083
2855 -313.36458606
2856 -249.068043703
2857 -96.6042336966
2858 -63.6047311849
2859 -334.914472863
2860 -53.1109997191
2861 -394.795034965
2862 -370.593148559
2863 -70.573784952
2864 -224.095542162
2865 -210.801569849
2866 -114.913805288
2867 -23.4513373403
2868 -223.184543666
2869 -292.766389273
2870 -312.760163258
2871 -297.669105156
2872 -205.779960095
2873 -196.923739542
2874 -346.045189346
2875 -256.686318631
2876 -196.125040501
2877 -366.297153217
2878 -338.640202018
2879 -137.108875865
2880 -361.474609005
2881 -160.668707907
2882 -358.586281262
2883 -172.15305401
2884 -44.8141808929
2885 -475.836132464
2886 -49.6161235364
2887 -354.655614058
2888 -80.9748944984
2889 -195.184374985
2890 -297.231249815
2891 -30.3376809483
2892 -314.704588543
2893 -625.088895032
2894 -210.240680921
2895 -277.441611395
2896 -165.681672281
2897 -288.055389469
2898 -204.053813546
2899 -371.397800317
2900 -348.73033536
2901 -293.482053615
2902 -342.976466138
2903 -222.829929547
2904 -201.030028539
2905 -306.758331338
2906 -319.355313367
2907 -239.612169683
2908 -81.0572415069
2909 -88.8121232551
2910 -292.265858361
2911 -294.510549955
2912 -342.161939795
2913 -346.728061966
2914 -611.696375011
2915 -350.257721163
2916 -248.354231571
2917 -335.749556407
2918 -136.430719641
2919 -174.786839649
2920 -315.132243579
2921 -355.859713448
2922 -371.851866168
2923 -44.4090848419
2924 -156.344036913
2925 -124.328600614
2926 -275.678545703
2927 -311.350580278
2928 -255.418769323
2929 -277.594710242
2930 -324.488975717
2931 -199.898068684
2932 -222.678593995
2933 -204.834609545
2934 -139.239122561
2935 -377.839573523
2936 -320.062635914
2937 -335.162547567
2938 -64.395289288
2939 -204.190963854
2940 -215.705108031
2941 -213.231846703
2942 -299.532882185
2943 -310.608624982
2944 -322.278040012
2945 -459.000995867
2946 -320.773163041
2947 -197.547055301
2948 -93.7537516235
2949 -69.2218900354
2950 -322.155888931
2951 -325.509023308
2952 -181.831330298
2953 -291.605338874
2954 -421.167149966
2955 -446.191185649
2956 -63.2470244621
2957 -45.6494125368
2958 -379.860469535
2959 -200.27493964
2960 -45.2171130733
2961 -308.00709351
2962 -259.947957707
2963 -140.165413054
2964 -332.835381659
2965 -224.204524854
2966 -353.147106858
2967 -168.541551575
2968 -83.3742542739
2969 -264.107104366
2970 -334.555161337
2971 -315.796587641
2972 -314.281779272
2973 -644.381504391
2974 -306.272912161
2975 -117.046368566
2976 -333.453758467
2977 -319.793350678
2978 -335.783532931
2979 -237.017833667
2980 -206.913446372
2981 -211.643909121
2982 -246.00202742
2983 -64.0919759927
2984 -358.687742112
2985 -213.716427409
2986 -83.1085692371
2987 -286.514786378
2988 -151.228289677
2989 -142.13903226
2990 -150.007945604
2991 -284.986609358
2992 -296.312373511
2993 -338.667728996
2994 -216.944567882
2995 -221.872397105
2996 -165.237259203
2997 -249.198590608
2998 -377.384265842
2999 -310.161663533
3000 -176.001690921
3001 -176.642515917
3002 -339.375239173
3003 -209.091313771
3004 -315.505343984
3005 -616.120227828
3006 -75.4070274222
3007 -456.065394165
3008 -85.9227076593
3009 -367.726894192
3010 -393.327758985
3011 -360.493185553
3012 -353.000171123
3013 -124.945798378
3014 -339.252204988
3015 -38.9496926271
3016 -309.74029277
3017 -339.631550506
3018 -199.849935902
3019 -396.497140803
3020 -254.497476436
3021 -178.775484072
3022 -204.554424912
3023 -309.963489668
3024 -359.578300553
3025 -293.717358084
3026 -382.398373353
3027 -355.220754894
3028 -198.440391443
3029 -361.038194608
3030 -333.998444443
3031 -340.528507081
3032 -196.559985973
3033 -59.1937243968
3034 -311.113366912
3035 -96.2284579072
3036 -178.112072994
3037 -101.365835379
3038 -324.031214146
3039 -357.690478664
3040 -68.4151967755
3041 -219.184942338
3042 -314.436984533
3043 -363.743354
3044 -201.954538704
3045 -201.31148666
3046 -68.6760811378
3047 -367.145475889
3048 -236.942913446
3049 -92.9502399662
3050 -319.654985922
3051 -400.867495519
3052 -224.018036247
3053 -222.093560047
3054 -229.874355117
3055 -305.270292119
3056 -354.149186203
3057 -245.00064512
3058 -349.724550769
3059 -199.48695733
3060 -239.219072815
3061 -494.117191595
3062 -225.126289555
3063 -337.34476811
3064 -222.810756343
3065 -197.541158563
3066 -322.256630933
3067 -286.737193982
3068 -285.331154241
3069 -393.507526166
3070 -194.127841966
3071 -296.836211663
3072 -220.019563896
3073 -375.548058179
3074 -74.9650961407
3075 -443.34752914
3076 -76.1993565104
3077 -219.693150825
3078 -146.470892254
3079 -197.231452662
3080 -220.410710124
3081 -214.254055894
3082 -331.169487363
3083 -295.142645213
3084 -523.983861213
3085 -151.40878905
3086 -73.0648803854
3087 -325.136352837
3088 -281.646775638
3089 -149.90400991
3090 -429.936926679
3091 -248.873709985
3092 -338.961530671
3093 -350.212031835
3094 -84.2517706231
3095 -123.698906116
3096 -387.319028219
3097 -405.531593708
3098 -181.210540194
3099 -175.513184385
3100 -280.89977898
3101 -35.6781679944
3102 -351.09028357
3103 -290.284582395
3104 -196.369450432
3105 -131.80348848
3106 -338.669329222
3107 -200.867453997
3108 -377.276187179
3109 -516.48541721
3110 -65.0351211235
3111 -252.721827128
3112 -35.9832229402
3113 -212.540786446
3114 -72.7304667211
3115 -137.002831404
3116 -379.580464099
3117 -322.665912394
3118 -204.147322781
3119 -303.097145516
3120 -232.980863793
3121 -344.176967397
3122 -148.69443168
3123 -60.382324428
3124 -364.654306354
3125 -197.718919192
3126 -315.246606899
3127 -408.008017218
3128 -268.306063681
3129 -211.2706565
3130 -46.7484056263
3131 -361.850838168
3132 -325.545205337
3133 -53.6405287828
3134 -92.856950758
3135 -154.355617046
3136 -220.49041034
3137 -489.363079037
3138 -94.8337883388
3139 -354.091703658
3140 -177.624538355
3141 -334.846444074
3142 -45.0006025314
3143 -209.857456951
3144 -360.584236628
3145 -219.595604529
3146 -215.833544329
3147 -330.766853251
3148 -345.685866853
3149 -300.995036271
3150 -350.697426759
3151 -218.661572704
3152 -326.320342496
3153 -224.336156942
3154 -263.342144358
3155 -237.643604984
3156 -320.676661842
3157 -203.739978895
3158 -79.2851633722
3159 -263.529101432
3160 -129.654312512
3161 -276.05757605
3162 -290.291326553
3163 -302.438136191
3164 -135.537487974
3165 -198.725458569
3166 -211.952310648
3167 -84.4210645518
3168 -257.943014401
3169 -62.7620330932
3170 -191.589440291
3171 -243.959691223
3172 -54.7222283396
3173 -212.399387989
3174 -54.5690928038
3175 -329.659032403
3176 -726.261435639
3177 -91.614055685
3178 -346.004935134
3179 -200.331312885
3180 -52.1399891722
3181 -218.940428294
3182 -130.233591256
3183 -376.538188755
3184 -341.917507128
3185 -351.890986628
3186 -124.640260397
3187 -128.101306873
3188 -340.587815202
3189 -335.747812115
3190 -355.882750187
3191 -357.987843805
3192 -105.195086753
3193 -237.446994483
3194 -211.533517052
3195 -258.220744185
3196 -251.17965353
3197 -636.739425601
3198 -327.10682348
3199 -425.758267852
3200 -77.7671812396
3201 -195.26087795
3202 -336.423130472
3203 -357.503020719
3204 -266.278365961
3205 -223.705163241
3206 -272.631541531
3207 -220.775790658
3208 -271.066189517
3209 -33.6008807462
3210 -209.750435638
3211 -204.259951847
3212 -200.313281235
3213 -315.007185181
3214 -606.21637137
3215 -459.963972649
3216 -310.047005852
3217 -401.368246365
3218 -363.356048933
3219 -291.995288145
3220 -192.031234122
3221 -198.441119223
3222 -232.304905814
3223 -426.66658357
3224 -362.038475626
3225 -244.768075478
3226 -224.372175376
3227 -300.576830347
3228 -188.826743104
3229 -204.604543882
3230 -68.5360872068
3231 -17.7670619432
3232 -322.805816366
3233 -375.40946485
3234 -340.643395553
3235 -199.554738939
3236 -104.3249889
3237 -203.422458748
3238 -80.8321507236
3239 -192.597219262
3240 -196.591447954
3241 -314.242413992
3242 -353.251486206
3243 -198.315819773
3244 -175.280873888
3245 -203.650066451
3246 -231.915795936
3247 -76.0100634183
3248 -307.780878858
3249 -207.325865259
3250 -381.474834104
3251 -698.843199291
3252 -204.093442741
3253 -256.111922864
3254 -381.42063057
3255 -252.094636289
3256 -279.536991269
3257 -149.496628554
3258 -81.9385725783
3259 -375.159810867
3260 -205.672475342
3261 -346.962450993
3262 -293.032904894
3263 -307.150936111
3264 -655.682541042
3265 -29.6105378684
3266 -131.38500186
3267 -195.225296894
3268 -342.880929971
3269 -123.030057172
3270 -201.391729092
3271 -370.413289315
3272 -231.286415234
3273 -373.098764555
3274 -331.886180157
3275 -342.386459896
3276 -205.233958195
3277 -104.529008917
3278 -366.529094531
3279 -136.749634941
3280 -624.080023982
3281 -309.076310575
3282 -321.786155247
3283 -268.40119068
3284 -102.378927274
3285 -229.035885984
3286 -243.455238883
3287 -270.090825375
3288 -119.9883139
3289 -352.869009707
3290 -394.387167045
3291 -318.309955951
3292 -74.1534160971
3293 -173.939240003
3294 -179.784120924
3295 -67.8769215486
3296 -203.3144194
3297 -360.036819576
3298 -171.650467107
3299 -358.363022161
3300 -184.094165656
3301 -220.568382024
3302 -220.918962024
3303 -216.405770305
3304 -350.530628924
3305 -615.559437936
3306 -416.816981311
3307 -40.7120926196
3308 -682.11060379
3309 -339.987976374
3310 -228.404835232
3311 -336.627960436
3312 -117.044996864
3313 -237.624853122
3314 -232.742831374
3315 -193.853653036
3316 -201.930400675
3317 -302.352397759
3318 -189.167397911
3319 -312.027715407
3320 -284.935555545
3321 -351.315642732
3322 -44.0787750703
3323 -223.477486814
3324 -496.079258514
3325 -224.557108431
3326 -182.492897677
3327 -312.771588153
3328 -299.550412377
3329 -340.456619202
3330 -648.410307313
3331 -206.307070912
3332 -251.418987763
3333 -320.302799103
3334 -301.548538167
3335 -351.738143891
3336 -152.797020661
3337 -315.522195576
3338 -218.673549796
3339 -371.93260483
3340 -343.574526998
3341 -198.068669302
3342 -294.76382354
3343 -61.9234698539
3344 -202.859224712
3345 -227.22940272
3346 -156.650813497
3347 -229.552424017
3348 -89.6423344441
3349 -207.449106535
3350 -197.219760801
3351 -92.1674456285
3352 -418.9493419
3353 -279.429533107
3354 -206.987062188
3355 -239.324534691
3356 -215.811447919
3357 -285.682616338
3358 -150.646243352
3359 -152.504792833
3360 -214.894646003
3361 -237.05332513
3362 -69.2680801315
3363 -324.684419824
3364 -225.228410338
3365 -353.265356597
3366 -355.040222467
3367 -190.634696121
3368 -121.46792315
3369 -347.858209578
3370 -185.582190466
3371 -197.368048244
3372 -207.981420668
3373 -361.543359405
3374 -338.349846709
3375 -334.575676659
3376 -116.027299796
3377 -222.987020684
3378 -348.962295743
3379 -313.711671501
3380 -92.1949129919
3381 -372.566486742
3382 -136.352750705
3383 -342.822094272
3384 -301.990178982
3385 -210.15934369
3386 -218.521050814
3387 -209.773504376
3388 -216.067432263
3389 -334.10840524
3390 -126.909917078
3391 -366.593893222
3392 -290.854448914
3393 -212.958086813
3394 -76.1662808966
3395 -189.869847342
3396 -165.309955188
3397 -199.382116435
3398 -305.366389338
3399 -121.482282757
3400 -449.657856167
3401 -234.356012452
3402 -478.837344287
3403 -342.932250019
3404 -434.461408809
3405 -81.8523920794
3406 -360.448376099
3407 -242.938762228
3408 -272.54949171
3409 -199.985161728
3410 -86.0540422915
3411 -327.233297741
3412 -643.171619438
3413 -104.22748807
3414 -332.305298927
3415 -183.321942704
3416 -83.876798046
3417 -63.606330122
3418 -146.619694031
3419 -108.489304853
3420 -304.554269437
3421 -319.506187722
3422 -338.467107759
3423 -146.168501428
3424 -412.18789129
3425 -192.906333816
3426 -165.849510974
3427 -207.459251295
3428 -355.702581869
3429 -80.478358181
3430 -342.534445977
3431 -213.859278682
3432 -206.803895202
3433 -157.194735615
3434 -210.3098661
3435 -224.205453795
3436 -146.030419656
3437 -196.01451826
3438 -373.832488624
3439 -203.76921899
3440 -322.406277373
3441 -61.3743656717
3442 -231.079851552
3443 -180.696060263
3444 -304.701064451
3445 -221.725073066
3446 -350.861230644
3447 -362.675397648
3448 -406.508158114
3449 -393.909514168
3450 -340.782506397
3451 -92.1895868265
3452 -311.402091936
3453 -370.360219116
3454 -538.563407756
3455 -353.836407053
3456 -335.890192148
3457 -60.0687224082
3458 -323.368712154
3459 -185.240981816
3460 -85.6201690195
3461 -318.21420184
3462 -353.338749865
3463 -334.655172979
3464 -383.740783115
3465 -237.20002409
3466 -204.343293066
3467 -112.420561548
3468 -366.69500865
3469 -220.045277592
3470 -231.745796678
3471 -176.227591732
3472 -372.209660876
3473 -333.620560522
3474 -195.762342658
3475 -104.622278505
3476 -358.695338668
3477 -325.286564146
3478 -349.188408387
3479 -94.4961580977
3480 -353.471821394
3481 -201.709100379
3482 -108.887514256
3483 -164.411375661
3484 -182.946688925
3485 -230.982533199
3486 -288.615635437
3487 -196.102754445
3488 -362.281725661
3489 -223.520166714
3490 -60.1990281275
3491 -24.6009486132
3492 -326.897320702
3493 -223.641541042
3494 -85.2593267768
3495 -207.725095777
3496 -115.387079736
3497 -236.516201535
3498 -211.969599626
3499 -316.279141373
3500 -88.217435582
3501 -116.484133548
3502 -298.035605848
3503 -313.612559391
3504 -341.184731596
3505 -302.634230842
3506 -59.6847581486
3507 -346.257673795
3508 -188.191906021
3509 -358.282377073
3510 -274.982781884
3511 -216.775533656
3512 -57.375440635
3513 -572.324855033
3514 -341.691810092
3515 -81.0421123416
3516 -311.343986781
3517 -411.480550762
3518 -346.235625111
3519 -149.487451425
3520 -318.676034957
3521 -208.766740728
3522 -336.826985275
3523 -43.6332148096
3524 -129.839253445
3525 -317.918576571
3526 -66.6435768644
3527 -361.616927042
3528 -350.731941442
3529 -209.425484036
3530 -210.04285486
3531 -260.790226855
3532 -93.6921959936
3533 -193.656947927
3534 -299.703535235
3535 -219.738598162
3536 -314.617014861
3537 -215.470384264
3538 -330.656533035
3539 -207.679442477
3540 -206.376760744
3541 -330.630812913
3542 -321.449101902
