Action MLP:Hidden weights: [array([[  1.31453801e-02,   1.27043020e-03,  -2.30054244e-03,
          1.39671967e-03,  -3.06580249e-03,  -2.56851630e-03,
          3.31720669e-03,   7.65916497e-03,   6.54076508e-03,
         -2.31834681e-03,   1.59883281e-02,   1.19866618e-02,
         -2.21664173e-03,   2.58253486e-03,  -3.02970616e-03,
          1.32979906e-02,  -4.26315863e-03,  -5.19288892e-04,
         -1.95700897e-03,   3.97612785e-03,   1.43104759e-02,
          9.75474805e-03,   1.09011624e-02,   5.95415596e-03,
          5.62791822e-03,   7.79984308e-03,   1.21963955e-02,
          1.60658714e-02,   7.97187927e-03,  -1.84590340e-03,
          9.89372781e-03,  -1.34208534e-03,  -1.04152244e-03,
         -3.85366810e-03,  -1.03980084e-03,   1.19830285e-03,
         -3.30989400e-03,   8.97783108e-04,   1.68536441e-02,
          4.10213594e-03,   1.32556730e-02,   4.04180806e-03,
          1.02507822e-04,   1.36810758e-02,   9.34787907e-03,
          1.19384722e-02,  -1.76558150e-03,   2.51276687e-06,
          6.45428535e-03,   9.59594038e-03,   1.62749449e-02,
          4.96853566e-03,   4.57887255e-04,   1.24871527e-02,
          1.40908131e-02,   1.39021355e-02,  -2.95678914e-03,
          1.66819992e-02,   1.19479254e-02,   1.25239731e-02,
          1.05807816e-02,   6.63026420e-03,   1.68748312e-02,
          1.28096608e-02,   1.58098985e-02,   8.32859875e-03,
         -2.50880684e-03,  -2.56436029e-04,  -5.26810010e-03,
          7.74668923e-03,  -1.67623294e-03,   6.83430526e-03,
          9.97425213e-03,  -2.87019463e-03,   1.37718902e-02,
          1.52830682e-02,   2.38586605e-03,  -1.98241458e-03,
          1.73180707e-02,   3.75156912e-03,   1.60589057e-02,
          4.13331860e-03,   1.33976878e-02,   9.11049017e-03,
          5.93129320e-03,   5.96913646e-03,  -6.86416078e-04,
          9.74692891e-03,   4.96912168e-03,  -1.31737244e-03,
          1.49369832e-02,   1.64355534e-02,   2.83659675e-03,
          3.49650805e-03,   1.14729319e-02,  -2.02757350e-03,
          9.64548850e-03,   4.84341550e-04,   3.29469034e-03,
          4.77120757e-03],
       [  1.16607313e-01,   1.13907172e-01,   1.34728629e-01,
          1.25874626e-01,   1.34215673e-01,   1.30532633e-01,
          1.30890175e-01,   1.36492180e-01,   1.31053356e-01,
          1.33044851e-01,   1.27286224e-01,   1.27074382e-01,
          1.31900854e-01,   1.26727743e-01,   1.13458922e-01,
          1.31233700e-01,   1.22775724e-01,   1.30029035e-01,
          1.19636524e-01,   1.33492678e-01,   1.16245658e-01,
          1.32824107e-01,   1.26856926e-01,   1.27289577e-01,
          1.26791176e-01,   1.18726294e-01,   1.32656513e-01,
          1.28780537e-01,   1.32111240e-01,   1.28725276e-01,
          1.22824660e-01,   1.17904644e-01,   1.23839453e-01,
          1.18283199e-01,   1.25196244e-01,   1.24052032e-01,
          1.27995536e-01,   1.32109434e-01,   1.14257836e-01,
          1.18186157e-01,   1.15608579e-01,   1.32715692e-01,
          1.26574942e-01,   1.21214411e-01,   1.14255083e-01,
          1.27427364e-01,   1.29472526e-01,   1.29237340e-01,
          1.22368643e-01,   1.18974503e-01,   1.16200439e-01,
          1.14687153e-01,   1.26796942e-01,   1.31190236e-01,
          1.19969466e-01,   1.23015136e-01,   1.22102190e-01,
          1.21891953e-01,   1.33470651e-01,   1.14038674e-01,
          1.23600939e-01,   1.29920142e-01,   1.22230540e-01,
          1.17087245e-01,   1.28553209e-01,   1.28193436e-01,
          1.35070311e-01,   1.33538530e-01,   1.18088534e-01,
          1.31086857e-01,   1.31447564e-01,   1.23121182e-01,
          1.25013185e-01,   1.24937395e-01,   1.34116293e-01,
          1.24370314e-01,   1.16762026e-01,   1.30854496e-01,
          1.13692258e-01,   1.13591775e-01,   1.26407770e-01,
          1.17735784e-01,   1.32856588e-01,   1.27139005e-01,
          1.27010221e-01,   1.24308843e-01,   1.17200873e-01,
          1.14664668e-01,   1.24797913e-01,   1.27458059e-01,
          1.25836679e-01,   1.24275362e-01,   1.22082588e-01,
          1.16489196e-01,   1.21315670e-01,   1.29368166e-01,
          1.31407163e-01,   1.33613364e-01,   1.25272130e-01,
          1.28513359e-01],
       [ -2.25601823e-02,   1.47030713e-02,   7.79587238e-03,
          1.21237484e-02,   7.79752510e-03,   1.30680618e-02,
          1.23331335e-02,   5.27144352e-04,   6.16571587e-03,
          2.10806944e-02,   3.07401998e-03,  -8.13012337e-03,
          7.97107410e-03,   2.57221691e-02,  -1.46278684e-02,
          1.14107240e-02,   7.65085915e-03,  -1.05065307e-02,
         -1.92145927e-02,   1.81877990e-02,  -4.44557547e-03,
         -8.97411439e-03,   3.03353308e-02,   1.38677780e-02,
          7.86225410e-03,  -2.25779377e-02,  -1.25253888e-02,
          1.89137476e-04,  -2.14667574e-03,   2.29219699e-02,
          6.80247031e-03,   7.96542985e-03,   1.43368440e-02,
          3.71751362e-02,  -1.48945859e-03,  -2.20790454e-03,
         -1.91839774e-02,  -6.31865398e-03,   4.68385510e-03,
         -9.61746386e-04,  -5.80120602e-03,   2.77881334e-02,
          1.80508037e-02,  -1.39258632e-02,   9.39228303e-04,
          1.77891107e-02,   4.12755737e-04,  -2.04132290e-02,
         -1.70458807e-03,  -1.31404860e-02,   6.12926424e-03,
         -9.16871418e-03,   6.01904881e-03,   8.83872210e-03,
          1.75737468e-02,  -9.56678826e-03,  -1.25558682e-02,
         -2.84936287e-03,   1.19494864e-02,   2.29681581e-02,
          1.42670845e-02,   3.20995269e-03,   3.26556332e-02,
          5.40786789e-03,   1.78954975e-02,  -1.92120005e-02,
          2.74631440e-02,   3.16037806e-02,  -1.52132931e-02,
          3.06335909e-02,   1.11483198e-02,   1.57451093e-02,
         -2.64884641e-03,   2.39272095e-02,   2.90857385e-02,
          1.10430242e-02,   1.39517379e-02,  -2.04593094e-03,
          1.41129575e-02,   1.30397678e-02,  -6.62085364e-03,
         -2.58081432e-03,   1.33590686e-02,   1.14455275e-02,
          8.65814253e-03,   2.47086072e-02,   5.60071266e-03,
         -5.01350941e-03,  -1.54084349e-03,  -6.72976327e-03,
         -3.23069142e-03,   1.10404116e-02,   1.99709982e-02,
          1.45758780e-02,   1.59272656e-02,   8.10608883e-03,
         -8.93238129e-04,  -3.72580346e-03,   1.92608404e-02,
         -1.23065066e-02],
       [ -1.02217889e-01,  -1.01025871e-01,  -8.78361811e-02,
         -8.85209285e-02,  -8.77168939e-02,  -1.09810723e-01,
         -7.89553954e-02,  -6.66971952e-02,  -1.01030510e-01,
         -9.92009411e-02,  -1.12879107e-01,  -9.02259594e-02,
         -1.06131072e-01,  -9.91218561e-02,  -1.00902068e-01,
         -1.09118133e-01,  -5.30211378e-02,  -1.21650881e-01,
         -7.14497991e-02,  -1.04717827e-01,  -1.18090552e-01,
         -7.06324813e-02,  -1.05203033e-01,  -1.02762957e-01,
         -9.54974914e-02,  -5.67629843e-02,  -8.22540558e-02,
         -1.04144628e-01,  -5.99859386e-02,  -6.36174787e-02,
         -9.64665927e-02,  -9.23683963e-02,  -5.54851381e-02,
         -8.63634154e-02,  -6.94236684e-02,  -1.00459981e-01,
         -5.80190510e-02,  -7.70242000e-02,  -1.14034608e-01,
         -1.05059652e-01,  -7.50604918e-02,  -8.63708976e-02,
         -1.21576130e-01,  -6.87670367e-02,  -9.29761720e-02,
         -1.01490512e-01,  -9.47137698e-02,  -1.19227624e-01,
         -1.17281058e-01,  -7.11870889e-02,  -1.04546670e-01,
         -8.60805841e-02,  -9.48502985e-02,  -9.66989693e-02,
         -1.21181464e-01,  -1.11084518e-01,  -9.49923049e-02,
         -1.08237356e-01,  -8.27821511e-02,  -1.06635433e-01,
         -1.05643948e-01,  -1.16851209e-01,  -1.01315753e-01,
         -1.17948673e-01,  -9.39878015e-02,  -6.42748299e-02,
         -9.00928595e-02,  -7.65302337e-02,  -8.41663248e-02,
         -9.48254195e-02,  -1.01093111e-01,  -1.01944518e-01,
         -8.28943189e-02,  -1.02729044e-01,  -6.59353272e-02,
         -1.14929716e-01,  -1.29499597e-01,  -7.38952001e-02,
         -1.08414443e-01,  -9.71350787e-02,  -1.09867252e-01,
         -6.49663052e-02,  -7.13594077e-02,  -1.18949352e-01,
         -1.01567808e-01,  -1.38447158e-01,  -5.25643110e-02,
         -1.21094562e-01,  -7.23343013e-02,  -7.26444346e-02,
         -1.00755173e-01,  -1.04137781e-01,  -9.50036473e-02,
         -1.00610631e-01,  -5.91540009e-02,  -6.29838901e-02,
         -1.16911710e-01,  -8.64322865e-02,  -8.58016908e-02,
         -1.02926456e-01],
       [  5.17510840e-02,  -9.47729706e-03,  -1.68940582e-02,
         -1.53704232e-03,   1.13271110e-02,  -2.12703508e-03,
         -4.74139727e-04,   5.54985460e-03,   7.61529625e-04,
         -2.45457294e-02,   5.23451375e-03,   4.84528732e-03,
          7.49217357e-03,  -5.74962306e-04,   2.89920386e-02,
         -1.17086673e-02,  -2.90520706e-03,   1.44698615e-02,
          3.82950900e-02,  -1.50745275e-02,   1.85581488e-02,
          1.14506637e-02,  -1.04827480e-02,  -3.24103324e-04,
         -5.91240345e-03,   2.48386571e-02,   1.27569095e-02,
          2.49562940e-03,   2.73166699e-02,  -8.88328412e-03,
         -3.39792286e-03,  -6.15182990e-03,   1.35801366e-03,
         -2.56173700e-02,  -3.04414971e-04,   1.78103420e-02,
          3.22042921e-02,   1.95051030e-02,   7.32692007e-03,
          5.86134197e-03,   2.50083655e-02,  -1.07500613e-02,
          2.05020543e-03,   3.50817034e-02,   2.72348129e-02,
         -8.01645915e-04,   2.25233626e-03,   4.66179299e-02,
          2.03731082e-02,   2.17350109e-02,   8.83873304e-03,
          5.87764542e-03,   7.98392681e-03,  -7.58098728e-03,
         -4.26372064e-03,   1.91141856e-02,   2.84054913e-02,
          4.18436763e-02,  -4.65117866e-03,  -1.15811622e-02,
         -1.80186659e-03,   1.20395395e-02,  -1.27122059e-02,
          1.96335131e-03,   4.23628211e-03,   2.73308452e-02,
         -2.11515349e-02,  -1.78302482e-02,   3.00522127e-02,
         -1.33560006e-02,  -9.80741906e-03,  -4.99551455e-03,
          2.55360346e-03,  -2.46429973e-02,  -1.22947783e-02,
          1.13927722e-02,  -1.43656519e-02,   1.23045249e-02,
         -8.44397803e-03,   1.05862108e-02,   2.22127755e-02,
          1.16645605e-02,   1.62365660e-02,   4.74803419e-03,
         -2.49513075e-03,  -1.21993637e-02,   1.57457429e-02,
          2.29258231e-02,   9.31588029e-03,   3.17302381e-02,
          1.59045614e-02,   3.50774476e-03,  -1.26946809e-02,
          1.10702463e-03,  -1.67582839e-03,  -8.37005695e-04,
          2.88144274e-02,   3.43169895e-02,  -1.10181169e-02,
          1.77787434e-02],
       [  9.95866447e-02,   1.73015284e-02,  -3.94351676e-04,
          3.47352856e-02,   4.87983508e-02,   9.92523600e-03,
          1.75140182e-02,   1.50750510e-02,   9.83056479e-03,
         -2.58183294e-02,   6.16685354e-02,   4.76278599e-02,
          3.13112230e-02,   8.23437925e-03,   7.63588541e-02,
          3.43979658e-03,  -1.79111791e-03,   7.51403219e-02,
          6.98505285e-02,  -1.67601529e-02,   6.21344014e-02,
          5.15821508e-02,   4.32451493e-03,  -5.92974320e-03,
          1.90822793e-02,   7.45417269e-02,   6.74336921e-02,
          3.85511626e-02,   5.60740000e-02,  -3.08275522e-03,
          3.47659300e-02,   1.43580450e-02,   2.74478916e-02,
         -3.26680360e-02,   3.59777299e-02,   5.96543155e-02,
          7.26298767e-02,   7.11483298e-02,   3.92293165e-02,
          4.83099861e-02,   7.30611381e-02,  -9.09489655e-03,
          5.87059650e-03,   8.43074265e-02,   5.41510830e-02,
          1.57331673e-02,   4.68056281e-02,   9.78930597e-02,
          7.41261940e-02,   6.17715070e-02,   3.43224537e-02,
          4.82302757e-02,   1.53064653e-02,   2.90133362e-03,
          3.41370972e-02,   7.73717303e-02,   5.99870841e-02,
          8.45743864e-02,   3.67829209e-02,  -6.64277082e-03,
         -7.31559876e-03,   7.30333361e-02,  -1.70073302e-02,
          3.55990500e-02,   1.41855450e-02,   6.95395144e-02,
         -1.40336316e-02,  -1.92756766e-02,   6.59854053e-02,
         -6.69544007e-03,  -2.94372494e-03,   2.64432223e-02,
          3.91708686e-02,  -3.74268436e-02,  -1.02536616e-02,
          2.42317877e-02,  -5.73873725e-03,   3.20234743e-02,
          2.85059745e-02,   2.88682300e-02,   6.88314765e-02,
          3.30655532e-02,   3.17950221e-02,   2.38844852e-02,
          3.73024212e-02,   1.69842819e-02,   2.77645621e-02,
          8.30708038e-02,   3.32475330e-02,   6.36966330e-02,
          4.71528729e-02,   4.97513642e-02,   1.89369322e-03,
          2.12281762e-02,  -3.06598300e-03,   2.82035892e-02,
          7.87326624e-02,   8.51379820e-02,   2.15529929e-02,
          8.02364392e-02],
       [  1.68039089e-02,   2.13031022e-02,   1.46852241e-02,
          2.56752407e-02,   1.04167768e-02,   1.19706427e-02,
          1.24447440e-02,   2.27107506e-02,   2.80496967e-02,
          2.81383333e-02,   1.60431542e-02,   2.02890315e-02,
          2.51655714e-02,   1.19262446e-02,   2.30105662e-02,
          2.71967684e-02,   2.23948819e-02,   2.39766658e-02,
          4.15365886e-03,   1.64821712e-02,   2.00134062e-02,
          1.11332148e-02,   2.92093879e-02,   2.82660482e-02,
          1.79319270e-02,   1.39805408e-02,   1.31930652e-02,
          2.21066633e-02,   1.12875186e-02,   1.90140341e-02,
          1.21207384e-02,   1.87866089e-02,   4.19491798e-03,
          1.85725903e-02,   1.01774150e-02,   2.17908679e-02,
          1.61199500e-02,   7.11929062e-03,   2.43706371e-02,
          1.50448543e-02,   5.09375283e-03,   1.12063365e-02,
          2.92822430e-02,   5.69001547e-03,   1.81503524e-02,
          2.27245152e-02,   2.41729891e-02,   2.34930700e-02,
          8.73383094e-03,   4.43784002e-03,   2.24012018e-02,
          6.54148629e-03,   1.99589813e-02,   2.52720879e-02,
          2.53787420e-02,   1.65303657e-02,   1.03326134e-02,
          5.64400976e-03,   2.60275518e-02,   1.71123836e-02,
          2.19913351e-02,   1.04983304e-02,   2.67932163e-02,
          1.32406227e-02,   9.77073836e-03,   9.42569518e-03,
          9.59870791e-03,   1.95248041e-02,   1.71502214e-02,
          2.71057588e-02,   1.05156903e-02,   1.06355044e-02,
          1.67222775e-02,   2.17146084e-02,   8.02521561e-03,
          2.19670072e-02,   2.28870704e-02,   1.38626424e-02,
          1.12533798e-02,   8.91821861e-03,   1.13601190e-02,
          1.88179406e-02,   2.18844157e-02,   9.31884259e-03,
          9.11627841e-03,   1.75693366e-02,   4.37785039e-03,
          1.45334671e-02,   1.35209724e-02,   1.50682032e-02,
          1.77967894e-02,   1.33147598e-02,   1.44624437e-02,
          2.03934024e-02,   2.05200667e-02,   2.04294997e-02,
          1.10045165e-02,   9.31125814e-03,   1.89262872e-02,
          2.32809219e-02],
       [  1.55936741e-02,   1.06805042e-02,   2.13832074e-02,
          7.96461880e-03,   1.40535523e-02,   2.34065916e-02,
          9.88831173e-03,   1.20872720e-02,   2.08096324e-02,
          2.12110666e-02,   1.48347435e-02,   9.90326186e-03,
          1.40474708e-02,   1.70592477e-02,   7.87322279e-03,
          1.75968636e-02,   1.24268765e-02,   6.66424371e-03,
          1.36414829e-02,   1.88023182e-02,   2.07385823e-02,
          3.61548230e-03,   1.09610397e-02,   1.44191357e-02,
          1.61109522e-02,   1.45071585e-03,   8.18741963e-03,
          1.64190108e-02,   1.38700346e-02,   2.14907207e-02,
          1.92941059e-02,   1.53227887e-02,   3.83366519e-03,
          2.39698671e-02,   2.27548207e-02,   1.85573292e-02,
          2.08060566e-02,   1.95562672e-02,   1.42143596e-02,
          1.78892717e-02,   1.92266695e-02,   1.71148541e-02,
          1.17678985e-02,   1.17059061e-02,   7.59298821e-03,
          2.64935127e-02,   1.16440653e-02,   2.29729603e-02,
          2.45483235e-02,   9.37012228e-03,   1.74377631e-02,
          1.58235957e-02,   2.37078018e-02,   8.19480714e-03,
          1.97322650e-02,   1.27864765e-02,   1.49984440e-02,
          9.03784402e-03,   1.01706478e-02,   2.61356654e-02,
          1.04065104e-02,   2.22184646e-02,   2.03504998e-02,
          8.83132069e-03,   1.79194344e-02,   1.18834233e-02,
          2.12040563e-02,   2.43790587e-02,   1.54637059e-02,
          1.39352231e-02,   2.12103486e-02,   2.41065297e-02,
          1.57748471e-02,   1.87775944e-02,   1.23122590e-02,
          1.20152309e-02,   2.15496847e-02,   1.26597803e-02,
          8.41284623e-03,   2.07134130e-02,   1.69423636e-02,
          1.15238309e-02,   9.87723030e-03,   1.61848099e-02,
          2.50215681e-02,   2.13835250e-02,   1.98293439e-02,
          5.18871045e-03,   8.65347244e-03,   7.59526221e-03,
          2.26247747e-02,   2.17515890e-02,   1.76587062e-02,
          2.51899163e-02,   2.44446587e-02,   2.22854973e-02,
          1.50499540e-02,   1.40448966e-02,   8.84864129e-03,
          2.12332463e-02]])]Hidden bias: [array([-0.77962858, -0.78666987, -0.78658355, -0.78604261, -0.78514069,
       -0.78438512, -0.78756573, -0.78797555, -0.78499339, -0.78453172,
       -0.78193853, -0.7853846 , -0.78400219, -0.78570695, -0.78286127,
       -0.78445353, -0.79030621, -0.77995305, -0.7855992 , -0.78450215,
       -0.78189281, -0.78654441, -0.78445487, -0.78537982, -0.78583077,
       -0.78671015, -0.78426474, -0.78400645, -0.78686245, -0.78876258,
       -0.7854675 , -0.78734316, -0.78986747, -0.78654089, -0.78796865,
       -0.78349022, -0.78580087, -0.78455529, -0.78404978, -0.78457194,
       -0.785516  , -0.78639235, -0.78307153, -0.78455256, -0.78542045,
       -0.78506602, -0.78509279, -0.77723439, -0.7807036 , -0.78658366,
       -0.78488156, -0.78685469, -0.7862914 , -0.78566643, -0.78259518,
       -0.78133428, -0.78437867, -0.780822  , -0.78593037, -0.78578426,
       -0.78540409, -0.78092223, -0.78499159, -0.78374242, -0.78601233,
       -0.78579858, -0.78610003, -0.78694315, -0.78525201, -0.78537942,
       -0.78558204, -0.78557093, -0.78645384, -0.78481644, -0.78821813,
       -0.78384766, -0.78280632, -0.78726573, -0.7851264 , -0.78641841,
       -0.78160743, -0.78906497, -0.78717259, -0.78322706, -0.7849111 ,
       -0.78065616, -0.79027782, -0.78024898, -0.78800047, -0.78574759,
       -0.78407105, -0.78416947, -0.78640495, -0.78581979, -0.78967776,
       -0.78835055, -0.77992964, -0.78228116, -0.78677898, -0.78158519])]Output weights: [[ 0.02369766  0.08846059]
 [ 0.02378927 -0.01190728]
 [ 0.01152357 -0.027504  ]
 [ 0.01570072  0.00383301]
 [ 0.01130883  0.02245976]
 [ 0.03337145 -0.01473216]
 [ 0.00242297 -0.00707564]
 [-0.00812284 -0.00362328]
 [ 0.02767676 -0.01191335]
 [ 0.02575957 -0.05717306]
 [ 0.03870859  0.03245283]
 [ 0.013599    0.02353909]
 [ 0.02950883  0.00668007]
 [ 0.02311066 -0.02099554]
 [ 0.02508859  0.05928429]
 [ 0.03081341 -0.02430126]
 [-0.02034174 -0.02378208]
 [ 0.04253392  0.05105701]
 [-0.00396544  0.05930875]
 [ 0.02935283 -0.04468201]
 [ 0.04171494  0.04105002]
 [-0.00600508  0.03003186]
 [ 0.03333966 -0.03015277]
 [ 0.02792865 -0.02711994]
 [ 0.02310171 -0.00689072]
 [-0.01821529  0.05865627]
 [ 0.00885621  0.04520505]
 [ 0.02959124  0.01377295]
 [-0.0143723   0.03889166]
 [-0.00854729 -0.03148823]
 [ 0.02420706  0.00652016]
 [ 0.01507085 -0.01142599]
 [-0.0187844   0.00255046]
 [ 0.01303207 -0.06757148]
 [-0.00393692  0.01112968]
 [ 0.02581855  0.03633679]
 [-0.01638962  0.05743139]
 [ 0.00284002  0.04839567]
 [ 0.03789062  0.01604037]
 [ 0.02740802  0.02222632]
 [ 0.0035801   0.05247016]
 [ 0.01305804 -0.03942233]
 [ 0.04502033 -0.01928121]
 [-0.0060926   0.06665029]
 [ 0.01790014  0.03722424]
 [ 0.02807889 -0.01084382]
 [ 0.01673436  0.02007434]
 [ 0.03949591  0.08413979]
 [ 0.04205307  0.04979923]
 [-0.00231013  0.04502905]
 [ 0.03182742  0.0114049 ]
 [ 0.01102007  0.02777247]
 [ 0.01739303 -0.00390971]
 [ 0.02300356 -0.02125277]
 [ 0.04746029  0.00022433]
 [ 0.03307348  0.05401897]
 [ 0.016825    0.0461014 ]
 [ 0.02973705  0.06779367]
 [ 0.00988251  0.00435325]
 [ 0.03057432 -0.0360431 ]
 [ 0.03022739 -0.02912969]
 [ 0.03825859  0.04368664]
 [ 0.03019318 -0.04877941]
 [ 0.04095142  0.01096205]
 [ 0.01889416 -0.01055196]
 [-0.01145974  0.05480497]
 [ 0.01185169 -0.0473411 ]
 [ 0.00345874 -0.05122539]
 [ 0.00608132  0.0504878 ]
 [ 0.02312389 -0.03906986]
 [ 0.0226556  -0.02855976]
 [ 0.02420137 -0.00427488]
 [ 0.01031845  0.01516576]
 [ 0.02523755 -0.06673335]
 [-0.00827872 -0.04040397]
 [ 0.03704138  0.00306549]
 [ 0.05314482 -0.03282254]
 [-0.00128909  0.01230547]
 [ 0.03526284 -0.00238333]
 [ 0.02226929  0.00488694]
 [ 0.0344669   0.04846441]
 [-0.0092799   0.01518387]
 [-0.00172202  0.01037476]
 [ 0.04151068 -0.00032207]
 [ 0.02382042  0.00675163]
 [ 0.06167318 -0.01866013]
 [-0.02063352  0.0104591 ]
 [ 0.04348725  0.05956119]
 [-0.00333129  0.01400932]
 [-0.00400824  0.04801606]
 [ 0.02511322  0.02594559]
 [ 0.02762818  0.01981902]
 [ 0.02344943 -0.02713563]
 [ 0.02719928 -0.00615021]
 [-0.01217294 -0.02676911]
 [-0.0101809   0.0008149 ]
 [ 0.03816952  0.05639126]
 [ 0.01072333  0.06446786]
 [ 0.01387522 -0.01160832]
 [ 0.02593123  0.05639181]]Output bias: [ 1.0875129  1.0142653]
Value MLP:Hidden weights: [array([[  4.05179728e-01,  -7.88265614e+00,   3.09223030e+00,
         -8.46630978e+00,   1.10533231e+01,  -6.19377259e-01,
          1.28941329e+01,  -6.14302000e+00,  -2.59592651e+00,
          8.32783159e+00,  -4.71268879e+00,  -6.21510076e+00,
          1.19640552e+01,   1.61812442e+00,   9.23264870e+00,
         -3.58678457e+00,   6.51480694e+00,  -2.97614906e+00,
          1.27706953e+01,  -5.20247768e+00,  -1.89054388e+00,
          2.91904040e+00,   3.42095848e-01,   1.01616063e+01,
         -1.01106716e+01,  -8.04701841e+00,  -2.72181276e-02,
          1.40657846e+00,   1.03942729e+01,   4.44678915e+00,
          3.25895029e+00,   2.70219399e+00,  -4.92216660e+00,
         -4.58044145e+00,   6.19787714e+00,   3.42044194e+00,
          6.29999845e+00,   1.64712784e+00,  -9.18888199e-01,
          1.05191590e+01,  -2.10019183e-01,  -1.55030240e+00,
         -1.83744606e+00,   2.33943129e+01,   3.36888190e+00,
         -3.10287173e-01,   3.55964207e+00,  -4.88651600e+00,
         -6.13740761e+00,  -1.92080463e+01],
       [ -2.55197193e+00,  -1.91539455e-02,   3.53873895e+00,
         -5.06876412e+00,  -4.09453091e+00,  -6.53206029e+00,
          1.55656771e+00,  -1.97767263e+00,   2.18205721e+00,
         -3.84718022e+00,   1.22955534e+00,  -4.74095149e+00,
         -1.14453908e+01,   1.83932328e+00,  -4.18092296e+00,
         -2.86399165e+00,   1.37039995e+00,   3.95353396e+00,
          1.15696599e+01,  -7.61947247e+00,  -8.11963093e+00,
         -8.64265425e-01,  -6.24336311e-01,   1.05371594e+00,
         -1.33046479e+01,  -1.61727435e+01,  -3.74545249e+00,
         -4.19980732e+00,   1.36954321e+01,  -7.51951728e+00,
          7.39265710e+00,  -1.18495305e+01,   1.94502863e+00,
         -2.85799881e+00,   1.30718055e+00,   1.34212651e+00,
         -3.05205432e+00,   3.38025095e+00,  -1.91333801e+00,
         -1.46980491e+01,   1.17244133e+01,  -4.14943399e+00,
         -4.95153942e+00,   4.71172599e+00,   6.76116214e+00,
         -2.95031369e-01,  -2.26042545e+00,  -3.69385105e+00,
          3.53595677e+00,   3.40576163e+00],
       [ -8.56719454e+00,  -1.02606684e+01,   2.01666433e+01,
         -8.11957763e+00,   1.28628595e+01,  -2.36662985e+01,
          1.93236208e+01,  -2.66070823e+00,   8.59978635e+00,
          1.37973924e+01,   5.23010587e+00,  -4.49622699e+00,
          2.55695622e+00,   1.55259401e+01,   9.22379757e+00,
          6.69664488e+00,   2.20645532e+01,   5.94819857e+00,
          3.40504725e+01,   1.07492185e+00,   1.13796196e+00,
          1.86652705e+01,   5.96611562e+00,   2.70367409e+01,
         -4.78477653e+01,  -1.60867461e+01,   2.05930303e+00,
          3.36296881e+00,   2.16109292e+01,  -2.14330562e+00,
          5.68986036e+00,  -1.13131556e+01,  -1.32442512e+01,
         -6.59698174e+00,   5.73051579e+00,   2.26780863e+00,
          2.15567671e+01,   9.89218355e+00,  -1.84299582e+01,
          3.94658247e+01,   3.60727157e+00,  -7.28484812e+00,
         -1.88336690e+00,   2.54716348e+01,   9.93972148e-01,
          9.45104731e-01,   1.19877816e+00,   1.41722013e+01,
         -2.16935497e+01,   1.84790488e+00],
       [  8.74324914e+00,   3.68469924e+00,   6.79601614e+00,
         -6.81568138e+00,   3.96497529e+00,  -7.61631588e-02,
         -5.82680580e+00,  -1.00720536e+00,  -1.13693498e+01,
         -1.16333620e+01,  -1.27564915e+01,  -4.02366894e+00,
          7.51089876e+00,   7.73497401e-01,  -1.01850420e+01,
         -3.30895296e+00,  -2.71421047e+00,   9.87571383e+00,
          1.73221150e+00,   3.79891179e+00,  -6.55202893e+00,
         -7.10449540e-01,  -1.81116605e+01,   9.37828378e+00,
         -1.66747392e+01,  -9.40770038e+00,  -7.04812191e-01,
          4.28208355e+00,   4.57519070e+00,   9.29433566e+00,
         -7.66237331e+00,  -1.66780395e+01,   1.07830478e+01,
         -2.34355732e+00,   6.63143739e-01,   2.59229566e+00,
         -9.85203827e+00,  -1.04652361e+01,  -5.71889496e+00,
         -6.59698911e+00,  -6.66552320e+00,   1.49285910e+01,
         -5.20970325e+00,   8.15944889e+00,   7.10469227e+00,
         -1.85322888e+01,   1.23784322e+01,  -2.16094727e+01,
         -3.04395796e+00,  -9.99791238e+00],
       [  1.14664202e+01,   2.03001407e+01,  -1.71407268e+01,
          6.68361313e+00,  -3.45042979e+01,   6.91589533e+01,
         -8.06807838e+00,   7.63305304e+00,  -2.10950890e+01,
         -2.92906018e+01,   3.24580521e+00,   1.58073951e+01,
          9.95710582e-01,  -2.26246702e+01,   5.34822984e+00,
          2.22995018e+01,  -1.81457906e+01,   1.80209087e+01,
         -2.53232732e+01,   1.35999993e+01,   1.52802653e+01,
         -4.08453882e+00,  -4.58001029e+01,  -1.41295135e+01,
          7.70032712e+01,   4.46642400e+01,   6.94818083e+00,
          1.51301890e+01,  -9.72156364e+00,   4.52713709e+00,
         -1.22242519e+01,   4.44862876e+01,   1.64281908e+01,
          5.73476006e+00,   8.12143298e+00,   1.83619526e+01,
          1.33268101e+01,  -8.32814622e+00,   4.79170320e+01,
         -9.74228011e+01,  -2.58363041e+01,   1.53934309e+01,
          8.98835459e+00,   6.60650646e+00,  -9.16243171e+00,
         -3.12436815e+01,   1.29572590e+01,  -1.90113929e+01,
         -1.06421119e+01,   9.78995806e+01],
       [ -1.08696844e+01,  -7.72641168e+00,  -6.19928030e+00,
          3.25469307e+01,  -4.34202682e+00,  -3.32859007e+01,
          2.23962930e+01,   1.14297251e+01,  -3.64600437e+01,
         -2.95361635e-01,   1.68249736e+01,   1.89661349e+01,
          4.04044124e+01,  -1.13779999e+01,   8.53452338e+00,
          1.26501299e+01,   1.61550406e+01,   1.26022645e+01,
         -2.02626765e+00,   7.84034576e+01,   3.83047100e+01,
          2.70885967e+01,  -2.07061478e+01,   6.54033226e+00,
         -3.69438381e+01,   1.14493889e+00,   2.26647565e+01,
          1.69081239e+01,   8.11752802e-01,   9.46136907e-01,
          1.45448146e+01,   2.79422352e+01,  -1.00850019e+01,
          1.52455780e+01,   2.76537451e+01,   2.26543758e+01,
         -1.77026052e+00,   1.40499100e+01,  -1.95147029e+01,
          1.21355440e+02,  -3.44591336e+01,   1.78371574e+01,
          1.48311612e+01,   1.48148678e+01,  -4.14673546e+01,
         -1.52856176e+01,   1.66223195e+01,   5.57685362e+00,
         -4.08156293e+01,   8.77929712e-01],
       [ -9.87572794e+00,   6.36047045e-01,  -2.17814777e+00,
          1.01832179e+01,   1.12344029e+01,   6.72814734e+00,
          5.56584522e+00,  -3.33577501e+00,   2.43900130e+00,
          5.68796860e+00,   2.79661952e+00,   8.14532678e+00,
          1.31571147e+00,   3.16843186e-01,   6.99114215e+00,
          8.41955964e+00,   3.57062346e+00,  -5.29014020e+00,
         -1.87584768e+00,   2.46224261e-01,  -5.39790172e-01,
          6.22003470e+00,   1.01336444e+00,   9.89423408e+00,
         -5.44415102e-01,   4.61238307e+00,   2.95328525e+00,
          2.52340972e+00,  -6.22235026e+00,  -6.39715385e+00,
          8.41760183e+00,   1.11199279e+01,  -2.37877926e+00,
          2.35050255e+00,  -6.12005524e+00,   2.03946176e-01,
          3.35607236e+00,   9.59710000e+00,  -2.51710255e+00,
          3.38125369e+01,   3.27041901e-01,   7.68702789e+00,
          2.31154803e+00,  -1.76015245e-01,   1.33967216e+00,
          6.54035555e+00,   2.81525302e+00,   1.45628181e+01,
          1.23143422e+01,  -2.77824015e+00],
       [ -7.36835355e+00,  -8.37048608e+00,  -8.41883517e+00,
         -1.13887674e+00,   9.76158530e+00,   9.91712211e+00,
         -8.51590553e+00,  -3.83295623e+00,   2.77085616e+00,
          6.15509501e+00,  -1.13607214e+00,   3.38233407e+00,
         -7.15356604e+00,   3.77701738e+00,  -1.44046434e+00,
          1.15189702e+00,  -1.25230900e+01,  -1.12438055e+01,
         -5.45197193e+00,  -6.77702805e+00,   3.97197138e-01,
         -9.19054297e+00,   9.14301241e-02,  -1.73561730e+01,
          1.18534173e+01,   1.34237886e+01,  -3.37370996e+00,
         -9.45935248e+00,  -2.96370947e+01,  -1.11343499e+01,
          4.03980055e+00,   6.03489595e+00,  -1.05829091e+01,
         -4.48861359e+00,  -4.01081747e+00,  -6.64261849e+00,
          5.03594832e+00,   4.84843694e+00,   9.72317594e+00,
         -1.48878255e-01,  -6.60387076e+00,  -3.10024261e+00,
         -3.16176789e+00,  -1.51688342e+01,  -1.04821940e+01,
          8.88986099e+00,   4.37024888e+00,   7.64948428e+00,
          4.35356723e+00,  -2.48478033e+01]])]Hidden bias: [array([-16.73749164,  -6.65087838,  -0.2991427 ,   5.05453835,
         1.47321213,  -4.93749203,   0.59659279,  -7.64999327,
        21.61825498,   7.97718694,   7.05675093,  -0.07860886,
       -25.5544368 ,   7.15901497,   7.64599053,   0.86853957,
         5.11271488, -14.21943591,   1.11859471,  -4.88076836,
        -2.23710822,   0.97776788,   7.64727378,   3.94176384,
         4.5919745 ,   9.24220877,  -5.19068253,  -4.43299516,
       -12.74505965, -19.90478091,  17.15818539,   7.15338508,
        -8.28788398,  -0.14924236,  -5.72974424,  -7.41954155,
        11.84907046,  17.64903056,   7.62697798,  16.89672555,
        16.38821131,  -5.65623712,  -0.1115347 ,  -4.29925739,
       -10.10383856,  13.35370251,  -4.72808265,  23.32678807,
        -0.85956291, -16.28374868])]Output weights: [[ -3.08364288]
 [  2.17488483]
 [  2.04187458]
 [  9.32437984]
 [ -6.890064  ]
 [ -2.41207128]
 [  4.68231633]
 [  1.94687516]
 [ -7.34143614]
 [  5.57238259]
 [ -0.2757398 ]
 [ -3.70382871]
 [ -2.96554554]
 [ -7.1023298 ]
 [  2.75689941]
 [ -0.23910112]
 [ -1.9186846 ]
 [ -1.78150713]
 [  0.28054666]
 [ -3.68703649]
 [ -1.33065014]
 [ -6.20371725]
 [  3.0229483 ]
 [  1.78938245]
 [  0.7946175 ]
 [ -1.17639261]
 [  2.90538129]
 [ -4.29266788]
 [-10.32991164]
 [-14.09932235]
 [-13.47355909]
 [ -0.36579802]
 [ -4.33869466]
 [ -0.62164666]
 [  6.78500398]
 [  7.22287235]
 [ -4.60929474]
 [ -7.50305726]
 [  4.00064081]
 [  0.32563771]
 [  3.27763287]
 [  0.81893772]
 [ -2.03301732]
 [  5.4722784 ]
 [ -5.6269432 ]
 [ -1.81471109]
 [  4.42938978]
 [ 15.69380968]
 [ -2.53825926]
 [  0.21234381]]Output bias: [-104.73439334]