Action MLP:Hidden weights: [array([[  1.31453280e-02,   1.27042755e-03,  -2.30053405e-03,
          1.39671272e-03,  -3.06581670e-03,  -2.56852083e-03,
          3.31720909e-03,   7.65916925e-03,   6.54076116e-03,
         -2.31833125e-03,   1.59882998e-02,   1.19866463e-02,
         -2.21665453e-03,   2.58253639e-03,  -3.02974341e-03,
          1.32979907e-02,  -4.26314144e-03,  -5.19327859e-04,
         -1.95703680e-03,   3.97613698e-03,   1.43104425e-02,
          9.75473579e-03,   1.09011640e-02,   5.95415833e-03,
          5.62791361e-03,   7.79982001e-03,   1.21963710e-02,
          1.60658551e-02,   7.97186531e-03,  -1.84588674e-03,
          9.89371678e-03,  -1.34208515e-03,  -1.04151752e-03,
         -3.85364410e-03,  -1.03980478e-03,   1.19827713e-03,
         -3.30991737e-03,   8.97758767e-04,   1.68536239e-02,
          4.10211648e-03,   1.32556466e-02,   4.04182063e-03,
          1.02501043e-04,   1.36810451e-02,   9.34785562e-03,
          1.19384676e-02,  -1.76559645e-03,   2.45763360e-06,
          6.45424757e-03,   9.59591956e-03,   1.62749290e-02,
          4.96851897e-03,   4.57883345e-04,   1.24871542e-02,
          1.40907968e-02,   1.39020984e-02,  -2.95681677e-03,
          1.66819564e-02,   1.19479201e-02,   1.25239782e-02,
          1.05807839e-02,   6.63023056e-03,   1.68748412e-02,
          1.28096419e-02,   1.58098968e-02,   8.32857567e-03,
         -2.50879038e-03,  -2.56415266e-04,  -5.26812675e-03,
          7.74669808e-03,  -1.67622790e-03,   6.83429913e-03,
          9.97424173e-03,  -2.87017523e-03,   1.37719103e-02,
          1.52830543e-02,   2.38586200e-03,  -1.98241988e-03,
          1.73180596e-02,   3.75155957e-03,   1.60588712e-02,
          4.13331451e-03,   1.33976837e-02,   9.11047628e-03,
          5.93128223e-03,   5.96912334e-03,  -6.86414409e-04,
          9.74688536e-03,   4.96911626e-03,  -1.31739442e-03,
          1.49369628e-02,   1.64355350e-02,   2.83660071e-03,
          3.49650182e-03,   1.14729477e-02,  -2.02757063e-03,
          9.64544864e-03,   4.84306480e-04,   3.29469091e-03,
          4.77117148e-03],
       [  1.16607352e-01,   1.13907242e-01,   1.34728671e-01,
          1.25874668e-01,   1.34215698e-01,   1.30532733e-01,
          1.30890184e-01,   1.36492158e-01,   1.31053439e-01,
          1.33044943e-01,   1.27286323e-01,   1.27074412e-01,
          1.31900935e-01,   1.26727815e-01,   1.13458973e-01,
          1.31233796e-01,   1.22775676e-01,   1.30029140e-01,
          1.19636493e-01,   1.33492776e-01,   1.16245762e-01,
          1.32824079e-01,   1.26857030e-01,   1.27289665e-01,
          1.26791243e-01,   1.18726224e-01,   1.32656523e-01,
          1.28780616e-01,   1.32111187e-01,   1.28725263e-01,
          1.22824725e-01,   1.17904690e-01,   1.23839400e-01,
          1.18283258e-01,   1.25196230e-01,   1.24052093e-01,
          1.27995470e-01,   1.32109425e-01,   1.14257937e-01,
          1.18186227e-01,   1.15608571e-01,   1.32715742e-01,
          1.26575076e-01,   1.21214372e-01,   1.14255121e-01,
          1.27427447e-01,   1.29472567e-01,   1.29237426e-01,
          1.22368746e-01,   1.18974481e-01,   1.16200524e-01,
          1.14687174e-01,   1.26796992e-01,   1.31190309e-01,
          1.19969599e-01,   1.23015213e-01,   1.22102222e-01,
          1.21892015e-01,   1.33470677e-01,   1.14038770e-01,
          1.23601033e-01,   1.29920236e-01,   1.22230641e-01,
          1.17087356e-01,   1.28553266e-01,   1.28193385e-01,
          1.35070361e-01,   1.33538558e-01,   1.18088534e-01,
          1.31086935e-01,   1.31447637e-01,   1.23121251e-01,
          1.25013209e-01,   1.24937488e-01,   1.34116284e-01,
          1.24370418e-01,   1.16762186e-01,   1.30854488e-01,
          1.13692357e-01,   1.13591836e-01,   1.26407852e-01,
          1.17735753e-01,   1.32856580e-01,   1.27139123e-01,
          1.27010286e-01,   1.24309024e-01,   1.17200812e-01,
          1.14664771e-01,   1.24797899e-01,   1.27458031e-01,
          1.25836741e-01,   1.24275433e-01,   1.22082662e-01,
          1.16489273e-01,   1.21315645e-01,   1.29368137e-01,
          1.31407254e-01,   1.33613373e-01,   1.25272173e-01,
          1.28513414e-01],
       [ -2.25602176e-02,   1.47030651e-02,   7.79587450e-03,
          1.21237413e-02,   7.79751456e-03,   1.30680525e-02,
          1.23331343e-02,   5.27148465e-04,   6.16570809e-03,
          2.10806965e-02,   3.07399616e-03,  -8.13013502e-03,
          7.97106112e-03,   2.57221650e-02,  -1.46278947e-02,
          1.14107175e-02,   7.65087293e-03,  -1.05065613e-02,
         -1.92146090e-02,   1.81877972e-02,  -4.44560211e-03,
         -8.97412051e-03,   3.03353244e-02,   1.38677733e-02,
          7.86224682e-03,  -2.25779486e-02,  -1.25254052e-02,
          1.89122466e-04,  -2.14668127e-03,   2.29219808e-02,
          6.80245925e-03,   7.96542697e-03,   1.43368508e-02,
          3.71751454e-02,  -1.48946013e-03,  -2.20792422e-03,
         -1.91839887e-02,  -6.31866923e-03,   4.68383668e-03,
         -9.61762678e-04,  -5.80122261e-03,   2.77881372e-02,
          1.80507909e-02,  -1.39258810e-02,   9.39211459e-04,
          1.77891024e-02,   4.12743875e-04,  -2.04132684e-02,
         -1.70461783e-03,  -1.31404982e-02,   6.12924929e-03,
         -9.16872605e-03,   6.01904320e-03,   8.83871798e-03,
          1.75737285e-02,  -9.56681618e-03,  -1.25558875e-02,
         -2.84939364e-03,   1.19494813e-02,   2.29681544e-02,
          1.42670793e-02,   3.20992574e-03,   3.26556315e-02,
          5.40784936e-03,   1.78954926e-02,  -1.92120125e-02,
          2.74631501e-02,   3.16037906e-02,  -1.52133101e-02,
          3.06335903e-02,   1.11483177e-02,   1.57451010e-02,
         -2.64885443e-03,   2.39272135e-02,   2.90857513e-02,
          1.10430092e-02,   1.39517249e-02,  -2.04593376e-03,
          1.41129443e-02,   1.30397582e-02,  -6.62088026e-03,
         -2.58081492e-03,   1.33590666e-02,   1.14455114e-02,
          8.65813155e-03,   2.47085876e-02,   5.60071766e-03,
         -5.01354272e-03,  -1.54084597e-03,  -6.72977566e-03,
         -3.23070784e-03,   1.10403956e-02,   1.99709953e-02,
          1.45758693e-02,   1.59272767e-02,   8.10609255e-03,
         -8.93268683e-04,  -3.72582667e-03,   1.92608378e-02,
         -1.23065327e-02],
       [ -1.02217900e-01,  -1.01025905e-01,  -8.78362030e-02,
         -8.85209481e-02,  -8.77169035e-02,  -1.09810771e-01,
         -7.89554003e-02,  -6.66971856e-02,  -1.01030550e-01,
         -9.92009904e-02,  -1.12879151e-01,  -9.02259715e-02,
         -1.06131110e-01,  -9.91218919e-02,  -1.00902087e-01,
         -1.09118181e-01,  -5.30211177e-02,  -1.21650926e-01,
         -7.14497811e-02,  -1.04717878e-01,  -1.18090596e-01,
         -7.06324668e-02,  -1.05203085e-01,  -1.02763001e-01,
         -9.54975234e-02,  -5.67629489e-02,  -8.22540570e-02,
         -1.04144664e-01,  -5.99859118e-02,  -6.36174754e-02,
         -9.64666226e-02,  -9.23684187e-02,  -5.54851138e-02,
         -8.63634504e-02,  -6.94236608e-02,  -1.00460006e-01,
         -5.80190183e-02,  -7.70241929e-02,  -1.14034654e-01,
         -1.05059682e-01,  -7.50604842e-02,  -8.63709247e-02,
         -1.21576196e-01,  -6.87670143e-02,  -9.29761862e-02,
         -1.01490552e-01,  -9.47137871e-02,  -1.19227657e-01,
         -1.17281101e-01,  -7.11870757e-02,  -1.04546709e-01,
         -8.60805916e-02,  -9.48503221e-02,  -9.66990050e-02,
         -1.21181527e-01,  -1.11084548e-01,  -9.49923161e-02,
         -1.08237379e-01,  -8.27821630e-02,  -1.06635483e-01,
         -1.05643996e-01,  -1.16851250e-01,  -1.01315806e-01,
         -1.17948724e-01,  -9.39878288e-02,  -6.42748034e-02,
         -9.00928873e-02,  -7.65302513e-02,  -8.41663214e-02,
         -9.48254602e-02,  -1.01093148e-01,  -1.01944551e-01,
         -8.28943285e-02,  -1.02729095e-01,  -6.59353268e-02,
         -1.14929764e-01,  -1.29499678e-01,  -7.38951956e-02,
         -1.08414490e-01,  -9.71351063e-02,  -1.09867285e-01,
         -6.49662900e-02,  -7.13594031e-02,  -1.18949407e-01,
         -1.01567837e-01,  -1.38447247e-01,  -5.25642829e-02,
         -1.21094605e-01,  -7.23342938e-02,  -7.26444190e-02,
         -1.00755199e-01,  -1.04137813e-01,  -9.50036850e-02,
         -1.00610668e-01,  -5.91539922e-02,  -6.29838769e-02,
         -1.16911747e-01,  -8.64322863e-02,  -8.58017117e-02,
         -1.02926477e-01],
       [  5.17510997e-02,  -9.47729258e-03,  -1.68940578e-02,
         -1.53703838e-03,   1.13271161e-02,  -2.12702858e-03,
         -4.74139875e-04,   5.54985226e-03,   7.61535199e-04,
         -2.45457261e-02,   5.23452542e-03,   4.84529284e-03,
          7.49218071e-03,  -5.74958625e-04,   2.89920501e-02,
         -1.17086616e-02,  -2.90521442e-03,   1.44698753e-02,
          3.82950971e-02,  -1.50745231e-02,   1.85581615e-02,
          1.14506661e-02,  -1.04827419e-02,  -3.24098450e-04,
         -5.91239865e-03,   2.48386614e-02,   1.27569170e-02,
          2.49563738e-03,   2.73166719e-02,  -8.88328927e-03,
         -3.39791674e-03,  -6.15182746e-03,   1.35800953e-03,
         -2.56173709e-02,  -3.04414579e-04,   1.78103512e-02,
          3.22042968e-02,   1.95051100e-02,   7.32692979e-03,
          5.86135000e-03,   2.50083730e-02,  -1.07500612e-02,
          2.05021453e-03,   3.50817115e-02,   2.72348208e-02,
         -8.01640124e-04,   2.25234202e-03,   4.66179471e-02,
          2.03731221e-02,   2.17350162e-02,   8.83874116e-03,
          5.87765087e-03,   7.98393042e-03,  -7.58098328e-03,
         -4.26370992e-03,   1.91141984e-02,   2.84055000e-02,
          4.18436906e-02,  -4.65117588e-03,  -1.15811572e-02,
         -1.80186124e-03,   1.20395522e-02,  -1.27122010e-02,
          1.96336127e-03,   4.23628567e-03,   2.73308503e-02,
         -2.11515357e-02,  -1.78302513e-02,   3.00522201e-02,
         -1.33559975e-02,  -9.80741595e-03,  -4.99550940e-03,
          2.55360739e-03,  -2.46429944e-02,  -1.22947843e-02,
          1.13927808e-02,  -1.43656412e-02,   1.23045260e-02,
         -8.44397011e-03,   1.05862161e-02,   2.22127880e-02,
          1.16645601e-02,   1.62365667e-02,   4.74804353e-03,
         -2.49512475e-03,  -1.21993508e-02,   1.57457395e-02,
          2.29258380e-02,   9.31588112e-03,   3.17302435e-02,
          1.59045695e-02,   3.50775298e-03,  -1.26946773e-02,
          1.10703025e-03,  -1.67583402e-03,  -8.37007978e-04,
          2.88144416e-02,   3.43170003e-02,  -1.10181147e-02,
          1.77787553e-02],
       [  9.95866983e-02,   1.73015307e-02,  -3.94359138e-04,
          3.47352914e-02,   4.87983643e-02,   9.92524056e-03,
          1.75140157e-02,   1.50750468e-02,   9.83056900e-03,
         -2.58183384e-02,   6.16685585e-02,   4.76278746e-02,
          3.13112338e-02,   8.23437811e-03,   7.63588900e-02,
          3.43979804e-03,  -1.79113597e-03,   7.51403549e-02,
          6.98505615e-02,  -1.67601573e-02,   6.21344297e-02,
          5.15821653e-02,   4.32451532e-03,  -5.92974320e-03,
          1.90822834e-02,   7.45417580e-02,   6.74337176e-02,
          3.85511766e-02,   5.60740185e-02,  -3.08277188e-03,
          3.47659392e-02,   1.43580447e-02,   2.74478879e-02,
         -3.26680536e-02,   3.59777345e-02,   5.96543390e-02,
          7.26299081e-02,   7.11483569e-02,   3.92293335e-02,
          4.83100029e-02,   7.30611672e-02,  -9.09490691e-03,
          5.87060440e-03,   8.43074640e-02,   5.41511054e-02,
          1.57331717e-02,   4.68056418e-02,   9.78931119e-02,
          7.41262258e-02,   6.17715308e-02,   3.43224673e-02,
          4.82302920e-02,   1.53064689e-02,   2.90133331e-03,
          3.41371102e-02,   7.73717636e-02,   5.99871115e-02,
          8.45744264e-02,   3.67829255e-02,  -6.64277258e-03,
         -7.31559821e-03,   7.30333643e-02,  -1.70073345e-02,
          3.55990655e-02,   1.41855465e-02,   6.95395436e-02,
         -1.40336451e-02,  -1.92756949e-02,   6.59854342e-02,
         -6.69544587e-03,  -2.94372838e-03,   2.64432272e-02,
          3.91708785e-02,  -3.74268542e-02,  -1.02536809e-02,
          2.42317999e-02,  -5.73872862e-03,   3.20234801e-02,
          2.85059835e-02,   2.88682381e-02,   6.88315070e-02,
          3.30655584e-02,   3.17950266e-02,   2.38844969e-02,
          3.73024301e-02,   1.69842942e-02,   2.77645621e-02,
          8.30708404e-02,   3.32475391e-02,   6.36966587e-02,
          4.71528912e-02,   4.97513797e-02,   1.89369070e-03,
          2.12281816e-02,  -3.06599919e-03,   2.82035869e-02,
          7.87326972e-02,   8.51380195e-02,   2.15529919e-02,
          8.02364737e-02],
       [  1.68039377e-02,   2.13030965e-02,   1.46852142e-02,
          2.56752410e-02,   1.04167835e-02,   1.19706353e-02,
          1.24447416e-02,   2.27107502e-02,   2.80496905e-02,
          2.81383119e-02,   1.60431633e-02,   2.02890384e-02,
          2.51655717e-02,   1.19262361e-02,   2.30105852e-02,
          2.71967577e-02,   2.23948765e-02,   2.39766819e-02,
          4.15367790e-03,   1.64821540e-02,   2.00134178e-02,
          1.11332248e-02,   2.92093752e-02,   2.82660369e-02,
          1.79319230e-02,   1.39805607e-02,   1.31930796e-02,
          2.21066659e-02,   1.12875318e-02,   1.90140249e-02,
          1.21207390e-02,   1.87866040e-02,   4.19492008e-03,
          1.85725673e-02,   1.01774188e-02,   2.17908787e-02,
          1.61199694e-02,   7.11930628e-03,   2.43706401e-02,
          1.50448601e-02,   5.09376955e-03,   1.12063228e-02,
          2.92822331e-02,   5.69003727e-03,   1.81503636e-02,
          2.27245094e-02,   2.41729948e-02,   2.34930975e-02,
          8.73384590e-03,   4.43785449e-03,   2.24012034e-02,
          6.54149455e-03,   1.99589787e-02,   2.52720790e-02,
          2.53787391e-02,   1.65303826e-02,   1.03326275e-02,
          5.64403119e-03,   2.60275526e-02,   1.71123692e-02,
          2.19913231e-02,   1.04983437e-02,   2.67931976e-02,
          1.32406239e-02,   9.77073357e-03,   9.42571335e-03,
          9.59869164e-03,   1.95247875e-02,   1.71502375e-02,
          2.71057440e-02,   1.05156792e-02,   1.06355013e-02,
          1.67222817e-02,   2.17145841e-02,   8.02520380e-03,
          2.19670057e-02,   2.28870548e-02,   1.38626464e-02,
          1.12533768e-02,   8.91821868e-03,   1.13601335e-02,
          1.88179461e-02,   2.18844192e-02,   9.31883971e-03,
          9.11627909e-03,   1.75693260e-02,   4.37785515e-03,
          1.45334861e-02,   1.35209771e-02,   1.50682189e-02,
          1.77967963e-02,   1.33147649e-02,   1.44624329e-02,
          2.03933984e-02,   2.05200596e-02,   2.04295008e-02,
          1.10045342e-02,   9.31127915e-03,   1.89262824e-02,
          2.32809400e-02],
       [  1.55936444e-02,   1.06805027e-02,   2.13832137e-02,
          7.96461421e-03,   1.40535433e-02,   2.34065888e-02,
          9.88831339e-03,   1.20872748e-02,   2.08096299e-02,
          2.12110804e-02,   1.48347253e-02,   9.90325186e-03,
          1.40474621e-02,   1.70592494e-02,   7.87320035e-03,
          1.75968646e-02,   1.24268883e-02,   6.66421920e-03,
          1.36414673e-02,   1.88023266e-02,   2.07385605e-02,
          3.61547497e-03,   1.09610423e-02,   1.44191383e-02,
          1.61109492e-02,   1.45070380e-03,   8.18740487e-03,
          1.64190000e-02,   1.38700265e-02,   2.14907327e-02,
          1.92940986e-02,   1.53227890e-02,   3.83366827e-03,
          2.39698875e-02,   2.27548182e-02,   1.85573126e-02,
          2.08060442e-02,   1.95562529e-02,   1.42143462e-02,
          1.78892589e-02,   1.92266539e-02,   1.71148642e-02,
          1.17678944e-02,   1.17058892e-02,   7.59297346e-03,
          2.64935100e-02,   1.16440556e-02,   2.29729272e-02,
          2.45482994e-02,   9.37011005e-03,   1.74377525e-02,
          1.58235851e-02,   2.37077991e-02,   8.19480889e-03,
          1.97322542e-02,   1.27864536e-02,   1.49984269e-02,
          9.03781862e-03,   1.01706443e-02,   2.61356707e-02,
          1.04065132e-02,   2.22184432e-02,   2.03505098e-02,
          8.83130825e-03,   1.79194337e-02,   1.18834104e-02,
          2.12040694e-02,   2.43790751e-02,   1.54636901e-02,
          1.39352309e-02,   2.12103529e-02,   2.41065257e-02,
          1.57748402e-02,   1.87776118e-02,   1.23122737e-02,
          1.20152217e-02,   2.15496834e-02,   1.26597769e-02,
          8.41283939e-03,   2.07134066e-02,   1.69423418e-02,
          1.15238284e-02,   9.87722754e-03,   1.61848007e-02,
          2.50215608e-02,   2.13835171e-02,   1.98293451e-02,
          5.18868391e-03,   8.65346898e-03,   7.59524957e-03,
          2.26247611e-02,   2.17515769e-02,   1.76587098e-02,
          2.51899121e-02,   2.44446699e-02,   2.22854992e-02,
          1.50499293e-02,   1.40448764e-02,   8.84864190e-03,
          2.12332241e-02]])]Hidden bias: [array([-0.77962858, -0.78666979, -0.78658349, -0.78604256, -0.78514068,
       -0.784385  , -0.78756571, -0.78797557, -0.78499329, -0.78453158,
       -0.78193844, -0.78538458, -0.7840021 , -0.78570686, -0.78286124,
       -0.78445341, -0.79030625, -0.77995295, -0.78559926, -0.78450202,
       -0.78189271, -0.78654446, -0.78445474, -0.78537971, -0.78583069,
       -0.78671026, -0.78426475, -0.78400637, -0.78686252, -0.78876258,
       -0.78546743, -0.7873431 , -0.78986753, -0.78654079, -0.78796868,
       -0.78349017, -0.78580097, -0.78455532, -0.78404968, -0.78457188,
       -0.78551603, -0.78639227, -0.78307137, -0.78455264, -0.78542043,
       -0.78506592, -0.78509275, -0.77723433, -0.78070351, -0.7865837 ,
       -0.78488147, -0.78685468, -0.78629135, -0.78566634, -0.78259502,
       -0.78133422, -0.78437866, -0.78082197, -0.78593034, -0.78578413,
       -0.78540397, -0.78092214, -0.78499145, -0.7837423 , -0.78601226,
       -0.78579867, -0.78609994, -0.78694309, -0.78525204, -0.78537931,
       -0.78558194, -0.78557085, -0.78645382, -0.7848163 , -0.78821812,
       -0.78384755, -0.78280612, -0.78726575, -0.78512628, -0.78641834,
       -0.78160736, -0.78906501, -0.78717261, -0.78322692, -0.78491103,
       -0.78065594, -0.79027789, -0.78024889, -0.78800049, -0.78574765,
       -0.78407099, -0.7841694 , -0.78640486, -0.7858197 , -0.78967777,
       -0.78835058, -0.77992956, -0.78228118, -0.78677892, -0.78158515])]Output weights: [[ 0.02369512  0.08846151]
 [ 0.02378666 -0.01190641]
 [ 0.01152099 -0.02750315]
 [ 0.01569813  0.0038339 ]
 [ 0.01130628  0.02246065]
 [ 0.0333689  -0.01473131]
 [ 0.00242037 -0.00707477]
 [-0.00812543 -0.0036224 ]
 [ 0.0276742  -0.01191249]
 [ 0.02575699 -0.05717222]
 [ 0.03870606  0.03245371]
 [ 0.01359643  0.02353997]
 [ 0.02950629  0.00668095]
 [ 0.02310808 -0.02099469]
 [ 0.02508602  0.05928521]
 [ 0.03081085 -0.02430041]
 [-0.0203444  -0.0237812 ]
 [ 0.04253143  0.05105791]
 [-0.00396803  0.05930966]
 [ 0.02935027 -0.04468117]
 [ 0.04171239  0.0410509 ]
 [-0.00600765  0.03003275]
 [ 0.03333708 -0.03015192]
 [ 0.02792607 -0.02711908]
 [ 0.02309913 -0.00688986]
 [-0.01821791  0.05865719]
 [ 0.00885366  0.04520595]
 [ 0.02958869  0.01377382]
 [-0.01437489  0.03889255]
 [-0.00854993 -0.03148737]
 [ 0.02420448  0.00652103]
 [ 0.01506824 -0.01142512]
 [-0.01878704  0.00255135]
 [ 0.01302942 -0.06757064]
 [-0.00393953  0.01113057]
 [ 0.025816    0.03633769]
 [-0.01639222  0.05743231]
 [ 0.00283746  0.04839657]
 [ 0.03788804  0.01604125]
 [ 0.02740545  0.0222272 ]
 [ 0.00357748  0.05247106]
 [ 0.01305544 -0.03942148]
 [ 0.04501779 -0.01928035]
 [-0.0060952   0.0666512 ]
 [ 0.01789754  0.03722513]
 [ 0.02807631 -0.01084297]
 [ 0.01673181  0.02007523]
 [ 0.03949343  0.0841407 ]
 [ 0.04205054  0.04980012]
 [-0.00231274  0.04502995]
 [ 0.03182483  0.01140577]
 [ 0.01101746  0.02777336]
 [ 0.01739045 -0.00390884]
 [ 0.02300098 -0.02125192]
 [ 0.04745773  0.00022519]
 [ 0.03307095  0.05401986]
 [ 0.01682244  0.0461023 ]
 [ 0.02973451  0.06779457]
 [ 0.00987993  0.00435413]
 [ 0.0305717  -0.03604225]
 [ 0.03022481 -0.02912884]
 [ 0.03825608  0.04368752]
 [ 0.03019056 -0.04877857]
 [ 0.04094885  0.01096292]
 [ 0.01889158 -0.01055111]
 [-0.01146232  0.05480588]
 [ 0.0118491  -0.04734026]
 [ 0.00345612 -0.05122454]
 [ 0.00607873  0.05048871]
 [ 0.0231213  -0.03906901]
 [ 0.02265304 -0.02855891]
 [ 0.02419879 -0.00427402]
 [ 0.01031585  0.01516664]
 [ 0.02523495 -0.06673251]
 [-0.00828135 -0.04040313]
 [ 0.03703883  0.00306635]
 [ 0.05314226 -0.0328217 ]
 [-0.00129168  0.01230635]
 [ 0.03526024 -0.00238246]
 [ 0.02226668  0.00488781]
 [ 0.03446438  0.0484653 ]
 [-0.00928254  0.01518476]
 [-0.00172461  0.01037564]
 [ 0.04150814 -0.00032121]
 [ 0.02381786  0.0067525 ]
 [ 0.06167066 -0.01865929]
 [-0.02063619  0.01045998]
 [ 0.04348471  0.05956209]
 [-0.0033339   0.0140102 ]
 [-0.00401082  0.04801697]
 [ 0.02511066  0.02594646]
 [ 0.02762561  0.01981989]
 [ 0.02344683 -0.02713477]
 [ 0.02719668 -0.00614935]
 [-0.01217561 -0.02676824]
 [-0.01018351  0.00081579]
 [ 0.03816703  0.05639215]
 [ 0.0107208   0.06446876]
 [ 0.01387261 -0.01160745]
 [ 0.0259287   0.05639271]]Output bias: [ 1.0875175   1.01426388]
Value MLP:Hidden weights: [array([[  1.10465145e+00,  -9.08634241e+00,   1.91138567e+00,
          7.94123373e-01,   4.53386230e+00,  -1.26028742e+00,
          1.31351539e+01,  -3.40624597e+00,  -3.05315296e+00,
          3.08677016e+00,  -5.93348207e+00,  -4.50355767e+00,
          1.18965980e+01,  -3.08631914e+00,   1.27491557e+01,
          4.11146166e+00,   6.37807027e+00,  -2.94807727e+00,
          1.18496220e+01,  -4.96794632e+00,  -2.30482233e+00,
         -1.10789487e-01,  -7.46489737e-01,   9.86040289e+00,
         -9.28472137e+00,  -6.20424413e+00,   5.95318418e+00,
         -2.88214953e+00,   8.03771150e-01,   4.44678915e+00,
          1.30302227e+00,   5.28530725e+00,  -2.04080913e+00,
          7.21433396e+00,   7.24762210e+00,   1.24734143e+01,
          5.70073960e+00,   1.80232870e+00,   8.51755212e+00,
          1.02322736e+01,  -1.06503028e+00,   5.55887688e-01,
          7.10111676e+00,   2.23501417e+01,  -4.12818758e+00,
         -9.64937446e-01,   4.69583233e+00,  -6.50660329e+00,
         -5.06428089e+00,  -1.77807165e+01],
       [ -2.57327811e+00,   2.65805174e-01,   4.23290158e+00,
         -6.59860976e+00,  -2.19710839e+00,  -3.76188762e+00,
          6.16069470e-01,  -4.24020271e+00,   2.14938707e+00,
         -4.75458902e+00,   2.76328600e+00,  -6.12868174e+00,
         -1.15131212e+01,   1.79458754e+00,  -3.44571315e+00,
         -6.05871480e+00,   4.82010983e-01,   3.83943696e+00,
          1.20720686e+01,  -7.06028922e+00,  -6.24670045e+00,
         -4.60017509e+00,  -5.23183669e-01,   9.83468314e-01,
         -1.28154591e+01,  -1.37294349e+01,  -3.46955316e+00,
         -3.80689446e+00,   1.47261448e+01,  -7.51951728e+00,
          1.76918114e+00,  -1.10870119e+01,   3.92058017e+00,
         -6.61843411e+00,   1.04138458e+00,  -1.94182109e+00,
         -8.35718429e+00,   5.01987605e+00,  -3.23244197e+00,
         -1.59840225e+01,   1.20285685e+01,  -4.22581856e+00,
         -4.45777516e+00,   5.68062049e+00,   1.36511309e+01,
         -9.71175655e-02,  -1.84558177e+00,  -1.68830348e+00,
         -4.49380597e-01,   6.83659581e+00],
       [ -7.66309382e+00,  -1.09919522e+01,   1.87132891e+01,
         -8.57526458e-01,   1.20575274e+01,  -2.48733206e+01,
          2.28187890e+01,   2.09041010e+00,   9.80931632e+00,
          8.38210299e+00,   5.52397465e+00,  -1.94270605e+00,
          3.54382515e+00,   1.22734879e+01,   1.15230383e+01,
          1.58184968e+01,   2.23204851e+01,   5.58495143e+00,
          3.41562755e+01,   2.78912740e+00,   1.89843093e+00,
          2.09020329e+01,   4.61458323e+00,   2.66887387e+01,
         -4.68593192e+01,  -1.63736248e+01,   1.34861375e+01,
         -2.28786183e+00,   1.49446819e+01,  -2.14330562e+00,
          1.66439046e+01,  -6.90588669e+00,  -1.10428159e+01,
          7.07375714e+00,   1.56443096e+01,   2.06244740e+01,
          2.50417802e+01,   1.01289743e+01,  -7.00663914e+00,
          3.90804705e+01,   1.99178645e+00,  -4.25632339e+00,
          1.20660364e+01,   2.63470957e+01,  -1.22255266e+01,
          6.79544161e-01,   8.24438039e-01,   1.20206489e+01,
         -2.43081262e+01,   2.30164729e+00],
       [  8.91935292e+00,   2.01660878e+00,   4.95194929e+00,
          2.01821627e+00,  -1.90226300e+00,  -5.35515857e-01,
         -9.78297950e+00,  -3.66009425e-01,  -1.35305975e+01,
         -1.36238433e+01,  -1.32201694e+01,  -1.42093562e+00,
          6.24311923e+00,  -1.23613318e+00,  -9.07081780e+00,
         -8.71287304e+00,  -3.52114480e+00,   9.98364290e+00,
          2.28752422e+00,   6.43528850e+00,  -6.73336032e+00,
         -1.89949563e+00,  -1.63622533e+01,   9.34317967e+00,
         -1.76010146e+01,  -6.14752659e+00,  -7.05298683e+00,
          2.90718087e+00,   7.36599091e+00,   9.29433566e+00,
         -5.41769123e+00,  -1.73626632e+01,   1.24325647e+01,
         -9.88029318e+00,  -5.98671436e+00,  -6.49172230e+00,
         -1.18254957e+01,  -1.06483277e+01,  -9.72699014e-01,
         -7.50753235e+00,  -8.24002479e+00,   1.22072886e+01,
         -6.31900455e+00,   6.04063921e+00,   9.96505070e+00,
         -1.95664910e+01,   1.52913986e+01,  -2.18661155e+01,
         -2.49705863e+00,  -8.53944245e+00],
       [  1.12953129e+01,   2.13743582e+01,  -2.06350700e+01,
          1.08148102e+01,  -4.09465326e+01,   6.99470635e+01,
         -2.02674155e+01,   6.73528589e+00,  -2.14353189e+01,
         -3.03198969e+01,   1.75403348e+00,   1.50385739e+01,
         -1.43087628e-01,  -2.27605795e+01,   5.38687707e-01,
          1.73291566e+01,  -1.89285869e+01,   1.80969260e+01,
         -2.55026430e+01,   1.26902568e+01,   1.54177185e+01,
         -7.39864122e+00,  -4.61582515e+01,  -1.41126713e+01,
          7.68582693e+01,   4.63996940e+01,   3.25353231e+00,
          1.55238588e+01,  -1.30247524e+01,   4.52713709e+00,
         -2.25188867e+01,   4.39502216e+01,   1.66065083e+01,
          4.68819457e+00,   3.28917057e+00,   1.18071796e+01,
          1.22115060e+01,  -1.06741086e+01,   5.06651949e+01,
         -9.76748670e+01,  -2.39663014e+01,   1.31833730e+01,
          3.84005014e+00,   5.79845473e+00,  -6.12609301e+00,
         -3.14743033e+01,   1.32146761e+01,  -2.29355399e+01,
         -7.88321890e+00,   9.83821843e+01],
       [ -9.92312346e+00,  -9.60102537e+00,  -7.77160958e+00,
          3.87101335e+01,  -7.38339349e-01,  -3.18528395e+01,
          1.19281498e+01,   1.54599389e+01,  -3.46112609e+01,
         -3.27837329e+00,   1.87376706e+01,   2.20857347e+01,
          4.10395474e+01,  -1.23270452e+01,   5.56629235e+00,
          1.29544554e+01,   1.44334961e+01,   1.24463950e+01,
         -1.30066570e+00,   7.84669062e+01,   3.87720305e+01,
          2.56812466e+01,  -2.25401675e+01,   7.98086611e+00,
         -3.79198740e+01,   5.59106359e+00,   2.34087063e+01,
          1.91688997e+01,  -2.51884827e+00,   9.46136907e-01,
          1.63607285e+01,   2.91871464e+01,  -1.16557744e+01,
          1.80942062e+01,   2.78038166e+01,   2.38231838e+01,
          7.18047462e-01,   1.12482672e+01,  -2.33978773e+01,
          1.21075689e+02,  -3.40623870e+01,   2.12257089e+01,
          1.63234623e+01,   1.61080813e+01,  -4.08914402e+01,
         -8.62935940e+00,   1.32991901e+01,   3.72809892e+00,
         -4.02354963e+01,   1.13176717e+00],
       [ -1.06737300e+01,   7.70383613e-01,  -1.02015287e+00,
          6.85828834e+00,   8.87915210e+00,   5.87578454e+00,
          6.95445813e+00,  -5.13426766e-01,   4.23132426e+00,
          9.28921948e+00,  -1.01257881e+00,   1.05981580e+01,
          2.81280970e+00,  -1.29346674e-01,   9.44365558e+00,
          1.24870919e+01,   3.94930903e+00,  -5.72495091e+00,
         -2.85588158e+00,   1.28217188e+00,   4.67228519e-01,
          5.77682187e+00,   9.84906189e-01,   1.01009509e+01,
         -4.60776560e-01,   4.73970201e+00,   1.23586151e+00,
          3.56236737e+00,  -1.15895564e+01,  -6.39715385e+00,
          8.49059284e+00,   1.14813791e+01,  -2.22234851e+00,
          6.12593024e+00,  -5.96553576e+00,   6.05116660e+00,
          5.51515472e+00,   9.67594808e+00,  -4.13833627e+00,
          3.38124975e+01,  -4.46769955e-01,   1.27166610e+01,
          5.43909394e+00,   1.93040138e-01,  -6.10204792e-01,
          8.52212063e+00,  -1.61339491e+00,   1.45628181e+01,
          1.15436350e+01,  -3.36863542e+00],
       [ -7.01063452e+00,  -5.35375392e+00,  -8.10879769e+00,
         -9.97276402e+00,   9.46121410e+00,   9.34255203e+00,
         -8.01748303e+00,  -3.27456538e+00,   3.50659688e+00,
          1.06986736e+01,  -5.53419794e+00,   5.17574356e+00,
         -8.30278665e+00,   5.96073899e+00,  -2.31773663e+00,
          4.03660890e+00,  -1.29230819e+01,  -1.08955759e+01,
         -5.62320445e+00,  -8.07371944e+00,  -5.55517226e-03,
         -7.33993484e+00,   2.58928261e-01,  -1.75589581e+01,
          1.29680251e+01,   1.25458969e+01,  -4.67007507e+00,
         -1.10488125e+01,  -3.03502124e+01,  -1.11343499e+01,
         -3.99349637e+00,   5.65469019e+00,  -1.23721077e+01,
         -1.88848077e+00,  -5.33423595e+00,  -6.41296574e+00,
          2.40142323e+00,   1.94114727e+00,   7.58707180e+00,
         -3.66064638e-02,  -2.05479935e+00,  -4.25312626e+00,
         -2.62670202e+00,  -1.57475931e+01,  -1.02201185e+01,
          1.11452529e+01,   1.31742324e+00,   5.26098395e+00,
          3.38836978e+00,  -2.62021114e+01]])]Hidden bias: [array([-17.46753894,  -1.99340813,   1.36599095,  -3.30127137,
         3.43446815,  -1.65350269,   6.45952494,  -7.46949988,
        23.33858372,  10.22281087,   1.98869249,   4.2819049 ,
       -24.39085809,  10.2389433 ,   8.73803628,   5.27457485,
         5.18819975, -14.62922572,   0.73497491,  -6.58574411,
         1.42891562,   1.94636435,   5.81481339,   4.13346475,
         6.32152675,  10.07901596,  -0.11379707,   0.54804347,
       -18.8702741 , -19.90478091,   4.94782488,   9.44184896,
        -7.06829558,  11.08273521,   3.42543056,   1.80485409,
        10.12526297,  19.73001849,   4.99534401,  16.9057308 ,
        21.19659676,  -0.59522055,   8.42877737,  -1.61696581,
        -8.0390398 ,  16.10761869,  -8.38085243,  22.27703111,
        -5.01153443, -12.6969446 ])]Output weights: [[  0.92646937]
 [ -1.79709266]
 [  7.15766603]
 [  8.54742989]
 [ -9.11210071]
 [ -1.51482371]
 [  3.42827108]
 [  3.18243618]
 [ -7.03334426]
 [  3.09557975]
 [ -0.92546361]
 [ -1.85535515]
 [  1.15359696]
 [ -1.77658781]
 [  2.17151778]
 [  1.26951278]
 [  1.6027146 ]
 [  1.64891595]
 [  0.9142292 ]
 [ -3.71098255]
 [ -1.73098801]
 [ -7.60936122]
 [  3.83546186]
 [ -1.58294326]
 [  0.47805933]
 [ -5.14517502]
 [ -2.182823  ]
 [ -3.9520128 ]
 [-13.99634215]
 [-14.19802557]
 [ -4.83341144]
 [  9.70448564]
 [  2.21984024]
 [  6.68255583]
 [ -1.00717895]
 [  5.90776588]
 [ -6.48771752]
 [ -6.0289724 ]
 [  2.79309226]
 [ -3.3931046 ]
 [  1.41976167]
 [ -3.33682968]
 [  2.65844711]
 [ -2.0738248 ]
 [ -4.11577483]
 [ -4.80088841]
 [  3.7768152 ]
 [ 13.73279844]
 [  5.62567504]
 [ -0.67444172]]Output bias: [-104.63569012]