Action MLP:Hidden weights: [array([[  1.31453280e-02,   1.27042754e-03,  -2.30053406e-03,
          1.39671271e-03,  -3.06581670e-03,  -2.56852084e-03,
          3.31720908e-03,   7.65916925e-03,   6.54076115e-03,
         -2.31833126e-03,   1.59882998e-02,   1.19866463e-02,
         -2.21665454e-03,   2.58253638e-03,  -3.02974342e-03,
          1.32979907e-02,  -4.26314143e-03,  -5.19327865e-04,
         -1.95703679e-03,   3.97613697e-03,   1.43104425e-02,
          9.75473579e-03,   1.09011640e-02,   5.95415832e-03,
          5.62791360e-03,   7.79982002e-03,   1.21963710e-02,
          1.60658551e-02,   7.97186532e-03,  -1.84588674e-03,
          9.89371678e-03,  -1.34208515e-03,  -1.04151752e-03,
         -3.85364411e-03,  -1.03980478e-03,   1.19827713e-03,
         -3.30991737e-03,   8.97758769e-04,   1.68536239e-02,
          4.10211647e-03,   1.32556466e-02,   4.04182062e-03,
          1.02501032e-04,   1.36810451e-02,   9.34785562e-03,
          1.19384676e-02,  -1.76559645e-03,   2.45762921e-06,
          6.45424757e-03,   9.59591957e-03,   1.62749290e-02,
          4.96851897e-03,   4.57883341e-04,   1.24871542e-02,
          1.40907968e-02,   1.39020984e-02,  -2.95681677e-03,
          1.66819564e-02,   1.19479201e-02,   1.25239782e-02,
          1.05807838e-02,   6.63023056e-03,   1.68748412e-02,
          1.28096418e-02,   1.58098968e-02,   8.32857568e-03,
         -2.50879039e-03,  -2.56415269e-04,  -5.26812675e-03,
          7.74669807e-03,  -1.67622790e-03,   6.83429913e-03,
          9.97424173e-03,  -2.87017523e-03,   1.37719103e-02,
          1.52830542e-02,   2.38586199e-03,  -1.98241988e-03,
          1.73180596e-02,   3.75155957e-03,   1.60588712e-02,
          4.13331451e-03,   1.33976837e-02,   9.11047627e-03,
          5.93128223e-03,   5.96912333e-03,  -6.86414405e-04,
          9.74688536e-03,   4.96911627e-03,  -1.31739442e-03,
          1.49369628e-02,   1.64355350e-02,   2.83660070e-03,
          3.49650181e-03,   1.14729477e-02,  -2.02757062e-03,
          9.64544863e-03,   4.84306481e-04,   3.29469091e-03,
          4.77117148e-03],
       [  1.16607352e-01,   1.13907242e-01,   1.34728671e-01,
          1.25874668e-01,   1.34215698e-01,   1.30532733e-01,
          1.30890184e-01,   1.36492158e-01,   1.31053439e-01,
          1.33044943e-01,   1.27286323e-01,   1.27074412e-01,
          1.31900935e-01,   1.26727815e-01,   1.13458973e-01,
          1.31233796e-01,   1.22775676e-01,   1.30029140e-01,
          1.19636493e-01,   1.33492776e-01,   1.16245762e-01,
          1.32824079e-01,   1.26857030e-01,   1.27289665e-01,
          1.26791243e-01,   1.18726224e-01,   1.32656523e-01,
          1.28780616e-01,   1.32111187e-01,   1.28725263e-01,
          1.22824725e-01,   1.17904690e-01,   1.23839400e-01,
          1.18283258e-01,   1.25196230e-01,   1.24052093e-01,
          1.27995470e-01,   1.32109425e-01,   1.14257937e-01,
          1.18186227e-01,   1.15608571e-01,   1.32715742e-01,
          1.26575076e-01,   1.21214372e-01,   1.14255121e-01,
          1.27427447e-01,   1.29472567e-01,   1.29237426e-01,
          1.22368746e-01,   1.18974481e-01,   1.16200524e-01,
          1.14687174e-01,   1.26796992e-01,   1.31190309e-01,
          1.19969599e-01,   1.23015213e-01,   1.22102222e-01,
          1.21892015e-01,   1.33470677e-01,   1.14038770e-01,
          1.23601033e-01,   1.29920236e-01,   1.22230641e-01,
          1.17087356e-01,   1.28553266e-01,   1.28193385e-01,
          1.35070361e-01,   1.33538558e-01,   1.18088534e-01,
          1.31086935e-01,   1.31447637e-01,   1.23121251e-01,
          1.25013209e-01,   1.24937488e-01,   1.34116284e-01,
          1.24370418e-01,   1.16762186e-01,   1.30854488e-01,
          1.13692357e-01,   1.13591836e-01,   1.26407852e-01,
          1.17735753e-01,   1.32856580e-01,   1.27139123e-01,
          1.27010286e-01,   1.24309024e-01,   1.17200812e-01,
          1.14664771e-01,   1.24797899e-01,   1.27458031e-01,
          1.25836741e-01,   1.24275433e-01,   1.22082662e-01,
          1.16489273e-01,   1.21315645e-01,   1.29368137e-01,
          1.31407254e-01,   1.33613373e-01,   1.25272173e-01,
          1.28513414e-01],
       [ -2.25602176e-02,   1.47030651e-02,   7.79587449e-03,
          1.21237413e-02,   7.79751455e-03,   1.30680525e-02,
          1.23331343e-02,   5.27148469e-04,   6.16570808e-03,
          2.10806965e-02,   3.07399614e-03,  -8.13013503e-03,
          7.97106110e-03,   2.57221650e-02,  -1.46278947e-02,
          1.14107175e-02,   7.65087294e-03,  -1.05065613e-02,
         -1.92146090e-02,   1.81877972e-02,  -4.44560213e-03,
         -8.97412051e-03,   3.03353244e-02,   1.38677733e-02,
          7.86224681e-03,  -2.25779486e-02,  -1.25254052e-02,
          1.89122452e-04,  -2.14668127e-03,   2.29219808e-02,
          6.80245924e-03,   7.96542696e-03,   1.43368508e-02,
          3.71751454e-02,  -1.48946012e-03,  -2.20792423e-03,
         -1.91839887e-02,  -6.31866923e-03,   4.68383667e-03,
         -9.61762692e-04,  -5.80122262e-03,   2.77881372e-02,
          1.80507909e-02,  -1.39258810e-02,   9.39211449e-04,
          1.77891024e-02,   4.12743867e-04,  -2.04132684e-02,
         -1.70461786e-03,  -1.31404982e-02,   6.12924928e-03,
         -9.16872605e-03,   6.01904319e-03,   8.83871797e-03,
          1.75737284e-02,  -9.56681620e-03,  -1.25558875e-02,
         -2.84939366e-03,   1.19494813e-02,   2.29681544e-02,
          1.42670793e-02,   3.20992572e-03,   3.26556315e-02,
          5.40784934e-03,   1.78954926e-02,  -1.92120125e-02,
          2.74631501e-02,   3.16037906e-02,  -1.52133101e-02,
          3.06335903e-02,   1.11483177e-02,   1.57451010e-02,
         -2.64885444e-03,   2.39272135e-02,   2.90857513e-02,
          1.10430092e-02,   1.39517249e-02,  -2.04593376e-03,
          1.41129443e-02,   1.30397582e-02,  -6.62088028e-03,
         -2.58081492e-03,   1.33590666e-02,   1.14455114e-02,
          8.65813154e-03,   2.47085875e-02,   5.60071767e-03,
         -5.01354275e-03,  -1.54084597e-03,  -6.72977566e-03,
         -3.23070785e-03,   1.10403956e-02,   1.99709953e-02,
          1.45758692e-02,   1.59272767e-02,   8.10609255e-03,
         -8.93268704e-04,  -3.72582668e-03,   1.92608378e-02,
         -1.23065327e-02],
       [ -1.02217900e-01,  -1.01025905e-01,  -8.78362030e-02,
         -8.85209481e-02,  -8.77169035e-02,  -1.09810771e-01,
         -7.89554003e-02,  -6.66971856e-02,  -1.01030550e-01,
         -9.92009904e-02,  -1.12879151e-01,  -9.02259715e-02,
         -1.06131110e-01,  -9.91218919e-02,  -1.00902087e-01,
         -1.09118181e-01,  -5.30211177e-02,  -1.21650926e-01,
         -7.14497811e-02,  -1.04717878e-01,  -1.18090596e-01,
         -7.06324668e-02,  -1.05203085e-01,  -1.02763001e-01,
         -9.54975234e-02,  -5.67629489e-02,  -8.22540570e-02,
         -1.04144664e-01,  -5.99859118e-02,  -6.36174754e-02,
         -9.64666227e-02,  -9.23684187e-02,  -5.54851138e-02,
         -8.63634504e-02,  -6.94236608e-02,  -1.00460006e-01,
         -5.80190183e-02,  -7.70241929e-02,  -1.14034654e-01,
         -1.05059682e-01,  -7.50604842e-02,  -8.63709248e-02,
         -1.21576196e-01,  -6.87670143e-02,  -9.29761862e-02,
         -1.01490552e-01,  -9.47137871e-02,  -1.19227657e-01,
         -1.17281101e-01,  -7.11870757e-02,  -1.04546709e-01,
         -8.60805916e-02,  -9.48503221e-02,  -9.66990050e-02,
         -1.21181527e-01,  -1.11084548e-01,  -9.49923161e-02,
         -1.08237379e-01,  -8.27821630e-02,  -1.06635483e-01,
         -1.05643996e-01,  -1.16851250e-01,  -1.01315807e-01,
         -1.17948724e-01,  -9.39878288e-02,  -6.42748034e-02,
         -9.00928873e-02,  -7.65302513e-02,  -8.41663214e-02,
         -9.48254602e-02,  -1.01093148e-01,  -1.01944551e-01,
         -8.28943285e-02,  -1.02729095e-01,  -6.59353268e-02,
         -1.14929764e-01,  -1.29499678e-01,  -7.38951956e-02,
         -1.08414490e-01,  -9.71351063e-02,  -1.09867285e-01,
         -6.49662900e-02,  -7.13594031e-02,  -1.18949407e-01,
         -1.01567837e-01,  -1.38447247e-01,  -5.25642829e-02,
         -1.21094605e-01,  -7.23342938e-02,  -7.26444190e-02,
         -1.00755199e-01,  -1.04137813e-01,  -9.50036850e-02,
         -1.00610668e-01,  -5.91539922e-02,  -6.29838769e-02,
         -1.16911747e-01,  -8.64322863e-02,  -8.58017117e-02,
         -1.02926477e-01],
       [  5.17510997e-02,  -9.47729258e-03,  -1.68940578e-02,
         -1.53703838e-03,   1.13271161e-02,  -2.12702858e-03,
         -4.74139876e-04,   5.54985226e-03,   7.61535199e-04,
         -2.45457261e-02,   5.23452542e-03,   4.84529285e-03,
          7.49218071e-03,  -5.74958626e-04,   2.89920501e-02,
         -1.17086616e-02,  -2.90521442e-03,   1.44698753e-02,
          3.82950971e-02,  -1.50745231e-02,   1.85581615e-02,
          1.14506661e-02,  -1.04827419e-02,  -3.24098452e-04,
         -5.91239865e-03,   2.48386614e-02,   1.27569170e-02,
          2.49563738e-03,   2.73166719e-02,  -8.88328927e-03,
         -3.39791674e-03,  -6.15182746e-03,   1.35800953e-03,
         -2.56173709e-02,  -3.04414578e-04,   1.78103512e-02,
          3.22042968e-02,   1.95051100e-02,   7.32692979e-03,
          5.86135000e-03,   2.50083730e-02,  -1.07500612e-02,
          2.05021453e-03,   3.50817115e-02,   2.72348208e-02,
         -8.01640124e-04,   2.25234202e-03,   4.66179471e-02,
          2.03731221e-02,   2.17350162e-02,   8.83874116e-03,
          5.87765087e-03,   7.98393042e-03,  -7.58098328e-03,
         -4.26370992e-03,   1.91141984e-02,   2.84055001e-02,
          4.18436906e-02,  -4.65117588e-03,  -1.15811572e-02,
         -1.80186124e-03,   1.20395522e-02,  -1.27122010e-02,
          1.96336127e-03,   4.23628567e-03,   2.73308503e-02,
         -2.11515357e-02,  -1.78302513e-02,   3.00522201e-02,
         -1.33559975e-02,  -9.80741595e-03,  -4.99550940e-03,
          2.55360739e-03,  -2.46429944e-02,  -1.22947843e-02,
          1.13927808e-02,  -1.43656412e-02,   1.23045260e-02,
         -8.44397011e-03,   1.05862161e-02,   2.22127880e-02,
          1.16645601e-02,   1.62365667e-02,   4.74804353e-03,
         -2.49512475e-03,  -1.21993508e-02,   1.57457395e-02,
          2.29258380e-02,   9.31588112e-03,   3.17302435e-02,
          1.59045695e-02,   3.50775298e-03,  -1.26946773e-02,
          1.10703025e-03,  -1.67583403e-03,  -8.37007978e-04,
          2.88144416e-02,   3.43170003e-02,  -1.10181147e-02,
          1.77787553e-02],
       [  9.95866983e-02,   1.73015307e-02,  -3.94359140e-04,
          3.47352914e-02,   4.87983643e-02,   9.92524056e-03,
          1.75140157e-02,   1.50750468e-02,   9.83056900e-03,
         -2.58183384e-02,   6.16685585e-02,   4.76278746e-02,
          3.13112338e-02,   8.23437811e-03,   7.63588900e-02,
          3.43979804e-03,  -1.79113597e-03,   7.51403549e-02,
          6.98505615e-02,  -1.67601573e-02,   6.21344297e-02,
          5.15821653e-02,   4.32451531e-03,  -5.92974320e-03,
          1.90822834e-02,   7.45417580e-02,   6.74337176e-02,
          3.85511766e-02,   5.60740185e-02,  -3.08277189e-03,
          3.47659392e-02,   1.43580447e-02,   2.74478879e-02,
         -3.26680536e-02,   3.59777345e-02,   5.96543390e-02,
          7.26299081e-02,   7.11483569e-02,   3.92293335e-02,
          4.83100029e-02,   7.30611672e-02,  -9.09490692e-03,
          5.87060439e-03,   8.43074640e-02,   5.41511054e-02,
          1.57331717e-02,   4.68056418e-02,   9.78931119e-02,
          7.41262258e-02,   6.17715308e-02,   3.43224673e-02,
          4.82302920e-02,   1.53064689e-02,   2.90133330e-03,
          3.41371102e-02,   7.73717636e-02,   5.99871115e-02,
          8.45744264e-02,   3.67829255e-02,  -6.64277258e-03,
         -7.31559821e-03,   7.30333643e-02,  -1.70073345e-02,
          3.55990655e-02,   1.41855465e-02,   6.95395436e-02,
         -1.40336451e-02,  -1.92756949e-02,   6.59854342e-02,
         -6.69544587e-03,  -2.94372839e-03,   2.64432271e-02,
          3.91708785e-02,  -3.74268542e-02,  -1.02536809e-02,
          2.42317998e-02,  -5.73872863e-03,   3.20234801e-02,
          2.85059835e-02,   2.88682381e-02,   6.88315070e-02,
          3.30655584e-02,   3.17950266e-02,   2.38844969e-02,
          3.73024301e-02,   1.69842942e-02,   2.77645621e-02,
          8.30708404e-02,   3.32475391e-02,   6.36966587e-02,
          4.71528912e-02,   4.97513797e-02,   1.89369069e-03,
          2.12281816e-02,  -3.06599918e-03,   2.82035869e-02,
          7.87326972e-02,   8.51380195e-02,   2.15529919e-02,
          8.02364737e-02],
       [  1.68039377e-02,   2.13030965e-02,   1.46852142e-02,
          2.56752410e-02,   1.04167835e-02,   1.19706353e-02,
          1.24447416e-02,   2.27107502e-02,   2.80496904e-02,
          2.81383119e-02,   1.60431633e-02,   2.02890384e-02,
          2.51655717e-02,   1.19262361e-02,   2.30105852e-02,
          2.71967577e-02,   2.23948765e-02,   2.39766819e-02,
          4.15367790e-03,   1.64821540e-02,   2.00134178e-02,
          1.11332248e-02,   2.92093752e-02,   2.82660369e-02,
          1.79319230e-02,   1.39805607e-02,   1.31930796e-02,
          2.21066659e-02,   1.12875318e-02,   1.90140249e-02,
          1.21207390e-02,   1.87866040e-02,   4.19492008e-03,
          1.85725673e-02,   1.01774188e-02,   2.17908787e-02,
          1.61199694e-02,   7.11930628e-03,   2.43706401e-02,
          1.50448601e-02,   5.09376955e-03,   1.12063228e-02,
          2.92822331e-02,   5.69003727e-03,   1.81503636e-02,
          2.27245094e-02,   2.41729948e-02,   2.34930975e-02,
          8.73384590e-03,   4.43785449e-03,   2.24012034e-02,
          6.54149455e-03,   1.99589787e-02,   2.52720790e-02,
          2.53787391e-02,   1.65303826e-02,   1.03326275e-02,
          5.64403119e-03,   2.60275526e-02,   1.71123692e-02,
          2.19913231e-02,   1.04983437e-02,   2.67931976e-02,
          1.32406239e-02,   9.77073357e-03,   9.42571335e-03,
          9.59869164e-03,   1.95247875e-02,   1.71502375e-02,
          2.71057440e-02,   1.05156792e-02,   1.06355013e-02,
          1.67222817e-02,   2.17145841e-02,   8.02520380e-03,
          2.19670057e-02,   2.28870548e-02,   1.38626464e-02,
          1.12533768e-02,   8.91821868e-03,   1.13601335e-02,
          1.88179461e-02,   2.18844192e-02,   9.31883970e-03,
          9.11627909e-03,   1.75693260e-02,   4.37785515e-03,
          1.45334861e-02,   1.35209771e-02,   1.50682189e-02,
          1.77967963e-02,   1.33147649e-02,   1.44624329e-02,
          2.03933984e-02,   2.05200596e-02,   2.04295008e-02,
          1.10045342e-02,   9.31127915e-03,   1.89262824e-02,
          2.32809400e-02],
       [  1.55936444e-02,   1.06805027e-02,   2.13832137e-02,
          7.96461421e-03,   1.40535433e-02,   2.34065888e-02,
          9.88831339e-03,   1.20872748e-02,   2.08096299e-02,
          2.12110804e-02,   1.48347253e-02,   9.90325187e-03,
          1.40474621e-02,   1.70592494e-02,   7.87320035e-03,
          1.75968646e-02,   1.24268883e-02,   6.66421920e-03,
          1.36414673e-02,   1.88023266e-02,   2.07385605e-02,
          3.61547497e-03,   1.09610423e-02,   1.44191383e-02,
          1.61109492e-02,   1.45070380e-03,   8.18740487e-03,
          1.64190000e-02,   1.38700265e-02,   2.14907327e-02,
          1.92940986e-02,   1.53227890e-02,   3.83366827e-03,
          2.39698875e-02,   2.27548182e-02,   1.85573126e-02,
          2.08060442e-02,   1.95562529e-02,   1.42143462e-02,
          1.78892589e-02,   1.92266539e-02,   1.71148642e-02,
          1.17678944e-02,   1.17058892e-02,   7.59297346e-03,
          2.64935100e-02,   1.16440556e-02,   2.29729272e-02,
          2.45482994e-02,   9.37011005e-03,   1.74377525e-02,
          1.58235851e-02,   2.37077991e-02,   8.19480889e-03,
          1.97322542e-02,   1.27864536e-02,   1.49984269e-02,
          9.03781862e-03,   1.01706443e-02,   2.61356707e-02,
          1.04065132e-02,   2.22184432e-02,   2.03505098e-02,
          8.83130825e-03,   1.79194337e-02,   1.18834104e-02,
          2.12040694e-02,   2.43790751e-02,   1.54636901e-02,
          1.39352309e-02,   2.12103529e-02,   2.41065257e-02,
          1.57748402e-02,   1.87776118e-02,   1.23122737e-02,
          1.20152217e-02,   2.15496834e-02,   1.26597769e-02,
          8.41283939e-03,   2.07134066e-02,   1.69423418e-02,
          1.15238284e-02,   9.87722754e-03,   1.61848007e-02,
          2.50215608e-02,   2.13835171e-02,   1.98293451e-02,
          5.18868391e-03,   8.65346898e-03,   7.59524957e-03,
          2.26247611e-02,   2.17515769e-02,   1.76587098e-02,
          2.51899121e-02,   2.44446699e-02,   2.22854992e-02,
          1.50499293e-02,   1.40448764e-02,   8.84864190e-03,
          2.12332241e-02]])]Hidden bias: [array([-0.77962858, -0.78666979, -0.78658349, -0.78604256, -0.78514068,
       -0.784385  , -0.78756571, -0.78797557, -0.78499329, -0.78453158,
       -0.78193844, -0.78538458, -0.7840021 , -0.78570686, -0.78286124,
       -0.78445341, -0.79030625, -0.77995295, -0.78559926, -0.78450202,
       -0.78189271, -0.78654446, -0.78445474, -0.78537971, -0.78583069,
       -0.78671026, -0.78426475, -0.78400637, -0.78686252, -0.78876258,
       -0.78546743, -0.7873431 , -0.78986753, -0.78654079, -0.78796868,
       -0.78349017, -0.78580097, -0.78455532, -0.78404968, -0.78457188,
       -0.78551603, -0.78639227, -0.78307137, -0.78455264, -0.78542043,
       -0.78506592, -0.78509275, -0.77723433, -0.78070351, -0.7865837 ,
       -0.78488147, -0.78685468, -0.78629135, -0.78566634, -0.78259502,
       -0.78133422, -0.78437866, -0.78082197, -0.78593034, -0.78578413,
       -0.78540397, -0.78092214, -0.78499145, -0.7837423 , -0.78601226,
       -0.78579867, -0.78609994, -0.78694309, -0.78525204, -0.78537931,
       -0.78558194, -0.78557085, -0.78645382, -0.7848163 , -0.78821812,
       -0.78384755, -0.78280612, -0.78726575, -0.78512628, -0.78641834,
       -0.78160736, -0.78906501, -0.78717261, -0.78322692, -0.78491103,
       -0.78065594, -0.79027789, -0.78024889, -0.78800049, -0.78574765,
       -0.78407099, -0.7841694 , -0.78640486, -0.7858197 , -0.78967777,
       -0.78835058, -0.77992956, -0.78228118, -0.78677892, -0.78158515])]Output weights: [[ 0.02369512  0.08846151]
 [ 0.02378666 -0.01190641]
 [ 0.01152099 -0.02750315]
 [ 0.01569813  0.00383389]
 [ 0.01130628  0.02246065]
 [ 0.0333689  -0.01473131]
 [ 0.00242037 -0.00707477]
 [-0.00812543 -0.0036224 ]
 [ 0.0276742  -0.01191249]
 [ 0.02575699 -0.05717222]
 [ 0.03870606  0.03245371]
 [ 0.01359643  0.02353997]
 [ 0.02950629  0.00668095]
 [ 0.02310808 -0.02099469]
 [ 0.02508602  0.05928521]
 [ 0.03081085 -0.02430041]
 [-0.0203444  -0.0237812 ]
 [ 0.04253143  0.05105791]
 [-0.00396803  0.05930966]
 [ 0.02935027 -0.04468117]
 [ 0.04171239  0.0410509 ]
 [-0.00600765  0.03003275]
 [ 0.03333708 -0.03015192]
 [ 0.02792607 -0.02711908]
 [ 0.02309913 -0.00688986]
 [-0.01821792  0.05865719]
 [ 0.00885366  0.04520595]
 [ 0.02958869  0.01377382]
 [-0.01437489  0.03889255]
 [-0.00854993 -0.03148737]
 [ 0.02420448  0.00652103]
 [ 0.01506824 -0.01142512]
 [-0.01878704  0.00255135]
 [ 0.01302942 -0.06757064]
 [-0.00393953  0.01113057]
 [ 0.025816    0.03633769]
 [-0.01639222  0.0574323 ]
 [ 0.00283746  0.04839657]
 [ 0.03788804  0.01604125]
 [ 0.02740545  0.0222272 ]
 [ 0.00357748  0.05247106]
 [ 0.01305544 -0.03942148]
 [ 0.04501779 -0.01928035]
 [-0.0060952   0.0666512 ]
 [ 0.01789754  0.03722513]
 [ 0.02807631 -0.01084297]
 [ 0.01673181  0.02007522]
 [ 0.03949343  0.0841407 ]
 [ 0.04205054  0.04980011]
 [-0.00231274  0.04502995]
 [ 0.03182483  0.01140577]
 [ 0.01101746  0.02777336]
 [ 0.01739045 -0.00390884]
 [ 0.02300098 -0.02125192]
 [ 0.04745773  0.00022519]
 [ 0.03307095  0.05401986]
 [ 0.01682244  0.0461023 ]
 [ 0.02973451  0.06779457]
 [ 0.00987993  0.00435413]
 [ 0.0305717  -0.03604225]
 [ 0.03022481 -0.02912884]
 [ 0.03825608  0.04368752]
 [ 0.03019056 -0.04877857]
 [ 0.04094885  0.01096292]
 [ 0.01889158 -0.01055111]
 [-0.01146232  0.05480588]
 [ 0.0118491  -0.04734026]
 [ 0.00345612 -0.05122454]
 [ 0.00607873  0.05048871]
 [ 0.0231213  -0.03906901]
 [ 0.02265304 -0.02855891]
 [ 0.02419879 -0.00427402]
 [ 0.01031585  0.01516664]
 [ 0.02523494 -0.06673251]
 [-0.00828135 -0.04040313]
 [ 0.03703883  0.00306635]
 [ 0.05314226 -0.0328217 ]
 [-0.00129168  0.01230635]
 [ 0.03526024 -0.00238247]
 [ 0.02226668  0.00488781]
 [ 0.03446437  0.04846529]
 [-0.00928254  0.01518476]
 [-0.00172461  0.01037564]
 [ 0.04150814 -0.00032121]
 [ 0.02381786  0.0067525 ]
 [ 0.06167066 -0.01865929]
 [-0.02063619  0.01045998]
 [ 0.04348471  0.05956209]
 [-0.0033339   0.0140102 ]
 [-0.00401082  0.04801697]
 [ 0.02511066  0.02594646]
 [ 0.02762561  0.01981989]
 [ 0.02344683 -0.02713477]
 [ 0.02719668 -0.00614935]
 [-0.01217561 -0.02676824]
 [-0.01018351  0.00081578]
 [ 0.03816703  0.05639215]
 [ 0.0107208   0.06446876]
 [ 0.01387261 -0.01160745]
 [ 0.0259287   0.05639271]]Output bias: [ 1.0875175   1.01426388]
Value MLP:Hidden weights: [array([[  3.76993005e+00,  -3.78137881e+00,   6.94051644e-01,
          3.05160937e+00,  -4.45225999e+00,   2.07811425e+01,
          8.17791260e+00,   8.60520918e+00,  -4.88056345e+00,
          5.12726520e+00,   1.42428379e+00,  -1.07540176e+01,
          2.14619262e+01,  -5.63471667e-02,   1.21977037e+01,
         -1.15966168e+01,  -7.12066619e+00,   5.11536242e+00,
          6.16607421e+00,  -1.20369480e+01,  -8.46830522e+00,
         -2.32041697e+01,  -9.57220420e+00,  -1.14054902e+01,
          2.50020887e+00,   1.30083107e+01,   5.34300495e+00,
          1.64541007e+00,  -1.61677028e+01,   4.44678916e+00,
         -1.75485221e+00,   1.84409803e+01,   7.60729629e+00,
          2.00137916e+00,   3.00189622e+00,   7.65759026e+00,
         -3.16789369e+00,   2.69037549e+00,   2.81292417e+01,
          6.14700693e+00,   1.62704225e+00,   1.06278716e+01,
          3.32066409e+00,   1.06441064e+01,  -1.10738060e+00,
         -9.37026368e-01,   1.45323111e+01,  -1.96675491e+00,
          8.90682700e-02,   3.54526297e+00],
       [ -2.63295561e+00,  -1.81724929e+00,   2.92449104e+00,
         -8.72893357e+00,  -2.43021024e+00,  -8.41436541e+00,
          2.28712912e+00,  -2.04992113e+00,   2.61939719e+00,
         -1.44878042e+00,   3.52312544e+00,  -9.80831612e+00,
         -3.49602721e+00,   5.49220910e+00,  -6.54931298e+00,
          3.21654175e-01,   8.65040283e-01,   7.34607417e+00,
          1.12912054e+01,  -1.00632248e+01,  -7.37550934e+00,
         -1.65436281e+00,   5.18422316e+00,  -2.45571431e+00,
         -7.46672919e+00,  -1.74241276e+01,  -3.12491599e+00,
         -1.21492936e+01,   1.75225635e+01,  -7.51951728e+00,
         -8.86637127e-01,  -9.75464274e+00,   2.05928556e+00,
         -3.79375336e+00,  -1.09129843e-01,  -6.14479511e+00,
         -9.87304984e-01,   5.20609217e+00,  -2.13297424e+00,
         -1.79507247e+01,   1.22281877e+01,  -4.83962779e+00,
         -5.11393690e+00,   9.68831863e+00,   1.01059479e+01,
          1.54349031e+00,   8.77681088e-01,   4.67847871e+00,
         -2.80264825e-01,   7.72910093e+00],
       [ -4.78735966e+00,  -7.42415320e+00,   1.75268778e+01,
          1.53592009e+01,   5.68445848e+00,  -5.99465270e+00,
          2.11718906e+01,   1.68612582e+01,   8.62067674e+00,
          6.51196654e+00,   1.07313806e+01,  -9.35974948e+00,
          2.14807092e+01,   1.54007864e+01,   1.51832705e+01,
          1.48523225e+01,   1.75201827e+01,   2.86279725e+01,
          3.33921265e+01,   2.61835383e-01,  -3.94516259e+00,
          4.18937847e+00,  -3.10922673e+00,   1.80903172e+01,
         -4.11129023e+01,   2.02455866e+01,   1.60459375e+01,
          1.31721918e+01,  -2.06117186e+01,  -2.14330562e+00,
          1.76798467e+01,   2.85613021e+01,  -9.32423545e+00,
          7.49944321e+00,   1.58358425e+01,   2.36808721e+01,
          1.64361984e+01,   1.10574300e+01,   2.01099535e+01,
          3.70188139e+01,   3.43624458e+00,   2.43584724e+01,
          1.37685320e+01,   4.33978587e+01,  -1.60424316e+01,
         -3.60116522e+00,   1.77897558e+01,   1.42396333e+01,
         -3.17757444e+01,   6.69835100e+00],
       [  8.93340626e+00,   6.66409442e+00,  -4.30392604e-01,
         -1.19003232e+01,  -3.95008074e+00,   8.55008648e+00,
         -1.18112749e+01,  -3.61555569e+00,  -1.35729879e+01,
         -1.15860191e+01,  -9.63410135e+00,   7.71174218e+00,
         -3.52545229e-01,  -3.45089939e+00,  -8.55482720e+00,
         -1.42620129e+01,  -8.65425735e+00,  -2.36937709e+00,
          2.13917500e+00,   2.66254173e+00,  -1.24725820e+01,
          5.94230185e+00,  -1.41674839e+01,  -6.25146770e+00,
         -1.02519458e+01,  -1.80529276e+01,  -1.49049546e+01,
         -7.49556001e+00,   1.42587153e+01,   9.29433566e+00,
         -7.72684093e+00,  -2.13797982e+01,   1.16511096e+01,
         -1.61628032e+01,  -6.59141055e+00,  -1.03002048e+01,
         -1.65002398e+01,  -1.00897474e+01,  -2.52295440e+00,
         -8.46969760e+00,  -3.87373790e+00,  -5.05216146e+00,
         -9.08942531e+00,   1.02751887e+00,   1.97447303e+01,
         -1.84501578e+01,   8.46532921e+00,  -1.72968030e+01,
         -7.24913336e+00,   1.15889355e+00],
       [  5.51207503e+00,   2.18455700e+01,  -2.31572786e+01,
          2.25402237e+00,  -4.48843166e+01,   7.45326912e+01,
         -2.33304098e+01,  -5.96163213e+00,  -2.13104022e+01,
         -3.02262444e+01,  -1.05319051e+00,   2.28889392e+01,
         -8.19549552e+00,  -2.29370203e+01,  -2.48229679e+00,
          1.07294663e+01,  -2.56047134e+01,   4.29675052e+00,
         -2.86342784e+01,   1.50415407e+01,   1.96773420e+01,
         -1.34748096e+01,  -4.57618926e+01,  -2.67218610e+01,
          8.39176078e+01,   3.35414043e+01,  -3.45567164e+00,
          1.41397776e+01,  -1.04834601e+00,   4.52713708e+00,
         -2.42135113e+01,   2.89753803e+01,   1.74523632e+01,
         -1.50126625e+00,  -7.69584097e-01,   7.09741338e+00,
          1.48412411e+01,  -8.84221103e+00,   4.65441204e+01,
         -9.94328863e+01,  -2.53502941e+01,   2.43658297e+00,
          4.75431093e-02,  -7.53608580e+00,  -1.37591805e+00,
         -2.97766441e+01,   4.99498844e+00,  -3.23436141e+01,
          1.06675759e+00,   1.00214414e+02],
       [ -1.99079608e+01,  -1.63508338e+01,  -9.79449646e+00,
          3.92669582e+01,  -8.78974369e+00,  -2.27183450e+01,
          1.12657802e+01,   1.47023051e+01,  -3.72165143e+01,
         -1.00367722e+01,   2.41768063e+01,   1.87744053e+01,
          4.00937958e+01,  -9.03510837e+00,   4.92723311e+00,
          6.64289536e+00,   1.45964781e+01,   2.59167295e+01,
         -7.94908553e+00,   7.79964972e+01,   3.60353137e+01,
          2.84961520e+01,  -2.26524448e+01,   3.97584637e+00,
         -3.37720468e+01,   1.45710354e+01,   2.78714597e+01,
          3.27589308e+01,  -6.21720517e+00,   9.46136900e-01,
          1.10104976e+01,   3.05500704e+01,  -1.35804366e+01,
          1.27304077e+01,   2.90855730e+01,   2.18549015e+01,
         -5.03000128e+00,   1.51944810e+01,  -1.35971107e+01,
          1.20130268e+02,  -3.63229594e+01,   2.20660526e+01,
          1.53838717e+01,  -9.37087561e+00,  -3.94847799e+01,
         -2.85748999e+01,   1.84399878e+01,  -2.14656482e+01,
         -3.62230686e+01,   1.03823815e+01],
       [ -8.23279204e+00,   4.75519082e+00,  -2.40433785e+00,
          1.07234068e+01,   7.92765690e+00,   4.19323057e+00,
          8.75099385e+00,   2.25903557e-01,   3.22350224e+00,
          8.04811237e+00,   3.32608121e-01,   1.12826281e+01,
          2.99032506e+00,   2.27342623e+00,   9.90530096e+00,
          1.57984379e+01,   1.09586946e+01,   7.01091461e+00,
         -2.34983297e+00,   5.66358182e-01,  -1.96819995e+00,
          1.14003199e+00,   2.01258625e+00,   1.55641026e+01,
         -1.18834545e+00,   7.97569540e+00,   4.32444206e+00,
          4.77752192e+00,  -1.50323008e+01,  -6.39715385e+00,
          9.85263963e+00,   1.50935068e+01,  -7.43225728e-01,
          6.79443784e+00,  -5.51849752e+00,   8.74672980e+00,
          9.89228343e+00,   8.30498163e+00,  -1.05649218e+01,
          3.42609235e+01,  -4.52029945e+00,   1.85925682e+01,
          7.44474980e+00,  -6.01098890e+00,   6.33175637e-01,
         -1.26488252e+00,  -1.14553222e+00,   1.03243849e+01,
          1.21179965e+01,  -2.15792793e+00],
       [ -7.25159407e+00,  -2.94590111e+00,  -1.06273484e+01,
         -7.02435564e+00,   1.27023756e+01,   1.39946886e+01,
         -7.62618099e+00,  -1.66330172e+01,   3.02519341e+00,
          2.01713278e+01,  -2.85148596e+00,   1.86104733e+01,
         -9.70020368e+00,   4.82948099e+00,  -3.65524336e+00,
          5.68575552e+00,  -8.24389162e+00,   2.83199146e-01,
         -3.47548514e+00,  -1.09409976e+01,  -3.65430948e+00,
         -1.92043011e+01,  -4.98047325e+00,  -1.50074046e+01,
          1.48095885e+01,   1.30118624e+01,  -2.52820174e+00,
         -1.83997902e+01,  -3.04990754e+01,  -1.11343499e+01,
         -2.47089503e+00,  -9.04405662e-01,  -7.99812802e+00,
         -1.51624587e+00,  -5.95268528e+00,  -5.63724019e+00,
          4.61431377e+00,   2.88991733e+00,   5.40167042e+00,
         -1.37590365e+00,  -8.45960168e+00,  -3.16363244e+00,
         -4.08605653e+00,  -9.82000605e+00,  -1.09301429e+01,
          6.41212843e+00,  -1.05975099e-01,  -6.48896167e+00,
          1.00485190e+00,  -2.80231429e+01]])]Hidden bias: [array([-14.2027086 ,  -0.77753373,   0.25461361,  12.72108907,
         2.145876  ,   0.6324267 ,   7.96477656,   3.33264402,
        20.59385334,   8.39842395,   2.10078066,   4.83191755,
        -9.04829017,  15.99879648,   4.45512562,  17.03863975,
         8.40078772,  -0.67859591,  -1.66021987,   2.14493086,
        -1.79467765,  -4.25570947,   8.95663662,  12.17082634,
         7.62060112,  23.46100272,   9.48893811,   8.64224655,
       -23.29951574, -19.90478091,   6.64266386,  14.46206236,
       -15.32842122,  20.11476063,   1.95134968,   8.40548345,
        21.68005144,  18.89699807,   1.86739707,  15.99149808,
        16.34339204,   8.84448687,   9.78765411,  -6.88913676,
       -17.22900432,   8.66134209,   1.7945862 ,  11.33802725,
         2.96625445,  -8.84178197])]Output weights: [[ -7.45111792e+00]
 [ -3.29907825e+00]
 [  4.85232558e+00]
 [ -2.24340392e+00]
 [ -6.06104902e+00]
 [ -2.01430310e+00]
 [ -1.51690930e+00]
 [  3.84936715e+00]
 [ -1.73784642e+00]
 [  5.24319980e-01]
 [ -2.20780612e-01]
 [ -2.98540604e+00]
 [ -1.29876857e+00]
 [ -3.36939455e+00]
 [ -6.26328377e+00]
 [ -4.16300893e+00]
 [ -2.42402414e+00]
 [ -3.44722487e+00]
 [  1.06069956e+00]
 [ -4.19096891e+00]
 [  1.43090735e+00]
 [  3.98979075e+00]
 [ -4.84908496e+00]
 [ -8.48050481e-01]
 [  7.99295375e+00]
 [  2.08681610e+00]
 [ -1.50431900e+00]
 [  7.70879922e+00]
 [  2.49813819e+00]
 [ -2.14824450e+01]
 [ -1.86010510e+00]
 [  3.64018266e+00]
 [ -2.08060982e-01]
 [  2.25004837e-02]
 [ -3.31039864e+00]
 [ -1.70289952e+00]
 [ -4.57121538e+00]
 [ -1.20265206e+00]
 [ -1.91701313e-02]
 [ -1.80845691e+00]
 [ -2.09951278e+00]
 [  3.98480924e+00]
 [ -3.22110586e+00]
 [ -5.92164035e+00]
 [  1.44520294e+00]
 [ -1.72665132e+00]
 [ -2.63257242e-01]
 [  3.55291065e-01]
 [  7.27381565e+00]
 [ -1.45473915e+00]]Output bias: [-97.35127073]