Action MLP:Hidden weights: [array([[ -1.28527430e-03,  -2.59648549e-03,   6.33434777e-03,
          1.95408734e-04,  -6.44759825e-03,  -3.24220917e-03,
         -2.73924967e-03,  -4.79023424e-03,  -8.77824775e-03,
         -1.78194045e-03,  -4.83250754e-03,  -5.63883972e-03,
          9.22092765e-03,  -1.26641940e-03,   9.59358354e-03,
         -1.67361953e-03,   4.10994524e-03,   6.96553939e-03,
          2.64364553e-03,  -4.51974613e-03,  -3.33746433e-03,
          9.69240909e-03,  -8.92448648e-03,  -1.15314907e-03,
         -3.01779660e-03,   4.60593904e-03,   4.70801273e-03,
          8.83111755e-04,   5.97445859e-03,  -4.60137313e-03,
          8.14676542e-03,  -9.81827679e-03,  -4.16610846e-03,
         -1.63897585e-03,   9.51493043e-03,   9.99433537e-03,
         -1.00606871e-03,  -4.33062873e-03,  -1.26198264e-03,
         -8.74696141e-03,  -7.07796868e-03,  -3.79044710e-03,
          1.90859624e-03,   6.46095121e-03,   8.68313977e-03,
         -9.22083480e-03,   5.17187475e-03,   9.29115952e-03,
         -4.46796485e-03,  -5.52567743e-03],
       [  9.06426841e-03,   3.28580476e-03,  -1.15644668e-02,
         -1.15756103e-02,  -1.36028511e-03,  -4.30881499e-03,
          4.19698773e-03,  -2.53646377e-03,   1.04462237e-02,
         -5.15696633e-03,   4.61103792e-03,   7.48345892e-03,
          4.38574836e-03,   8.01797284e-03,   3.43199782e-04,
         -3.01822064e-04,   6.02584660e-03,  -8.02441015e-03,
          6.94122612e-03,   6.83342208e-03,   1.52884896e-03,
          6.84100972e-03,   3.10544763e-04,   5.57040025e-03,
         -8.41667540e-03,   6.62804890e-03,   6.65999419e-04,
          8.58472829e-03,   4.74066502e-03,  -1.15188168e-04,
         -9.36383314e-03,  -3.52334544e-03,  -4.73041611e-03,
          5.99492237e-03,  -4.56595429e-03,   4.90203215e-03,
          6.10323802e-03,   4.64952032e-03,  -5.84752547e-03,
          8.76285359e-04,   1.04586336e-03,   7.27688202e-03,
         -3.08707895e-03,  -7.82043521e-03,   5.39146807e-04,
          3.11739290e-03,  -7.78864453e-03,  -3.22275159e-03,
         -5.02556916e-03,  -4.76761817e-03],
       [ -6.91330616e-03,   4.24270459e-03,   1.66003065e-03,
          1.60695483e-03,  -6.46811592e-03,   6.92526236e-03,
          9.65148271e-03,   5.29576177e-03,  -3.14995879e-03,
          3.39639632e-03,   7.51867052e-03,  -6.62303389e-03,
          4.01285427e-03,   7.99449558e-03,  -6.88617958e-03,
         -3.21346562e-03,  -3.60292323e-03,   4.11895242e-03,
         -8.03352682e-03,   5.36501216e-03,  -4.16787208e-04,
          6.66706662e-03,   3.29439177e-03,  -7.42890846e-03,
          8.53388619e-03,  -7.14804013e-03,  -4.65059442e-03,
          5.54432396e-03,  -1.52069403e-03,   1.23381696e-03,
          6.16621475e-03,  -6.04317198e-03,   5.34717220e-03,
         -6.66658867e-03,  -2.82879239e-03,   4.72335556e-03,
          5.31369662e-04,   5.36266358e-03,  -2.40102743e-03,
          9.00855650e-03,   6.07839076e-03,   4.14427800e-03,
          8.69080558e-03,  -7.29849073e-03,   7.94930651e-03,
         -1.55215725e-03,  -6.85607286e-04,   5.37759092e-03,
         -6.92943346e-03,   5.04917802e-03],
       [  1.04065292e-02,   9.88405308e-03,   2.41603696e-03,
          1.03736132e-02,   6.03404219e-03,  -5.17844407e-03,
          9.11929111e-03,  -1.78939158e-03,  -5.96020110e-03,
         -2.33935195e-03,   9.44052664e-03,   6.87523376e-03,
          3.38452731e-03,  -3.56795306e-03,  -5.10132404e-03,
         -3.16690513e-03,  -2.36843185e-03,  -5.03504539e-03,
          1.92436024e-03,   8.89640196e-03,   3.75225524e-03,
          8.51564200e-03,  -5.57201843e-03,  -6.44953159e-03,
          1.06524836e-02,  -1.46889836e-03,   1.03983154e-02,
          7.79384779e-03,  -7.55201243e-03,  -6.92073990e-03,
         -2.28981578e-03,  -1.41665821e-03,  -5.82319259e-03,
         -5.61956428e-03,  -5.57722347e-03,  -3.76231378e-03,
          8.94227750e-03,  -2.70053171e-03,  -3.65827352e-03,
         -1.81010451e-03,  -4.48535650e-03,  -4.95818180e-03,
         -8.48143374e-03,  -7.29667934e-03,  -8.47434180e-03,
          6.08529367e-03,   9.16875161e-03,   7.53497508e-04,
          8.86312595e-03,  -4.42055753e-03],
       [  2.31989110e-03,  -9.46374334e-03,   7.30144997e-03,
         -5.09085909e-03,  -5.07397587e-03,  -1.65609653e-03,
         -9.62584290e-03,   6.28581687e-03,   1.55205151e-03,
         -1.62480035e-03,  -3.54186310e-04,   4.21479946e-04,
         -2.14849068e-03,   2.43519938e-03,  -9.39016909e-04,
          7.61332498e-03,  -4.21578978e-03,   1.70695571e-03,
          9.53499299e-03,   4.51896044e-04,  -7.10470230e-03,
         -6.26051058e-03,   9.20029963e-03,   6.64246517e-03,
         -1.73086990e-03,   3.93245733e-03,  -3.18407758e-03,
          1.36163887e-03,   7.21715003e-03,  -1.04984722e-03,
         -8.68347276e-03,   3.74499317e-03,   7.28030233e-03,
         -3.51594405e-03,  -6.51440913e-03,  -7.81761140e-03,
         -3.80229365e-03,   3.55143776e-03,   7.54952077e-03,
          2.77006486e-03,   6.86338392e-03,  -1.90471207e-03,
         -9.68987544e-04,  -6.45718651e-03,   9.31665809e-03,
          4.52326059e-03,   3.29101474e-03,  -4.83566299e-03,
         -4.57399784e-03,   1.13458532e-03],
       [ -6.31818785e-03,  -2.07857486e-03,  -1.42608848e-03,
          1.98040965e-03,   8.33793174e-03,  -2.51023220e-03,
          6.27671474e-03,   6.26565096e-03,   9.62307393e-04,
         -4.37555444e-03,   3.22299805e-03,   6.85799820e-03,
          8.07057649e-03,  -4.03006980e-03,  -1.83040129e-03,
         -6.38809814e-03,   8.34300327e-03,  -8.91046621e-03,
          4.81141901e-03,  -3.93326891e-03,   3.31997078e-03,
          1.60582283e-03,  -4.19160733e-03,   7.01306204e-03,
          7.16518122e-03,  -6.69977020e-03,   1.05310853e-03,
          6.85353210e-04,   8.16478977e-03,   3.42654465e-03,
         -7.89304539e-03,  -8.16782842e-03,  -2.90280456e-03,
          7.68002456e-03,  -3.91503795e-03,  -9.92433348e-03,
         -3.80732873e-03,  -5.48442036e-03,  -7.00410437e-04,
         -2.23989520e-03,   9.78370119e-03,   8.50989621e-03,
         -5.95317065e-03,  -9.07925469e-03,   2.05462155e-03,
         -7.68902460e-04,  -1.14520075e-03,   6.23875546e-03,
          9.95103535e-03,  -6.72592900e-03],
       [ -1.14905969e-03,   7.67044783e-03,   1.15281583e-02,
          5.48491099e-04,  -3.03299684e-03,  -7.49753603e-03,
          6.74373701e-03,   7.25181027e-03,   1.39718983e-04,
          3.82250717e-03,  -5.90150813e-03,  -5.65215540e-03,
          6.99027322e-05,   9.55491792e-03,  -7.71094060e-03,
         -1.82310899e-03,  -3.99938696e-03,  -7.30067224e-03,
         -1.04885285e-02,  -6.60022730e-03,  -3.43918824e-03,
          1.14642056e-03,   9.86731793e-03,   2.68352948e-03,
         -5.19661794e-03,   9.71856662e-04,  -7.12360099e-03,
         -9.66279892e-03,   7.54313100e-03,   4.51731523e-03,
         -7.79448792e-03,  -3.67229332e-03,  -9.38047531e-03,
         -5.68681760e-03,  -4.24987031e-03,   8.66790131e-03,
          1.11230528e-02,   4.39671752e-03,  -1.72159191e-03,
         -8.07873864e-03,  -3.77460114e-03,   1.17128810e-02,
         -3.82569638e-03,  -6.05998872e-03,   6.95668690e-03,
         -8.11980428e-03,  -5.78161820e-03,   1.01156290e-02,
          1.66576941e-03,   8.87142869e-03],
       [  4.65093668e-04,   1.07803586e-02,  -4.04291585e-03,
          7.39679591e-03,   5.96459913e-03,   5.21325780e-03,
         -2.44805037e-03,  -5.10722478e-03,   4.21583761e-03,
         -1.26347483e-02,  -8.70261591e-03,  -7.40284220e-03,
          6.80528586e-03,  -4.29057549e-03,  -1.16200713e-02,
         -3.53358089e-03,   8.81064248e-03,   5.91887820e-03,
          8.53850489e-03,  -9.35575951e-03,   3.45867237e-03,
         -5.97557199e-03,   5.75746906e-03,   5.54951900e-03,
          9.44976515e-03,   3.35167139e-03,  -7.20743389e-04,
          3.62276126e-03,  -3.11114056e-03,  -7.61120302e-03,
         -1.37243139e-03,   3.82012588e-03,  -4.55711940e-03,
          3.37208775e-03,  -6.45192451e-03,   3.29996775e-03,
         -8.26596518e-03,   4.24955255e-04,   8.84023403e-03,
          5.45307287e-03,  -4.80994578e-03,   6.34482444e-03,
          7.21943990e-03,   5.82659602e-03,  -7.83225256e-03,
          4.39998179e-03,  -1.84092056e-03,  -4.90701752e-03,
          8.47173405e-03,   3.22890016e-03]]), array([[ -3.84560015e-03,  -5.36791687e-04,   1.17457846e-03, ...,
          4.08602957e-03,   2.90555753e-03,  -8.82581685e-04],
       [ -7.41035347e-03,   7.56632856e-03,  -3.40787504e-03, ...,
          2.38374355e-03,   6.80515497e-03,   8.09612499e-03],
       [  9.63745375e-03,   3.14900363e-03,   7.54840754e-04, ...,
         -4.88913515e-03,   9.34724129e-03,   4.47461129e-03],
       ..., 
       [  8.33995714e-03,   6.62496985e-03,  -6.93863073e-03, ...,
          8.01056517e-03,  -6.13650908e-03,  -2.54475542e-03],
       [  7.68138433e-03,   1.13671176e-02,  -2.88360988e-03, ...,
          1.03473526e-02,  -6.26506633e-03,  -3.60128441e-05],
       [ -8.60878102e-03,   4.17269901e-03,  -4.41224559e-03, ...,
          6.97310532e-05,   1.00697129e-02,   1.62286330e-03]]), array([[-0.03135434, -0.02562204, -0.02691387, ..., -0.03319313,
        -0.01538847, -0.03149729],
       [-0.02738413, -0.0174388 , -0.01755516, ..., -0.02278918,
        -0.02423716, -0.03297709],
       [-0.01401819, -0.0291117 , -0.01786664, ..., -0.02813142,
        -0.02931131, -0.02550395],
       ..., 
       [-0.01932994, -0.03357209, -0.03311478, ..., -0.02579692,
        -0.03170143, -0.02451666],
       [-0.02341197, -0.03251607, -0.02843606, ..., -0.03275778,
        -0.02535779, -0.02575761],
       [-0.01870806, -0.01727626, -0.01747817, ..., -0.02184302,
        -0.01947216, -0.01650733]])]Hidden bias: [array([-0.99907131, -0.99901592, -0.99901382, -0.99897753, -0.99905744,
       -0.99904885, -0.99906165, -0.99905778, -0.9990492 , -0.99903288,
       -0.99904814, -0.99901438, -0.99904247, -0.99908161, -0.99896878,
       -0.99902027, -0.99903444, -0.99905135, -0.99904942, -0.99906865,
       -0.99904668, -0.99910372, -0.99904753, -0.99904573, -0.99899699,
       -0.99906815, -0.99905714, -0.99902299, -0.99905765, -0.99906486,
       -0.99905445, -0.99908759, -0.99906525, -0.99910019, -0.99910817,
       -0.99908863, -0.99905313, -0.9990311 , -0.99905372, -0.99905656,
       -0.99906813, -0.99907955, -0.99904701, -0.99907054, -0.99907434,
       -0.99906464, -0.99905203, -0.99907344, -0.99904607, -0.99905925]), array([-0.99994699, -1.00113513, -0.9994535 , -0.99930881, -0.9998947 ,
       -1.00035674, -1.00137864, -1.00115355, -1.00088563, -1.00175586,
       -1.00065256, -1.00094076, -1.00026708, -1.00088599, -1.00018987,
       -1.00104604, -1.00057326, -1.00008786, -1.00088703, -1.00118839,
       -1.00122389, -0.99988703, -1.00080716, -1.00058225, -1.00100303,
       -1.00113539, -1.00078303, -1.00105741, -0.99994312, -1.00074754,
       -0.99993325, -1.00041561, -1.00162776, -1.00058203, -1.00073258,
       -0.99970733, -1.00163735, -1.00104666, -1.00138709, -1.00038987,
       -1.00052553, -0.99913995, -1.00004294, -1.0007867 , -1.00100847,
       -1.00048846, -1.00107183, -1.0005459 , -1.00092317, -1.00080719]), array([-0.96642269, -0.96635743, -0.96540104, -0.96301448, -0.96433278,
       -0.96419107, -0.96485079, -0.96576381, -0.96433726, -0.96450999,
       -0.96571834, -0.9646492 , -0.96482162, -0.96450266, -0.96696728,
       -0.9656598 , -0.96363683, -0.96178442, -0.96183982, -0.96536352,
       -0.96361059, -0.96551793, -0.96529843, -0.96249347, -0.96021063,
       -0.96417794, -0.96331267, -0.96604353, -0.96484015, -0.9635496 ,
       -0.96533497, -0.96685765, -0.96307507, -0.96445884, -0.96560997,
       -0.96654129, -0.96493353, -0.96552476, -0.96453663, -0.96169511,
       -0.96448629, -0.96307219, -0.96472271, -0.96392581, -0.96561934,
       -0.966111  , -0.96475788, -0.96615112, -0.96577497, -0.96428666])]Output weights: [[  9.19625600e-05   1.33374955e-04]
 [  9.68010409e-05   1.47238889e-04]
 [  9.54587847e-05   1.38896934e-04]
 [  9.64215673e-05   1.48813202e-04]
 [  1.01594304e-04   1.49671685e-04]
 [  9.47556757e-05   1.46051207e-04]
 [  9.68318615e-05   1.47496063e-04]
 [  9.15677296e-05   1.41895571e-04]
 [  8.38234480e-05   1.25602007e-04]
 [  9.87385461e-05   1.51196174e-04]
 [  9.67880924e-05   1.42850267e-04]
 [  9.50333791e-05   1.41055668e-04]
 [  9.96482656e-05   1.45547900e-04]
 [  9.82222101e-05   1.46036876e-04]
 [  9.62940873e-05   1.37096087e-04]
 [  1.00800550e-04   1.52173556e-04]
 [  9.01159559e-05   1.38481290e-04]
 [  9.27056894e-05   1.41893387e-04]
 [  9.51270783e-05   1.37723454e-04]
 [  8.99109227e-05   1.30609143e-04]
 [  9.98243192e-05   1.47524969e-04]
 [  9.80132198e-05   1.45699890e-04]
 [  9.33625262e-05   1.33417949e-04]
 [  9.69265443e-05   1.50196414e-04]
 [  9.30624295e-05   1.32516611e-04]
 [  9.20560812e-05   1.41321072e-04]
 [  9.58561751e-05   1.43823206e-04]
 [  8.42133284e-05   1.25915851e-04]
 [  9.72058532e-05   1.43708283e-04]
 [  9.07188584e-05   1.44633506e-04]
 [  1.01498789e-04   1.48147297e-04]
 [  9.94970912e-05   1.50549840e-04]
 [  9.65278147e-05   1.42883526e-04]
 [  1.04424659e-04   1.47993976e-04]
 [  9.52920972e-05   1.44829161e-04]
 [  9.55306878e-05   1.51367419e-04]
 [  9.61847017e-05   1.40078585e-04]
 [  9.29161610e-05   1.42544855e-04]
 [  9.54683773e-05   1.41491153e-04]
 [  1.00953952e-04   1.47398771e-04]
 [  9.34860330e-05   1.54298980e-04]
 [  1.02314399e-04   1.49958850e-04]
 [  8.91491254e-05   1.37480826e-04]
 [  9.21942545e-05   1.32384177e-04]
 [  9.38126616e-05   1.34796673e-04]
 [  9.23487917e-05   1.47626252e-04]
 [  9.04232753e-05   1.30477868e-04]
 [  9.64644899e-05   1.43236461e-04]
 [  9.26587660e-05   1.45663008e-04]
 [  9.84782826e-05   1.45034228e-04]]Output bias: [ 0.11026614  0.01449296]
Value MLP:Hidden weights: [array([[-0.32389821, -0.31374271, -0.22178857, -0.29405759, -0.29877838,
        -0.2163396 , -0.26938858, -0.22752686,  0.00362189, -0.04257625,
        -0.22482223, -0.3059904 , -0.28575907, -0.30394943, -0.12427722,
        -0.31039498, -0.42510631, -0.30446744, -0.28935739, -0.18987778,
        -0.15449901, -0.15029195, -0.09104195, -0.29868374, -0.0498807 ,
        -0.0945597 , -0.21383162, -0.29874598, -0.25336812, -0.17005218,
        -0.1856592 , -0.14780478, -0.15861356, -0.18788651, -0.31359589,
        -0.24564925, -0.21707825, -0.14660214, -0.29070079, -0.19092081,
        -0.12413017, -0.02008524, -0.24689041, -0.28720573, -0.13350027,
        -0.30434902, -0.12982071, -0.30722471, -0.01941976, -0.23242947],
       [ 0.43906714, -0.00748328, -0.16897625,  0.14629584, -0.15092667,
        -0.16039836, -0.17377484, -0.16340649, -0.00372364, -0.0228893 ,
        -0.17038571,  0.39845521,  0.214318  ,  0.13336996, -0.08990303,
        -0.04178259,  0.6418598 , -0.1466024 , -0.15778075, -0.14021548,
        -0.11425235, -0.11353978, -0.05390835,  0.10082573, -0.03048122,
        -0.06336289, -0.15216859,  0.13858753, -0.17568621, -0.11419852,
        -0.14695871, -0.10652745, -0.11777412, -0.14920966, -0.05812583,
        -0.17725677, -0.15699044, -0.11172808, -0.16694561, -0.14472597,
        -0.08603715, -0.00643352, -0.17559526,  0.20361437, -0.0886884 ,
         0.01461822, -0.0905304 , -0.05187096, -0.00944775, -0.17622642],
       [-0.30814808, -0.37476091, -0.33640396, -0.34664577, -0.39001202,
        -0.32288956, -0.37288118, -0.32923644, -0.05151665, -0.08661526,
        -0.34144809, -0.30760028, -0.31520225, -0.3515973 , -0.21994977,
        -0.38493914, -0.37264365, -0.38651496, -0.3880471 , -0.28854782,
        -0.22849635, -0.23510257, -0.14080682, -0.34698943, -0.11250186,
        -0.18134985, -0.30857582, -0.33692917, -0.35145524, -0.25766058,
        -0.27799058, -0.21845472, -0.25573651, -0.2886023 , -0.39712623,
        -0.35909202, -0.30793488, -0.22542882, -0.37952474, -0.28433579,
        -0.20461592, -0.06278628, -0.34212243, -0.32856839, -0.20449742,
        -0.36095373, -0.19681585, -0.38019015, -0.06963696, -0.32270652],
       [ 0.82869458,  0.9474845 ,  0.78011429,  0.89420639,  0.95026648,
         0.7329702 ,  0.90099387,  0.74776838,  0.09446621,  0.18798228,
         0.78182115,  0.80534115,  0.84953999,  0.89490586,  0.48028381,
         0.95649411,  0.95767335,  0.95274035,  0.94246985,  0.67673646,
         0.52717392,  0.53674514,  0.32618953,  0.91381542,  0.24067518,
         0.38208343,  0.69486094,  0.89292692,  0.81493605,  0.5677148 ,
         0.65727285,  0.51659773,  0.57510472,  0.6605188 ,  0.96528632,
         0.82429488,  0.7269203 ,  0.52857745,  0.92889936,  0.66328799,
         0.43951638,  0.12017437,  0.81092302,  0.85950556,  0.45349061,
         0.94354977,  0.45952358,  0.95671873,  0.1389329 ,  0.78469384],
       [-0.31830862, -0.34499028, -0.27014394, -0.32390204, -0.32889233,
        -0.25533181, -0.32941646, -0.26786925, -0.03931159, -0.07802473,
        -0.27388978, -0.3203418 , -0.31793421, -0.33740448, -0.16094311,
        -0.34197631, -0.39548517, -0.33125577, -0.33117873, -0.24376846,
        -0.19898222, -0.18575126, -0.11693675, -0.33751044, -0.09242805,
        -0.14132546, -0.24502349, -0.33040681, -0.28919307, -0.20861725,
        -0.23777685, -0.18681832, -0.20091647, -0.24460487, -0.33804347,
        -0.28787046, -0.2538975 , -0.18919966, -0.32622736, -0.24054117,
        -0.15087946, -0.03715474, -0.28262013, -0.3241969 , -0.15687303,
        -0.33515313, -0.16901648, -0.34832568, -0.04197628, -0.26709873],
       [ 0.1070683 , -0.02408284, -0.06552674,  0.01353586, -0.04819673,
        -0.06418394, -0.04158615, -0.05959562, -0.06732969, -0.06625388,
        -0.06445075,  0.08933575,  0.03388345,  0.00773465, -0.0704947 ,
        -0.02082636,  0.20218851, -0.04070239, -0.05142237, -0.05197245,
        -0.05640095, -0.06896248, -0.05659783, -0.00234353, -0.05251787,
        -0.07153038, -0.05480028,  0.00399303, -0.04789239, -0.05998005,
        -0.06704772, -0.06331319, -0.05813868, -0.06298698, -0.03190845,
        -0.0455203 , -0.05795284, -0.06481832, -0.03969626, -0.05519043,
        -0.05422407, -0.05407803, -0.04735142,  0.03435837, -0.05692036,
        -0.01081518, -0.05665241, -0.02251762, -0.05974085, -0.0528809 ],
       [-0.13767596, -0.09715439, -0.09127604, -0.1188722 , -0.10147902,
        -0.08758873, -0.08975052, -0.07688566, -0.05386157, -0.06792338,
        -0.08310565, -0.12872004, -0.11627148, -0.12276288, -0.06655785,
        -0.10183157, -0.17300508, -0.09045033, -0.09365976, -0.07303391,
        -0.07978921, -0.07003185, -0.06537433, -0.1045169 , -0.06133773,
        -0.06604192, -0.07897287, -0.1125321 , -0.08238283, -0.07499972,
        -0.08315566, -0.07031603, -0.07663456, -0.07920858, -0.09733709,
        -0.09415621, -0.08359006, -0.07611493, -0.08634748, -0.08434336,
        -0.06890884, -0.06702756, -0.09040312, -0.12246787, -0.06779016,
        -0.11392004, -0.08179958, -0.10736823, -0.04930084, -0.0852122 ],
       [-0.63499191, -0.0910779 ,  0.0939788 , -0.22197826,  0.02768819,
         0.11537249,  0.04797603,  0.10287632,  0.28109787,  0.25117998,
         0.09391609, -0.5413495 , -0.28014457, -0.20148635,  0.18230255,
        -0.05843419, -1.21605649, -0.00244071,  0.01019021,  0.14415344,
         0.16365743,  0.16393846,  0.19978256, -0.17489304,  0.21667059,
         0.20984257,  0.11396962, -0.21516037,  0.09008739,  0.16202287,
         0.12661573,  0.16391409,  0.1622595 ,  0.12478104, -0.04828929,
         0.08859415,  0.12465945,  0.16268838,  0.02842848,  0.14366748,
         0.17918227,  0.27429576,  0.09625789, -0.2758406 ,  0.17713436,
        -0.10820789,  0.19176759, -0.05811912,  0.25320306,  0.09511763]]), array([[ 0.07762764,  0.02764573, -0.03674283, ...,  0.03719664,
        -0.02534637, -0.02154458],
       [ 0.04792007,  0.02124484, -0.03054718, ...,  0.08943436,
        -0.02342782, -0.00850038],
       [ 0.06537599,  0.07906783,  0.08766506, ...,  0.16794438,
         0.08634743,  0.09162956],
       ..., 
       [ 0.03477599,  0.01684598, -0.0154849 , ...,  0.0968422 ,
        -0.02336769, -0.00259976],
       [ 0.0765365 ,  0.13094549,  0.18158412, ...,  0.22496117,
         0.17711908,  0.17785486],
       [ 0.06333079,  0.07218638,  0.09436321, ...,  0.17543387,
         0.09496228,  0.08769393]]), array([[-0.08938629, -0.08861268, -0.10042542, ..., -0.09147516,
        -0.09461887, -0.10419115],
       [-0.09015907, -0.09087457, -0.08794019, ..., -0.10380084,
        -0.09217176, -0.0922523 ],
       [-0.0958102 , -0.06943275, -0.08745727, ..., -0.08846811,
        -0.10081105, -0.09728347],
       ..., 
       [-0.07168574, -0.04494872, -0.06036059, ..., -0.0601721 ,
        -0.05496097, -0.06611171],
       [-0.08688759, -0.07244841, -0.09338158, ..., -0.09131446,
        -0.08799862, -0.08641225],
       [-0.0949418 , -0.07730385, -0.09239381, ..., -0.09506982,
        -0.07955349, -0.09031369]])]Hidden bias: [array([-1.80388901, -1.62871762, -1.45902466, -1.60360289, -1.62703985,
       -1.4262134 , -1.59546049, -1.4458746 , -0.78400788, -0.88208646,
       -1.46664145, -1.7167548 , -1.59922875, -1.6088676 , -1.16648014,
       -1.63451961, -2.33709223, -1.6412504 , -1.63172134, -1.35731538,
       -1.22690067, -1.2343371 , -1.01413218, -1.61638475, -0.92723697,
       -1.07057407, -1.38599809, -1.614216  , -1.50979257, -1.25605935,
       -1.34621627, -1.20646054, -1.26249303, -1.36116503, -1.64459482,
       -1.51649882, -1.41024893, -1.21912874, -1.6204056 , -1.34679729,
       -1.13879838, -0.79931146, -1.4996857 , -1.60351971, -1.14868516,
       -1.63176996, -1.14565974, -1.63631965, -0.82010859, -1.46747689]), array([-1.08679236, -1.15914622, -1.26276798, -1.24791481, -1.26598057,
       -1.01999146, -1.13733476, -1.24348543, -1.19858228, -1.26493747,
       -1.12452074, -1.22873454, -1.25946202, -1.23597708, -1.28372508,
       -1.26108002, -1.25531599, -1.26664956, -1.27416078, -1.2236914 ,
       -1.23855521, -1.25607086, -1.25072843, -1.27132189, -1.26910014,
       -1.25289382, -1.26499226, -1.27590524, -1.2760829 , -1.24823636,
       -1.19102511, -1.08804496, -1.26297454, -1.27394428, -1.2819082 ,
       -1.26576444, -1.26294547, -1.25959058, -1.24825768, -1.27304037,
       -1.2634349 , -1.23805244, -1.22912514, -1.25398891, -1.22299529,
       -1.17893389, -0.99998529, -1.27325112, -1.26328043, -1.26134021]), array([-1.23585682, -1.26128895, -1.24879859, -1.2435803 , -1.25968594,
       -1.24739385, -1.63984292, -1.24859179, -1.24794962, -1.2587508 ,
       -1.23764753, -1.25937324, -1.2377939 , -1.23412673, -1.25642493,
       -1.22612958, -2.12871282, -1.88872091, -2.12025876, -1.24676817,
       -1.59168458, -1.22371403, -1.25038453, -1.24612037, -1.24667922,
       -1.24795236, -1.57959915, -1.25621844, -1.22711706, -1.22420898,
       -1.22442556, -1.56215887, -1.25070873, -1.24570471, -1.25608222,
       -2.30602793, -1.22842195, -1.56229121, -1.23029432, -1.25095243,
       -1.27643532, -1.25205008, -1.2476195 , -1.22711568, -1.61218036,
       -1.24893882, -1.22912922, -1.24277878, -1.24868903, -1.2437887 ])]Output weights: [[ 1.50740535]
 [ 0.80844586]
 [ 1.48037013]
 [ 1.50422059]
 [ 0.87714821]
 [ 1.49518901]
 [-3.4380897 ]
 [ 1.63412118]
 [ 1.49437072]
 [ 1.15184467]
 [ 1.5028244 ]
 [ 1.02937952]
 [ 1.50224227]
 [ 1.51221604]
 [ 1.14925295]
 [ 1.59137173]
 [-2.89897577]
 [-1.26594441]
 [-1.47908057]
 [ 1.49535545]
 [-3.64899968]
 [ 1.59499677]
 [ 1.64936277]
 [ 1.49122828]
 [ 1.48803921]
 [ 1.4862872 ]
 [-3.61733015]
 [ 1.01854773]
 [ 1.58696881]
 [ 1.63235599]
 [ 1.59159719]
 [-1.05576934]
 [ 1.46705745]
 [ 1.50001933]
 [ 1.10519597]
 [-1.81688025]
 [ 1.57219614]
 [-1.05623586]
 [ 1.57519468]
 [ 1.47837368]
 [ 1.64111444]
 [ 1.43404024]
 [ 1.38685837]
 [ 1.65796744]
 [-1.08346963]
 [ 1.492339  ]
 [ 1.58276645]
 [ 1.49304012]
 [ 1.48987234]
 [ 1.65402192]]Output bias: [ 5.45858956]