Action MLP:Hidden weights: [array([[ -1.28333679e-03,  -2.59262299e-03,   6.34215186e-03,
          2.01825889e-04,  -6.44643022e-03,  -3.24387804e-03,
         -2.73891246e-03,  -4.78926464e-03,  -8.77900184e-03,
         -1.78647786e-03,  -4.83280243e-03,  -5.64121639e-03,
          9.22169390e-03,  -1.26445733e-03,   9.58948264e-03,
         -1.67582880e-03,   4.10911369e-03,   6.96430327e-03,
          2.64251046e-03,  -4.52020258e-03,  -3.33552026e-03,
          9.69633649e-03,  -8.92086262e-03,  -1.15293401e-03,
         -3.00982804e-03,   4.60692505e-03,   4.70976037e-03,
          8.81051266e-04,   5.97487000e-03,  -4.60092202e-03,
          8.14666070e-03,  -9.81437611e-03,  -4.16617960e-03,
         -1.63744177e-03,   9.51611847e-03,   9.99942640e-03,
         -1.00246381e-03,  -4.33599894e-03,  -1.26140154e-03,
         -8.74537239e-03,  -7.07693135e-03,  -3.78491567e-03,
          1.90956997e-03,   6.46314799e-03,   8.68240754e-03,
         -9.21739623e-03,   5.17663071e-03,   9.29777476e-03,
         -4.46573163e-03,  -5.52426289e-03],
       [  9.08737818e-03,   3.33176118e-03,  -1.14740111e-02,
         -1.14995579e-02,  -1.34612032e-03,  -4.32856477e-03,
          4.20112384e-03,  -2.52502953e-03,   1.04371508e-02,
         -5.21090419e-03,   4.60761233e-03,   7.45495737e-03,
          4.39472007e-03,   8.04103824e-03,   2.94114107e-04,
         -3.28066630e-04,   6.01597504e-03,  -8.03880445e-03,
          6.92789157e-03,   6.82799906e-03,   1.55223323e-03,
          6.88626841e-03,   3.53475276e-04,   5.57307928e-03,
         -8.32403814e-03,   6.63974602e-03,   6.86778112e-04,
          8.56111559e-03,   4.74549608e-03,  -1.10022082e-04,
         -9.36503298e-03,  -3.47584728e-03,  -4.73134043e-03,
          6.01338130e-03,  -4.55177352e-03,   4.96204664e-03,
          6.14595598e-03,   4.58656805e-03,  -5.84057445e-03,
          8.95016359e-04,   1.05797278e-03,   7.34217761e-03,
         -3.07574315e-03,  -7.79368188e-03,   5.30910210e-04,
          3.15834941e-03,  -7.73312784e-03,  -3.14580949e-03,
         -4.99834421e-03,  -4.75070867e-03],
       [ -6.90990862e-03,   4.24943123e-03,   1.67366705e-03,
          1.61826380e-03,  -6.46604000e-03,   6.92236077e-03,
          9.65206937e-03,   5.29744616e-03,  -3.15127391e-03,
          3.38846083e-03,   7.51816360e-03,  -6.62720934e-03,
          4.01418319e-03,   7.99786235e-03,  -6.89341463e-03,
         -3.21733021e-03,  -3.60437709e-03,   4.11680167e-03,
         -8.03550466e-03,   5.36422502e-03,  -4.13371688e-04,
          6.67383571e-03,   3.30067753e-03,  -7.42852741e-03,
          8.54772991e-03,  -7.14631027e-03,  -4.64751500e-03,
          5.54078253e-03,  -1.51997702e-03,   1.23460623e-03,
          6.16603474e-03,  -6.03626598e-03,   5.34704832e-03,
         -6.66388549e-03,  -2.82669608e-03,   4.73217644e-03,
          5.37651593e-04,   5.35339372e-03,  -2.40000217e-03,
          9.01129858e-03,   6.08018450e-03,   4.15385355e-03,
          8.69249291e-03,  -7.29457501e-03,   7.94805147e-03,
         -1.54614792e-03,  -6.77265646e-04,   5.38908890e-03,
         -6.92545514e-03,   5.05164677e-03],
       [  1.03616895e-02,   9.79486123e-03,   2.24266674e-03,
          1.02266742e-02,   6.00681768e-03,  -5.14049865e-03,
          9.11141448e-03,  -1.81115258e-03,  -5.94260930e-03,
         -2.23581488e-03,   9.44735229e-03,   6.93068834e-03,
          3.36735793e-03,  -3.61213038e-03,  -5.00722572e-03,
         -3.11642755e-03,  -2.34929088e-03,  -5.00739497e-03,
          1.95026364e-03,   8.90711024e-03,   3.70725231e-03,
          8.42785503e-03,  -5.65397934e-03,  -6.45448729e-03,
          1.04731914e-02,  -1.49122675e-03,   1.03581359e-02,
          7.83990389e-03,  -7.56107108e-03,  -6.93045759e-03,
         -2.28734929e-03,  -1.50759330e-03,  -5.82125108e-03,
         -5.65476134e-03,  -5.60414186e-03,  -3.87739745e-03,
          8.85940673e-03,  -2.57936684e-03,  -3.67140617e-03,
         -1.84593086e-03,  -4.50838529e-03,  -5.08335269e-03,
         -8.50287769e-03,  -7.34746292e-03,  -8.45844835e-03,
          6.00617124e-03,   9.06157674e-03,   6.05767701e-04,
          8.81059566e-03,  -4.45273772e-03],
       [  2.32400771e-03,  -9.45557626e-03,   7.31771662e-03,
         -5.07725849e-03,  -5.07147561e-03,  -1.65958474e-03,
         -9.62513766e-03,   6.28783591e-03,   1.55046842e-03,
         -1.63434846e-03,  -3.54798085e-04,   4.16436309e-04,
         -2.14690040e-03,   2.43926678e-03,  -9.47650860e-04,
          7.60868987e-03,  -4.21753321e-03,   1.70438252e-03,
          9.53262448e-03,   4.50945320e-04,  -7.10057533e-03,
         -6.25232094e-03,   9.20785373e-03,   6.64292032e-03,
         -1.71418030e-03,   3.93453649e-03,  -3.18036734e-03,
          1.35734637e-03,   7.21800699e-03,  -1.04888749e-03,
         -8.68368620e-03,   3.75331288e-03,   7.28016384e-03,
         -3.51268904e-03,  -6.51189259e-03,  -7.80697984e-03,
         -3.79466900e-03,   3.54024064e-03,   7.55074236e-03,
          2.77338188e-03,   6.86554675e-03,  -1.89317861e-03,
         -9.66957340e-04,  -6.45250350e-03,   9.31516247e-03,
          4.53053088e-03,   3.30102111e-03,  -4.82188365e-03,
         -4.56922445e-03,   1.13755117e-03],
       [ -6.31687094e-03,  -2.07595538e-03,  -1.42096237e-03,
          1.98475374e-03,   8.33872529e-03,  -2.51135532e-03,
          6.27693647e-03,   6.26628328e-03,   9.61799852e-04,
         -4.37859112e-03,   3.22280107e-03,   6.85639922e-03,
          8.07107810e-03,  -4.02878132e-03,  -1.83314917e-03,
         -6.38957963e-03,   8.34244668e-03,  -8.91129672e-03,
          4.81066335e-03,  -3.93357548e-03,   3.32128706e-03,
          1.60841914e-03,  -4.18920459e-03,   7.01320339e-03,
          7.17050331e-03,  -6.69910746e-03,   1.05429075e-03,
          6.83977614e-04,   8.16505527e-03,   3.42684493e-03,
         -7.89311626e-03,  -8.16515277e-03,  -2.90285158e-03,
          7.68105541e-03,  -3.91423716e-03,  -9.92092544e-03,
         -3.80491088e-03,  -5.48799701e-03,  -7.00022644e-04,
         -2.23883199e-03,   9.78437969e-03,   8.51353159e-03,
         -5.95251989e-03,  -9.07774486e-03,   2.05414934e-03,
         -7.66574440e-04,  -1.14201392e-03,   6.24308632e-03,
          9.95254778e-03,  -6.72498216e-03],
       [ -1.18927147e-03,   7.58783958e-03,   1.13692265e-02,
          4.12615981e-04,  -3.05776812e-03,  -7.46387758e-03,
          6.73651999e-03,   7.23216704e-03,   1.55210188e-04,
          3.91412176e-03,  -5.89562359e-03,  -5.60360531e-03,
          5.42906988e-05,   9.51544980e-03,  -7.62965725e-03,
         -1.77854102e-03,  -3.98239385e-03,  -7.27604385e-03,
         -1.04656359e-02,  -6.59096878e-03,  -3.47963747e-03,
          1.06831211e-03,   9.79263356e-03,   2.67900353e-03,
         -5.36085735e-03,   9.51812247e-04,  -7.15955574e-03,
         -9.62216861e-03,   7.53497914e-03,   4.50859355e-03,
         -7.79237431e-03,  -3.75393589e-03,  -9.37886923e-03,
         -5.71796226e-03,  -4.27366378e-03,   8.56391317e-03,
          1.10482453e-02,   4.50497489e-03,  -1.73361320e-03,
         -8.11064105e-03,  -3.79488654e-03,   1.15991123e-02,
         -3.84494662e-03,  -6.10553376e-03,   6.97064181e-03,
         -8.19044464e-03,  -5.87796839e-03,   9.98190439e-03,
          1.61728074e-03,   8.84198266e-03],
       [  4.24986768e-04,   1.06979700e-02,  -4.20124633e-03,
          7.26126503e-03,   5.93989219e-03,   5.24684726e-03,
         -2.45523900e-03,  -5.12679217e-03,   4.23128781e-03,
         -1.25434839e-02,  -8.69674958e-03,  -7.35444857e-03,
          6.78971696e-03,  -4.32989874e-03,  -1.15390437e-02,
         -3.48913841e-03,   8.82759587e-03,   5.94346064e-03,
          8.56135479e-03,  -9.34652875e-03,   3.41832759e-03,
         -6.05341221e-03,   5.68300517e-03,   5.54500586e-03,
          9.28588466e-03,   3.33167719e-03,  -7.56605937e-04,
          3.66330746e-03,  -3.11926162e-03,  -7.61989283e-03,
         -1.37032370e-03,   3.73866069e-03,  -4.55551860e-03,
          3.34102156e-03,  -6.47564716e-03,   3.19628907e-03,
         -8.34047183e-03,   5.32893936e-04,   8.82823927e-03,
          5.42123377e-03,  -4.83016631e-03,   6.23144469e-03,
          7.20022712e-03,   5.78113733e-03,  -7.81835042e-03,
          4.32948711e-03,  -1.93701773e-03,  -5.04020471e-03,
          8.42337981e-03,   3.19954396e-03]]), array([[ -3.85502771e-03,  -5.45130801e-04,   1.16521156e-03, ...,
          4.07767849e-03,   2.89618100e-03,  -8.90914179e-04],
       [ -7.44598419e-03,   7.53281559e-03,  -3.44355749e-03, ...,
          2.35016191e-03,   6.77004552e-03,   8.06217658e-03],
       [  9.61714363e-03,   3.13022359e-03,   7.34554828e-04, ...,
         -4.90794418e-03,   9.32718701e-03,   4.45565052e-03],
       ..., 
       [  8.32953746e-03,   6.61568468e-03,  -6.94898799e-03, ...,
          8.00127028e-03,  -6.14685373e-03,  -2.55405332e-03],
       [  7.65126763e-03,   1.13389042e-02,  -2.91375488e-03, ...,
          1.03190823e-02,  -6.29476153e-03,  -6.45687053e-05],
       [ -8.62254615e-03,   4.16019580e-03,  -4.42596532e-03, ...,
          5.72098106e-05,   1.00560806e-02,   1.61029126e-03]]), array([[-0.03134919, -0.02561653, -0.02690854, ..., -0.03318771,
        -0.01538309, -0.03149178],
       [-0.02737839, -0.01743263, -0.01754922, ..., -0.02278312,
        -0.02423115, -0.03297094],
       [-0.01401303, -0.02910617, -0.01786129, ..., -0.02812598,
        -0.0293059 , -0.02549842],
       ..., 
       [-0.01932419, -0.03356592, -0.03310882, ..., -0.02579085,
        -0.0316954 , -0.0245105 ],
       [-0.02340675, -0.03251048, -0.02843066, ..., -0.03275229,
        -0.02535233, -0.02575203],
       [-0.01870225, -0.01727003, -0.01747215, ..., -0.02183689,
        -0.01946608, -0.01650111]])]Hidden bias: [array([-0.99907171, -0.9990194 , -0.99901745, -0.99898284, -0.99905794,
       -0.99904923, -0.99906182, -0.99905784, -0.99904945, -0.99903415,
       -0.99904827, -0.99901515, -0.99904271, -0.99908137, -0.99897203,
       -0.99902096, -0.99903455, -0.99905153, -0.99904962, -0.99906887,
       -0.99904695, -0.99910371, -0.99904845, -0.99904575, -0.99900188,
       -0.99906815, -0.99905738, -0.99902327, -0.99905757, -0.99906478,
       -0.9990545 , -0.99908772, -0.99906533, -0.99909965, -0.99910771,
       -0.99908939, -0.99905426, -0.99903146, -0.99905391, -0.99905629,
       -0.99906764, -0.99908087, -0.99904689, -0.99907035, -0.99907467,
       -0.99906476, -0.99905296, -0.99907481, -0.99904785, -0.99905974]), array([-0.9999443 , -1.0011335 , -0.99945094, -0.99930705, -0.99989033,
       -1.00035505, -1.00137551, -1.00115063, -1.00088427, -1.00175236,
       -1.00064962, -1.0009371 , -1.00026581, -1.00088308, -1.00018723,
       -1.00104292, -1.0005714 , -1.00008545, -1.00088527, -1.00118483,
       -1.00122072, -0.99988402, -1.00080512, -1.00057906, -1.00100018,
       -1.00113366, -1.00077926, -1.00105437, -0.99994041, -1.00074434,
       -0.99993119, -1.00041262, -1.00162582, -1.00057983, -1.0007288 ,
       -0.99970441, -1.0016353 , -1.00104221, -1.00138434, -1.00038628,
       -1.00052172, -0.99913811, -1.00004083, -1.00078351, -1.00100503,
       -1.00048617, -1.00106877, -1.00054428, -1.00092038, -1.00080573]), array([-0.96642913, -0.96636433, -0.96540771, -0.96302138, -0.96433984,
       -0.96419788, -0.9648577 , -0.96577043, -0.96434325, -0.96451703,
       -0.96572514, -0.96465588, -0.96482854, -0.96450957, -0.96697393,
       -0.96566691, -0.96364333, -0.96179108, -0.96184645, -0.96536982,
       -0.96361757, -0.96552479, -0.9653049 , -0.96250044, -0.96021705,
       -0.96418456, -0.96331946, -0.96604958, -0.96484701, -0.96355622,
       -0.96534203, -0.96686471, -0.96308185, -0.96446596, -0.9656168 ,
       -0.96654829, -0.9649402 , -0.96553145, -0.96454335, -0.96169805,
       -0.96449325, -0.96307935, -0.96472918, -0.96393224, -0.96562584,
       -0.96611778, -0.96476424, -0.96615791, -0.96578172, -0.96429355])]Output weights: [[ 0.00015381  0.00010852]
 [ 0.00016292  0.0001223 ]
 [ 0.00015927  0.00011349]
 [ 0.00016263  0.00012464]
 [ 0.00016804  0.00012303]
 [ 0.00015993  0.00012118]
 [ 0.00016257  0.00012238]
 [ 0.00015577  0.00011854]
 [ 0.00014241  0.00010437]
 [ 0.0001657   0.00012554]
 [ 0.00016151  0.00011771]
 [ 0.00015853  0.00011547]
 [ 0.00016536  0.00012016]
 [ 0.00016423  0.00012074]
 [ 0.00015947  0.00011122]
 [ 0.00016852  0.00012613]
 [ 0.00015206  0.0001144 ]
 [ 0.00015639  0.0001178 ]
 [ 0.00015839  0.00011244]
 [ 0.00015067  0.00010855]
 [ 0.00016619  0.00012175]
 [ 0.00016355  0.00012075]
 [ 0.00015484  0.00010799]
 [ 0.0001644   0.00012617]
 [ 0.00015409  0.00010758]
 [ 0.00015559  0.0001178 ]
 [ 0.00016057  0.00011837]
 [ 0.00014312  0.00010409]
 [ 0.00016296  0.00011842]
 [ 0.0001543   0.00012229]
 [ 0.0001688   0.00012111]
 [ 0.0001666   0.00012413]
 [ 0.00016112  0.00011768]
 [ 0.00017176  0.00012085]
 [ 0.00016074  0.00011942]
 [ 0.00016248  0.00012677]
 [ 0.00015941  0.00011554]
 [ 0.00015684  0.00011753]
 [ 0.00015955  0.00011644]
 [ 0.00010997  0.00018724]
 [ 0.00016049  0.00013148]
 [ 0.00017037  0.0001229 ]
 [ 0.00015144  0.00011406]
 [ 0.00015371  0.00010778]
 [ 0.00015618  0.0001104 ]
 [ 0.00015821  0.00012521]
 [ 0.00015136  0.00010646]
 [ 0.00016159  0.00011865]
 [ 0.0001573   0.00012151]
 [ 0.00016446  0.00011936]]Output bias: [ 0.09084454  0.01493502]
Value MLP:Hidden weights: [array([[-0.32389527, -0.31374024, -0.22187395, -0.29405194, -0.29880012,
        -0.21643543, -0.26942385, -0.22761569,  0.00334486, -0.04284102,
        -0.22490601, -0.30598744, -0.28575368, -0.30394396, -0.12445653,
        -0.31039544, -0.42509788, -0.30448327, -0.2893781 , -0.18999711,
        -0.1546619 , -0.15044967, -0.09127714, -0.2986783 , -0.05013881,
        -0.09477825, -0.21394386, -0.29874023, -0.25343604, -0.17020797,
        -0.18578237, -0.14797578, -0.15876084, -0.18800417, -0.31359792,
        -0.24571437, -0.21718142, -0.14676285, -0.29072685, -0.19104509,
        -0.12432309, -0.02036433, -0.24696272, -0.28720024, -0.13369168,
        -0.30434491, -0.13000839, -0.30722502, -0.01969814, -0.2325139 ],
       [ 0.43874279, -0.00751814, -0.17018956,  0.14632546, -0.1512387 ,
        -0.16180364, -0.17424198, -0.16468123, -0.01520225, -0.0320073 ,
        -0.17154313,  0.39822736,  0.21432907,  0.13338238, -0.09377933,
        -0.04186264,  0.64125934, -0.14684273, -0.15807522, -0.14213138,
        -0.11741033, -0.1165986 , -0.06048476,  0.10085689, -0.03891569,
        -0.06877226, -0.15390105,  0.1386354 , -0.17658224, -0.11705774,
        -0.14896956, -0.10999069, -0.12051081, -0.15108934, -0.05821773,
        -0.17811896, -0.15852992, -0.11492065, -0.16729873, -0.14671144,
        -0.09039648, -0.0175875 , -0.17657031,  0.20363476, -0.09293202,
         0.01462445, -0.09465356, -0.05193532, -0.02029238, -0.17740421],
       [-0.30810845, -0.3747556 , -0.33623615, -0.34665276, -0.38996665,
        -0.32269979, -0.37281561, -0.32906389, -0.05091225, -0.08602985,
        -0.34128691, -0.30757479, -0.31520809, -0.35160147, -0.21952641,
        -0.38492669, -0.37254781, -0.38648031, -0.38800397, -0.28830938,
        -0.22815002, -0.23475771, -0.14027466, -0.34699559, -0.11189822,
        -0.18082348, -0.30834996, -0.33693852, -0.35133336, -0.2573203 ,
        -0.27774042, -0.21808499, -0.2554136 , -0.2883624 , -0.39711162,
        -0.358972  , -0.30773728, -0.22507899, -0.37947541, -0.28408955,
        -0.20417012, -0.06218148, -0.34199252, -0.32857531, -0.20406494,
        -0.36095494, -0.19640505, -0.3801802 , -0.06901789, -0.32255479],
       [ 0.82879723,  0.9474985 ,  0.78022567,  0.89420752,  0.95031521,
         0.73308446,  0.90105332,  0.7478767 ,  0.0948052 ,  0.18829369,
         0.7819259 ,  0.80541338,  0.84954636,  0.89491139,  0.48049969,
         0.95651595,  0.9578866 ,  0.95278027,  0.94251569,  0.67687416,
         0.5273442 ,  0.53691708,  0.32648233,  0.91381583,  0.24102652,
         0.38233858,  0.69499484,  0.89292318,  0.81502147,  0.56789102,
         0.65741072,  0.5167893 ,  0.57527548,  0.6606492 ,  0.96530918,
         0.8243805 ,  0.72703993,  0.52875614,  0.9289495 ,  0.66342101,
         0.43974001,  0.12053011,  0.81101444,  0.85950943,  0.45371128,
         0.94355519,  0.45972721,  0.95673648,  0.13929594,  0.78479604],
       [-0.31830549, -0.34499114, -0.27009992, -0.32390452, -0.32888168,
        -0.25528139, -0.32939996, -0.26782418, -0.03901716, -0.07779643,
        -0.27384679, -0.32034024, -0.31793639, -0.33740674, -0.16082308,
        -0.34197568, -0.39547386, -0.33124827, -0.33116889, -0.24370241,
        -0.1988897 , -0.18565537, -0.1167685 , -0.33751294, -0.09221787,
        -0.14116994, -0.2449651 , -0.33040951, -0.28915979, -0.20852775,
        -0.2377108 , -0.18671653, -0.20082871, -0.24454278, -0.33804206,
        -0.28783821, -0.25384293, -0.18910381, -0.32621512, -0.24047378,
        -0.15075402, -0.03687304, -0.28258421, -0.32419914, -0.1567514 ,
        -0.33515492, -0.16889914, -0.34832527, -0.04169775, -0.2670561 ],
       [ 0.10709552, -0.02407034, -0.06565194,  0.01354727, -0.04821094,
        -0.06433963, -0.04161793, -0.05972498, -0.06855768, -0.06728001,
        -0.06457058,  0.0893567 ,  0.03389519,  0.00774767, -0.07093856,
        -0.0208153 ,  0.20224365, -0.04070802, -0.05143412, -0.05218942,
        -0.05677235, -0.0693219 , -0.05731411, -0.00233209, -0.05339194,
        -0.07215991, -0.05498008,  0.0040031 , -0.0479804 , -0.06030728,
        -0.0672805 , -0.06371145, -0.05845183, -0.06319713, -0.03189966,
        -0.04560417, -0.05812847, -0.06519152, -0.03971476, -0.05542893,
        -0.05470521, -0.05527823, -0.04745164,  0.03436949, -0.05739357,
        -0.01080359, -0.05715031, -0.02250821, -0.0608787 , -0.05300609],
       [-0.13763702, -0.0971754 , -0.08955117, -0.11894523, -0.10109014,
        -0.08557981, -0.08910202, -0.07504607, -0.04200678, -0.05813145,
        -0.08142203, -0.12870131, -0.11633652, -0.12282914, -0.06161898,
        -0.10180172, -0.17295077, -0.09016498, -0.09329289, -0.07027876,
        -0.07563917, -0.06595914, -0.05782748, -0.10459179, -0.05220507,
        -0.05950333, -0.07653728, -0.11261249, -0.08105336, -0.07117409,
        -0.08035324, -0.06580024, -0.07296314, -0.07657189, -0.09728388,
        -0.09290244, -0.08135563, -0.07193874, -0.08587441, -0.08151254,
        -0.06349589, -0.05551129, -0.08896758, -0.12253515, -0.06246844,
        -0.11397334, -0.07660374, -0.10734586, -0.03790633, -0.08347265],
       [-0.63498332, -0.09113796,  0.09655498, -0.22210895,  0.02823547,
         0.11839952,  0.04890174,  0.10559784,  0.2991534 ,  0.2662908 ,
         0.09641687, -0.54136251, -0.2802652 , -0.20161146,  0.18984153,
        -0.05842246, -1.21604142, -0.00205483,  0.01069909,  0.14828833,
         0.1700109 ,  0.17013597,  0.21129369, -0.17502488,  0.23055707,
         0.21991705,  0.11760123, -0.21529767,  0.09204201,  0.16785015,
         0.13086128,  0.17077472,  0.16784603,  0.12875152, -0.04824066,
         0.09045225,  0.12802078,  0.16906475,  0.02908953,  0.14797662,
         0.18742621,  0.29194703,  0.09838779, -0.27596325,  0.18523003,
        -0.10830992,  0.19980629, -0.05811335,  0.27046609,  0.09769524]]), array([[ 0.07606065,  0.02602771, -0.03856415, ...,  0.03719562,
        -0.02700547, -0.02266221],
       [ 0.0467694 ,  0.0199171 , -0.0321467 , ...,  0.08943344,
        -0.0248847 , -0.0094794 ],
       [ 0.06449207,  0.07794372,  0.08624066, ...,  0.16794354,
         0.08505022,  0.09075929],
       ..., 
       [ 0.03365912,  0.01554108, -0.0170678 , ...,  0.09684128,
        -0.02480942, -0.00356838],
       [ 0.07648386,  0.13058307,  0.18094396, ...,  0.22496074,
         0.17653668,  0.17746719],
       [ 0.06245273,  0.07106533,  0.09293998, ...,  0.17543302,
         0.09366615,  0.08682443]]), array([[-0.09123101, -0.09846719, -0.10237908, ..., -0.09337693,
        -0.09653362, -0.03699446],
       [-0.09203189, -0.10077418, -0.08992248, ..., -0.10573098,
        -0.09411496, -0.02504736],
       [-0.09771844, -0.07938935, -0.08947571, ..., -0.09043405,
        -0.10279012, -0.03007767],
       ..., 
       [-0.07334747, -0.05450276, -0.06212706, ..., -0.06188866,
        -0.05669004,  0.00119621],
       [-0.08877579, -0.08237245, -0.09537953, ..., -0.09326013,
        -0.08995737, -0.01919878],
       [-0.09676323, -0.08711916, -0.09432352, ..., -0.09694795,
        -0.08144453, -0.02307454]])]Hidden bias: [array([-1.80416541, -1.62880532, -1.45711643, -1.60371728, -1.626666  ,
       -1.42396873, -1.59478151, -1.44384828, -0.77285752, -0.87251991,
       -1.46476933, -1.71696684, -1.59934732, -1.60898958, -1.16125746,
       -1.63456287, -2.33763036, -1.64099703, -1.63137323, -1.35425957,
       -1.22239326, -1.22992483, -1.0065918 , -1.6164995 , -0.91846799,
       -1.06378105, -1.3833319 , -1.61432315, -1.5083126 , -1.25190582,
       -1.3431086 , -1.20162987, -1.25850593, -1.35825023, -1.64460677,
       -1.51510359, -1.40774137, -1.21462535, -1.6199312 , -1.34361212,
       -1.13315045, -0.78842219, -1.49807788, -1.60363288, -1.14310967,
       -1.63187234, -1.14009022, -1.63635796, -0.8093709 , -1.46552834]), array([-1.08557639, -1.15774498, -1.26108144, -1.24476881, -1.26445462,
       -1.01893284, -1.13571963, -1.24237105, -1.19705715, -1.26346875,
       -1.12313231, -1.22745925, -1.25832596, -1.23452882, -1.28372452,
       -1.259081  , -1.25349596, -1.26560344, -1.27296589, -1.22232258,
       -1.23453413, -1.25509077, -1.24729635, -1.27036227, -1.26773974,
       -1.25167945, -1.26395795, -1.27486431, -1.27491327, -1.24694662,
       -1.18887568, -1.08694299, -1.26144383, -1.27291738, -1.28117247,
       -1.26492812, -1.26187755, -1.2583926 , -1.24693699, -1.27233169,
       -1.26257436, -1.236723  , -1.22802754, -1.25285235, -1.22127145,
       -1.17372612, -0.99934552, -1.27325013, -1.26174409, -1.26030704]), array([-1.23419529, -1.25173526, -1.24703234, -1.24190644, -1.25162069,
       -1.24568566, -1.63984294, -1.31542257, -1.24623795, -1.25478763,
       -1.2359686 , -1.25391673, -1.23611247, -1.23248236, -1.25243476,
       -1.22474417, -2.12871282, -1.88872091, -2.12025876, -1.24506031,
       -1.59223965, -1.22233939, -1.31765634, -1.24439704, -1.24494389,
       -1.24620976, -1.5829465 , -1.25060538, -1.22571891, -1.2229278 ,
       -1.22304053, -1.56215887, -1.24888816, -1.24401478, -1.25160644,
       -2.30602793, -1.22697976, -1.56229121, -1.22886112, -1.24917862,
       -1.34357396, -1.25008528, -1.24542229, -1.29451861, -1.61218036,
       -1.24721976, -1.22771868, -1.24106243, -1.24696018, -1.31109673])]Output weights: [[  1.66777202e+00]
 [  1.29710423e+00]
 [  1.64633429e+00]
 [  1.66521276e+00]
 [  1.31219462e+00]
 [  1.65802576e+00]
 [ -3.49864096e+00]
 [  1.64752776e-03]
 [  1.65736950e+00]
 [  1.42276853e+00]
 [  1.66410733e+00]
 [  1.36332843e+00]
 [  1.66363646e+00]
 [  1.67160461e+00]
 [  1.42133453e+00]
 [  1.73635584e+00]
 [ -2.95952702e+00]
 [ -1.32649567e+00]
 [ -1.53963182e+00]
 [  1.65815197e+00]
 [ -3.71496315e+00]
 [  1.73939097e+00]
 [  1.51145744e-03]
 [  1.65489604e+00]
 [  1.65238869e+00]
 [  1.65099252e+00]
 [ -3.67794402e+00]
 [  1.35884421e+00]
 [  1.73269196e+00]
 [  1.77084806e+00]
 [  1.73653975e+00]
 [ -1.11632060e+00]
 [  1.63591120e+00]
 [  1.66185839e+00]
 [  1.39826560e+00]
 [ -1.87743151e+00]
 [  1.72044954e+00]
 [ -1.11678711e+00]
 [  1.72292459e+00]
 [  1.64477947e+00]
 [  1.58091514e-03]
 [  1.61048297e+00]
 [  1.57516297e+00]
 [  1.41173869e-03]
 [ -1.14402088e+00]
 [  1.65577080e+00]
 [  1.72919555e+00]
 [  1.65633092e+00]
 [  1.65381063e+00]
 [  1.44920157e-03]]Output bias: [ 5.51914081]