Action MLP:Hidden weights: [array([[  1.88490855e-01,   1.10708656e-01,  -1.23467662e-01,
          1.67057047e-01,   1.07449973e-01,  -1.66445009e-01,
          1.09248509e-01,  -2.43400993e-02,  -1.35450248e-01,
         -4.61207167e-03,  -7.32564511e-02,   1.36852646e-01,
          8.64553526e-02,   2.88144162e-02,   2.91268889e-02,
          9.27395402e-02,  -1.71021973e-01,  -7.97074773e-02,
         -1.34704967e-01,  -1.47316679e-01,   8.62596600e-02,
         -4.38852997e-02,  -6.23496420e-02,  -3.02708145e-02,
          1.45445816e-01,  -2.36885299e-03,  -2.27293029e-01,
          7.51425447e-02,   3.53451162e-02,  -1.11397518e-01,
         -2.34588192e-01,   5.10861645e-02,  -5.06460805e-02,
         -1.49131447e-01,   1.11119861e-01,  -1.11320788e-01,
         -8.38774132e-02,  -3.64062620e-02,  -3.74747797e-03,
          1.25956450e-01,  -9.54480560e-02,   3.15468645e-03,
          7.56459553e-02,   6.49550948e-03,   9.31500820e-02,
         -1.32513954e-01,   8.83337017e-03,   1.07850005e-01,
          2.27041685e-01,   3.57284165e-02,  -1.12605127e-02,
         -5.84550325e-02,  -2.80195401e-01,   1.31545814e-01,
         -1.00753154e-01,  -7.19262905e-02,  -1.36965762e-01,
         -5.01017834e-02,   1.13036622e-02,   6.71526026e-02,
         -3.59596146e-02,  -2.46692080e-02,   8.42426060e-02,
          1.20157938e-01,   2.29549038e-02,  -6.08968481e-02,
         -1.65271634e-01,  -2.63561131e-02,  -5.93518193e-02,
          6.01175317e-02,   2.42096603e-02,  -5.73313518e-02,
          3.10180485e-02,   4.31183087e-02,  -6.39838353e-02,
          7.38845838e-03,   1.02802683e-01,   3.33315547e-02,
          1.33412635e-01,  -2.67487542e-02,   1.12830371e-01,
         -2.08979986e-01,  -8.27734689e-02,  -4.93497705e-02,
          6.28007410e-02,   7.26166076e-02,   6.20555908e-02,
          1.62677876e-02,   8.15417226e-02,   9.39462283e-03,
         -9.17957014e-02,  -2.01328917e-02,  -1.54477566e-01,
          1.48456108e-01,  -3.68544964e-02,   4.91526679e-02,
         -2.72800851e-02,   1.15555723e-02,  -7.24622633e-02,
         -1.21949976e-01],
       [  5.02547346e-01,   3.08291234e-01,   3.98454728e-02,
          4.54641439e-01,   3.26810947e-01,   1.98605226e-01,
          3.78690601e-01,   4.29956451e-01,   1.30072923e-01,
          1.76806349e-01,   1.64338779e-01,   1.85160982e-01,
          4.00307869e-01,   2.80383469e-01,   9.36333894e-02,
          4.58655264e-02,   2.12976250e-01,   5.33359157e-02,
          2.63688357e-01,   1.45210898e-01,   1.46440941e-01,
          1.06711014e-01,   1.52313034e-01,   5.95097556e-02,
          3.63040380e-01,   1.69422681e-01,   2.67972269e-01,
          2.44907591e-01,   2.60931624e-01,   3.84048694e-01,
         -1.92133260e-02,   4.00455869e-01,   2.28701125e-01,
         -1.83845868e-02,   3.94670287e-01,   2.88391750e-02,
          3.01059806e-01,   2.45636771e-01,   4.92403082e-02,
          8.82629014e-03,   2.69976032e-01,   1.99238194e-01,
          4.72991769e-01,   6.88949585e-02,   5.15928383e-01,
          2.13803321e-01,   4.62290138e-01,   2.63573848e-01,
          2.02643295e-01,   3.57489369e-01,   3.32578168e-01,
          9.39969423e-02,   4.38257889e-01,   4.32460647e-01,
          1.59641942e-01,   1.47033039e-01,   1.97792886e-01,
          2.86094923e-01,   2.59577932e-01,   9.13588684e-02,
          2.16040321e-01,   8.46111178e-02,   3.23105410e-01,
          1.02603826e-01,   3.28260185e-01,   2.34265778e-01,
          1.60350981e-01,   4.71184337e-01,   1.97931753e-01,
          3.00449008e-01,   1.79563726e-01,   3.01111774e-01,
          1.59790291e-01,   4.71527878e-01,   2.98631972e-01,
          3.24199965e-01,   3.81079259e-01,   4.49576513e-01,
          3.92580796e-01,   3.37272505e-01,   4.94361345e-01,
          8.34413294e-02,   3.20480931e-01,   3.67873250e-01,
          3.70236249e-02,   2.36819348e-01,   3.13129638e-01,
          1.35848107e-01,   1.75639516e-01,   3.70668934e-01,
          7.14651901e-02,   4.65447072e-01,   4.07799770e-01,
          3.51365042e-01,   2.08320999e-01,   4.00152128e-01,
          1.27270027e-01,   2.31777508e-01,   2.74573104e-01,
          1.63864493e-01],
       [  2.25964024e-01,   1.10334500e-01,  -1.90938212e-01,
          2.11571268e-01,   1.06847773e-01,  -2.64823163e-01,
          9.97083203e-02,  -1.11176295e-01,  -2.12856512e-01,
         -4.86668304e-02,  -1.36566072e-01,   1.98055695e-01,
          7.30409352e-02,  -9.93053106e-03,   1.93592390e-02,
          1.46952577e-01,  -2.93256682e-01,  -1.34920223e-01,
         -2.45087338e-01,  -2.45305951e-01,   1.00587012e-01,
         -9.70661602e-02,  -1.31220662e-01,  -8.05743738e-02,
          1.66758550e-01,  -3.30878259e-02,  -3.92703799e-01,
          6.89517371e-02,   2.29157021e-02,  -2.50932965e-01,
         -3.39952832e-01,   1.95337944e-02,  -1.11616237e-01,
         -2.25105445e-01,   1.12393837e-01,  -1.68825798e-01,
         -1.81182849e-01,  -8.14782054e-02,  -2.44927227e-02,
          2.26861628e-01,  -1.76168541e-01,  -2.90204373e-02,
          5.69330464e-02,  -8.19497298e-03,   7.25617128e-02,
         -2.33233999e-01,  -5.43455783e-02,   1.34549938e-01,
          3.64393998e-01,   4.62340705e-03,  -7.14419942e-02,
         -1.09044801e-01,  -5.42074732e-01,   1.42700026e-01,
         -1.70655055e-01,  -1.25186392e-01,  -2.35467136e-01,
         -1.38303521e-01,  -2.94447748e-03,   8.29847459e-02,
         -9.13231831e-02,  -6.61973026e-02,   8.17322809e-02,
          1.81222680e-01,   6.59967473e-03,  -1.21917837e-01,
         -2.68739530e-01,  -1.26732220e-01,  -1.21712878e-01,
          5.28083383e-02,   1.32132310e-02,  -1.37233707e-01,
          2.33139790e-02,  -2.37285151e-02,  -1.48183706e-01,
         -3.46793857e-02,   1.00009394e-01,  -1.28603769e-02,
          1.52053586e-01,  -9.14639869e-02,   1.09217146e-01,
         -3.16428477e-01,  -1.77179247e-01,  -1.52648894e-01,
          7.90138364e-02,   8.64815008e-02,   6.52456125e-02,
          1.31002595e-02,   8.80240333e-02,  -3.42291089e-02,
         -1.41245631e-01,  -1.06080113e-01,  -3.25466611e-01,
          1.92162449e-01,  -9.07506985e-02,   2.48898257e-02,
         -7.39172589e-02,  -4.79006822e-03,  -1.48251187e-01,
         -1.99601242e-01],
       [ -2.15408812e-02,  -3.63415817e-01,  -6.83076317e-01,
         -1.29029119e-01,  -3.26090781e-01,  -2.21602839e-01,
         -1.68936596e-01,   1.53090639e-01,  -4.21685166e-01,
         -4.59905302e-01,  -3.99606364e-01,  -7.87984055e-01,
         -9.59377543e-02,  -2.85797882e-01,  -7.58297358e-01,
         -1.08280927e+00,  -1.95083471e-01,  -6.80712220e-01,
         -1.14773542e-01,  -3.83356673e-01,  -7.34210282e-01,
         -5.80933890e-01,  -4.68189081e-01,  -7.42280381e-01,
         -2.95890222e-01,  -4.75615616e-01,   1.16239883e-02,
         -4.51110713e-01,  -3.35426280e-01,   1.58677909e-01,
         -6.99213040e-01,  -4.45673633e-02,  -2.67852002e-01,
         -8.12585162e-01,  -1.69189903e-01,  -7.07383857e-01,
         -6.82371935e-02,  -2.83347398e-01,  -8.29229345e-01,
         -1.35097719e+00,  -1.29246381e-01,  -4.62116124e-01,
          1.03468826e-01,  -7.90952272e-01,   1.87612191e-01,
         -2.14647574e-01,   1.69644535e-01,  -4.88936306e-01,
         -9.54363811e-01,  -1.06260673e-01,  -7.35843552e-02,
         -6.32308022e-01,   4.42140083e-01,  -9.00207427e-02,
         -3.98133344e-01,  -4.65505209e-01,  -2.50467120e-01,
         -1.45324865e-01,  -3.01144097e-01,  -8.55335164e-01,
         -3.26505019e-01,  -6.96908126e-01,  -2.54703315e-01,
         -9.87726157e-01,  -1.62031269e-01,  -2.63669859e-01,
         -3.18913733e-01,   2.60257371e-01,  -3.43526455e-01,
         -2.87921866e-01,  -5.42628837e-01,  -1.03211979e-01,
         -6.13079304e-01,   1.73305025e-01,  -9.13719330e-02,
         -1.54412839e-01,  -1.75129831e-01,   1.29227441e-01,
         -1.97441660e-01,  -6.34212580e-02,   1.13364343e-01,
         -4.68336576e-01,  -8.95121404e-03,   7.36506277e-02,
         -9.83796599e-01,  -5.13873035e-01,  -2.71119840e-01,
         -6.59401218e-01,  -6.51586109e-01,  -4.98288519e-02,
         -6.54732687e-01,   2.34010530e-01,   2.41200830e-01,
         -3.36058777e-01,  -3.35329523e-01,  -3.69301372e-02,
         -5.76610674e-01,  -3.87151457e-01,  -1.34708494e-01,
         -3.44975171e-01],
       [ -3.69489091e-01,  -1.86887342e-01,   3.13332673e-01,
         -3.33977182e-01,  -1.72342630e-01,   3.97720448e-01,
         -1.72091162e-01,   1.04792835e-01,   3.54599013e-01,
          7.28898198e-02,   2.30340574e-01,  -2.75159534e-01,
         -1.16647341e-01,  -3.12893824e-03,  -1.77700034e-02,
         -1.62020419e-01,   4.15081017e-01,   2.46179882e-01,
          3.42913510e-01,   3.86276856e-01,  -1.19840299e-01,
          1.52240402e-01,   1.91197727e-01,   1.22693846e-01,
         -2.63845330e-01,   7.86701029e-02,   5.49806329e-01,
         -9.49988195e-02,  -3.15538148e-02,   3.19905156e-01,
          5.56749716e-01,  -6.05818675e-02,   1.65184100e-01,
          3.69833663e-01,  -1.85933947e-01,   3.02319050e-01,
          2.63222855e-01,   1.17326558e-01,   5.77036753e-02,
         -2.53864566e-01,   2.74574006e-01,   3.65215060e-02,
         -1.19389660e-01,   4.61538177e-03,  -1.31970982e-01,
          3.35247321e-01,   2.06869545e-02,  -2.03035685e-01,
         -4.76846546e-01,  -3.76746196e-02,   7.84925539e-02,
          1.63458919e-01,   6.53144196e-01,  -2.27490230e-01,
          2.80443113e-01,   2.19608815e-01,   3.67707230e-01,
          1.75668356e-01,   2.23124051e-02,  -1.24669626e-01,
          1.36306085e-01,   1.23322793e-01,  -1.14976838e-01,
         -2.36718130e-01,  -6.41126998e-03,   1.88315324e-01,
          4.30872451e-01,   1.32929258e-01,   2.02445927e-01,
         -8.82809027e-02,  -8.35784698e-03,   2.01102961e-01,
         -2.80784816e-02,  -2.51252139e-02,   2.07729570e-01,
          3.40384554e-02,  -1.64891399e-01,  -1.35579895e-02,
         -2.30646880e-01,   1.08308240e-01,  -1.95787006e-01,
          5.14160763e-01,   2.49154671e-01,   1.90429203e-01,
         -8.36958103e-02,  -1.35256105e-01,  -8.84546027e-02,
         -6.60437903e-03,  -1.20781742e-01,   3.79689692e-02,
          2.36341264e-01,   1.11083613e-01,   4.03244832e-01,
         -2.88666743e-01,   1.49171200e-01,  -5.17263006e-02,
          1.17739322e-01,   1.75235222e-02,   2.15582698e-01,
          3.05156389e-01],
       [ -2.12870567e-01,  -1.22938564e-01,   2.19454128e-01,
         -2.15026257e-01,  -1.24709193e-01,   2.98885420e-01,
         -1.03784655e-01,   1.20741780e-01,   2.68449368e-01,
          5.58595914e-02,   1.66231742e-01,  -2.51359157e-01,
         -5.05292988e-02,   5.80729393e-03,  -5.54082428e-02,
         -1.79387535e-01,   3.32052242e-01,   1.61193641e-01,
          2.72711693e-01,   2.92735240e-01,  -1.25694059e-01,
          9.44717928e-02,   1.40600533e-01,   6.76281368e-02,
         -1.76438445e-01,   3.78026317e-02,   4.21212677e-01,
         -5.94363960e-02,  -1.25056457e-02,   2.63587444e-01,
          4.16791856e-01,  -1.77117426e-02,   1.35913155e-01,
          2.62586921e-01,  -1.06827311e-01,   2.08217307e-01,
          2.13985140e-01,   8.74195589e-02,   2.05199647e-02,
         -2.72187413e-01,   2.06375938e-01,   2.16865025e-02,
         -4.11376053e-02,  -2.34529153e-02,  -3.58008677e-02,
          2.63088421e-01,   6.96577753e-02,  -1.68726864e-01,
         -4.17995167e-01,  -1.78361991e-04,   9.11866524e-02,
          1.07406336e-01,   4.85021018e-01,  -1.14631336e-01,
          2.07249946e-01,   1.50555860e-01,   2.83914903e-01,
          1.54534378e-01,   1.32735781e-02,  -1.29361821e-01,
          1.11462878e-01,   6.77128129e-02,  -7.26587900e-02,
         -2.33557318e-01,   7.83596084e-03,   1.50619147e-01,
          3.34353723e-01,   1.31745301e-01,   1.45455567e-01,
         -5.27587109e-02,  -9.07821485e-03,   1.51985849e-01,
         -2.89511494e-02,   3.73649426e-02,   1.56286359e-01,
          5.23179537e-02,  -1.01784801e-01,   1.94844942e-02,
         -1.41940344e-01,   1.10147499e-01,  -8.17029743e-02,
          4.07891273e-01,   2.07485035e-01,   1.49053385e-01,
         -1.09588447e-01,  -9.15815002e-02,  -5.52622228e-02,
         -2.07477807e-02,  -1.00607958e-01,   6.02938195e-02,
          1.58282014e-01,   1.02543126e-01,   3.08714095e-01,
         -1.88341802e-01,   1.15799182e-01,   3.56049101e-03,
          7.24972125e-02,   1.80769577e-02,   1.88721255e-01,
          2.39803350e-01],
       [  2.24588669e-01,   1.46941837e-01,   9.74903211e-03,
          2.02624641e-01,   1.47625361e-01,   6.44793524e-02,
          1.73151087e-01,   1.80651900e-01,   4.73472675e-02,
          8.85068131e-02,   6.69165842e-02,   9.08111653e-02,
          1.77204236e-01,   1.25497348e-01,   5.19192019e-02,
          9.97190374e-03,   6.75031847e-02,   1.64772540e-02,
          9.08095086e-02,   4.68626975e-02,   6.98753650e-02,
          5.38396272e-02,   7.52396919e-02,   3.65580809e-02,
          1.69689902e-01,   8.49525717e-02,   6.38842915e-02,
          1.20327643e-01,   1.31918262e-01,   1.33607264e-01,
         -6.29530283e-02,   1.75748145e-01,   1.03788292e-01,
         -3.76389490e-02,   1.80234547e-01,  -6.16530614e-04,
          1.21036503e-01,   1.12360409e-01,   2.35332170e-02,
         -4.79085253e-02,   1.06583228e-01,   9.79449251e-02,
          2.10700321e-01,   3.71749796e-02,   2.23671895e-01,
          7.46510025e-02,   1.96013523e-01,   1.35963603e-01,
          6.90815946e-02,   1.57096842e-01,   1.47036403e-01,
          5.01521238e-02,   1.27329641e-01,   1.88927409e-01,
          6.15988447e-02,   6.47931768e-02,   7.04572603e-02,
          1.17761572e-01,   1.21747386e-01,   4.54675873e-02,
          1.07029380e-01,   4.79410036e-02,   1.44450120e-01,
          3.65429212e-02,   1.48822849e-01,   1.08419467e-01,
          4.41766607e-02,   1.86910064e-01,   8.68229664e-02,
          1.43926624e-01,   9.03508269e-02,   1.24453237e-01,
          8.85978484e-02,   1.95462188e-01,   1.20090997e-01,
          1.43851218e-01,   1.74497245e-01,   1.95198687e-01,
          1.72269004e-01,   1.37217471e-01,   2.17238707e-01,
         -1.14922526e-02,   1.26153670e-01,   1.48990706e-01,
          1.68476170e-02,   1.16352317e-01,   1.49058636e-01,
          6.59156515e-02,   9.17420064e-02,   1.50132638e-01,
          3.14188498e-02,   1.90634141e-01,   1.38393242e-01,
          1.55971715e-01,   9.70712010e-02,   1.78699490e-01,
          7.08015283e-02,   1.16087887e-01,   1.18380459e-01,
          6.72514652e-02],
       [  2.11251170e-01,   1.19031743e-01,  -1.65012866e-02,
          1.81124396e-01,   1.36257537e-01,   9.39009024e-02,
          1.63332373e-01,   2.06023165e-01,   4.48430797e-02,
          7.59884384e-02,   7.95920620e-02,   2.66435372e-02,
          1.80886826e-01,   1.29283979e-01,   1.78104483e-02,
         -5.74394973e-02,   9.17283621e-02,   7.92534212e-03,
          1.29089305e-01,   5.38903446e-02,   3.57270363e-02,
          4.42515224e-02,   5.83500929e-02,   3.59107296e-03,
          1.35874072e-01,   7.64929586e-02,   1.18836708e-01,
          9.44806302e-02,   1.13298609e-01,   1.93832728e-01,
         -1.00518396e-01,   1.87053832e-01,   1.09029251e-01,
         -6.69688596e-02,   1.64499358e-01,  -1.84780529e-02,
          1.43278014e-01,   1.16457092e-01,  -9.73535799e-03,
         -1.29796513e-01,   1.26907673e-01,   8.34677771e-02,
          2.20015042e-01,   7.14348039e-03,   2.41366441e-01,
          1.03381913e-01,   2.25495767e-01,   9.06469267e-02,
         -2.49786653e-03,   1.67734595e-01,   1.61750690e-01,
          2.24239486e-02,   2.06571728e-01,   1.82282227e-01,
          7.16383101e-02,   6.37191664e-02,   8.26842731e-02,
          1.36020299e-01,   1.19546341e-01,   1.37600035e-03,
          9.78588687e-02,   1.72696096e-02,   1.48143677e-01,
         -2.26652425e-02,   1.56859785e-01,   1.02963682e-01,
          6.23617442e-02,   2.34036862e-01,   9.61526973e-02,
          1.27633507e-01,   6.82940299e-02,   1.43216316e-01,
          4.96081110e-02,   2.30789955e-01,   1.53084283e-01,
          1.56733328e-01,   1.66365843e-01,   2.12961221e-01,
          1.61729411e-01,   1.71648754e-01,   2.24499260e-01,
          6.69657328e-04,   1.59783925e-01,   1.82105721e-01,
         -3.88102754e-02,   9.02798466e-02,   1.30669521e-01,
          4.75941866e-02,   5.32403095e-02,   1.84166851e-01,
          1.02981454e-02,   2.24529628e-01,   2.02014140e-01,
          1.37904293e-01,   9.74118843e-02,   1.83024142e-01,
          4.65228272e-02,   9.61317755e-02,   1.31954976e-01,
          6.91923085e-02]])]Hidden bias: [array([-0.25085707, -0.19698807, -0.11617378, -0.23793917, -0.20438549,
       -0.15897564, -0.22172979, -0.22675117, -0.14214469, -0.15912478,
       -0.15491409, -0.14826262, -0.23058958, -0.1932191 , -0.12967542,
       -0.11018359, -0.16165585, -0.12063932, -0.17899087, -0.14570896,
       -0.14084457, -0.13799342, -0.15262594, -0.12297824, -0.21144273,
       -0.15643534, -0.1562534 , -0.17739695, -0.18730156, -0.19892176,
       -0.09245643, -0.23117572, -0.17636994, -0.09780036, -0.22760081,
       -0.11276392, -0.19265822, -0.18370904, -0.11721397, -0.10126845,
       -0.18329072, -0.16686276, -0.24673431, -0.12355642, -0.25260101,
       -0.16571284, -0.23924284, -0.18072723, -0.149273  , -0.2170998 ,
       -0.20847445, -0.13364373, -0.14266517, -0.23481797, -0.15307597,
       -0.15011733, -0.15962285, -0.19235616, -0.18601487, -0.12586437,
       -0.17401693, -0.13008024, -0.20421071, -0.1242839 , -0.20954414,
       -0.17804254, -0.14729866, -0.22616136, -0.16683722, -0.19817989,
       -0.15804342, -0.19553651, -0.151328  , -0.23990878, -0.19511054,
       -0.20945265, -0.22434656, -0.23601392, -0.22200575, -0.2097124 ,
       -0.2488197 , -0.12226365, -0.19611685, -0.20810687, -0.11074551,
       -0.17500571, -0.20189521, -0.14350388, -0.15255612, -0.22066005,
       -0.12658334, -0.22806038, -0.19129117, -0.20527184, -0.1699259 ,
       -0.23042771, -0.14483243, -0.17723946, -0.18848794, -0.15352778])]Output weights: [[-0.12824148 -0.33758973]
 [ 0.07729772 -0.19346008]
 [ 0.30291967  0.17919305]
 [-0.06433494 -0.30825826]
 [ 0.05568419 -0.18925257]
 [ 0.04619313  0.21552011]
 [-0.02864264 -0.192927  ]
 [-0.1858542  -0.00746359]
 [ 0.15572939  0.19263013]
 [ 0.15574514 -0.00445918]
 [ 0.13349166  0.10060691]
 [ 0.3110926  -0.24084001]
 [-0.06818307 -0.15911756]
 [ 0.04949656 -0.06833518]
 [ 0.31646258 -0.05694259]
 [ 0.49091991 -0.15018566]
 [ 0.03035032  0.2275476 ]
 [ 0.29439008  0.1254196 ]
 [-0.02057289  0.16942563]
 [ 0.13421424  0.21139783]
 [ 0.2909679  -0.13587773]
 [ 0.23105664  0.05703355]
 [ 0.167903    0.07883443]
 [ 0.31911212  0.04353995]
 [ 0.03420694 -0.25209397]
 [ 0.16533757 -0.00394105]
 [-0.07711109  0.31250753]
 [ 0.13236304 -0.12676989]
 [ 0.07652122 -0.08264896]
 [-0.17642614  0.13868779]
 [ 0.34429586  0.36679438]
 [-0.09017458 -0.11879017]
 [ 0.05654814  0.05298194]
 [ 0.38658435  0.22999391]
 [-0.03299283 -0.20340687]
 [ 0.31730896  0.17080359]
 [-0.05138805  0.10675419]
 [ 0.05867005  0.0185209 ]
 [ 0.36247484  0.00147098]
 [ 0.64935862 -0.20847616]
 [-0.0145734   0.11830201]
 [ 0.15050799 -0.03095722]
 [-0.17690845 -0.16416175]
 [ 0.33833895 -0.03289281]
 [-0.22809865 -0.18063224]
 [ 0.03817303  0.1711768 ]
 [-0.20378029 -0.0661895 ]
 [ 0.14760835 -0.19948323]
 [ 0.40167564 -0.38335671]
 [-0.05079636 -0.09585701]
 [-0.05853726 -0.01567519]
 [ 0.25934044  0.06956673]
 [-0.32897535  0.37626397]
 [-0.07868591 -0.23405968]
 [ 0.13484781  0.13652597]
 [ 0.16816001  0.09545443]
 [ 0.05981169  0.19187703]
 [-0.01338589  0.05257944]
 [ 0.06280061 -0.04827889]
 [ 0.36360054 -0.12464275]
 [ 0.08563278  0.03418461]
 [ 0.29034847  0.03750894]
 [ 0.02377518 -0.14965009]
 [ 0.42970248 -0.20580225]
 [-0.01826388 -0.07429043]
 [ 0.05378409  0.06689591]
 [ 0.10118953  0.23992102]
 [-0.24605013  0.00322235]
 [ 0.09862345  0.07664233]
 [ 0.04543996 -0.124918  ]
 [ 0.19169828 -0.05864117]
 [-0.03500312  0.06375384]
 [ 0.22938525 -0.06906971]
 [-0.2081735  -0.10118117]
 [-0.0403808   0.06950667]
 [-0.02146866 -0.04611842]
 [-0.02692292 -0.18875026]
 [-0.18009989 -0.09250833]
 [-0.01882427 -0.23395934]
 [-0.06481596  0.00298274]
 [-0.18777702 -0.21737062]
 [ 0.19589881  0.31436023]
 [-0.08319504  0.09744911]
 [-0.13160899  0.0500615 ]
 [ 0.44148338 -0.09532516]
 [ 0.16251353 -0.14763978]
 [ 0.03490022 -0.1280456 ]
 [ 0.25702286 -0.05143456]
 [ 0.24273555 -0.1360251 ]
 [-0.0803235  -0.05006176]
 [ 0.27740813  0.12117104]
 [-0.2310305  -0.01133759]
 [-0.22082863  0.1941284 ]
 [ 0.05477122 -0.26496555]
 [ 0.09191711  0.04175033]
 [-0.09399191 -0.11208096]
 [ 0.2226203   0.03048638]
 [ 0.10806183 -0.04676872]
 [-0.0152855   0.08211596]
 [ 0.11063486  0.15830884]]Output bias: [ 1.02910222  0.50675254]
Value MLP:Hidden weights: [array([[ -3.35581990e-01,   6.80217608e+00,  -1.70135037e+00,
          2.50837401e+00,   3.02306347e+00,  -1.15924042e-01,
          4.80982109e+00,   9.80940352e+00,  -4.12621588e+00,
         -2.93648526e+00,   5.96588450e-01,  -3.18022140e+00,
         -1.86288873e-01,   2.23926465e+00,  -5.07559574e+00,
         -4.72730311e-01,  -9.37412861e-01,  -1.85314007e+00,
         -9.18897001e-01,  -3.20282853e-01,   3.31521378e+00,
         -2.26017635e-01,  -1.72998286e+00,  -1.92200491e-01,
          5.69616691e-01,  -4.96349561e+00,  -1.62827186e+00,
         -2.23270296e+00,  -1.07653716e+00,   3.64971042e+00,
          3.33591905e-01,  -4.45190994e+00,  -4.17783223e-01,
         -2.27329128e+00,   2.55056692e+00,  -4.00428561e+00,
          1.05930781e+00,  -1.19122531e+01,  -4.48187722e+00,
          2.95335095e+00,  -1.85888009e-01,  -2.56632832e-01,
          5.38330431e+00,   4.08410343e-01,   3.48752581e-01,
          5.20484438e+00,  -4.45742922e-01,  -1.95587061e-01,
         -6.35789039e-02,   5.10008453e-01],
       [ -1.81829027e+00,   1.10889000e+00,   6.40511668e+00,
         -6.00733869e-01,  -6.90870079e+00,  -1.59365558e+00,
         -5.32101217e+00,  -9.83601417e+00,   7.31960178e+00,
          1.65191842e+00,  -2.51516455e+00,   1.22487611e+01,
         -1.16042880e+00,  -6.47427459e+00,  -5.37266582e+00,
         -5.11887852e+00,  -4.56744690e-01,  -3.24782078e+00,
          1.04765983e+00,   2.44267066e+00,  -2.67183486e+00,
         -1.79720320e+00,  -1.73298638e+00,  -1.79395704e+00,
         -8.42922507e-01,   1.21555826e+01,  -3.40832705e+00,
          1.24745726e+00,   1.30173994e+00,   2.91962781e+00,
         -1.19332330e+00,  -2.31337061e+00,   2.77063671e+00,
         -5.40878834e+00,  -4.02956423e+00,  -1.42322833e+00,
         -9.27593485e+00,  -4.79441359e-01,   2.53357828e+00,
          1.45420252e+00,  -1.79897681e+00,  -1.55776722e+00,
         -1.11848954e+01,  -4.85410200e+00,   7.09988248e-01,
          3.63706209e+00,  -1.70254480e+00,  -1.62150081e+00,
         -2.22151291e+00,  -4.45195452e+00],
       [  6.79234477e-01,   1.67337329e+00,  -7.93267496e+00,
          5.03230521e+00,  -2.34897238e+00,   7.38340163e-01,
          5.86982153e+00,  -2.13710167e+00,  -9.55125505e+00,
         -4.04054301e+00,   7.73092726e-01,   3.94125095e+00,
          6.59493772e-01,  -1.80221129e+00,  -4.48651699e+00,
          2.31822734e+00,  -6.10334351e+00,  -5.33879711e+00,
          7.16719087e+00,  -3.22033373e+00,   4.54649459e+00,
          6.93519942e-01,  -1.14082071e+00,   6.46998637e-01,
         -4.86498118e-01,   3.56433468e+00,  -2.89560282e+00,
         -2.43158651e+00,  -2.25614985e+00,  -2.27250079e+00,
          3.56322347e-01,  -1.30662052e+01,   2.00580335e+00,
          1.51461452e+00,   3.68141613e-01,  -6.11751369e+00,
          4.55784335e+00,  -5.51580045e+00,  -3.67318143e-01,
          1.99080897e+00,   6.28633593e-01,   7.92889647e-01,
          7.47154516e+00,   3.47670189e+00,   8.15444300e-01,
          1.50213607e+00,   5.19915704e-01,   7.15854993e-01,
          1.47242946e+00,   8.68170944e-01],
       [  2.04962788e+00,   1.06866086e+01,  -4.74043079e+00,
         -6.65108138e+00,  -1.87456825e-01,   1.50932780e+00,
         -8.94911086e+00,  -3.64755224e+00,   3.95202655e+00,
         -5.93661711e+00,   2.38994715e+00,   1.61759228e+00,
          1.42758270e+00,  -7.12710134e+00,  -9.72892518e+00,
          4.78993523e+00,  -3.79358693e+00,   3.04011985e-01,
         -3.34809637e+00,   8.13083435e+00,   3.41500342e+00,
          2.39441599e+00,   1.14025822e+00,   2.29947646e+00,
          1.48744644e+00,   5.34486573e+00,  -6.16305847e+00,
          2.39700951e+00,   9.86591311e-01,   8.19064144e-01,
          1.38898336e+00,  -1.65688951e+00,   1.95652907e+00,
         -7.72962123e+00,   3.56987632e+00,  -7.64851392e+00,
         -1.99517166e-01,   3.40232148e+00,   1.06691145e+00,
         -1.03965477e+00,   2.26889248e+00,   1.08987206e+00,
         -3.01018606e+00,   1.19174496e+00,   2.12272109e+00,
         -2.30618447e-01,   1.11751332e+00,   1.17178017e+00,
          1.69527615e+00,   2.94588810e+00],
       [  4.47783340e-01,   1.07743936e+00,  -4.28546950e+00,
          6.45618173e+00,   3.44891421e+00,   4.95587160e-03,
         -5.93689582e+00,   2.72972391e+00,   5.26385614e+00,
         -3.97584639e+00,  -4.83742219e-01,  -4.09514488e+00,
         -3.80973138e-01,  -2.80024698e+00,  -1.21484531e+01,
         -1.49099795e+00,   3.04615681e+00,   8.96465919e+00,
          5.26637118e-01,   1.27590955e+01,   1.83757535e+00,
          1.68698245e-01,  -2.32782170e+00,   4.66271114e-01,
          3.80052045e+00,   4.46477916e+00,   1.32642805e+01,
          6.22348774e+00,  -2.79329167e+00,  -4.03579312e+00,
         -7.35338676e-02,   2.25621504e-01,  -2.92227351e+00,
          9.06173556e+00,  -9.63748295e-01,   7.32144885e+00,
          1.28402384e+01,   6.82187314e+00,  -1.62576358e+00,
          1.12840143e+00,   3.72176784e-01,  -4.41315353e-02,
          8.52357038e+00,  -2.03508246e+00,  -2.51202891e+00,
         -2.11506623e+00,   4.42161492e-02,   1.63243219e-01,
          6.50393830e-01,   1.65803362e+00],
       [  4.46053025e-01,   3.53193480e+01,   3.80159817e+00,
          1.91416215e+01,   1.15561977e+01,   2.29224994e-01,
          1.87357351e+01,  -7.53191952e+00,  -4.98310923e+00,
          1.15407170e+01,   9.89670442e-02,   4.60951537e+00,
         -2.67345957e-01,  -1.07946593e+01,  -5.61132556e+00,
         -8.87350626e+00,  -8.52257535e+00,   9.96992564e-01,
          2.80877835e+00,   5.91041218e+01,   4.80838222e+00,
         -2.36909724e-01,  -5.78691442e+00,   4.54344006e-01,
          1.08494634e+01,  -5.74147171e+00,   1.19833509e+01,
          6.36442185e+00,  -8.95896089e+00,  -1.38566630e+01,
          9.63412840e-02,  -1.21431600e+01,  -9.20658018e+00,
          1.69001386e+01,  -1.26353943e+01,  -1.13778689e+01,
          7.46079465e+00,  -7.91082516e+00,  -9.10687527e+00,
         -3.81114965e+00,   2.46292428e-01,   1.78016182e-01,
          4.71155549e+00,   1.44423708e+01,  -5.16690921e-01,
         -3.37773865e+00,   1.03642512e-01,   9.95756822e-02,
         -1.87726215e+00,   7.95890254e+00],
       [ -4.70279795e-01,   3.14601413e+00,   3.98514834e+00,
          6.55252458e+00,   3.32754579e+00,  -2.83691691e-01,
          8.22119176e+00,   7.44012080e-01,   3.26410946e-01,
          2.47655059e+00,  -1.74852264e+00,  -6.15927445e+00,
         -4.30096522e-01,   8.04932622e-01,  -7.99901883e+00,
         -2.49965194e+00,  -6.27715571e+00,  -4.97327144e-01,
         -6.03645648e+00,   2.22330400e+00,  -6.86810822e+00,
         -7.23363669e-01,  -2.95142595e+00,  -7.33368731e-01,
          6.66521190e-02,  -7.93680780e+00,  -4.21803981e+00,
          1.34679065e+00,   4.30015931e+00,  -7.45225540e+00,
         -7.33541288e-01,  -2.38017418e+00,  -7.01148788e+00,
          1.44438882e-02,  -2.97481114e+00,   2.58747247e+00,
          5.35547151e+00,  -1.05812339e+00,  -3.83387794e+00,
          2.34437602e+00,  -6.92364002e-01,   7.26849258e-02,
          1.15235086e+00,   1.35355119e+01,  -4.68429356e+00,
         -8.47832627e+00,  -1.75019090e-01,  -1.88085348e-02,
         -6.83250368e-01,   2.85890387e+00],
       [ -1.74154363e-01,  -2.84400674e+00,   9.93919657e-01,
          3.87668150e-01,   1.03489552e+01,  -1.40498214e-01,
          5.45988109e+00,   8.01969016e+00,  -5.59915367e+00,
          2.81974941e+00,  -1.98695011e+00,  -5.47103329e+00,
         -1.62034693e+00,   5.67798961e+00,  -5.97964573e+00,
         -2.63326223e+00,   2.42379936e+00,   1.86938616e+01,
         -1.72580737e+00,  -3.50034158e+00,  -5.63357023e+00,
         -4.19952628e-01,   2.00753176e+00,  -2.98532068e-01,
         -1.90168892e+00,  -5.39613791e+00,   1.12342087e+00,
          3.49435549e-01,   6.42771367e+00,  -2.33551113e+00,
         -1.59260076e+00,  -4.92065388e+00,  -3.02682264e-01,
          9.74158196e+00,   1.22547111e+00,   3.08115292e+00,
          6.45427547e+00,   8.87970837e-01,   1.14428497e+00,
          3.06823491e+00,  -3.45086771e-01,  -1.66779582e-01,
          1.62898819e+00,  -2.00843488e+00,  -1.36762264e+00,
         -1.38094380e+00,  -3.02887045e-02,  -1.53062879e-01,
         -9.34234522e-01,  -2.63981214e+00]])]Hidden bias: [array([ -5.13091207, -12.21951754,   4.42525778,  -0.11859305,
        -1.5406734 ,  -4.17074469,   0.62659525,  -2.1571838 ,
         3.20457667,  10.1754656 ,  -6.40085028,   1.99063   ,
        -4.68155304,  -4.37931471,   0.20902155,  -9.05631868,
        -1.76138747,  -6.55251452,  -6.5689509 ,  -6.53431453,
        -9.96079631,  -5.47883002,  -7.45259396,  -5.32367073,
        -7.50299516,   5.24732278,  -8.2654889 ,   5.96638364,
         5.29074047,  -4.8635653 ,  -4.81606562,  -4.83595101,
        -8.78500456,  -2.4013526 ,  -9.53039537,   5.03393877,
        -3.39931369,  -3.91192937,  -5.66352126,   6.10080173,
        -5.31292107,  -3.75540416,   0.13225697,  -3.73006343,
        -7.18291644,   4.43230942,  -4.22999692,  -3.91289354,
        -6.92551599,  -7.47740783])]Output weights: [[ 2.3589815 ]
 [-3.12132659]
 [-2.49544933]
 [ 1.2883873 ]
 [ 2.0176827 ]
 [ 2.84358908]
 [-0.49801471]
 [ 3.75993778]
 [-2.21026885]
 [-2.56895264]
 [ 2.72474847]
 [-2.52514825]
 [ 1.61117602]
 [ 5.01951885]
 [ 2.96000611]
 [ 1.4248515 ]
 [ 2.11335786]
 [-1.16567463]
 [-2.19525356]
 [-1.92149917]
 [-2.02342349]
 [ 2.02952131]
 [-2.4352415 ]
 [ 2.06964179]
 [-2.53611669]
 [-3.5871993 ]
 [-3.31619373]
 [ 4.32779521]
 [-0.57373271]
 [-6.1393705 ]
 [-3.07946262]
 [-1.37643898]
 [-5.82844355]
 [ 1.62500304]
 [-3.47980412]
 [ 0.99944785]
 [-1.00597245]
 [-3.14961187]
 [-1.762109  ]
 [ 6.66242215]
 [ 2.35972107]
 [ 2.96480367]
 [ 3.40650968]
 [-1.12680054]
 [-3.13323847]
 [ 3.33024976]
 [ 1.80093951]
 [ 2.89187158]
 [ 5.11885286]
 [-2.23707754]]Output bias: [-19.21192532]