Action MLP:Hidden weights: [array([[ 0.02051693,  0.02520039,  0.02622353, ...,  0.03655138,
         0.01185905,  0.02672624],
       [ 0.01556392,  0.05917426,  0.01859835, ...,  0.05658955,
         0.00682435,  0.06264076],
       [ 0.01600387,  0.07238137,  0.03669761, ...,  0.06954466,
        -0.0110368 ,  0.10201974],
       ..., 
       [ 0.02236658,  0.00852141,  0.01942291, ...,  0.00624743,
         0.00049832, -0.0024336 ],
       [-0.00725419, -0.00617997, -0.00796861, ...,  0.00601398,
         0.00436508, -0.01001759],
       [-0.00146822, -0.00720172,  0.00780893, ...,  0.00850722,
        -0.0097543 ,  0.00271874]])]Hidden bias: [array([-0.89360047, -0.85993063, -0.88765526, -0.87212675, -0.86972941,
       -0.8761916 , -0.87884649, -0.8662842 , -0.86309096, -0.86093609,
       -0.87069422, -0.86044934, -0.87208925, -0.86266384, -0.8939326 ,
       -0.88436909, -0.86031649, -0.86769262, -1.01962766, -0.87313577])]Output weights: [[ 0.09852362 -0.02900363]
 [ 0.05359464  0.07867005]
 [ 0.08644783 -0.00938496]
 [ 0.07435949  0.03779938]
 [ 0.03962672  0.02468222]
 [ 0.04691655  0.0320591 ]
 [ 0.06379311  0.0107487 ]
 [ 0.0346463   0.12862127]
 [ 0.0633135   0.06041995]
 [ 0.04353963  0.0794442 ]
 [ 0.0445134   0.03819006]
 [ 0.07987925  0.06207826]
 [ 0.0330676   0.02885637]
 [ 0.04556133  0.13887058]
 [ 0.07871034 -0.03594166]
 [ 0.06016372 -0.00139471]
 [ 0.06753183  0.0650466 ]
 [ 0.02559329  0.06599922]
 [-0.41854047  0.53460794]
 [ 0.07836161  0.24280239]]Output bias: [ 0.09193731  0.12067069]
Value MLP:Hidden weights: [array([[  1.22491733e+00,   6.77069265e-02,  -2.72206957e-01, ...,
         -3.00412800e+00,   1.13501688e-01,   7.60187812e-02],
       [  1.55688666e+00,  -8.80353159e-02,  -8.36559752e-01, ...,
         -8.58017145e-01,  -8.11454810e-01,  -1.64579471e-01],
       [  3.62628585e-01,  -4.14864804e-01,  -9.59068112e-01, ...,
          5.68533483e-01,  -1.62503900e+00,  -7.58667445e-01],
       ..., 
       [  2.49815698e-01,   4.03683048e-03,  -2.81849812e-01, ...,
         -1.39677583e+00,  -2.46881825e-01,  -2.04545304e-02],
       [ -2.07431103e-03,   9.53136493e-03,   6.11624452e-03, ...,
         -1.84828481e-03,  -6.60681393e-03,   3.51674328e-03],
       [ -2.52711563e-03,   1.02809281e-02,  -7.14581090e-03, ...,
          8.77104951e-03,   5.53801811e-03,   8.48736249e-03]])]Hidden bias: [array([  1.07757507,  -2.07246751,  -4.26122067,  -3.13498076,
         2.54481635,  -3.3355986 ,   3.14764689,  -2.57471909,
        -3.03288301,  -4.90037257,   1.84239496,  15.27025174,
        -1.89278755,   1.73796847,   1.5891747 ,  -2.30380473,
         1.42911145,  -9.89641256,  -2.84480638,  -2.21009151])]Output weights: [[ 16.08514253]
 [ 12.51996537]
 [ 13.51268015]
 [ 16.66739995]
 [  8.64043618]
 [ 17.91584417]
 [  8.50239203]
 [ 11.18617891]
 [ 12.93905879]
 [ 14.67339963]
 [ 12.73427774]
 [ -1.04132111]
 [ 15.24541659]
 [  8.0898933 ]
 [  2.75349206]
 [ 12.39877062]
 [  9.66248011]
 [ 16.40274237]
 [ 10.15216524]
 [ 12.59542364]]Output bias: [-16.59596922]