Action MLP:Hidden weights: [array([[ 0.02009521,  0.02532596,  0.02593074, ...,  0.03670412,
         0.01093005,  0.02691426],
       [ 0.015132  ,  0.05892009,  0.01827133, ...,  0.05639113,
         0.00359487,  0.06190438],
       [ 0.01584794,  0.07178795,  0.03649366, ...,  0.06900585,
        -0.01116077,  0.10045483],
       ..., 
       [ 0.02249436,  0.00840347,  0.01950591, ...,  0.00612902,
         0.00084625, -0.00281939],
       [-0.00726955, -0.00620165, -0.00798826, ...,  0.00600306,
         0.00456664, -0.01002919],
       [-0.00147721, -0.0072361 ,  0.00779432, ...,  0.00848364,
        -0.00972242,  0.00265101]])]Hidden bias: [array([-0.89314156, -0.86044835, -0.88733213, -0.87245742, -0.86989454,
       -0.87645218, -0.87878306, -0.86683434, -0.86361331, -0.86151857,
       -0.87097986, -0.8609319 , -0.8722903 , -0.86316041, -0.89328252,
       -0.88411569, -0.86082289, -0.86823467, -1.01741841, -0.87490446])]Output weights: [[ 0.11292669 -0.02356088]
 [ 0.05564629  0.06563687]
 [ 0.09744962 -0.00780822]
 [ 0.08107153  0.03216219]
 [ 0.04678179  0.01923745]
 [ 0.05516325  0.02682954]
 [ 0.07184754  0.0078879 ]
 [ 0.02945255  0.11007385]
 [ 0.06903054  0.05085606]
 [ 0.04564583  0.06652432]
 [ 0.05040635  0.03038767]
 [ 0.084455    0.05147353]
 [ 0.03989959  0.02235463]
 [ 0.04061806  0.12030418]
 [ 0.09169612 -0.03126741]
 [ 0.06997636 -0.00230133]
 [ 0.07166865  0.05438889]
 [ 0.02822216  0.05399633]
 [-0.41922041  0.5238326 ]
 [ 0.06436926  0.21850186]]Output bias: [ 0.09285644  0.10718814]
Value MLP:Hidden weights: [array([[  1.22490709e+00,   6.17658169e-01,  -2.72206966e-01, ...,
         -3.00412800e+00,   5.88510643e-02,   9.36531764e-02],
       [  1.55680408e+00,   5.59575307e-01,  -8.36559766e-01, ...,
         -8.58017145e-01,  -8.47033895e-01,  -1.50424733e-01],
       [  3.62340435e-01,  -3.90700322e-01,  -9.59068120e-01, ...,
          5.68533483e-01,  -1.63439890e+00,  -7.52430042e-01],
       ..., 
       [  2.49738920e-01,  -1.19193089e-01,  -2.81849812e-01, ...,
         -1.39677583e+00,  -2.54751696e-01,  -1.74020894e-02],
       [ -2.07256598e-03,   6.36474527e-03,   6.11624452e-03, ...,
         -1.84828481e-03,  -6.60681394e-03,   3.51285814e-03],
       [ -2.52411555e-03,   5.27604878e-03,  -7.14581090e-03, ...,
          8.77104951e-03,   5.53801813e-03,   8.47924253e-03]])]Hidden bias: [array([  1.0771154 ,  -3.08196205,  -4.26122068,  -3.13497975,
         2.54481635,  -3.32770036,   3.14764689,  -2.5919141 ,
        -3.03295718,  -4.90037256,   1.84241285,  15.27025174,
        -7.96792763,   1.7379683 ,   1.61327884,  -2.29402628,
         1.42908169,  -9.89641256,  -2.88620747,  -2.18632627])]Output weights: [[ 16.94698022]
 [ 10.49589421]
 [ 12.65085603]
 [ 15.80557586]
 [  9.50226031]
 [ 17.05411691]
 [  9.36421615]
 [ 10.32366604]
 [ 12.07723204]
 [ 13.8115755 ]
 [ 13.59610126]
 [ -0.17949698]
 [ 11.47860962]
 [  8.95171744]
 [  3.60807121]
 [ 11.53735172]
 [ 10.52430587]
 [ 15.54091824]
 [  9.28830573]
 [ 11.73456599]]Output bias: [-15.73414509]