Action MLP:Hidden weights: [array([[ 0.02009691,  0.02532069,  0.02593245, ...,  0.03669827,
         0.01093897,  0.0268748 ],
       [ 0.01514941,  0.05891208,  0.01828305, ...,  0.0563818 ,
         0.00364554,  0.06190445],
       [ 0.01588855,  0.07177229,  0.03652026, ...,  0.06898807,
        -0.01101935,  0.10053613],
       ..., 
       [ 0.02250344,  0.00839712,  0.01951146, ...,  0.00612275,
         0.00087211, -0.00280555],
       [-0.00726974, -0.00620157, -0.00798841, ...,  0.00600315,
         0.00456868, -0.01002881],
       [-0.00147731, -0.00723606,  0.00779424, ...,  0.00848369,
        -0.00972121,  0.00265123]])]Hidden bias: [array([-0.89307938, -0.86049054, -0.88729233, -0.8724844 , -0.86991055,
       -0.87647783, -0.87877499, -0.86683743, -0.86365931, -0.86156444,
       -0.87100733, -0.86096834, -0.8723119 , -0.86315404, -0.89321413,
       -0.88409155, -0.86086314, -0.8682781 , -1.0172244 , -0.87481893])]Output weights: [[ 0.11291753 -0.02265106]
 [ 0.05569272  0.06420804]
 [ 0.09744456 -0.00733277]
 [ 0.08108682  0.03171369]
 [ 0.04679388  0.01865147]
 [ 0.05517796  0.02629604]
 [ 0.07185631  0.00771502]
 [ 0.02951066  0.10813816]
 [ 0.06907623  0.04989743]
 [ 0.0456905   0.06511093]
 [ 0.05042457  0.02947775]
 [ 0.08450382  0.05035656]
 [ 0.03991192  0.02159769]
 [ 0.04068657  0.11835557]
 [ 0.09168211 -0.030482  ]
 [ 0.06997492 -0.0022798 ]
 [ 0.07171129  0.05320317]
 [ 0.02825285  0.05259071]
 [-0.41927926  0.52179797]
 [ 0.06446839  0.21652311]]Output bias: [ 0.09315249  0.1055117 ]
Value MLP:Hidden weights: [array([[  1.22492095e+00,   6.17676825e-01,  -2.72206967e-01, ...,
         -3.00412800e+00,  -7.69049824e-02,  -2.44097516e-01],
       [  1.55673515e+00,   5.59588403e-01,  -8.36559767e-01, ...,
         -8.58017145e-01,  -9.27026584e-01,  -2.65328958e-01],
       [  3.62049525e-01,  -3.90693626e-01,  -9.59068117e-01, ...,
          5.68533483e-01,  -1.64418582e+00,  -7.19017621e-01],
       ..., 
       [  2.49643468e-01,  -1.19190075e-01,  -2.81849812e-01, ...,
         -1.39677583e+00,  -3.01439614e-01,   3.69718423e-02],
       [ -2.07597021e-03,   6.36474752e-03,   6.11624452e-03, ...,
         -1.84828481e-03,  -6.60681371e-03,   3.51535073e-03],
       [ -2.52606634e-03,   5.27604991e-03,  -7.14581090e-03, ...,
          8.77104951e-03,   5.53801827e-03,   8.48178611e-03]])]Hidden bias: [array([  1.07658984,  -3.0819413 ,  -4.26122068,  -3.13498   ,
         2.54481635,  -3.39930164,   3.14764689,  -2.60627038,
        -3.03302266,  -4.90045357,   1.84241123,  15.27025174,
        -7.96792763,   1.73796835,   1.62414981,  -2.24820859,
         1.42899204,  -9.89641256,  -2.984074  ,  -2.47286174])]Output weights: [[ 16.12124002]
 [ 11.32165103]
 [ 13.47661194]
 [ 16.63133176]
 [  8.6765044 ]
 [ 17.87765928]
 [  8.53846025]
 [ 11.14882542]
 [ 12.90298553]
 [ 14.63732825]
 [ 12.7703454 ]
 [ -1.00525289]
 [ 12.30436553]
 [  8.12596152]
 [  2.77942128]
 [ 12.36519666]
 [  9.69855414]
 [ 16.36667415]
 [  9.65632444]
 [ 12.08838982]]Output bias: [-16.559901]