Action MLP:Hidden weights: [array([[ -3.63514675e-02,   1.72253485e-01,   1.36036959e-02,
         -2.03105535e-03,   1.32624794e-01,   5.00662577e-02,
          1.67093144e-01,   9.24166935e-02,   3.15334995e-02,
          1.35264402e-01,   7.67842875e-02,   2.00039745e-02,
         -4.40866250e-02,   5.52289733e-02,   1.04427521e-01,
          1.29176558e-01,   6.86210725e-02,   1.18537884e-01,
         -3.09438500e-02,   1.14884489e-01,   5.57860564e-02,
          2.68915767e-02,   1.48845838e-01,   5.31547671e-02,
         -1.61904967e-02,  -6.75421407e-02,   1.10743882e-01,
          9.54356113e-03,   9.23836434e-02,   9.09936951e-02,
         -1.09663912e-01,   1.19226393e-01,   1.06223231e-01,
          1.12867522e-02,   3.85696247e-02,  -6.73255377e-02,
          8.45697522e-02,   3.38850694e-02,   4.97965253e-02,
         -1.83440283e-02],
       [  4.22257383e-01,   2.75930629e-01,   3.59801378e-01,
          4.49447341e-01,   2.11687339e-01,   3.55755371e-01,
          3.13981854e-01,   3.27724863e-01,   2.61530171e-01,
          1.76209942e-01,   3.80584498e-01,   4.27323886e-01,
          3.82914870e-01,   4.31401162e-01,   3.03928824e-01,
          9.86941223e-02,   3.76096657e-01,   3.33706029e-01,
          2.84573590e-01,   2.78814682e-01,   3.50102095e-01,
          3.62665276e-01,   2.61361449e-01,   4.21369231e-01,
          2.15607586e-01,   2.83748887e-01,   3.21648958e-01,
          2.09315997e-01,   2.48188950e-01,   1.15362797e-01,
          4.03939091e-01,   3.26521980e-01,   2.85151710e-01,
          3.64078093e-01,   2.86071399e-01,   3.83468108e-01,
          3.18516876e-01,   3.43650207e-01,   2.92277605e-01,
          1.54953707e-01],
       [  1.40626397e-01,  -3.63630045e-01,   1.05002357e-02,
          1.53837841e-01,  -1.71106969e-02,  -2.17970402e-01,
         -5.02479112e-01,  -5.53149285e-02,   1.35618096e-02,
         -2.87897002e-01,  -1.47132064e-02,  -1.66483504e-02,
          2.81814970e-01,   3.26888781e-02,  -2.22908884e-01,
         -2.17151596e-01,  -1.26004582e-02,  -1.90290701e-01,
          8.51613346e-02,  -1.09001838e-01,  -5.98830445e-01,
         -1.03730719e-01,  -1.77643033e-01,  -9.53882916e-02,
          5.02773226e-01,   1.43278409e-01,  -2.66486906e-01,
         -6.42004732e-02,  -7.99695371e-04,  -4.93009874e-02,
          2.59283232e-01,   1.61953768e-04,  -8.50566769e-02,
          2.58193805e-02,  -3.45205524e-02,   1.04310282e-01,
         -1.27546146e-01,  -3.20276932e-02,   7.99817981e-03,
          8.15550223e-02],
       [ -1.08227793e-01,  -5.37827273e-01,  -3.86142673e-01,
         -2.97629666e-01,  -5.59938558e-01,  -1.45927772e-01,
         -7.99980118e-01,  -1.11045039e-01,  -5.47126508e-01,
         -5.14010467e-01,  -3.18889151e-01,  -2.81501491e-01,
         -5.69757957e-01,  -1.11077823e-01,  -1.16013475e-01,
         -5.50198841e-01,  -2.95441644e-01,  -3.05401291e-03,
         -6.37916376e-01,  -2.60179528e-01,  -4.16293337e-01,
         -3.59406980e-01,  -3.00292871e-01,  -6.63309025e-02,
         -1.22844864e+00,  -5.96979254e-01,   2.56032255e-03,
         -6.10993405e-01,  -7.30223300e-01,  -7.24337989e-01,
         -6.10632054e-01,  -4.21232876e-01,  -1.89199561e-01,
         -4.72126782e-01,  -3.68178856e-01,  -4.74538474e-02,
         -5.79688622e-01,  -2.23296137e-01,  -2.88257497e-01,
         -8.05615334e-01],
       [ -2.95993497e-02,   2.97557560e-01,   5.49368116e-02,
         -1.52536710e-01,   1.70981476e-01,   1.02900168e-01,
          7.17833367e-01,  -1.05730777e-01,   9.99766808e-02,
          2.82398052e-01,   1.44797211e-02,  -2.75398556e-02,
         -2.84204214e-01,   1.57043093e-02,   9.51643564e-02,
          9.81369021e-02,  -1.06485956e-01,   1.77486537e-01,
          9.02126102e-03,  -6.13853016e-02,   7.61659088e-01,
          1.72545501e-01,   2.51804972e-01,  -3.17284757e-02,
         -5.39808719e-01,  -1.26170785e-01,   2.20981051e-01,
         -4.54529335e-02,   1.31742733e-01,  -3.10908187e-02,
         -8.60498566e-02,   3.76908426e-02,  -3.63711923e-02,
          5.37330158e-02,  -2.72616991e-02,  -1.83382074e-01,
          9.20093320e-02,   8.84050160e-02,   1.01223797e-01,
          1.54895135e-02],
       [ -9.30244972e-02,   3.71315680e-01,   2.11136536e-04,
         -1.50420942e-01,  -1.29748978e-01,   4.36378496e-02,
          6.45046239e-01,   5.89605257e-02,  -5.08899583e-02,
         -1.40875371e-01,  -4.49254180e-02,   9.37140103e-02,
         -1.42172833e-01,   3.77542650e-02,   2.34422680e-01,
         -3.10799947e-01,   5.33129316e-02,   7.31494088e-02,
         -1.29092249e-01,  -6.90942365e-02,   8.19202596e-01,
          1.55956999e-01,   1.52589285e-01,   1.01946144e-01,
         -2.06497002e-01,  -9.65585643e-02,   6.05597583e-03,
          1.13357644e-02,   3.63132076e-03,  -2.17972542e-01,
         -1.38948508e-01,  -1.99095654e-02,   8.69241803e-02,
          1.50124770e-01,  -1.44978145e-02,  -1.04850914e-01,
          1.82530426e-01,   2.84727459e-02,  -3.49053999e-02,
         -2.29818184e-01],
       [  1.26948146e-01,  -1.33299901e-02,   1.21649906e-01,
          1.78971590e-01,   5.19932617e-02,   1.39632637e-01,
         -1.72343010e-01,   1.53562663e-01,  -1.33490890e-02,
          5.19624466e-02,   4.96743234e-02,   1.75644642e-01,
          9.63009728e-02,   1.41953278e-01,   1.47965284e-01,
          1.11068575e-01,   1.15013893e-01,   9.78584820e-02,
          1.73096441e-02,   6.54802001e-02,   2.26861626e-02,
          1.52245809e-01,  -1.01184008e-02,   8.22919505e-02,
         -1.90903127e-01,   1.07098779e-01,   1.39234833e-01,
          6.19860570e-02,  -3.06119837e-03,  -8.18216925e-02,
          8.39296688e-02,   1.54262161e-01,   1.51364352e-01,
          8.36248317e-02,   1.15486407e-01,   1.04058703e-01,
          7.38798083e-02,   1.48359659e-01,   8.03144947e-02,
          4.47492584e-03],
       [  1.40999606e-01,   3.38971911e-02,   2.25400224e-02,
          5.36046936e-02,   1.05406149e-02,   1.96440770e-01,
          3.33719764e-02,   1.01270100e-01,   3.90184651e-02,
         -3.30885722e-02,   2.37905341e-02,   1.73755167e-01,
          4.25540765e-02,   1.77131584e-01,   1.27418992e-01,
         -2.65300728e-02,   8.00790290e-02,   1.43739107e-01,
          7.16278468e-02,   1.85939948e-01,   7.85040416e-02,
          4.13444202e-02,   1.29813223e-01,   2.32750681e-01,
         -2.51286794e-01,   5.61179849e-02,   1.72373161e-01,
          5.80237977e-03,   5.37206561e-02,   5.25835559e-02,
          4.57325954e-02,   4.34048027e-02,   7.40675612e-02,
          1.00848494e-01,   1.66802759e-01,   5.25830875e-02,
          7.42457258e-02,   1.56668696e-01,   2.31918188e-02,
         -5.51490959e-02]])]Hidden bias: [array([-0.30623009, -0.31257222, -0.31645082, -0.37398327, -0.29025154,
       -0.28418817, -0.3010663 , -0.25190094, -0.29096597, -0.23491226,
       -0.31713071, -0.34033263, -0.35882456, -0.30540614, -0.25292232,
       -0.25147616, -0.31318216, -0.25246503, -0.32376111, -0.2638062 ,
       -0.25969456, -0.32080048, -0.26901663, -0.28520979, -0.22069403,
       -0.31332561, -0.26070704, -0.28268643, -0.32957268, -0.28798654,
       -0.37988723, -0.32570795, -0.24830444, -0.33457999, -0.28645813,
       -0.26434228, -0.33662457, -0.28937779, -0.26157733, -0.30315606])]Output weights: [[-0.07269481 -0.01011253]
 [ 0.13534465 -0.01518748]
 [ 0.03250169 -0.03161661]
 [-0.02977617 -0.01788375]
 [ 0.13615495  0.05542642]
 [-0.07997646  0.02483533]
 [ 0.32137321  0.17068363]
 [-0.09700473 -0.04991406]
 [ 0.11755181 -0.00459142]
 [ 0.13634723  0.14275413]
 [ 0.02348915 -0.02665148]
 [-0.06623492 -0.06800832]
 [ 0.07297217 -0.07540242]
 [-0.08971363 -0.05260237]
 [-0.07118942 -0.05139407]
 [ 0.13201644  0.19991581]
 [-0.03471868 -0.06966891]
 [-0.07895281  0.0154523 ]
 [ 0.12128203  0.02275449]
 [-0.04492413  0.03180668]
 [ 0.12314432  0.2337993 ]
 [ 0.03023329 -0.05006922]
 [ 0.04922008 -0.00571205]
 [-0.11902962 -0.06248198]
 [ 0.48789545 -0.21911853]
 [ 0.08050743 -0.00698026]
 [-0.0981936   0.08076324]
 [ 0.10760753 -0.0181244 ]
 [ 0.17316954 -0.02271266]
 [ 0.19480475  0.08872315]
 [ 0.10484732 -0.02769418]
 [ 0.03196657 -0.01591816]
 [-0.05543177 -0.04671447]
 [ 0.04406193 -0.10095052]
 [-0.01599911  0.00343084]
 [-0.09268082 -0.02481312]
 [ 0.08457452 -0.07664503]
 [-0.04143615 -0.01089809]
 [ 0.02970194 -0.00609324]
 [ 0.22695006  0.07361649]]Output bias: [ 0.20207352  0.06077557]
Value MLP:Hidden weights: [array([[ -1.97854611e+01,   3.29191486e+01,  -1.82154916e+01,
          1.23287594e+01,   3.20412315e+01,   5.76031552e+01,
         -5.15546148e+00,   4.02055352e+01,   6.19654789e+01,
          3.77753509e+00,  -3.02672290e+01,   3.55841970e+01,
          4.18876667e+01,   3.87444574e+01,   8.26450252e+00,
         -1.20393677e+01,   2.51097536e+01,   1.25753981e+01,
          4.45663191e+01,   6.35903835e+00],
       [  1.01996425e+01,   1.22022622e+01,  -1.06319958e+01,
          1.81620233e+01,   1.27089104e-02,  -9.50172776e+00,
         -3.31268394e+00,   1.80728451e+01,   3.38097924e+00,
          1.99440870e+01,  -9.72982961e+00,   1.50071509e+01,
         -8.76734712e+00,   3.54439172e+00,  -5.10565428e+00,
         -1.41827127e+00,   3.62730872e+00,   3.31678523e+00,
          1.83258020e+01,   1.07593960e+01],
       [ -3.24665838e+01,   4.65354095e+01,  -2.28810607e+01,
          5.49104017e+01,   3.33535040e+01,   4.49839286e+00,
         -5.74532508e+00,   2.01333498e+01,  -1.67783755e+00,
         -4.09224865e+01,  -9.44517543e+00,   2.07627699e+01,
          4.17050110e+01,   2.50238739e+01,   6.54549114e+00,
          2.00980133e+00,   1.20400900e+01,  -2.35332887e+01,
         -2.85618515e+01,  -6.62498592e+01],
       [ -1.11766618e+00,   8.61808221e+00,  -2.75300242e+00,
         -1.58581370e+01,  -5.53732785e+00,   1.62901700e+01,
          2.88113812e+01,  -2.38846785e-01,   5.11491630e+00,
          7.26666849e+00,  -1.84018024e+00,   5.86725796e+00,
         -2.49702465e+00,   3.87823700e+00,  -5.04241252e+00,
         -1.22906432e+01,  -3.35228436e+00,   1.36975812e+01,
          1.17948518e+01,   9.36089054e+00],
       [ -1.81741125e+01,   8.53920071e+00,  -4.80326626e+01,
          1.96121823e+00,  -3.67280803e+01,   3.95684439e+01,
         -1.11533994e+01,   1.82245524e+01,   2.28293126e+01,
         -6.68023718e+01,  -2.69236934e+01,   4.69940406e+01,
          1.78954377e+01,   6.48549589e+01,  -1.41902613e+01,
         -1.64264851e+01,   1.27743266e+01,   1.37706037e+01,
          2.81541770e+00,  -3.75458348e+01],
       [ -2.07482858e+01,  -2.51788057e+00,  -2.66008070e+00,
         -1.57866459e+01,  -1.04359171e+01,  -2.11345680e+01,
          2.14626122e+01,  -3.55261305e+01,  -1.24082592e+01,
         -2.14745206e+00,  -2.62290842e+01,   4.93475448e+00,
         -5.65875652e+00,  -2.02727600e+01,  -2.26724582e+01,
          1.34364038e+01,   3.56325156e-02,  -1.23715350e+01,
         -2.15362190e+01,  -3.47118503e+01],
       [ -1.21966882e+01,  -4.80723101e+00,   1.19546037e+01,
         -1.97230693e+01,  -1.69416958e+00,   4.27358441e+00,
         -1.13681506e+01,  -2.34713745e+01,   2.61470347e+01,
         -8.22891722e-01,   1.16316082e+01,  -1.66611000e+01,
          6.05681294e+00,  -1.29871550e+01,  -5.06068141e+01,
          2.11438235e+01,  -2.25070718e+01,  -5.00020797e+00,
         -9.88280197e+00,   2.20575140e+00],
       [ -2.13578709e+01,  -1.58781887e+01,   1.12356038e+01,
         -1.76254885e+01,   2.11816298e+01,   6.86997470e+00,
         -1.13230026e+01,   5.00399237e-01,   1.67106706e+01,
         -1.99647377e+00,   2.18211883e+01,  -5.27296314e+00,
          1.62460813e+01,  -1.40768843e+01,   3.52114778e+00,
          5.48072040e+00,  -1.90871339e+01,   2.75512198e-01,
         -8.08569227e+00,  -2.66122380e+00]])]Hidden bias: [array([-10.50276208, -18.26610496,   0.71998434, -13.55079205,
        -1.38851755,   5.84738877, -46.21649068, -18.32275714,
         1.48430876, -21.4642605 ,  10.39015219,  -9.9215061 ,
         7.08773978,  -2.3239205 ,  14.30388313,  41.73495869,
         0.62567947, -38.70316563, -40.26463171, -31.93834477])]Output weights: [[ -7.62237938]
 [ -2.38464398]
 [  7.69730116]
 [  6.3063845 ]
 [-11.26281405]
 [ -0.90953246]
 [  1.78924227]
 [-10.25478968]
 [  2.8715911 ]
 [  3.44010757]
 [ -2.910466  ]
 [  4.45457087]
 [  1.40405237]
 [  5.3193872 ]
 [ 11.01821856]
 [ 14.48621078]
 [  8.36721479]
 [  5.37149033]
 [  4.71740431]
 [ -1.41426816]]Output bias: [-101.68356891]