Action MLP:
Initial hidden weights: [array([[ 0.00172523,  0.00860945,  0.00919853, ...,  0.00728421,
         0.00487856, -0.00190488],
       [ 0.00702176, -0.00028363,  0.00259793, ..., -0.00974843,
        -0.00401634,  0.00433447],
       [ 0.00848928,  0.00469193,  0.00572342, ..., -0.00527438,
        -0.00718855,  0.00485496],
       ..., 
       [ 0.00080701, -0.00396013,  0.0063313 , ..., -0.00352526,
         0.00202679, -0.00017395],
       [ 0.00526851, -0.00689346, -0.00773613, ...,  0.00344687,
        -0.00068657, -0.0041205 ],
       [ 0.00145681,  0.00178015,  0.00129545, ...,  0.00859596,
        -0.00190537,  0.00113046]])]
Initial hidden bias: [array([-1., -1., -1., -1., -1., -1., -1., -1., -1., -1., -1., -1., -1.,
       -1., -1., -1., -1., -1., -1., -1.])]
Initial output weights: [[  7.19603330e-03   4.74109602e-03]
 [ -9.47479531e-03   8.97716352e-03]
 [  3.32419407e-03  -9.94198686e-03]
 [ -8.92452895e-03   8.74467150e-03]
 [  1.99003453e-03   3.21843011e-03]
 [ -9.80669377e-03  -7.89649573e-03]
 [  5.63101740e-03   7.38523886e-03]
 [ -4.06209260e-03  -5.08554783e-03]
 [ -9.51309165e-05  -7.19530755e-03]
 [  5.18986970e-03  -5.04611152e-03]
 [ -3.58401841e-03  -5.28856049e-03]
 [  3.40375774e-03  -5.20138049e-03]
 [ -6.70595931e-03   9.99220005e-03]
 [ -2.63309802e-03   1.56913664e-03]
 [ -3.29440769e-03  -6.08351041e-03]
 [ -8.68812874e-03   9.84088634e-03]
 [ -6.22802865e-03  -9.71223473e-03]
 [ -5.28849557e-03   3.40777841e-03]
 [ -3.08393790e-03   9.14954069e-03]
 [  9.74505932e-04   4.83044704e-03]]
Initial output bias: [ 1.  1.]
Value MLP:
Initial hidden weights: [array([[  7.04506414e-03,   2.93447230e-03,   6.93382973e-03, ...,
         -3.71246274e-05,  -6.97284898e-03,   2.35441550e-03],
       [ -5.48354263e-03,   8.78265425e-03,   7.78785172e-03, ...,
          8.48675067e-06,  -4.69838456e-03,  -5.44142189e-03],
       [  8.88867412e-04,  -3.43655277e-03,   9.33733302e-03, ...,
          6.16216098e-03,   8.73783442e-03,   9.72110280e-03],
       ..., 
       [ -8.31117348e-03,  -8.68082248e-03,  -3.06924840e-03, ...,
         -1.65598082e-03,   1.39097111e-03,   9.16549052e-03],
       [ -5.57796101e-03,   5.04486752e-06,   3.95793472e-03, ...,
          7.25851517e-03,   4.25359529e-03,   8.96084290e-03],
       [ -6.48452973e-03,  -9.85309445e-03,  -1.49629088e-03, ...,
          8.29190647e-03,  -4.06242371e-03,   3.08705384e-03]])]
Initial hidden bias: [array([-1., -1., -1., -1., -1., -1., -1., -1., -1., -1., -1., -1., -1.,
       -1., -1., -1., -1., -1., -1., -1.])]
Initial output weights: [[-0.00380291]
 [-0.00947259]
 [ 0.00410421]
 [ 0.00698687]
 [-0.00334027]
 [ 0.00920215]
 [-0.00883399]
 [ 0.00531843]
 [-0.00481571]
 [ 0.00814125]
 [ 0.00042593]
 [ 0.00886552]
 [-0.00244254]
 [-0.00600785]
 [ 0.00682181]
 [ 0.00012936]
 [-0.00291316]
 [-0.00285304]
 [ 0.0027977 ]
 [ 0.00591273]]
Initial output bias: [ 1.]
