Action MLP:Hidden weights: [array([[ 0.10512022, -0.01117933,  0.02277067, ...,  0.01273792,
         0.01737995,  0.02347453],
       [ 0.12848111, -0.08566446,  0.01575745, ...,  0.01981704,
         0.02675543,  0.02247903],
       [ 0.128359  , -0.15195685,  0.02192173, ...,  0.01811349,
         0.03808074,  0.05072014],
       ..., 
       [-0.00790435,  0.0096835 , -0.00354141, ..., -0.00226987,
        -0.00595906, -0.00087451],
       [-0.00322835, -0.00654078, -0.0050795 , ..., -0.00266532,
        -0.00730492, -0.00880387],
       [ 0.03721868, -0.03890261, -0.00799167, ..., -0.00113459,
         0.00414583,  0.00380986]])]Hidden bias: [array([-0.64857618, -1.02538712, -0.73613014, -0.7107536 , -0.69832443,
       -0.72200359, -0.69484904, -0.71144667, -0.6855263 , -0.69237692,
       -0.97775574, -0.69633377, -0.69961085, -0.9719987 , -0.70896383,
       -0.69662736, -0.70736932, -0.73071809, -0.72168567, -0.70922528])]Output weights: [[-0.04501497 -0.01147119]
 [-0.02717532  0.49498528]
 [-0.01236155  0.03669819]
 [-0.0107923   0.01081188]
 [-0.00695147 -0.00445057]
 [-0.00747611  0.01560251]
 [-0.0093557  -0.00550227]
 [-0.00907539  0.00659179]
 [-0.00993945 -0.02927879]
 [-0.00625865 -0.01956734]
 [ 0.61369505 -0.52862488]
 [-0.00480361 -0.00961007]
 [-0.00784762 -0.00883667]
 [ 0.07996437 -0.14065019]
 [-0.01060642  0.00290097]
 [-0.00743975 -0.00547433]
 [-0.01110856  0.00496706]
 [-0.01214132  0.02665079]
 [-0.01310702  0.01127765]
 [-0.00847126  0.00690542]]Output bias: [ 0.24183104  0.1205814 ]
Value MLP:Hidden weights: [array([[ -1.79984253e-03,   2.11011841e+00,   2.64944424e+00, ...,
          3.67479887e+00,  -1.73790219e+00,   1.55434340e+00],
       [ -1.42277504e+00,   2.46526329e+00,   3.78568999e+00, ...,
          5.61659154e+00,  -1.35892459e+00,   1.22060706e+00],
       [ -1.02011552e+00,   7.46736415e-01,   1.52887786e+00, ...,
          2.40844015e+00,  -1.31126026e+00,   3.92738479e-01],
       ..., 
       [  3.86596387e-03,  -3.81152609e-03,   6.99775152e-03, ...,
          5.33740627e-03,  -5.84328370e-03,  -9.77853968e-03],
       [ -6.61779762e-03,   7.63453128e-03,  -6.85521864e-03, ...,
         -9.33073189e-03,   6.04080213e-03,  -2.49621377e-03],
       [  4.42538643e-01,   5.33174762e-01,   4.72624623e-01, ...,
          5.41521672e-01,  -9.27975986e-01,   6.01134137e-01]])]Hidden bias: [array([  -2.89791538,    1.96109115,    3.13292034,    2.68928869,
          3.63438104,    3.0343074 ,    9.99656601,    2.69804496,
         -7.02637695,   17.22260695,   -3.26629987,    3.07037384,
          3.09702317,    5.16568102,   36.70967866,  173.76144223,
          1.81005369,    3.90053894,   -7.11776125,  -18.23381821])]Output weights: [[  3.33498948]
 [-12.69874992]
 [ -9.65203813]
 [ -5.97224909]
 [ -9.36079574]
 [ -0.74923933]
 [-12.19724047]
 [ -7.66541716]
 [ -2.86972213]
 [ -7.90017105]
 [  1.29351673]
 [ -9.20952738]
 [ -9.41713418]
 [ -5.85884145]
 [  8.45992475]
 [ 50.00129166]
 [ -8.49602549]
 [ -7.37942648]
 [  7.92669403]
 [  3.82078733]]Output bias: [-18.61007635]