Action MLP:Hidden weights: [array([[-0.02369794, -0.04368064, -0.02364856, -0.03329063, -0.01132969,
        -0.03627964, -0.02425783, -0.01505328, -0.03367243, -0.03190995,
        -0.02195251, -0.03748889, -0.00672767, -0.01772152, -0.01487734,
        -0.03647733, -0.03207231, -0.04301047, -0.01453411, -0.04196854,
        -0.02630034, -0.02064956, -0.01797793, -0.00400083, -0.01430349,
        -0.02544011, -0.02827862, -0.02318292, -0.03079572, -0.02327937,
        -0.00772072, -0.02332496, -0.04315716, -0.01675455, -0.03053369,
        -0.01330629, -0.0234421 , -0.0180428 , -0.01565147, -0.01705594,
        -0.00586898, -0.04710039, -0.01744676, -0.0157003 , -0.01490821,
        -0.03234477, -0.0148902 , -0.0200108 , -0.03464002, -0.0266918 ],
       [ 0.36593501,  0.32048724,  0.33216818,  0.33270168,  0.36901966,
         0.34070131,  0.38449435,  0.3768503 ,  0.32938881,  0.35844231,
         0.36435382,  0.34338237,  0.37612448,  0.34585916,  0.37216131,
         0.33447506,  0.34649543,  0.32859949,  0.36477275,  0.32192337,
         0.32925887,  0.34200861,  0.36283202,  0.39075175,  0.34796896,
         0.33000986,  0.32616332,  0.38455285,  0.36421979,  0.32897538,
         0.38450209,  0.34732915,  0.29996601,  0.34061421,  0.31675692,
         0.40084278,  0.37576577,  0.38799908,  0.35679523,  0.37017246,
         0.39528274,  0.32071351,  0.35864831,  0.36010972,  0.34717839,
         0.34085989,  0.3903109 ,  0.37358837,  0.33937613,  0.334811  ],
       [-0.03913159, -0.0134381 , -0.02475777, -0.0175097 , -0.03952354,
        -0.02321942, -0.05197022, -0.02577519, -0.0299548 , -0.02853781,
        -0.03519567, -0.0055206 , -0.01342075, -0.02892974, -0.02749876,
        -0.02155146, -0.03363397, -0.01772449, -0.02527733, -0.02191665,
        -0.02810336, -0.01310528, -0.042247  , -0.03734395, -0.02467798,
        -0.02237577, -0.00756283, -0.04774415, -0.03278709, -0.00797016,
        -0.04362081, -0.01773177, -0.01137254, -0.00454069, -0.00758135,
        -0.03451621, -0.03575621, -0.04491187, -0.04218954, -0.02151766,
        -0.04939268, -0.02525726, -0.03629386, -0.03886721, -0.02407894,
        -0.02857765, -0.04306618, -0.02981804, -0.02144985, -0.0180615 ],
       [-0.21253352, -0.26331425, -0.24532857, -0.24192424, -0.21108666,
        -0.22923329, -0.20093121, -0.20769909, -0.25167877, -0.22128362,
        -0.21295588, -0.233956  , -0.21286429, -0.23290887, -0.20625395,
        -0.24215869, -0.22275356, -0.25324376, -0.20816211, -0.25110682,
        -0.23801441, -0.24154114, -0.21374734, -0.20089715, -0.22411735,
        -0.24558516, -0.25203743, -0.1880417 , -0.20634506, -0.24589501,
        -0.19482197, -0.23782225, -0.27272014, -0.24124942, -0.26182885,
        -0.18784598, -0.19663268, -0.19415032, -0.21930931, -0.22058505,
        -0.18862308, -0.25765523, -0.21566915, -0.22139141, -0.23020576,
        -0.24023606, -0.19372333, -0.20734577, -0.2352301 , -0.24108372],
       [-0.05730962, -0.04295864, -0.05352723, -0.05032871, -0.05619147,
        -0.0520164 , -0.05869054, -0.05253598, -0.05626445, -0.05394206,
        -0.05614545, -0.04427504, -0.05094242, -0.05739138, -0.05503005,
        -0.05373155, -0.05484538, -0.04431242, -0.0532707 , -0.0503399 ,
        -0.05142769, -0.05243406, -0.05873292, -0.054219  , -0.05420641,
        -0.0507641 , -0.04626101, -0.05453136, -0.05485737, -0.04429801,
        -0.05603475, -0.05378966, -0.04060393, -0.04795171, -0.04261193,
        -0.05242839, -0.05228845, -0.05559083, -0.05966705, -0.05446739,
        -0.05697533, -0.04781932, -0.05683665, -0.05835062, -0.05416106,
        -0.05523891, -0.05614119, -0.05311908, -0.05363072, -0.05076648],
       [-0.0033294 ,  0.10820246,  0.04605912,  0.04921275, -0.01123236,
         0.02853765, -0.01886692,  0.00893056,  0.0597639 ,  0.02526255,
        -0.01532372,  0.06308767,  0.01257598,  0.02081768, -0.00647744,
         0.04844071,  0.0017703 ,  0.09344059,  0.00804403,  0.05868053,
         0.06966155,  0.04329366,  0.01161229, -0.03391711,  0.0161588 ,
         0.06120504,  0.0663924 , -0.02586846,  0.01257476,  0.08202179,
        -0.01508443,  0.02409106,  0.15360323,  0.05372458,  0.12011236,
        -0.02885148, -0.01213101, -0.02265554, -0.00231539, -0.00178671,
        -0.02080942,  0.10254148, -0.00502306,  0.01603354,  0.01539532,
         0.05712257, -0.01680927,  0.00587072,  0.03895051,  0.0460288 ],
       [ 0.01957663,  0.03139244,  0.02889503,  0.01907863,  0.01003857,
         0.02577432,  0.0046682 ,  0.01214879,  0.03368387,  0.02224756,
         0.00216403,  0.02096758,  0.01515883,  0.02036624,  0.01252398,
         0.02625951,  0.02425871,  0.02742258,  0.01764426,  0.02358094,
         0.02290301,  0.0268467 ,  0.00763219,  0.0054317 ,  0.01931459,
         0.02904517,  0.03029608,  0.009934  ,  0.00616184,  0.033054  ,
         0.0065589 ,  0.01431452,  0.03333895,  0.03134527,  0.03804512,
        -0.0129555 ,  0.01289756,  0.00526202,  0.01015641,  0.00797635,
        -0.00707252,  0.03377977,  0.01962857,  0.01154405,  0.01613729,
         0.02917034,  0.00792752,  0.01904655,  0.03088223,  0.02639174],
       [ 0.01448448,  0.02159046,  0.02417245,  0.02198968,  0.00490252,
         0.00957938,  0.00653078, -0.01153326,  0.0270364 ,  0.01638768,
         0.00119271,  0.00894389,  0.00179153,  0.00994312,  0.00716798,
         0.02452749,  0.01708516,  0.01619181,  0.00531979,  0.01502164,
         0.01086445,  0.01588944,  0.01087159, -0.01189998,  0.01309486,
         0.02887207,  0.01084367,  0.00091755,  0.01314732,  0.00929568,
        -0.01081377,  0.01080303,  0.02796136,  0.01679861,  0.02959322,
        -0.01636818, -0.0014057 , -0.00564625,  0.00483748,  0.00220474,
         0.00093932,  0.02735042, -0.00096348, -0.0016973 ,  0.00984219,
         0.00639934, -0.00833064,  0.00628411,  0.0169843 ,  0.00677571]])]Hidden bias: [array([-0.47787687, -0.46514156, -0.47125113, -0.46858764, -0.47823382,
       -0.47012319, -0.48250743, -0.47980225, -0.4731625 , -0.47608757,
       -0.4782231 , -0.46635908, -0.48064263, -0.47653643, -0.47597193,
       -0.47146624, -0.4729817 , -0.46480226, -0.47206729, -0.46701027,
       -0.46032251, -0.47574226, -0.47507759, -0.4841061 , -0.47127231,
       -0.46638831, -0.46749025, -0.47320126, -0.47105102, -0.46147322,
       -0.47632454, -0.47998239, -0.45970489, -0.47131407, -0.45949711,
       -0.48156966, -0.47337827, -0.47938249, -0.47697398, -0.48528024,
       -0.47708127, -0.46326297, -0.47595637, -0.47878335, -0.4752633 ,
       -0.47361988, -0.47981147, -0.47756972, -0.47179156, -0.47041295])]Output weights: [[  1.84853934e-02  -3.13639801e-02]
 [ -1.54410085e-02  -1.08200733e-02]
 [  4.79060509e-03  -2.76652208e-02]
 [  9.11933087e-04  -2.73318504e-02]
 [  1.89476396e-02  -3.43011112e-02]
 [  6.12301872e-03  -2.89279804e-02]
 [  2.42382251e-02  -2.97568271e-02]
 [  1.05707535e-02  -3.36196762e-02]
 [  4.84381990e-03  -2.27213765e-02]
 [  9.46330118e-03  -2.80545626e-02]
 [  1.81002822e-02  -3.59728651e-02]
 [ -6.80521183e-03  -2.49511208e-02]
 [  7.82132381e-03  -3.76243146e-02]
 [  1.14895813e-02  -3.31705800e-02]
 [  1.62199974e-02  -3.57691010e-02]
 [  3.92610162e-03  -2.65171749e-02]
 [  1.44546699e-02  -3.15045846e-02]
 [ -1.10279254e-02  -1.32154131e-02]
 [  1.20403372e-02  -3.34334150e-02]
 [ -9.45939201e-04  -2.35115391e-02]
 [  8.64961489e-05  -1.91673679e-02]
 [  2.53865033e-03  -3.22404155e-02]
 [  1.69184568e-02  -2.92847821e-02]
 [  2.19016729e-02  -3.82927046e-02]
 [  1.04623848e-02  -3.38979028e-02]
 [  7.30360633e-04  -2.35289430e-02]
 [ -6.42734248e-03  -2.68620917e-02]
 [  2.32976401e-02  -2.93154687e-02]
 [  1.32222006e-02  -2.87419879e-02]
 [ -9.35310156e-03  -2.17224529e-02]
 [  2.09574456e-02  -3.24013971e-02]
 [  6.47892517e-03  -3.53815237e-02]
 [ -2.72654272e-02   3.68517018e-03]
 [ -2.62630431e-03  -3.14986947e-02]
 [ -1.68290999e-02  -1.04542820e-02]
 [  1.98256770e-02  -3.64170501e-02]
 [  1.67525093e-02  -3.14129963e-02]
 [  2.21929381e-02  -3.18887914e-02]
 [  1.91194366e-02  -3.32781457e-02]
 [  1.24246011e-02  -3.88244178e-02]
 [  2.45288655e-02  -3.14798755e-02]
 [ -9.03493994e-03  -8.41425983e-03]
 [  1.71165539e-02  -3.39344736e-02]
 [  1.43704214e-02  -3.07579862e-02]
 [  9.73082431e-03  -3.51682920e-02]
 [  3.98141384e-03  -2.30557173e-02]
 [  2.13587953e-02  -3.18641033e-02]
 [  1.30213668e-02  -3.15634446e-02]
 [  5.44595210e-03  -2.81632880e-02]
 [  1.33828119e-03  -2.88237172e-02]]Output bias: [ 0.52237522  0.4513137 ]
Value MLP:Hidden weights: [array([[ -7.09605099e+03,   6.21419683e+04,  -1.04779826e+07,
         -3.73904778e+05,   4.03822876e+06,  -7.21577714e+03,
          1.35291411e+02,  -1.31299917e+06,  -2.99031009e+02,
          2.89461605e+05,  -3.95737411e+03,  -6.64748991e+05,
         -2.37652084e+03,  -6.17696935e+01,  -1.23663087e+04,
         -6.30238232e+04,  -1.18822239e+03,  -2.45332725e+01,
          7.81688074e+04,   2.04601368e+04,   4.74860391e+03,
          8.10432585e+02,   5.86921571e+04,   2.37481249e+03,
         -1.30968875e+04,   4.04608017e+03,   1.16250633e+03,
         -2.25316630e+05,   2.85653359e+01,   3.74213086e+05,
          9.02873078e+00,  -1.05181823e+04,  -4.72180814e+02,
         -7.53261965e+03,   1.46026279e+04,  -1.58598729e+03,
         -1.73480979e+07,  -4.41303806e+03,   2.05011042e+05,
          2.46585815e+03,   2.62444298e+04,  -4.17109778e+03,
          4.06586694e+03,  -3.80901646e+06,  -3.90344710e+01,
          4.64561402e+05,  -1.41335159e+06,   1.57379252e+02,
         -1.53185435e+02,   7.80937698e+03],
       [  8.73625591e+04,   8.07798042e+03,   1.28234975e+08,
         -2.31804164e+05,   1.02778181e+07,  -1.89954588e+04,
          4.01882258e+03,   2.34914505e+06,   7.11446669e+02,
         -2.35958178e+06,  -1.54801088e+04,  -4.94284821e+06,
         -3.88136158e+04,  -1.61309487e+03,   2.01357814e+05,
         -7.78000584e+04,  -2.28625334e+03,   1.33871305e+03,
          2.56194031e+05,  -2.28198457e+04,   1.64679380e+04,
         -4.66970315e+03,   6.20756727e+03,  -1.74371431e+04,
          4.80479853e+04,  -6.18164046e+04,  -1.36596808e+04,
         -1.44859051e+05,   3.30837993e+02,   1.93784291e+05,
         -4.72124188e+02,   2.95645666e+02,  -1.55585225e+05,
          1.10216501e+05,   3.65808174e+04,   2.10769908e+04,
          7.80286864e+07,   7.19683540e+03,   6.45933570e+04,
          1.70483070e+02,   1.59455078e+03,   3.44365179e+04,
          7.65217166e+03,   7.51801117e+05,  -1.44544459e+03,
         -2.72402394e+06,  -1.19776318e+06,  -3.98821126e+03,
         -2.50656310e+03,   6.71529340e+03],
       [ -6.85205602e+03,  -9.51753010e+04,  -2.15658123e+06,
         -5.76633972e+05,   9.18953741e+06,  -2.47933809e+04,
          2.26751119e+03,  -2.17453587e+06,  -2.75236851e+02,
          4.99717066e+04,  -1.14841371e+04,  -4.63788408e+06,
          2.55475355e+04,  -4.99805657e+01,  -4.54860453e+04,
         -1.56284326e+05,  -4.52395794e+02,   5.47310583e+02,
          2.38644793e+05,   3.44330983e+04,   1.13438436e+04,
          1.10570210e+03,   2.35083239e+04,   5.45897889e+03,
          7.82936851e+03,   1.91942428e+03,   5.48964249e+03,
         -3.81529441e+05,   6.64567722e+01,   1.10496909e+06,
         -1.82317505e+01,  -1.00469794e+04,   1.32311808e+04,
          2.98694581e+04,   2.75938310e+04,  -2.00383607e+04,
         -2.82474680e+07,  -1.50633851e+04,   3.41591506e+05,
          3.96902416e+02,   1.10407047e+04,  -5.33547436e+04,
         -8.32987869e+04,  -4.32712467e+06,  -5.73705350e+02,
          2.00471518e+06,  -4.71152733e+06,   2.88010639e+03,
         -1.50277130e+03,   2.40024780e+04],
       [ -4.19210813e+04,  -3.06602009e+04,  -7.93615611e+06,
          1.90595352e+06,   3.76234381e+06,   5.19974557e+02,
         -2.56069138e+03,   5.50186097e+05,  -4.27734016e+01,
          5.13042089e+06,   1.64434246e+04,  -1.51512161e+06,
          1.21984580e+04,   5.61736085e+02,  -4.47449557e+04,
         -3.59833040e+04,  -1.51966245e+03,  -5.20929644e+02,
         -2.16555519e+05,   2.71138125e+04,  -2.81883297e+03,
          1.90244536e+03,  -2.97019313e+05,   7.66892955e+03,
          2.54423885e+04,   1.26945818e+04,   1.55843613e+01,
          8.81169240e+05,  -7.16176651e+02,  -1.21613381e+06,
          3.02088858e+02,   5.10766975e+02,   3.65586604e+04,
          8.64465927e+03,   1.13363959e+04,   7.39012227e+03,
         -2.76279579e+06,   9.95434854e+03,  -8.21903122e+05,
          9.15434644e+02,   2.06896902e+05,   1.60536812e+04,
          2.36038768e+04,   1.54926182e+07,   2.08829909e+03,
         -5.60363952e+05,   2.00930152e+06,  -9.10603128e+02,
          2.13200492e+03,  -4.10560296e+02],
       [  2.05627381e+05,  -4.29012059e+05,  -2.59457985e+07,
          2.14241023e+06,  -4.23986213e+06,   2.58853360e+04,
         -1.11577581e+03,   7.52401182e+05,  -1.04523302e+02,
          7.51747478e+06,   8.26112002e+03,   4.33705395e+06,
         -6.12123852e+04,   5.71730868e+02,  -5.24000815e+03,
          6.07571683e+04,   1.10012268e+04,  -1.00091990e+03,
         -2.61375483e+05,  -8.87736904e+03,  -3.94383457e+05,
          1.23553072e+03,  -9.18200748e+05,   5.86058070e+03,
         -3.01892984e+04,   2.92188169e+04,   1.68363173e+03,
          4.58891061e+05,  -3.63663907e+02,  -2.44066827e+06,
          2.79521447e+02,   8.47621107e+04,   5.65183910e+03,
          4.16016902e+04,  -1.38851265e+04,   8.47495805e+03,
          2.58266748e+07,   7.47270990e+04,  -6.95321734e+05,
         -1.06709718e+03,  -8.67437408e+05,   3.36182773e+04,
          3.53227318e+04,   4.14517668e+07,   1.15573271e+03,
         -4.52727744e+05,   3.73701663e+06,   9.95666317e+02,
          7.81958212e+02,  -2.36398868e+04],
       [  5.47464414e+04,   2.91428693e+05,  -1.41413466e+07,
          1.07020918e+06,  -1.35341736e+06,   2.28177749e+04,
         -2.06940077e+03,   1.80750632e+05,  -1.08887462e+01,
          5.26795685e+06,   5.91457225e+03,   1.71477401e+06,
         -4.66475767e+04,   5.94921962e+02,  -9.57867345e+03,
          2.33810601e+04,  -2.83395646e+03,  -1.02065468e+03,
         -2.53439451e+05,   5.00873576e+03,  -7.37695209e+04,
          7.44049838e+02,   1.21958528e+06,   6.73885319e+03,
         -2.76183439e+04,   4.74354031e+04,   2.18800474e+03,
          2.50243213e+05,  -2.75141335e+02,  -1.06077480e+06,
          3.34270392e+02,   3.97871006e+04,   8.67646878e+03,
          4.78133385e+03,  -4.82915737e+03,   7.68328485e+03,
          2.97282927e+07,   3.49076183e+04,  -3.72947249e+05,
          5.98531607e+03,  -1.17715608e+05,   2.45106864e+04,
         -1.46727151e+05,  -4.93720933e+07,   7.19264951e+02,
         -3.32054148e+05,   1.09450121e+06,   2.71001319e+02,
          1.02360214e+03,  -1.66071353e+04],
       [ -4.67040796e-01,   8.91902691e-01,   9.86434396e-03,
          4.68686582e+00,   3.78340684e+04,  -6.72364167e+00,
          1.10542816e+02,   1.29356929e+02,  -1.15735525e+00,
         -2.52633340e+02,   2.21137152e+02,  -1.13074857e+00,
         -3.23145832e-02,  -5.19811536e+00,  -1.67831590e-01,
         -3.33043769e+02,   2.62284491e+02,   4.30374434e-01,
         -4.28812447e+00,  -5.00238483e-01,   4.93413979e-04,
         -6.88734501e+00,   9.10498068e-03,   1.66340777e+01,
         -1.54906865e+00,   1.76481544e-03,  -1.37369236e+00,
          5.15038119e+01,   9.36820861e-02,   1.54626298e-02,
          2.97120188e+00,  -1.28668497e+04,   3.47685823e-03,
         -1.06483174e+02,  -2.69854274e+01,  -1.10012220e+00,
         -1.51857790e+00,  -2.67337132e-02,   1.86580236e-03,
          3.09800431e+02,  -1.76529022e+00,   2.49074042e+01,
          1.97657564e+01,   1.65390394e+02,   1.06348739e-01,
          4.84619180e+00,   1.03572731e+02,   9.79565390e-01,
         -1.32086373e+02,  -2.17143735e+00],
       [ -4.02060381e+01,   8.73533104e+04,  -3.78931513e-03,
         -1.76470607e+01,  -9.28376737e+01,   7.70240425e-05,
          4.55565122e-03,  -9.27764127e-02,   5.13037283e+00,
         -1.83200368e-03,   4.52059805e-03,   8.07298752e+01,
          1.06058858e+02,  -9.22969819e-03,   7.69998478e-03,
          5.73018126e-03,  -2.36712523e+03,  -2.28267829e+02,
          5.04993901e+01,  -4.94032031e-01,   7.57273642e+02,
          2.64124473e-03,   2.07420128e+05,  -7.73544187e+01,
         -1.56875673e+00,  -4.27327470e-03,   3.41066167e-04,
          8.58771465e+03,   1.39670791e+00,   1.22272933e-03,
          4.19932522e+00,  -1.28385439e+04,  -1.75504762e-02,
          1.79046669e-01,  -3.64869539e+01,   4.91585829e-01,
          4.71940655e+01,   3.96787761e+00,  -1.10092084e+02,
         -3.68999641e+03,   1.45291410e-02,  -5.31747774e-03,
         -2.02332720e+00,  -8.68092117e+06,   3.90797079e-03,
         -1.27812969e+00,   1.05671624e+02,   7.33221001e-03,
         -1.30691639e+02,   8.86416368e-03]])]Hidden bias: [array([  2.26948732e+04,   8.80950546e+04,   1.31148586e+08,
        -1.12554710e+06,   6.41745076e+06,  -1.71509087e+04,
         4.73209605e+03,   1.61462627e+06,   8.94074159e+02,
        -4.02134214e+06,  -2.07929796e+04,  -2.96056552e+06,
        -4.02288400e+04,  -1.75396651e+03,   2.19891805e+05,
        -6.31839784e+04,  -4.22162115e+03,   1.52326950e+03,
         3.08912363e+05,  -3.54597947e+04,   6.20090645e+04,
        -5.83478005e+03,   2.09721238e+05,  -2.10366626e+04,
         4.16690500e+04,  -7.31651516e+04,  -1.46477053e+04,
        -5.52731819e+05,   8.02123557e+02,   6.39505503e+05,
        -5.94391451e+02,  -1.45127413e+04,  -1.69314125e+05,
         1.19011147e+05,   2.10890041e+04,   2.18224695e+04,
         3.64980006e+07,  -3.02069533e+02,   4.80385167e+05,
        -3.29933067e+03,  -4.86533155e+04,   7.21372264e+03,
        -8.33443370e+04,  -8.68506610e+06,  -2.75070703e+03,
        -2.78371411e+06,  -2.08173315e+06,  -4.89381405e+03,
        -3.50982712e+03,   6.15737625e+03])]Output weights: [[ -1.64020590e+01]
 [  6.84060682e+01]
 [ -1.77938344e+04]
 [ -1.06023308e+02]
 [ -1.39917886e+04]
 [ -9.85365931e+02]
 [  3.48780056e+02]
 [ -1.33143293e+00]
 [ -1.62654805e+04]
 [  2.49005073e+03]
 [ -1.00497756e+03]
 [  1.79096889e+04]
 [  3.03246974e+01]
 [  2.21004899e+03]
 [  4.38507496e+03]
 [  6.33738133e+01]
 [ -1.49231294e+03]
 [ -9.88647965e+02]
 [  1.54264559e+03]
 [  8.36284348e+00]
 [  1.09507824e+03]
 [ -1.63334641e+04]
 [  5.15770043e+01]
 [  1.76245817e+03]
 [  6.27755833e+02]
 [  5.69582577e+02]
 [ -4.33587953e+03]
 [ -6.61167975e+01]
 [  1.63712594e+04]
 [  4.99336468e+01]
 [  9.30618024e+01]
 [ -2.22060180e+01]
 [ -4.07012210e+03]
 [ -3.58586794e+01]
 [ -2.11370942e+03]
 [ -1.87056542e+01]
 [ -2.57808660e+01]
 [ -1.74767974e+01]
 [  4.23878666e+01]
 [ -1.20232810e+02]
 [  2.30239192e+00]
 [ -1.05764369e+01]
 [ -9.16330297e+01]
 [ -7.51105016e+01]
 [ -1.99200612e+04]
 [  5.23479175e+01]
 [ -3.76913648e+01]
 [  1.05716415e+03]
 [ -1.52609088e+04]
 [  1.97454991e+00]]Output bias: [-10842.17801421]