Action MLP:Hidden weights: [array([[-0.00736522, -0.00735182, -0.0073625 , ...,  0.00072417,
        -0.00031714, -0.00512698],
       [-0.00736198, -0.00356506,  0.00151048, ...,  0.00010382,
         0.00720541, -0.00994885],
       [ 0.00405906, -0.00023138, -0.00122478, ...,  0.00499233,
         0.00606881, -0.00123312],
       ..., 
       [-0.0038797 ,  0.00582845, -0.00301891, ...,  0.00557577,
        -0.0039754 ,  0.00183771],
       [-0.00917819, -0.00669796, -0.00670737, ...,  0.0063877 ,
        -0.00945041, -0.00013974],
       [ 0.00869847,  0.00873225,  0.00201728, ...,  0.00702405,
        -0.0096865 ,  0.0048242 ]]), array([[  4.98326431e-03,  -1.03650841e-02,  -1.06417616e-02,
         -8.40656653e-03,  -1.61316988e-05,   6.19909078e-03,
          4.92284215e-03,  -6.71128941e-03,  -6.79770294e-03,
         -5.82942316e-03,  -9.44292543e-03,  -6.17844129e-03,
          6.42965861e-03,  -8.49313134e-03,   8.23619903e-03,
         -5.32819066e-03,   1.46876587e-03,   8.06281154e-03,
          5.51943706e-03,  -9.00706245e-03],
       [  2.94548349e-03,  -3.23945782e-03,   5.41352625e-03,
         -6.99456528e-03,  -6.34181682e-03,  -6.12963223e-03,
          8.23281555e-03,   5.55583973e-03,   4.11221615e-03,
          1.08412607e-03,  -5.69903361e-03,  -6.22474060e-04,
         -2.37253852e-03,  -9.99447032e-03,   2.50530258e-03,
         -6.82409505e-03,  -7.14670017e-03,   6.98508605e-03,
          4.29934825e-03,   9.33871340e-03],
       [ -4.82190701e-03,  -2.63422840e-03,   7.63625877e-03,
         -8.93854188e-03,  -3.28339680e-03,  -5.59938354e-03,
         -2.45339204e-03,  -6.54817130e-04,   8.27350972e-03,
         -5.54925301e-03,   1.18282125e-03,   1.29065779e-03,
          5.19509760e-03,  -1.71833242e-03,  -4.98335518e-03,
         -8.66787875e-03,   4.58392908e-03,  -8.38824607e-03,
         -3.42705325e-03,   3.10785537e-03],
       [ -7.57103801e-03,  -2.91421483e-03,  -8.55732650e-03,
          4.87018024e-03,  -3.76360583e-03,   5.17140910e-03,
         -8.69044668e-03,   3.22269010e-03,  -1.83834827e-03,
         -4.51289718e-03,  -6.72187343e-04,  -5.14047037e-03,
          7.25999715e-03,  -6.28081962e-03,   5.41851622e-03,
         -6.56348695e-03,   1.30651479e-03,  -3.39765724e-03,
          1.27923374e-03,   7.63777530e-03],
       [ -7.40350422e-03,   6.17543788e-03,  -2.40966379e-03,
          5.88210725e-03,   6.17341772e-03,  -4.59551123e-03,
          2.66453642e-03,  -6.35826473e-04,   5.36351906e-03,
         -9.70958156e-03,  -6.55625923e-03,  -3.10750924e-03,
          7.12739225e-03,  -7.11580179e-03,   3.27941113e-03,
         -5.78098838e-03,  -6.02809533e-03,  -7.29366902e-03,
         -5.19770116e-03,  -6.63306444e-04],
       [ -7.29452015e-04,   5.51780575e-04,  -9.95992639e-03,
          7.29760009e-03,   8.51731377e-03,   1.43310389e-03,
          7.06692291e-03,  -1.93286014e-03,   3.97831162e-03,
          2.61798697e-03,  -7.00870107e-03,   3.94855036e-03,
          2.90356120e-03,   7.58922830e-03,  -4.50899025e-03,
         -7.49804534e-03,   7.99653236e-04,  -6.90460670e-03,
         -8.63019314e-03,  -1.02578011e-03],
       [  1.35077584e-03,  -3.59286815e-03,   2.05779016e-03,
         -4.95464895e-03,   8.33407167e-03,   8.76443445e-03,
          5.75097407e-03,  -8.20270798e-04,  -8.18291968e-04,
          7.35288304e-03,   3.47364944e-03,   3.63135975e-03,
         -4.44620196e-03,   7.60032650e-03,   4.11071106e-03,
         -7.66714043e-03,   7.39776197e-03,   8.33135043e-03,
         -1.21217880e-03,   5.31465655e-03],
       [  3.17648809e-03,   6.69114553e-03,  -1.82780677e-03,
         -8.45413496e-03,  -3.50094762e-03,   6.34623478e-04,
          6.63659957e-03,   8.62434283e-03,   4.88448533e-03,
         -2.37192218e-03,   9.09821039e-03,  -3.40272596e-04,
         -9.95231293e-03,   2.84483634e-03,  -8.75681173e-03,
         -9.49281199e-03,  -1.70570431e-03,   5.58572827e-03,
          4.10857458e-03,   6.93450382e-04],
       [  6.56313725e-03,   2.41065997e-03,   4.53763027e-03,
         -4.18837905e-03,  -2.04786342e-03,  -3.75597496e-03,
         -5.21286103e-03,  -4.14710272e-03,   1.05476288e-03,
          5.28401606e-03,  -7.62075865e-03,  -3.54388442e-03,
          6.13257779e-03,  -8.95770305e-03,   7.98852154e-03,
         -5.47172852e-03,   4.62179978e-03,   5.07330221e-03,
         -3.91068573e-03,  -5.58539709e-03],
       [ -6.95710845e-03,   1.25925813e-03,  -4.78765553e-03,
         -6.43424897e-03,  -1.03056469e-02,  -8.39419846e-03,
         -8.40203786e-03,  -9.10480547e-03,  -2.68571666e-03,
         -6.88192481e-03,  -1.17069376e-03,  -1.82751171e-03,
         -8.31483633e-03,  -2.59975524e-04,   5.74631297e-03,
          4.54671031e-04,  -1.81169372e-03,  -4.69428916e-03,
          6.09238573e-03,  -5.83559866e-03],
       [ -1.06978271e-02,   5.25352266e-03,   7.87094392e-03,
          7.28482176e-04,  -8.14775798e-03,  -8.06696012e-03,
         -1.80785082e-03,  -5.41550197e-03,  -8.59549838e-03,
         -5.83652401e-03,   3.69957754e-03,  -1.12640502e-03,
         -6.23983927e-03,  -8.14876608e-03,   5.33822546e-03,
          7.09145225e-03,  -8.32308858e-03,   5.83464731e-04,
         -1.04729449e-04,   8.95792179e-03],
       [  7.06588614e-03,   8.23739658e-03,   2.18671929e-03,
         -7.97305960e-03,   3.16418691e-03,  -3.47648106e-03,
          5.20961509e-03,   5.55186911e-03,   1.57160540e-03,
         -2.46519462e-03,  -4.96299158e-03,  -3.45255576e-03,
          9.02998536e-03,   4.45015937e-03,   4.37257659e-03,
         -3.72669029e-03,  -1.55139365e-03,  -1.52263727e-03,
         -9.22914247e-03,   5.81915213e-03],
       [ -1.03493676e-03,   5.20997017e-03,   4.54572623e-03,
         -1.63468817e-03,   7.97663576e-03,   6.70378262e-04,
         -1.06960041e-02,   8.30825441e-03,   8.26291264e-03,
          9.02686784e-03,  -5.67245824e-03,   3.89529536e-03,
          3.68271418e-03,   5.39603511e-03,   7.14939696e-04,
          3.39928465e-03,  -8.40486958e-03,   1.26096366e-03,
          2.50559388e-03,   7.26617837e-04],
       [  4.55269528e-03,   3.05632542e-03,   3.09910842e-03,
         -1.83459608e-03,  -1.10750859e-02,   3.59190897e-03,
          1.90152077e-04,   3.50081324e-03,   6.46338022e-03,
          3.01338189e-03,   6.69699084e-04,   2.98578946e-04,
          6.92960698e-03,   7.60520090e-03,  -5.58203948e-03,
         -8.37057665e-03,  -8.94628912e-03,  -1.03569613e-02,
         -7.77066652e-03,  -2.06531856e-04],
       [  1.74099787e-03,  -9.15737749e-04,   8.28699552e-03,
          4.88304737e-03,   3.65023119e-03,  -8.19704328e-03,
         -1.81619799e-03,  -1.51531027e-03,   7.60621005e-03,
          6.58200535e-03,  -7.55179269e-03,   7.53999474e-03,
         -4.75236454e-03,   1.31066772e-03,   2.73926819e-03,
         -1.04042599e-02,  -8.38410405e-03,   2.11883051e-03,
          1.93145898e-03,  -9.92219262e-03],
       [ -4.02724673e-03,  -7.34111803e-03,  -1.02131920e-02,
          2.96130425e-03,  -8.27915107e-03,  -9.84091317e-03,
         -3.88255581e-03,   6.73869074e-03,  -2.42728396e-03,
          3.97852742e-03,   7.38711246e-03,  -1.05399483e-02,
          7.42115526e-03,  -2.09755502e-03,  -2.58763027e-03,
         -3.56088805e-03,  -7.65388680e-03,  -4.60286841e-03,
         -8.37157811e-03,   6.22876441e-03],
       [ -7.65905969e-03,   5.96519715e-03,  -7.96928318e-03,
          3.99696847e-03,  -1.56550641e-03,   8.05968412e-04,
         -4.08690634e-03,   9.67267593e-04,   4.48622487e-03,
         -4.04916134e-03,  -9.58542133e-03,  -5.06571967e-04,
          7.06228438e-03,   2.88356730e-03,   8.52619056e-03,
          5.72896580e-03,   1.99528854e-03,  -4.07183619e-03,
          2.79746474e-03,   8.19915596e-03],
       [ -1.91412606e-03,  -8.48794545e-03,   3.55655344e-03,
         -1.35710799e-03,   6.19146481e-05,  -1.21546987e-03,
          4.13584764e-03,  -3.88575490e-03,   6.91752479e-03,
          5.44159753e-03,   1.81792248e-03,  -2.44724420e-03,
         -7.44489092e-03,   3.50187642e-03,  -7.24766200e-03,
         -1.93805119e-03,   4.66551190e-03,   6.04956019e-03,
          8.96811881e-03,  -7.33038049e-04],
       [ -1.06865415e-02,   6.65100213e-03,  -3.14784338e-03,
         -1.01060219e-03,   9.03824206e-04,   8.89045467e-03,
          7.80840645e-03,  -1.02778775e-02,   7.97335561e-03,
          8.71211831e-03,  -3.06076170e-04,   6.15786010e-03,
          6.70533532e-03,  -5.14776423e-03,   8.17686125e-03,
         -1.00203241e-02,  -6.31733229e-03,  -3.37418236e-03,
          1.29930362e-04,   9.02730187e-03],
       [  5.55824908e-03,  -6.72456866e-03,  -7.95619112e-04,
          3.73456584e-03,  -1.02210998e-02,  -6.53971167e-03,
         -7.80823463e-04,   5.27978493e-03,  -3.56478550e-03,
          8.76680101e-03,  -7.14729720e-04,  -9.66003541e-05,
         -9.45009267e-03,   1.10314205e-03,   4.29467976e-03,
          3.14975967e-03,   6.44208057e-04,  -4.65082697e-03,
         -9.99457307e-03,  -8.47143575e-03]])]Hidden bias: [array([-0.99997326, -0.99995929, -0.99997568, -0.99997469, -0.99997154,
       -0.99994955, -0.9999332 , -0.99995798, -0.99995792, -0.99998841,
       -0.99997454, -0.99995493, -0.99992974, -0.99997013, -0.99995743,
       -0.99998786, -0.99995518, -0.99994783, -0.99994382, -0.99996598]), array([-0.99843538, -0.99922635, -0.99836424, -0.99866059, -0.99839554,
       -0.99877353, -0.99854862, -0.99894242, -0.99934521, -0.99863359,
       -0.99890721, -0.99869144, -0.99915634, -0.99916111, -0.99878889,
       -0.99822311, -0.99863513, -0.99923206, -0.99931391, -0.99910526])]Output weights: [[ 0.04340183  0.06443922]
 [ 0.05574979  0.07543767]
 [ 0.04193139  0.06411991]
 [ 0.04740043  0.0671445 ]
 [ 0.04258714  0.06421961]
 [ 0.04626439  0.07042499]
 [ 0.0469161   0.06525725]
 [ 0.0494797   0.07307956]
 [ 0.05506072  0.08046598]
 [ 0.05118441  0.06471556]
 [ 0.05887006  0.06422382]
 [ 0.04550865  0.06959321]
 [ 0.05785612  0.07273373]
 [ 0.05246136  0.07569434]
 [ 0.04516727  0.07311106]
 [ 0.04229598  0.05955182]
 [ 0.04765697  0.06611035]
 [ 0.05433979  0.07604774]
 [ 0.05471     0.07742035]
 [ 0.04747004  0.07937625]]Output bias: [ 0.93314704  0.90827052]
Value MLP:Hidden weights: [array([[  1.86455033e-02,   2.92491000e-02,   2.49860229e-02, ...,
          2.17619436e-02,   2.97363913e-02,   1.20079413e-02],
       [  1.21058164e-02,   1.00140819e-02,   7.85143687e-03, ...,
          2.12396626e-02,   1.87413970e-02,   1.05299054e-02],
       [  6.65414074e-03,   4.28499886e-03,  -6.00739431e-03, ...,
          7.80006798e-03,  -2.39055723e-03,  -1.21960951e-02],
       ..., 
       [  6.08849551e-03,  -7.29569064e-03,   9.96493335e-03, ...,
          4.44496477e-03,   1.39225297e-03,   7.67954887e-03],
       [  3.85958918e-03,  -1.38103234e-03,  -1.67331417e-03, ...,
         -4.23280263e-03,   2.35292836e-03,   7.51228718e-05],
       [  1.24962142e-02,   6.84202953e-03,   3.08054490e-03, ...,
          7.83496225e-04,   2.51442146e-03,   1.86200609e-02]]), array([[-0.79652253, -0.80614006, -0.80282104, -0.79451754, -0.80434455,
        -0.79931266, -0.8152351 , -0.808169  , -0.79990341, -0.79378295,
        -0.80664188, -0.81337213, -0.8166365 , -0.80377808, -0.80008519,
        -0.80840173, -0.80799206, -0.7971685 , -0.80305785, -0.8070201 ],
       [-0.87668332, -0.87087453, -0.87840005, -0.86851296, -0.87195492,
        -0.87609279, -0.86770212, -0.87457843, -0.86430129, -0.86862394,
        -0.87494311, -0.86742713, -0.87797674, -0.86920116, -0.87411254,
        -0.88023618, -0.86460932, -0.87260134, -0.8606896 , -0.87950526],
       [-0.63360372, -0.64131447, -0.63282572, -0.6459759 , -0.6468233 ,
        -0.64438777, -0.65097202, -0.63897932, -0.63119561, -0.64204647,
        -0.63660413, -0.63282626, -0.64116619, -0.64252617, -0.63783671,
        -0.6344182 , -0.63375358, -0.64733966, -0.63398204, -0.63291354],
       [-0.76867519, -0.77523241, -0.77959859, -0.76826375, -0.76992844,
        -0.77432727, -0.76747495, -0.77340271, -0.76741599, -0.76776753,
        -0.76973277, -0.76725025, -0.77552163, -0.76468515, -0.77821639,
        -0.7766166 , -0.76294932, -0.77343558, -0.77942048, -0.76424466],
       [-0.82258555, -0.83692861, -0.82588848, -0.83496644, -0.84031258,
        -0.83593186, -0.831522  , -0.83355182, -0.8402103 , -0.83899184,
        -0.82148802, -0.83062666, -0.82713361, -0.83089601, -0.819691  ,
        -0.833757  , -0.82634756, -0.82743094, -0.83698063, -0.8374882 ],
       [-0.66980716, -0.68541631, -0.67729677, -0.66633541, -0.67347262,
        -0.67579504, -0.6839999 , -0.68041583, -0.68458826, -0.67278946,
        -0.66610723, -0.67982913, -0.67157196, -0.66713638, -0.67832787,
        -0.6854859 , -0.67996795, -0.67613799, -0.66770675, -0.66910655],
       [-0.97050973, -0.96506009, -0.96953957, -0.95470501, -0.96207057,
        -0.96392717, -0.95933457, -0.96308722, -0.96287477, -0.96718234,
        -0.95477916, -0.96323457, -0.95623727, -0.95982268, -0.96092572,
        -0.96048962, -0.97048065, -0.95123544, -0.95344442, -0.95808758],
       [-0.71942032, -0.71971504, -0.71782622, -0.72455658, -0.71340945,
        -0.71028487, -0.71042057, -0.70878267, -0.71616172, -0.72372794,
        -0.71606172, -0.71945657, -0.72477246, -0.71664685, -0.71707229,
        -0.72061857, -0.71664931, -0.72012347, -0.7116479 , -0.716863  ],
       [-0.4558813 , -0.45431504, -0.46341101, -0.46088215, -0.4520187 ,
        -0.45727389, -0.45626129, -0.45542095, -0.4588809 , -0.46056269,
        -0.46270459, -0.45536408, -0.44803421, -0.46017776, -0.45520456,
        -0.46334025, -0.4533844 , -0.45860303, -0.46075754, -0.46243634],
       [-0.85383955, -0.86587385, -0.84956665, -0.84934199, -0.85881901,
        -0.84963062, -0.8664587 , -0.8533089 , -0.86315551, -0.84517791,
        -0.86291014, -0.86599845, -0.86827117, -0.85495904, -0.85002241,
        -0.85482631, -0.86422727, -0.86517179, -0.85707543, -0.85094958],
       [-0.68789162, -0.68668359, -0.6898069 , -0.68742217, -0.68093626,
        -0.68860691, -0.6958661 , -0.68277765, -0.68841896, -0.68307151,
        -0.68061417, -0.6936559 , -0.69121331, -0.69390868, -0.68049249,
        -0.69602298, -0.69752528, -0.69081056, -0.67948212, -0.69008386],
       [-0.72245152, -0.73728148, -0.73824501, -0.73616297, -0.74158724,
        -0.7337255 , -0.73724042, -0.73886986, -0.73642255, -0.72340778,
        -0.72987325, -0.73549749, -0.73091247, -0.72740195, -0.72883669,
        -0.72400295, -0.72879056, -0.73680865, -0.73211476, -0.73855905],
       [-0.57920395, -0.57528959, -0.57449889, -0.57313764, -0.57260868,
        -0.58334377, -0.5777827 , -0.57963614, -0.5756412 , -0.58139921,
        -0.58425373, -0.56840612, -0.57713674, -0.57747469, -0.58348378,
        -0.5752302 , -0.56992467, -0.56748381, -0.57280727, -0.57646619],
       [-0.64512196, -0.6280015 , -0.62901629, -0.64384986, -0.63955474,
        -0.64224534, -0.63223173, -0.62862226, -0.63081769, -0.62936821,
        -0.6367706 , -0.62752866, -0.63699254, -0.63518175, -0.64021423,
        -0.63723999, -0.63466693, -0.63637626, -0.6366731 , -0.64513923],
       [-0.52249018, -0.53568914, -0.53348682, -0.53312085, -0.52668762,
        -0.52419523, -0.52876364, -0.54041587, -0.54199003, -0.53801825,
        -0.52264808, -0.53511752, -0.52531683, -0.54048683, -0.53096067,
        -0.53270254, -0.53534751, -0.53165661, -0.52774682, -0.53320164],
       [-0.72636388, -0.7175897 , -0.71582687, -0.71891404, -0.71791678,
        -0.72475497, -0.72411331, -0.72155664, -0.71575593, -0.72458116,
        -0.70937989, -0.71026916, -0.72531775, -0.72477719, -0.72410595,
        -0.71092135, -0.71694028, -0.71180237, -0.72739917, -0.72075167],
       [-0.36274259, -0.3590667 , -0.36261118, -0.37512096, -0.36414173,
        -0.35631684, -0.35913492, -0.36674132, -0.36250084, -0.36791183,
        -0.37501741, -0.35951919, -0.36416181, -0.36261845, -0.37387788,
        -0.36546486, -0.36428685, -0.37518007, -0.37327413, -0.3614552 ],
       [-0.87288337, -0.86900592, -0.86344726, -0.86207117, -0.86761833,
        -0.86101718, -0.87346842, -0.86736053, -0.87449774, -0.8733892 ,
        -0.86575203, -0.86140324, -0.85902114, -0.87313192, -0.87280372,
        -0.86852532, -0.86409092, -0.85498512, -0.86129984, -0.8576871 ],
       [-0.66939268, -0.66945424, -0.67523333, -0.66406684, -0.68264052,
        -0.67661177, -0.66827068, -0.67760805, -0.67035006, -0.67012266,
        -0.665728  , -0.67258005, -0.68034873, -0.68558318, -0.66504284,
        -0.68233279, -0.66936688, -0.66591472, -0.67712723, -0.67085263],
       [-0.75671054, -0.76125662, -0.76147781, -0.76509596, -0.75992814,
        -0.76375229, -0.76514913, -0.7588974 , -0.76455177, -0.76613989,
        -0.7537638 , -0.76030007, -0.76508595, -0.76371621, -0.75194148,
        -0.76445605, -0.75418412, -0.76313705, -0.76031666, -0.76207102]])]Hidden bias: [array([-1.99520299, -1.76192421, -2.41207557, -2.09543741, -1.91592931,
       -2.34362026, -1.38856909, -2.22207104, -2.7103945 , -1.81829736,
       -2.31029769, -2.18660195, -2.5705459 , -2.423073  , -2.63290144,
       -2.22242975, -2.86644891, -1.78498356, -2.33537635, -2.10328592]), array([-2.32504863, -2.3302454 , -2.32750634, -2.32417971, -2.32542152,
       -2.32705728, -2.32940201, -2.32690853, -2.32814614, -2.32869535,
       -2.32111811, -2.32386018, -2.32723129, -2.32702703, -2.32658691,
       -2.33137989, -2.32495686, -2.32332478, -2.322076  , -2.32551591])]Output weights: [[-6.84444718]
 [-6.83946258]
 [-6.83641086]
 [-6.85020423]
 [-6.82746595]
 [-6.84584851]
 [-6.83145049]
 [-6.82948428]
 [-6.8389264 ]
 [-6.84890131]
 [-6.84917863]
 [-6.84751419]
 [-6.83123424]
 [-6.83336694]
 [-6.85375953]
 [-6.83578425]
 [-6.84988605]
 [-6.84978329]
 [-6.85183929]
 [-6.84703657]]Output bias: [-23.7926148]