Action MLP:Hidden weights: [array([[ 0.00896216,  0.9395543 ,  0.50142975, -0.6079471 , -1.58097118],
       [ 0.58183311, -1.77858339, -0.93425563, -0.59674983, -2.12672568],
       [-0.65270456, -0.07765425,  0.30154983, -0.40876419, -0.06623566],
       [ 0.20040224, -1.8194648 , -1.01478643, -0.14681905, -2.16233584],
       [ 1.45227336,  0.77945378,  0.65172737,  0.85544361, -1.34532887],
       [ 1.33173095,  0.48092018,  0.26587713,  1.05320965, -0.51604661],
       [-1.07963379,  0.34767217,  0.01207091,  0.58344562, -0.35281251],
       [-0.77672346, -0.38787243, -0.25066197,  1.15742933,  0.49292811]])]Hidden bias: [array([-0.53370144, -0.54906581, -0.4260819 ,  0.36301595, -0.85006675])]Output weights: [[ 0.65173045  1.43124772]
 [ 1.33985714 -0.16534448]
 [ 0.46630469  0.23157639]
 [-0.60675766  1.21563942]
 [ 1.78014336  0.10159349]]Output bias: [ 2.3231581   0.34774419]
Value MLP:Hidden weights: [array([[-0.00884641,  1.00775566, -0.63460049,  1.07517303, -0.12461766],
       [ 3.80975667,  5.78202815,  6.47557227,  6.42785891,  3.77155019],
       [ 0.2578867 ,  0.93484188,  0.45762063, -0.42989278, -0.54464099],
       [ 4.76959737,  5.0551773 ,  5.15088533,  4.96061342,  4.23841903],
       [-0.18869448,  1.17209228, -0.93727316,  1.14999618, -0.14158663],
       [ 0.07624638,  0.68689239,  0.75489247, -0.78147917,  0.2495784 ],
       [-4.15163197, -0.4959076 , -0.51226263, -0.48329049, -0.48111737],
       [-4.17928838, -0.49618331, -0.51346285, -0.48755133, -0.48676262]])]Hidden bias: [array([ -9.17526121, -11.65603718, -12.32315627, -12.18189963,  -8.80314786])]Output weights: [[ -3.98676493]
 [-18.57005436]
 [-21.73994966]
 [-24.37613393]
 [ -3.97018504]]Output bias: [ 0.80278271]