Action MLP:
Initial hidden weights: [array([[ -9.25538647e-03,  -7.97110364e-03,   6.49678954e-03, ...,
         -1.47980625e-03,   3.26608161e-03,  -1.73605420e-03],
       [  9.39647769e-03,  -9.62068424e-03,  -2.15429086e-03, ...,
         -1.70483834e-04,  -8.67869225e-03,  -1.03122983e-04],
       [  5.54055276e-03,   6.76481327e-04,   3.84095001e-03, ...,
          9.45825977e-03,   3.64276427e-03,  -3.65000704e-03],
       ..., 
       [  7.19671629e-03,   2.01887386e-03,  -6.92810321e-03, ...,
          8.79226564e-03,  -7.00716670e-05,  -5.72482054e-04],
       [ -8.57299059e-03,   4.67241663e-03,  -3.68577788e-03, ...,
         -3.91185161e-03,   9.26826992e-03,   4.64544483e-03],
       [ -7.94112517e-03,   6.28466059e-03,   1.12883657e-03, ...,
          1.29178907e-03,   3.52114685e-03,  -4.52777994e-04]])]
Initial hidden bias: [array([-1., -1., -1., -1., -1., -1., -1., -1., -1., -1., -1., -1., -1.,
       -1., -1., -1., -1., -1., -1., -1.])]
Initial output weights: [[ -6.34808050e-05  -8.76255158e-03]
 [  6.34588799e-03   5.73024660e-03]
 [ -9.64892928e-03   9.56544340e-03]
 [  3.33609289e-03   6.48664020e-03]
 [ -7.96922267e-03   4.94107167e-03]
 [  4.05668630e-03  -4.06863348e-03]
 [ -1.42501331e-03  -8.64013938e-03]
 [  1.55884337e-03   5.02998954e-03]
 [  1.39404039e-03   1.65813313e-03]
 [  3.43231973e-03   5.36731734e-03]
 [ -8.92958674e-03   8.20078902e-04]
 [ -1.54273213e-04   2.39181013e-03]
 [ -7.68648615e-03  -4.40318803e-03]
 [ -3.71551862e-03   7.43913286e-03]
 [  6.31730880e-04  -8.18962687e-03]
 [  8.51550742e-03  -9.02356095e-04]
 [ -9.11273412e-03   6.80473801e-03]
 [ -1.85800904e-03   8.93602369e-03]
 [ -6.18825507e-03   3.43912671e-03]
 [ -3.19594734e-03   1.97622734e-03]]
Initial output bias: [ 1.  1.]
Value MLP:
Initial hidden weights: [array([[  9.96250282e-03,   8.07823926e-03,  -9.61676002e-03, ...,
         -7.32131578e-03,   4.52786893e-03,   4.04757286e-03],
       [  7.21733749e-03,   8.41232631e-03,  -3.35504840e-03, ...,
          3.77510904e-03,   7.86310579e-04,   5.53224202e-03],
       [ -7.31219448e-03,   1.96478682e-03,   5.64424546e-03, ...,
         -6.33701455e-03,   1.42845607e-03,  -3.92716414e-03],
       ..., 
       [  2.58908783e-03,   4.90451081e-03,   9.94707004e-03, ...,
          9.04675100e-03,  -8.77263072e-04,   2.78503975e-05],
       [  4.86792483e-03,  -6.18175003e-03,  -6.16227591e-03, ...,
         -1.10867329e-03,   1.10026299e-03,   9.23153829e-03],
       [ -4.92598464e-03,   2.83321452e-04,   4.26840429e-04, ...,
         -1.04009429e-03,   6.41864482e-03,  -4.94486072e-03]])]
Initial hidden bias: [array([-1., -1., -1., -1., -1., -1., -1., -1., -1., -1., -1., -1., -1.,
       -1., -1., -1., -1., -1., -1., -1.])]
Initial output weights: [[ -9.75762590e-03]
 [  4.18799193e-03]
 [ -3.50226198e-03]
 [  2.81409259e-03]
 [ -1.87216998e-03]
 [  1.42704527e-03]
 [ -8.56804061e-03]
 [  9.93677759e-03]
 [  4.37507807e-03]
 [  2.78225001e-03]
 [ -3.52859396e-03]
 [ -3.48771814e-03]
 [ -1.73065991e-03]
 [ -6.86692465e-05]
 [ -6.69383742e-03]
 [ -8.00791357e-03]
 [ -6.41497819e-03]
 [  1.63619700e-03]
 [  4.15337605e-03]
 [  9.83289626e-03]]
Initial output bias: [ 1.]
