Action MLP:
Initial hidden weights: [array([[  7.79751517e-04,   1.64567135e-03,  -8.54059271e-03,
          9.72145376e-03,  -2.22339113e-03,   4.28260766e-03,
         -5.17062563e-04,   9.30058332e-03,  -7.29769045e-03,
         -7.43621154e-03,  -8.06501564e-03,  -6.16092449e-03,
         -1.96601474e-03,   1.47985202e-03,  -8.42027116e-03,
          4.13427210e-04,  -9.76018165e-03,   4.94959597e-03,
         -6.21014485e-03,   4.54753665e-03],
       [  7.94447192e-03,   7.66459776e-03,   3.40618042e-03,
         -7.58085016e-04,  -9.81420966e-03,  -3.41166007e-03,
         -2.34695558e-03,  -7.14424224e-03,   4.11511842e-03,
          6.68711702e-03,   3.42287538e-03,   3.69861044e-03,
          4.38343901e-03,  -3.64688656e-03,  -4.66910413e-03,
          8.03826399e-04,  -4.65205867e-03,   7.41333665e-03,
         -5.94642210e-04,  -6.06833135e-03],
       [ -6.02639530e-03,   5.51037143e-03,   6.86240336e-04,
          4.06938571e-05,   2.24210096e-03,  -8.72786191e-03,
          5.38627542e-03,  -2.13747107e-03,  -7.30500993e-04,
         -9.93081303e-03,  -4.25941228e-03,  -5.50173398e-03,
         -7.54408639e-03,  -8.43530038e-04,  -7.52357252e-03,
         -9.95498262e-03,   4.44639070e-03,  -1.23680969e-03,
          7.79090411e-03,   5.15769030e-03],
       [ -8.66067266e-03,  -4.68013304e-03,   9.55382577e-03,
         -4.42632758e-03,   3.98351354e-03,  -3.03175666e-03,
          7.45380981e-03,   6.55942541e-03,  -4.56704801e-03,
         -5.53228457e-03,  -8.08866906e-03,   3.59362708e-03,
         -1.74996843e-03,  -1.70262561e-03,  -4.63942261e-03,
         -9.89339591e-03,  -8.00233542e-03,   5.77150210e-03,
          5.50793249e-03,  -6.13433342e-03],
       [  2.24674720e-03,   4.09385990e-03,   5.31619356e-03,
         -3.35923253e-03,  -4.47315592e-03,   8.92574725e-04,
         -6.71652823e-03,   4.42715303e-03,  -4.67442204e-03,
          4.01880826e-03,  -1.66384761e-03,  -7.67206349e-03,
          9.22688459e-03,  -8.53532154e-03,   7.75952042e-03,
         -6.19281217e-03,   9.49614568e-03,   3.14258774e-03,
         -2.71942379e-03,   2.94632187e-03],
       [ -3.49900110e-03,   2.65622101e-03,  -7.62531189e-03,
         -4.63758270e-03,  -6.22016702e-03,  -5.65410680e-03,
          8.00011460e-03,   4.83481162e-03,  -3.66247807e-03,
          1.31854312e-03,  -4.59193421e-03,  -4.36667035e-04,
         -7.01711299e-03,   2.78879589e-03,  -9.39476018e-03,
          2.56701350e-03,  -5.90125589e-03,   8.43733408e-03,
         -9.13828297e-03,   4.90979320e-03],
       [  3.49007564e-03,  -8.55084159e-03,   6.98372481e-03,
         -3.44114161e-03,  -8.93666201e-03,  -8.40883166e-03,
          7.64383662e-03,  -8.23738348e-03,   1.58133881e-03,
         -9.63046858e-03,  -8.47108690e-03,   5.47896911e-03,
         -4.90561600e-03,  -8.64522226e-03,   2.42556953e-03,
          5.96132951e-03,  -3.95434634e-03,   6.98504263e-03,
          5.71621752e-03,  -3.99238088e-03],
       [  3.96157150e-03,   6.05434962e-03,  -8.49726019e-04,
         -9.75975046e-03,   9.66051866e-03,  -1.44528310e-03,
          9.77205876e-03,   2.19334721e-03,  -9.35391667e-03,
         -7.41315173e-03,  -2.90581983e-03,   1.47254877e-04,
          2.89226057e-03,  -7.91008208e-03,   5.35915344e-03,
         -5.84364165e-03,   3.46994360e-03,  -7.45729972e-03,
         -4.42170189e-03,  -7.98180289e-03]])]
Initial hidden bias: [array([-1., -1., -1., -1., -1., -1., -1., -1., -1., -1., -1., -1., -1.,
       -1., -1., -1., -1., -1., -1., -1.])]
Initial output weights: [[-0.00191239 -0.00727621]
 [-0.00103842 -0.00300583]
 [ 0.00205039  0.00138134]
 [ 0.00019089  0.00190757]
 [-0.00545427  0.00744556]
 [ 0.0036672  -0.00618656]
 [-0.00724752 -0.0010234 ]
 [ 0.00929555  0.00325963]
 [-0.00039334  0.00417264]
 [ 0.00283445 -0.00404437]
 [ 0.00190889 -0.00488731]
 [-0.00020005 -0.00346975]
 [-0.00714329 -0.00318228]
 [-0.00487113 -0.00612408]
 [ 0.00229093  0.00029452]
 [-0.00315883 -0.00336517]
 [ 0.00439187  0.0096861 ]
 [-0.0084504   0.00156417]
 [ 0.0051935   0.00385288]
 [-0.00573006 -0.00481897]]
Initial output bias: [ 1.  1.]
Value MLP:
Initial hidden weights: [array([[ -4.58168809e-03,  -5.00407961e-03,   2.44488069e-03,
          4.91040886e-03,   1.74834135e-03,   1.71792741e-03,
          8.14015437e-03,  -1.65835363e-04,   1.41039772e-03,
         -4.92977225e-04,   2.05530892e-03,  -2.81518909e-03,
          9.17345166e-04,  -6.64751275e-04,  -1.13154432e-03,
         -9.22130206e-03,  -9.20456161e-03,  -8.19268228e-03,
          3.31140228e-03,  -5.88514780e-03],
       [  1.83774300e-03,   6.44545746e-03,  -4.84284695e-04,
         -3.71055512e-04,  -8.23346943e-03,  -1.65735644e-03,
         -1.52566393e-03,  -5.31605531e-03,  -2.26049801e-03,
          7.26328556e-05,   1.25175587e-03,   8.16596074e-03,
          8.65966673e-03,  -4.01186691e-03,   4.70129895e-03,
         -2.45968954e-03,   7.70272582e-03,   5.18671827e-03,
          5.76326817e-03,  -6.59878564e-03],
       [ -4.01878748e-03,  -8.81468505e-03,  -3.33017695e-03,
          3.63567191e-03,  -4.63001036e-03,   5.06475854e-03,
         -3.33193296e-03,   1.79636389e-03,   6.22696703e-04,
         -8.13715589e-03,   2.30380821e-03,  -9.26256274e-03,
         -4.07840342e-03,   5.95673574e-03,  -4.56026419e-03,
          5.13509617e-04,   5.99999032e-03,   6.21388634e-03,
         -5.01672479e-03,  -4.81692037e-03],
       [  9.93313007e-03,  -3.36701912e-03,  -5.75011799e-03,
          3.36066595e-04,   3.98408869e-03,  -1.39853697e-03,
         -3.31606337e-03,   9.34141879e-03,  -8.00633412e-03,
          1.06901981e-03,   8.48120111e-03,   8.52225314e-03,
         -7.76741576e-03,   5.01452162e-03,   8.03522818e-03,
         -3.99155879e-04,   4.18940292e-03,   8.60045542e-03,
         -3.01089236e-03,  -8.88113219e-03],
       [  3.75915597e-03,  -1.74419095e-03,  -9.43159929e-03,
          7.09495325e-03,  -9.42796238e-03,  -8.73255608e-03,
          1.82461516e-04,   2.66479940e-03,   7.45596217e-03,
         -6.73847987e-03,   6.58088332e-03,  -9.39940824e-03,
         -2.73900270e-03,  -1.70452401e-03,  -9.11824472e-03,
         -7.50108897e-03,   1.80787141e-04,   9.25703457e-03,
          7.17184067e-03,  -5.43870778e-03],
       [ -3.79576721e-03,   3.92979698e-04,  -1.88141292e-04,
          6.40848831e-03,  -7.07152211e-04,  -6.32493238e-03,
         -8.64036839e-03,   4.26973909e-03,  -4.20678417e-03,
         -7.93177424e-03,   7.73944513e-03,   2.82110687e-03,
         -9.22977637e-03,   2.51484851e-03,  -1.34487981e-03,
         -2.23059176e-03,  -7.16586489e-03,  -7.04270930e-03,
          7.29252058e-03,   7.79315088e-03],
       [  3.52241948e-03,   9.94884861e-03,   3.94449391e-03,
         -5.97291060e-03,  -5.82182900e-03,   3.33902982e-03,
          9.72105830e-03,  -9.02120006e-03,  -3.90249955e-04,
          1.41255204e-03,   2.16993075e-03,   9.59804410e-04,
         -4.73878070e-04,  -2.61526400e-03,  -3.25329305e-03,
         -9.10994240e-03,  -3.52814696e-04,  -2.42705543e-03,
          7.01619120e-04,   1.48935837e-03],
       [  5.68624987e-03,  -8.29386425e-03,   2.34331006e-03,
         -3.60735946e-03,  -2.21115831e-03,   5.28358907e-03,
          8.21993335e-03,  -2.30194029e-03,   9.09462580e-03,
          3.53584562e-04,   1.79348601e-03,   9.42996434e-03,
          2.79909134e-03,  -4.24901287e-03,  -8.40024280e-03,
         -4.68191713e-03,   9.36317242e-03,  -1.68634564e-03,
         -6.28844759e-03,  -3.97037698e-03]])]
Initial hidden bias: [array([-1., -1., -1., -1., -1., -1., -1., -1., -1., -1., -1., -1., -1.,
       -1., -1., -1., -1., -1., -1., -1.])]
Initial output weights: [[ 0.00990938]
 [ 0.00340294]
 [-0.00654105]
 [-0.00935154]
 [ 0.00784334]
 [ 0.00768886]
 [ 0.00390018]
 [-0.0076314 ]
 [ 0.00799491]
 [ 0.00197881]
 [-0.00222824]
 [-0.00132431]
 [ 0.00859697]
 [ 0.00713114]
 [-0.00029611]
 [-0.00960782]
 [-0.00228025]
 [ 0.00378356]
 [ 0.00524717]
 [-0.00702135]]
Initial output bias: [ 1.]
