Action MLP:Hidden weights: [array([[ 0.07438206,  0.09675759,  0.06863666,  0.10708217,  0.10156595,
         0.07628494,  0.11542332,  0.1298955 ,  0.08153479,  0.06515255,
         0.05558854,  0.07318366,  0.07347581,  0.0890608 ,  0.06570884,
         0.09389799,  0.09256479,  0.12910493,  0.07474173,  0.10812557],
       [ 0.26960345,  0.24531006,  0.26273714,  0.24516742,  0.2379269 ,
         0.26007338,  0.24362342,  0.23465567,  0.25507399,  0.24539275,
         0.26876314,  0.26702034,  0.25735967,  0.25644726,  0.24757264,
         0.25191449,  0.23064033,  0.24779046,  0.26166437,  0.23454596],
       [-0.08932065, -0.08546392, -0.07080668, -0.08447826, -0.06554024,
        -0.08920148, -0.05964596, -0.08854935, -0.08593509, -0.10961117,
        -0.09002198, -0.07761832, -0.08458496, -0.07277012, -0.09154856,
        -0.09535722, -0.09146741, -0.07903021, -0.0653954 , -0.07577772],
       [-0.37841546, -0.36032481, -0.32554971, -0.35475983, -0.30263702,
        -0.36532496, -0.2885155 , -0.33435241, -0.3599011 , -0.37905426,
        -0.38499359, -0.33533784, -0.34223536, -0.33287579, -0.35959942,
        -0.36213248, -0.36839266, -0.30838554, -0.33840034, -0.33527464],
       [ 0.00612814,  0.08503004,  0.02749587,  0.05564272,  0.04440706,
         0.0071874 ,  0.04685818,  0.08295379,  0.03955548,  0.09039507,
         0.00318582,  0.00256758,  0.03983895,  0.01069226,  0.0433443 ,
         0.03497381,  0.09616749,  0.07560891,  0.01217678,  0.07765187],
       [-0.00869363,  0.07562601,  0.02521477,  0.06285829,  0.08980174,
        -0.00738355,  0.13132297,  0.13160047,  0.047128  ,  0.0355527 ,
        -0.02425422,  0.02617747,  0.01970183,  0.04895746,  0.00827287,
         0.05545305,  0.08270698,  0.15262409,  0.02072153,  0.09832007],
       [ 0.03286709,  0.0371948 ,  0.04483329,  0.04276565,  0.05024977,
         0.02097873,  0.07926428,  0.05651274,  0.04114822,  0.01931579,
         0.01283219,  0.04333562,  0.03126956,  0.03503275,  0.03483972,
         0.04984643,  0.04415933,  0.07980761,  0.04289923,  0.05139661],
       [ 0.02950686,  0.05378504,  0.03421113,  0.03682465,  0.06899576,
         0.02321456,  0.08502348,  0.07371291,  0.02956719,  0.02003185,
         0.01296196,  0.03499639,  0.03560961,  0.03360631,  0.03393241,
         0.03790793,  0.05453073,  0.07269811,  0.02991685,  0.04943198]])]Hidden bias: [array([-0.55875997, -0.56276232, -0.56246849, -0.56007293, -0.5607423 ,
       -0.55774546, -0.55955427, -0.55852191, -0.56099997, -0.56295672,
       -0.55756243, -0.5608518 , -0.56118552, -0.55857208, -0.56068997,
       -0.55913625, -0.56161068, -0.55858427, -0.56089659, -0.55956282])]Output weights: [[ 0.18455162  0.09569754]
 [ 0.14798678  0.12574471]
 [ 0.13420732  0.0989766 ]
 [ 0.14609059  0.12482199]
 [ 0.09828179  0.13965624]
 [ 0.17947326  0.09208649]
 [ 0.07109998  0.16641489]
 [ 0.12341779  0.17301811]
 [ 0.15279238  0.10959873]
 [ 0.18067931  0.09162429]
 [ 0.19919602  0.07721802]
 [ 0.14252523  0.1058532 ]
 [ 0.15009334  0.09611952]
 [ 0.13303315  0.11387284]
 [ 0.16749174  0.09328977]
 [ 0.15237197  0.12228881]
 [ 0.16001542  0.13792597]
 [ 0.09200087  0.17969665]
 [ 0.14426719  0.10219844]
 [ 0.12498592  0.14055368]]Output bias: [ 0.99125517  0.8622741 ]
Value MLP:Hidden weights: [array([[   2.16889153,   -4.34557653,   10.47141887,   -1.0511025 ,
          21.22826726,   46.47683988,   33.9238604 ,    9.87158888,
         -12.80217549,   36.82915075,   13.49716965,  -18.48144903,
          14.48937732,   -3.15724275,    3.09164104,  -35.33276862,
           4.99427767,   -1.50724362,   24.14225037,    9.04515833],
       [   8.2890144 ,    6.59348841,    6.44559154,    4.39790255,
          13.41361846,   12.52322336,  -12.15296012,    8.97069712,
           5.43140649,    2.63328386,  -29.90832091,  -22.12337751,
         -15.44670297,    0.83079638,   -4.56930136,   18.51453673,
          12.41717591,    1.72404756,  -16.71317347,   -0.89716759],
       [  40.23657644,    0.95764565,  -28.51664016,    1.40110768,
          44.99189812,   18.96144598,   38.38279791,   -7.15607424,
          -1.71721793,   37.94394532,  -30.02729446,   19.95760884,
          34.71053185,  -33.65065301,    2.34581472,  -26.90574661,
         -39.65445995,    8.54911115,   20.90983338,  -33.75598715],
       [  -1.97560277,   -4.24436402,    5.84856589,   -4.91124196,
          13.97860338,    3.07429599,   -7.70641982,   -1.47182492,
           2.00768306,    3.72590229,   -5.47703544,   -5.77589058,
          -8.08516039,   -0.82809893,    1.67910209,    7.56103196,
           8.20449228,    9.04229958,  -10.90514389,    7.22723615],
       [  -5.720709  ,   -6.31081727,   11.93986496,    0.91562494,
          47.25425495,   50.95589998,   18.60974686,   49.02302636,
         -49.7851139 ,   31.91910394,   14.19930818,  -53.0452185 ,
          -6.77886279,   26.03266811,    1.21580745,  -19.1028155 ,
           4.23675126,   -5.34118463,   -6.1866251 ,   23.12219977],
       [  40.43787312,    2.23178945,  -31.55912698,   -0.20878625,
         135.53677431,  -32.62287138,   -5.30374808,    3.09305419,
         -42.11634149,    3.30100234,   13.40894984,   17.47741301,
          22.71912174,  -25.29934955,    1.32473966,  -18.16779078,
         -41.72232892,  -15.62128116,   13.51856253,   18.00980135],
       [   1.03515682,   -0.34525946,   -9.15972193,    8.03736135,
          -1.07196022,   -6.8732809 ,   29.52410118,  -17.71766116,
          -9.78810994,    7.99090221,   26.14865721,   21.61077608,
          21.24382271,   15.67239781,   -6.21405567,  -22.42244831,
         -11.95582423,   -7.42867748,   21.40293517,    7.91418162],
       [  -6.0954042 ,    1.49467606,   -0.17353946,    4.8053453 ,
         -16.79023888,   -4.32170759,    4.28781132,  -12.80668267,
           0.96289803,   16.71978489,   32.43743692,   25.6125561 ,
          -0.24046463,    5.92324694,   -3.59515941,  -15.89041027,
           3.37433141,  -15.67828063,   14.14505794,    9.14656048]])]Hidden bias: [array([ -4.32600441,  13.2855679 ,  -0.74326912,  10.63062502,
        -4.93584912,  -9.99627571,  11.54268866,  -6.28475215,
       -15.19296983,  -3.65095937,  34.50372776,  22.86042642,
        12.8447634 ,  -3.66156033, -14.06493471, -17.0167387 ,
       -16.78347947, -25.78234834,  18.8863325 ,   3.98014611])]Output weights: [[  0.36789717]
 [-14.1437266 ]
 [  7.75518594]
 [-17.41997347]
 [ -2.45677199]
 [  8.54345542]
 [  6.85639968]
 [  7.47542095]
 [ -9.10487613]
 [ -8.99709836]
 [ 11.17953486]
 [ 20.42671292]
 [ -2.73533411]
 [ -9.93097077]
 [ 49.24132936]
 [  2.83974838]
 [ -4.24059751]
 [ -1.91711788]
 [ 10.58637526]
 [  5.31967829]]Output bias: [-52.23625626]