Action MLP:Hidden weights: [array([[ 0.06857559,  0.09222445,  0.06417204,  0.10227572,  0.097672  ,
         0.07066219,  0.11193496,  0.12563492,  0.07664763,  0.06034552,
         0.04959205,  0.06845235,  0.06866739,  0.08452113,  0.06049737,
         0.08891318,  0.08790788,  0.12534025,  0.06998448,  0.10387111],
       [ 0.27429463,  0.24903934,  0.26604001,  0.24877715,  0.2401227 ,
         0.26461033,  0.24501587,  0.23754307,  0.25891048,  0.25015281,
         0.27391833,  0.27050142,  0.26114003,  0.25965411,  0.25182083,
         0.25569068,  0.23464229,  0.24980739,  0.2651984 ,  0.2375595 ],
       [-0.10539566, -0.0982485 , -0.08319612, -0.09792241, -0.0763712 ,
        -0.10476779, -0.06931215, -0.10052378, -0.09962   , -0.12327472,
        -0.10665189, -0.09074228, -0.09797618, -0.08538772, -0.10608213,
        -0.10930924, -0.10466084, -0.08955006, -0.07855925, -0.08772209],
       [-0.38349119, -0.36459104, -0.32955147, -0.35919502, -0.30628621,
        -0.37024004, -0.29186839, -0.33850242, -0.36436373, -0.38349891,
        -0.39018214, -0.33956503, -0.34654831, -0.33698692, -0.36424856,
        -0.36671062, -0.37282631, -0.31208584, -0.34262564, -0.33930772],
       [ 0.0294457 ,  0.10342933,  0.04534471,  0.07493146,  0.05985914,
         0.02976847,  0.06060933,  0.10022078,  0.05925778,  0.11017476,
         0.02742177,  0.0215365 ,  0.05913505,  0.02886325,  0.06429726,
         0.05504925,  0.11520585,  0.09074623,  0.0311853 ,  0.09477354],
       [ 0.01166645,  0.08984686,  0.04005921,  0.07799079,  0.10138045,
         0.0123018 ,  0.14102332,  0.14399859,  0.06296133,  0.05178472,
        -0.00262288,  0.04203184,  0.03577212,  0.06362767,  0.02597649,
         0.07138755,  0.09735054,  0.1631744 ,  0.03675737,  0.11114238],
       [ 0.03134096,  0.03635213,  0.04379131,  0.04182767,  0.04958688,
         0.0195136 ,  0.07877111,  0.05587339,  0.04012252,  0.01826588,
         0.01117502,  0.04221778,  0.0301566 ,  0.03406507,  0.03358689,
         0.04883499,  0.04330271,  0.0792888 ,  0.04174417,  0.05067298],
       [ 0.02998307,  0.05425331,  0.03460455,  0.03729178,  0.06938178,
         0.02367455,  0.08538015,  0.07415559,  0.03002625,  0.02053055,
         0.01343138,  0.03541073,  0.03603897,  0.03402013,  0.03439423,
         0.03838293,  0.05502978,  0.07308649,  0.03032411,  0.04987016]])]Hidden bias: [array([-0.55040185, -0.55466478, -0.55582248, -0.55215286, -0.55477255,
       -0.54964886, -0.55439826, -0.55095288, -0.5530651 , -0.55403521,
       -0.54895457, -0.55392952, -0.5537634 , -0.55172037, -0.55263156,
       -0.55105151, -0.55297339, -0.55228373, -0.55400252, -0.55226398])]Output weights: [[ 0.18957623  0.09678663]
 [ 0.16520323  0.13175834]
 [ 0.1411044   0.10061434]
 [ 0.15942561  0.12915828]
 [ 0.1097816   0.14307714]
 [ 0.18414104  0.09310767]
 [ 0.08485441  0.17046936]
 [ 0.14301613  0.17985928]
 [ 0.16437338  0.11317607]
 [ 0.19807042  0.09802063]
 [ 0.20333257  0.0780872 ]
 [ 0.1478934   0.10676717]
 [ 0.15914491  0.0987918 ]
 [ 0.14023621  0.11545343]
 [ 0.17687484  0.09639295]
 [ 0.16459825  0.12612492]
 [ 0.17897881  0.14491625]
 [ 0.11133693  0.18609123]
 [ 0.14913513  0.10302633]
 [ 0.14148751  0.14620984]]Output bias: [ 1.0241995   0.87095547]
Value MLP:Hidden weights: [array([[ -1.48440870e+00,  -3.72102427e+00,  -3.85468062e+00,
         -1.05109756e+00,  -3.24762375e+00,  -5.61441016e-01,
         -5.49321580e+00,   2.13113970e+00,   9.00059079e+00,
         -4.95936338e+00,  -1.41936056e+00,   9.52377703e+00,
          5.20666559e+00,  -2.44750099e+00,   3.08766581e+00,
         -2.26311325e+00,   2.93178378e+00,   6.51603279e+00,
          3.33433870e+00,  -2.54609918e+01],
       [  6.38225496e+00,   6.48721905e+00,   6.94800513e+00,
          4.39790288e+00,   7.45854650e+00,   1.56289325e+00,
         -7.18078820e+00,   1.11993253e+01,   3.10352661e+00,
         -5.27646642e+00,  -5.59146416e+00,  -9.54159557e+00,
          8.28044367e-01,   7.22285518e-01,  -4.56937823e+00,
          1.00863288e+01,   1.33754225e+01,   2.76420716e+00,
         -4.94286077e+00,   4.41135861e+00],
       [  1.76948704e+01,   2.43410049e+00,  -2.02767124e+01,
          1.40110933e+00,  -3.25280591e+01,  -3.04851255e+01,
         -2.02878835e+01,  -2.12794403e+01,   2.65605520e+01,
         -4.21353343e+00,   1.24553765e+01,   2.32154980e+01,
         -2.08462328e+01,   5.70918150e+00,   2.34090898e+00,
          4.55658746e+01,   1.27647008e+00,   7.13665258e+00,
         -2.43332094e+00,  -2.30267357e+01],
       [  1.65645064e+01,  -4.11695287e+00,   6.90047009e-01,
         -4.91124073e+00,   7.48326112e+00,  -1.82059933e+00,
         -3.48458905e+00,   3.59914307e+00,  -2.14979352e+01,
         -1.13992309e+01,  -8.25995922e+00,  -1.10996392e+01,
         -9.30689799e-01,  -8.65481875e+00,   1.68010866e+00,
         -8.89412812e+00,  -5.69593980e-01,   5.71390267e+00,
         -9.74299641e+00,  -6.30135025e+00],
       [  1.29284568e+01,  -7.50161536e+00,  -4.34018017e+00,
          9.15606040e-01,   6.07712722e+01,   4.45456947e+01,
          6.86902365e-01,   3.18877534e+01,  -4.12110879e+01,
         -5.55555944e-01,  -2.74732603e+01,  -7.74907052e+00,
          1.98541421e+01,  -1.37625787e+01,   1.21684532e+00,
         -2.81128362e+01,  -2.65884769e+01,  -8.77714319e+00,
          1.23388724e+01,  -1.48936574e+01],
       [  4.41293483e+01,  -5.96713135e-02,  -3.76299680e+01,
         -2.08801647e-01,   1.27613447e+02,  -4.94820018e+01,
         -2.37729626e+01,  -1.96350774e+01,  -2.05254672e+01,
         -2.74964079e+01,  -1.42980711e+01,  -7.02639809e-01,
          1.58108498e+01,  -3.23711546e+01,   1.31311915e+00,
         -1.37484535e+00,  -4.16112843e+01,  -1.84726468e+01,
          2.60158513e+01,  -2.40148038e+00],
       [ -3.80668152e+00,  -3.45372045e-01,  -9.58867997e+00,
          8.03736135e+00,  -1.12175664e+01,  -7.83045158e+00,
          1.78070851e+01,  -1.32852494e+01,  -1.34590286e+01,
          3.67603045e+00,   2.12972917e+00,   4.55498071e+00,
          2.17153895e+00,   9.59355609e+00,  -6.21405575e+00,
          1.85599838e+00,  -1.29665170e+01,  -5.38321332e+00,
          2.44000579e+01,   1.50602310e+00],
       [ -6.29542909e+00,   1.74332705e+00,   2.23706258e-01,
          4.80534530e+00,  -9.27856173e+00,  -3.40953460e+00,
          6.52470110e+00,  -1.28307716e+01,  -7.53053188e+00,
          1.03971602e+01,   1.87115812e+00,   8.69098518e+00,
         -5.79476952e+00,   5.20054944e+00,  -3.59515933e+00,
         -9.73094609e+00,  -7.27772548e+00,   2.04949412e+00,
          1.11942177e+01,   5.49571131e+00]])]Hidden bias: [array([-18.24783462,  12.33747159,  -7.22415517,  10.63063756,
       -16.11285002, -13.69196798,   6.20167971,  -9.85191445,
        -5.40680165,  11.99831922,  14.3517234 ,  14.78803312,
         9.27882541,   0.49450328, -14.06936302,  -6.63541084,
       -15.35047245,  -3.48213133,  23.90005421,  10.24733386])]Output weights: [[ -7.10430278]
 [-15.04360136]
 [  4.09860883]
 [-20.6981598 ]
 [-13.35473653]
 [ -2.98818412]
 [  7.69846156]
 [  0.20021851]
 [  4.3622757 ]
 [ -4.11000596]
 [ 16.55416318]
 [ 10.73830032]
 [ 14.35200011]
 [ -9.18827128]
 [ 52.51947086]
 [  8.88248993]
 [-13.7418966 ]
 [ -8.61355437]
 [ 12.82992807]
 [  3.28809472]]Output bias: [-55.51444295]