Action MLP:Hidden weights: [array([[ 0.03048548,  0.06130726,  0.04534453, ...,  0.0176289 ,
         0.00863126,  0.02699276],
       [ 0.00784246,  0.01480324,  0.00562569, ...,  0.02104841,
         0.02708584,  0.00741125],
       [-0.00070584,  0.02538772,  0.01955933, ...,  0.03500903,
         0.05517513,  0.00387258],
       ..., 
       [-0.008678  ,  0.00671211,  0.00197915, ..., -0.00814534,
         0.00941318,  0.00188195],
       [ 0.00302398,  0.00407165, -0.00792861, ...,  0.00113282,
         0.00142079,  0.00031516],
       [-0.0078241 ,  0.00358168,  0.00777092, ...,  0.00659241,
        -0.0004818 , -0.00941525]])]Hidden bias: [array([-0.84069339, -0.77282183, -0.79565176, -0.80332747, -0.81342351,
       -0.81981177, -0.78381514, -0.77877965, -0.8534769 , -0.82510504,
       -0.84617475, -0.79258397, -0.83697535, -0.85333396, -0.78564848,
       -0.83978597, -0.84166204, -0.83735684, -0.82008646, -0.81625973])]Output weights: [[-0.00526056 -0.11961186]
 [ 0.08230751  0.08371333]
 [ 0.04138571  0.0207817 ]
 [ 0.00749959  0.0228791 ]
 [ 0.01749586  0.00764296]
 [ 0.02355036 -0.02230912]
 [ 0.0397679   0.04189325]
 [ 0.07548766  0.1015181 ]
 [-0.01877239 -0.08524545]
 [-0.02202518  0.02371342]
 [-0.02264953 -0.0445679 ]
 [ 0.01637297  0.07265751]
 [ 0.00121009 -0.05204346]
 [-0.0273405  -0.05160868]
 [ 0.03052173  0.06282239]
 [-0.01384111 -0.13535408]
 [-0.00645626 -0.06139798]
 [-0.01924805 -0.02680048]
 [-0.02335503  0.01335948]
 [ 0.02614679 -0.00647296]]Output bias: [ 0.11636854 -0.11353426]
Value MLP:Hidden weights: [array([[ -1.35932486e-01,   2.80452077e+00,  -2.06133085e-01, ...,
         -3.07219194e-01,  -5.16605008e-01,  -2.19991729e-01],
       [ -1.01292759e-01,   4.02235124e+00,  -1.46752333e-01, ...,
          2.45393289e+00,  -2.19530517e-01,  -1.43321646e-01],
       [ -3.10424764e-02,   3.49436410e+00,  -4.00368663e-02, ...,
          5.19683952e+00,   7.22083161e-02,  -3.17156289e-02],
       ..., 
       [  6.27002646e-03,   3.18218482e-03,   9.26133473e-03, ...,
         -9.49928109e-03,  -7.67418817e-03,  -9.66285660e-03],
       [  7.71448859e-03,   6.10598496e-03,  -4.04250427e-03, ...,
         -3.61864472e-04,   8.55636326e-03,   5.89026636e-03],
       [ -3.93231248e-04,   6.42091423e-03,  -7.92974637e-03, ...,
         -9.41838950e-03,   5.38413771e-03,   8.80991717e-03]])]Hidden bias: [array([  2.8799075 ,   0.27209443,  -3.45317696,   2.30975435,
        -6.74710807, -29.16406008,  -2.29217461,  -3.4864627 ,
        -2.32278426,   2.23066358,  -2.50728547,  10.61544214,
        11.51190034,   5.01559983,  -6.19951425,  -3.15018402,
        19.16982437,  25.73020622,  -4.63237242,  -2.68045657])]Output weights: [[  5.95595245]
 [  2.54460628]
 [  8.54232608]
 [-10.18485859]
 [  8.92757503]
 [  7.89813507]
 [ 15.70892459]
 [  8.56297007]
 [ 15.61910947]
 [ -2.1025612 ]
 [ 15.41788909]
 [ -7.03165538]
 [  5.32589261]
 [  1.63625325]
 [  0.90025589]
 [  8.8863365 ]
 [ 10.61783057]
 [  6.52172844]
 [  1.64372832]
 [  9.05403724]]Output bias: [-15.14941403]