Action MLP:
Initial hidden weights: [array([[ 0.11351661,  0.48246485, -0.33195684, -0.33012108, -0.11457981,
        -0.30203614,  0.01964216,  0.04036606,  0.49145675,  0.31554943,
         0.01823988,  0.14897036, -0.41521068,  0.4865978 ,  0.31655902,
         0.20606818, -0.32329353, -0.23666873,  0.00305498, -0.14435119,
        -0.2757103 , -0.38951898,  0.39088604, -0.14239218, -0.01312369,
         0.19092873, -0.22760388,  0.29773772,  0.40370327, -0.3993234 ,
        -0.2240185 ,  0.14317525,  0.11367365,  0.27607505,  0.04287455,
        -0.41302319,  0.38683155, -0.04427891, -0.42783471,  0.38462862,
         0.12515109, -0.19708977, -0.01948908, -0.46809947, -0.4831315 ,
        -0.03162143, -0.45680195,  0.47199257, -0.46420874,  0.136502  ],
       [-0.09719865, -0.06193841,  0.14711797, -0.24766314, -0.4367614 ,
         0.20291299, -0.12093281, -0.15109853,  0.46764868,  0.41955165,
         0.40454656,  0.09459374, -0.23943867,  0.45178609,  0.27189573,
        -0.03460819, -0.07675755, -0.31457516, -0.09490755,  0.21172918,
        -0.12609583, -0.4218631 , -0.42904554, -0.23222666,  0.44277792,
         0.25677985, -0.01435149, -0.30291533,  0.10115504,  0.33055316,
        -0.18972   , -0.24189086, -0.22000438, -0.25975346,  0.18324833,
        -0.42528985,  0.16290739, -0.34036227, -0.46502965,  0.28939022,
         0.14404094, -0.22965792, -0.16451675,  0.02323269, -0.04433416,
         0.29775093, -0.02578731,  0.25988817,  0.44302594,  0.3723044 ],
       [ 0.45292312,  0.13883654, -0.19589587,  0.1541379 , -0.30762291,
         0.01253181,  0.37624105,  0.03443437,  0.48968027,  0.11711801,
         0.26012479,  0.06862438, -0.10184894, -0.40896752, -0.47780938,
        -0.22719252,  0.13655913, -0.44385839,  0.0385947 , -0.16312837,
        -0.37211479,  0.19898336, -0.00197104,  0.18010288,  0.36506637,
         0.40946864, -0.09626971, -0.41178366, -0.28233191,  0.19525889,
         0.07300381, -0.38926917, -0.40456916,  0.47830612, -0.06599383,
        -0.26179405, -0.13849076,  0.09631063,  0.08794424, -0.27679377,
        -0.01024974, -0.01917809, -0.41025021,  0.07555106, -0.29465109,
         0.18528808,  0.40037216,  0.34897843, -0.08635421,  0.11807395],
       [-0.43570864, -0.20795879, -0.17320579, -0.42130009, -0.45624558,
         0.13563169, -0.33803232, -0.46664562,  0.01813539, -0.10606672,
         0.11550101, -0.07025683,  0.10479072,  0.44486508,  0.18636108,
        -0.30872811, -0.18790936, -0.38141799, -0.22771813, -0.49609329,
         0.2008908 ,  0.29700642, -0.14033013, -0.33016546,  0.30119821,
        -0.31383031,  0.30057565,  0.3933112 ,  0.36596935,  0.21495325,
        -0.08518279, -0.03418776, -0.38329776, -0.27946413, -0.35378095,
        -0.37162767, -0.48952839,  0.03901598,  0.39708627, -0.27213392,
         0.08132365,  0.37317476,  0.33222527, -0.0530393 ,  0.26501701,
        -0.39812914, -0.45625705, -0.16111338, -0.10496059,  0.36083356],
       [ 0.42153046,  0.3371559 ,  0.38241941,  0.47893586, -0.427918  ,
        -0.34536268,  0.42880908,  0.03077762, -0.37661133, -0.17241356,
         0.26476845, -0.00078391, -0.40324026, -0.21765701, -0.33876285,
        -0.11667815, -0.29820111, -0.44095552,  0.25951101, -0.3944299 ,
         0.40527692, -0.37685359, -0.45302143, -0.05089263, -0.16798609,
         0.19080019, -0.10079466,  0.37671143, -0.23853041, -0.16419738,
         0.16372117, -0.10966045, -0.12149146, -0.27146641,  0.40362504,
         0.04105428, -0.42910095,  0.48524553,  0.15026467, -0.08647867,
         0.37537243, -0.2042323 ,  0.24782147, -0.37735866, -0.16592318,
         0.39122251,  0.49924402,  0.06222089,  0.13015003, -0.43256616],
       [-0.04432258,  0.06432709, -0.16130877,  0.44378327, -0.49399478,
         0.35801022, -0.13656715, -0.00946048, -0.47740489,  0.39626868,
        -0.47394145, -0.26030884,  0.16135353, -0.12326923, -0.42111695,
         0.11864269, -0.46824954,  0.31903631, -0.21238617,  0.01675215,
        -0.49952865, -0.02600896, -0.10893671,  0.21038178, -0.18113022,
         0.29800244, -0.40046369, -0.44219382, -0.17861107,  0.29649888,
         0.02705884,  0.05507695, -0.33358206, -0.10152466, -0.48447862,
        -0.09964713, -0.33948252,  0.02252582, -0.03392619, -0.37507092,
        -0.08321264,  0.37152364,  0.32634055, -0.46239604, -0.14197879,
         0.17169164,  0.04585592, -0.44127963, -0.08422412, -0.43133319],
       [ 0.37029796, -0.37796623,  0.31349641, -0.22193932, -0.47044452,
        -0.32497117,  0.44373176,  0.33203613,  0.01230452,  0.11461344,
        -0.07694522,  0.4022752 ,  0.03046517,  0.42292087,  0.17282849,
        -0.24351342, -0.37694905,  0.17433374, -0.05748314,  0.42472896,
         0.05635746, -0.33335124,  0.18154789, -0.42997675,  0.48697416,
         0.45959336, -0.38213828, -0.02855407,  0.28396559, -0.35332525,
        -0.24582307, -0.33367308, -0.46964275, -0.02877869,  0.32881681,
        -0.46342499, -0.08466998, -0.26889902, -0.4214153 ,  0.3123926 ,
         0.23815585,  0.36650908, -0.38891955, -0.05375362, -0.38589566,
        -0.39062747, -0.07207512, -0.30759873,  0.04476509,  0.28197114],
       [-0.39383514, -0.08838079, -0.01275377, -0.03802696,  0.31377793,
         0.14467124,  0.35987082,  0.24539977, -0.31379145,  0.46143739,
        -0.03611635, -0.01594122,  0.38495545, -0.22827132,  0.11305455,
         0.10820581,  0.469505  ,  0.2303773 ,  0.23276971, -0.00586901,
         0.30087045, -0.17903846,  0.25148318, -0.09924495, -0.002062  ,
        -0.25887464,  0.38004237,  0.17230489, -0.02750019,  0.43811851,
         0.48602364,  0.46192464,  0.15104592, -0.29091172, -0.02475272,
        -0.49767839, -0.4984067 , -0.11878174, -0.36299632, -0.15173421,
         0.49566521, -0.40250031, -0.30279882,  0.40559411, -0.23934033,
         0.30580952,  0.40992308, -0.103937  , -0.29216583,  0.38293263]])]
Initial hidden bias: [array([-1., -1., -1., -1., -1., -1., -1., -1., -1., -1., -1., -1., -1.,
       -1., -1., -1., -1., -1., -1., -1., -1., -1., -1., -1., -1., -1.,
       -1., -1., -1., -1., -1., -1., -1., -1., -1., -1., -1., -1., -1.,
       -1., -1., -1., -1., -1., -1., -1., -1., -1., -1., -1.])]
Initial output weights: [[-0.25573387  0.1440023 ]
 [-0.01803235 -0.33010789]
 [-0.04148402 -0.2356156 ]
 [ 0.10623166  0.48738373]
 [-0.33601385  0.49203261]
 [ 0.19365834  0.46680597]
 [ 0.01219054  0.40989108]
 [-0.0169348   0.36744468]
 [-0.31171035  0.13726987]
 [ 0.06257418 -0.08393366]
 [ 0.22925839  0.05240771]
 [ 0.07732012 -0.17412559]
 [ 0.16582542  0.20163362]
 [ 0.48387434 -0.35727151]
 [ 0.34746484  0.09988101]
 [-0.32976657  0.34973965]
 [-0.41919833 -0.12969623]
 [ 0.26745528 -0.20857447]
 [ 0.25725733  0.01125554]
 [ 0.28665955  0.47223456]
 [ 0.45971328  0.22791379]
 [ 0.49324451  0.06661345]
 [ 0.40526715  0.33364421]
 [-0.3824849  -0.36540703]
 [-0.16421245 -0.34653347]
 [ 0.14241606 -0.34226825]
 [ 0.44804629 -0.11658199]
 [-0.37322928 -0.05411417]
 [ 0.24228261 -0.14698162]
 [ 0.41707057 -0.1817301 ]
 [-0.43320261 -0.08809625]
 [ 0.48197038  0.2381556 ]
 [-0.23029155 -0.32599812]
 [-0.36723664 -0.11330429]
 [-0.49246794  0.31472452]
 [-0.49042287  0.11989527]
 [ 0.34130298 -0.36333573]
 [-0.39417891  0.28782747]
 [ 0.17173386 -0.08108176]
 [ 0.45999228  0.09557143]
 [-0.40180328 -0.0560427 ]
 [ 0.25335836 -0.03132458]
 [-0.05785576  0.3102001 ]
 [-0.08802588 -0.14596645]
 [-0.0474382   0.3796083 ]
 [-0.33794512 -0.22619424]
 [-0.42009765  0.42587304]
 [-0.30107798  0.48436523]
 [ 0.45239174  0.10308635]
 [-0.48157131 -0.02087831]]
Initial output bias: [ 1.  1.]
Value MLP:
Initial hidden weights: [array([[-0.06286401, -0.3591305 , -0.00802985,  0.22361933,  0.38592906,
        -0.25016557, -0.08807211,  0.38791764, -0.43610008,  0.40906134,
        -0.21097974, -0.35907191, -0.48750776, -0.33382444,  0.49926266,
         0.03251451,  0.46570363,  0.047045  , -0.06928905,  0.38467992,
        -0.47275057, -0.04171345,  0.29837463,  0.4682763 ,  0.43143533,
         0.09364097, -0.24118644, -0.45261665,  0.22775987, -0.37004251,
         0.40484251, -0.1018172 , -0.16150057, -0.14637608,  0.19099161,
        -0.48027897,  0.3291104 ,  0.36780173,  0.29220353, -0.13608504,
        -0.19317816,  0.45928582, -0.48410866,  0.44074403,  0.49410082,
        -0.41691162, -0.09485491, -0.44965454,  0.41275495,  0.20256051],
       [ 0.1317173 , -0.13151849,  0.19881995,  0.2960908 ,  0.19728009,
         0.02744654, -0.06196261, -0.14353778,  0.03327979,  0.2340003 ,
        -0.17815598, -0.48459189,  0.08755506, -0.09906143,  0.14002164,
        -0.0785961 ,  0.16292761, -0.1303489 ,  0.01599085, -0.01007453,
        -0.1524288 , -0.46005422, -0.12036695,  0.30125124,  0.10233761,
        -0.04922022,  0.09356173,  0.44852262, -0.06573358, -0.02486905,
         0.4840453 , -0.25715209,  0.19162943,  0.27156211,  0.0602273 ,
         0.06897649, -0.15791892, -0.48939071,  0.03212051, -0.49169731,
        -0.19361715, -0.4458821 , -0.39587632, -0.25036114, -0.14865592,
         0.0121267 , -0.06253478,  0.14366694, -0.32924593,  0.27633245],
       [-0.08762936,  0.38657183,  0.37200714, -0.14531188, -0.46578663,
        -0.43562527,  0.29712445,  0.45796679, -0.39646707, -0.17989642,
        -0.31953243,  0.11244098, -0.48177768, -0.35553356,  0.26568198,
        -0.37103257,  0.16703255,  0.05342962, -0.07982248, -0.01883976,
         0.31861709,  0.45352366,  0.48329747, -0.17411774, -0.24680674,
        -0.23574485,  0.38123326,  0.46165735, -0.37858017,  0.13516691,
         0.06083241,  0.2777976 ,  0.29830768, -0.13140382,  0.12802187,
        -0.08711183, -0.42048986,  0.20939653, -0.38613322, -0.23664932,
         0.19235063,  0.38952753, -0.15501658, -0.39175316, -0.25063464,
        -0.38655884, -0.49128657, -0.40603673, -0.37150951, -0.40600501],
       [ 0.49018926,  0.34168688, -0.41771556,  0.11615495, -0.09355439,
         0.29767319, -0.38774406, -0.41196806,  0.4922187 , -0.44758406,
        -0.19540564,  0.08082493,  0.12977144, -0.30602536, -0.1469936 ,
        -0.40721095,  0.18942179, -0.06710218,  0.41133093, -0.21977636,
         0.41749072, -0.04799651,  0.13360661, -0.23980177,  0.17363292,
        -0.20868223, -0.49300288,  0.37372958, -0.3867331 ,  0.25114134,
         0.26869825, -0.20956934, -0.19458479, -0.15152203, -0.23725184,
        -0.23542341, -0.01417603,  0.40362104,  0.3128899 , -0.30027954,
        -0.34022147, -0.20407807, -0.17131797,  0.1788965 ,  0.37538742,
         0.42804293, -0.13133937,  0.42946546,  0.29866372, -0.30552218],
       [-0.29763897,  0.39746401,  0.26539291,  0.29473186,  0.14946018,
        -0.414402  ,  0.46877633, -0.37141098, -0.22005872,  0.44503022,
        -0.43387548, -0.20210429,  0.21328403,  0.39588418, -0.27179841,
         0.36624343,  0.15438823, -0.36875037,  0.00667691, -0.41489873,
         0.2369996 , -0.14439663,  0.28607293, -0.40281393,  0.2110128 ,
         0.48002981, -0.02847166,  0.06050845,  0.40604298,  0.11882979,
         0.47214759,  0.41749355, -0.17857497, -0.1649028 , -0.44289568,
         0.47686788, -0.08029677, -0.36755841, -0.29903125,  0.42030662,
        -0.01152127,  0.27666767,  0.24060897, -0.2032853 ,  0.4542709 ,
        -0.23815275, -0.40014576, -0.43322501, -0.48674576,  0.03794734],
       [ 0.19192754,  0.14483435, -0.17805951,  0.43730874, -0.04063219,
         0.29799582,  0.44605789,  0.19666768,  0.34065885,  0.15294484,
         0.01498827, -0.22552438,  0.39820122,  0.04651343, -0.23967449,
        -0.24368198, -0.27185286,  0.11511573,  0.04539618,  0.47987252,
         0.18331384, -0.35892915, -0.03655595, -0.17441425,  0.45685691,
         0.39241748,  0.02387994,  0.23595256,  0.02724201, -0.42162948,
        -0.45534868,  0.09200353,  0.01100951, -0.13096633, -0.07098035,
         0.16260105,  0.21751541,  0.33882484, -0.15902674, -0.12857181,
         0.181417  , -0.08639806, -0.21664816,  0.30780407, -0.14429024,
         0.32016352, -0.26195907,  0.16244945, -0.32407585, -0.37430021],
       [-0.49615489,  0.34959506,  0.07313802, -0.14361181,  0.48808102,
        -0.17501821,  0.14613111, -0.15849781, -0.17360207, -0.4085876 ,
        -0.13342223,  0.28785346,  0.21888934,  0.20261716,  0.11840717,
        -0.30010469, -0.27188247,  0.16425963,  0.06497212, -0.16768392,
        -0.20883765, -0.29754696, -0.41233583, -0.13620415, -0.24251795,
        -0.12595294,  0.40813516,  0.30642423,  0.13396126, -0.24338639,
        -0.09222751,  0.25182751,  0.06471258, -0.37058103,  0.12346848,
         0.05815681,  0.43312167,  0.06220385, -0.13732136, -0.45055128,
         0.46612332,  0.19104761,  0.1048435 ,  0.03367961,  0.04466121,
         0.04046432, -0.0666479 , -0.19461493, -0.26869091, -0.23541543],
       [ 0.29076628, -0.05381488, -0.03249848,  0.00258901,  0.16168172,
        -0.21131303, -0.39621122, -0.31284902,  0.47710114,  0.46448102,
        -0.35990745,  0.15455149, -0.08429127, -0.31450607,  0.19516397,
        -0.35685989,  0.18443332,  0.41570246, -0.22339393, -0.43847547,
         0.23470336,  0.01415593, -0.05571414,  0.1073896 , -0.37839471,
        -0.03092049,  0.14488316,  0.19341107, -0.01656176, -0.08881417,
        -0.41232901, -0.11723898,  0.1922057 , -0.13546047,  0.25906701,
        -0.42427529, -0.06452344, -0.32579784,  0.12173806, -0.33724644,
        -0.12571918, -0.05454443, -0.37144885, -0.13464362, -0.35803013,
        -0.39035064, -0.30702461, -0.14822965, -0.39038187,  0.06970009]])]
Initial hidden bias: [array([-1., -1., -1., -1., -1., -1., -1., -1., -1., -1., -1., -1., -1.,
       -1., -1., -1., -1., -1., -1., -1., -1., -1., -1., -1., -1., -1.,
       -1., -1., -1., -1., -1., -1., -1., -1., -1., -1., -1., -1., -1.,
       -1., -1., -1., -1., -1., -1., -1., -1., -1., -1., -1.])]
Initial output weights: [[-0.07795285]
 [-0.05800251]
 [ 0.44339203]
 [-0.26041403]
 [ 0.16761887]
 [-0.31882083]
 [ 0.17398574]
 [-0.18735424]
 [ 0.15015003]
 [-0.07329379]
 [-0.14994284]
 [ 0.03386292]
 [-0.14979423]
 [ 0.31172831]
 [ 0.04059087]
 [-0.2728321 ]
 [ 0.15185985]
 [ 0.40892924]
 [-0.12246108]
 [-0.00601031]
 [-0.41115823]
 [-0.14409498]
 [-0.02460715]
 [ 0.43518544]
 [ 0.33714811]
 [ 0.48959982]
 [ 0.07382265]
 [-0.12445264]
 [-0.09259155]
 [ 0.05994817]
 [ 0.17850279]
 [-0.4114651 ]
 [ 0.39615091]
 [-0.30889045]
 [-0.08876775]
 [ 0.26967574]
 [ 0.43274949]
 [-0.14819948]
 [-0.11979394]
 [ 0.48980449]
 [ 0.23919537]
 [ 0.17653929]
 [ 0.40490988]
 [ 0.2545006 ]
 [-0.32577358]
 [-0.1969483 ]
 [ 0.40441136]
 [-0.20607906]
 [-0.36157785]
 [-0.16500176]]
Initial output bias: [ 1.]
