Action MLP:
Initial hidden weights: [array([[  3.92822473e-03,   5.75624088e-04,  -6.94420197e-03,
         -9.91176860e-03,  -8.96305355e-03,  -4.46527938e-03,
          9.63472163e-03,  -1.65904251e-05,   6.30649061e-03,
          7.11532512e-03,  -5.54947943e-03,  -2.75665193e-03,
          3.22261448e-03,  -2.30913218e-03,  -8.60548262e-03,
          9.95876609e-03,  -8.95900619e-03,  -6.36852289e-03,
         -4.17613136e-03,  -2.18579351e-03,   4.86937007e-03,
          9.19110154e-03,  -3.62597405e-03,  -8.02339331e-03,
         -3.06874079e-03,  -2.59766566e-03,   8.88183439e-03,
          2.99371988e-03,  -4.41147545e-03,   7.17601873e-03,
         -8.73113483e-03,   3.15904537e-03,  -8.92094624e-03,
         -6.35757889e-03,  -1.72101065e-03,  -5.73353192e-03,
         -5.36139856e-03,  -6.63356240e-03,   7.98462000e-03,
          9.11824453e-03,   8.60259776e-03,   1.74175659e-03,
         -1.98867345e-03,   9.52071465e-03,   5.73821771e-03,
          7.34199501e-03,  -9.30058429e-03,  -1.39545262e-03,
          4.65160401e-03,   4.27670111e-03],
       [  3.21483228e-04,  -3.40552880e-04,   6.12419367e-03,
          6.07977632e-03,  -6.41900453e-03,   1.61886906e-03,
         -7.73277772e-03,   3.03131474e-03,   2.49899483e-03,
          8.34037895e-03,   8.01039466e-03,   8.96498295e-03,
         -7.13293248e-03,  -2.75241013e-03,  -9.05204227e-03,
         -6.23361074e-03,   4.26170237e-03,   8.77691360e-03,
          3.97473324e-04,   3.89490739e-03,  -5.90548961e-03,
         -6.48095130e-03,   8.74517649e-03,  -5.87095772e-03,
          5.16747557e-03,   3.23284943e-03,  -4.29697025e-03,
         -1.35584429e-03,   1.50089936e-03,  -9.59933787e-04,
          4.37160342e-03,   9.07116883e-03,   8.93037103e-03,
          7.06430230e-03,  -3.99499682e-03,   4.38502039e-03,
          5.49111138e-03,   9.64279202e-03,  -8.03744549e-03,
          3.47413876e-03,   5.44476098e-03,   2.13632098e-03,
          6.56374309e-03,   5.13404710e-03,  -8.49262021e-03,
          9.17664390e-03,   4.37474776e-04,   9.09118099e-03,
         -7.05898533e-03,  -1.15971845e-03],
       [ -6.23814011e-03,  -1.11935397e-03,   7.89961112e-03,
          7.77334499e-03,  -7.04522999e-03,   7.59171318e-03,
         -8.45387218e-03,   9.64636840e-03,   6.53212499e-06,
          3.79108179e-03,   8.12876706e-04,   3.08166502e-03,
          9.21270442e-04,  -1.35265304e-03,  -5.24392305e-03,
          3.95904524e-03,  -7.59313096e-03,   7.24939879e-03,
         -4.17491010e-03,  -4.15403592e-03,  -8.72434157e-03,
          3.05626931e-03,  -6.85111638e-03,   6.65715560e-03,
         -5.86239625e-03,   4.07511241e-03,  -1.14825185e-03,
          1.38425955e-03,  -9.72819740e-03,   7.13920171e-03,
          2.33809700e-03,  -9.74044815e-03,   9.14924333e-03,
         -5.56798252e-03,   1.20276465e-03,   4.23731258e-03,
         -7.32160489e-03,   1.85138946e-03,   3.59529863e-03,
          9.68391498e-03,  -9.20082486e-03,  -6.81805924e-03,
          4.99955590e-03,  -9.29279384e-03,  -9.41701504e-03,
          1.85595315e-03,  -2.91639531e-04,   1.47575106e-03,
         -1.63525991e-03,  -7.48782559e-03],
       [  8.24030188e-03,   5.26600367e-04,  -5.55523390e-03,
         -1.18900247e-03,   4.50546540e-03,   2.59590593e-03,
         -7.21875448e-03,   9.83930570e-03,  -9.60279565e-03,
          4.85182994e-03,   4.28595085e-03,  -8.11849170e-04,
          6.49086697e-03,  -6.19806558e-03,  -5.12096218e-03,
          5.91538679e-03,   2.25896372e-03,   1.08758123e-03,
          6.69465658e-03,  -1.13532222e-03,  -2.21260664e-03,
          7.06696055e-04,   1.06078167e-03,   2.77004475e-03,
         -1.70927543e-03,  -3.86102604e-03,  -9.50245203e-03,
          5.33725223e-03,  -2.00405599e-03,   1.91841470e-03,
         -4.56350025e-03,  -9.67691219e-03,   2.05466869e-03,
          5.50530399e-03,  -4.23756375e-03,   9.42783848e-03,
          7.88057529e-03,  -2.91163910e-03,  -6.12098108e-03,
          3.90794655e-03,  -9.01802011e-03,   6.55973093e-03,
          9.46138233e-03,  -3.17215670e-03,   8.76937418e-03,
          8.74965248e-04,  -4.03550634e-03,   7.54922464e-03,
          4.04794832e-03,  -6.77888879e-03],
       [  5.17231612e-03,  -1.59753411e-03,  -2.85003423e-03,
          9.36219482e-03,   7.24379835e-03,  -4.35371088e-03,
         -2.11030926e-03,  -8.20683565e-03,   6.93788232e-03,
         -5.68931872e-03,  -3.11679149e-03,   7.62759542e-03,
          8.87169660e-03,   1.42081125e-03,   6.00821562e-03,
          4.37499939e-03,   2.12865121e-03,   1.07197870e-03,
          4.11512513e-03,  -9.23668479e-03,  -7.79676018e-03,
          6.42432455e-03,   8.89835127e-03,  -4.53859561e-03,
         -1.58230835e-04,  -4.54218583e-04,  -9.73695164e-03,
          7.41288653e-03,  -6.61219680e-03,  -7.21823071e-03,
          7.07765615e-03,   8.90344505e-03,  -1.92438505e-03,
         -3.38357326e-03,  -8.37470791e-03,  -2.03321466e-03,
          2.69522276e-03,  -3.17729556e-03,   4.21865945e-03,
          9.28558000e-03,   4.65744357e-03,  -9.51440789e-03,
         -4.45597064e-03,  -6.78738149e-03,  -2.21681746e-03,
         -4.84856132e-03,   5.44288275e-03,   6.86060936e-03,
          7.62120634e-04,   5.72009970e-03],
       [  5.34119198e-04,   1.76135453e-03,   8.91307075e-03,
         -5.03746062e-03,  -8.05060461e-03,  -9.33507344e-04,
         -3.67927540e-03,  -2.10874181e-03,   5.90328317e-03,
          2.07141267e-03,   6.51335385e-03,  -7.30185961e-03,
         -5.28936414e-03,  -9.64725013e-03,  -6.72555830e-03,
          2.78080985e-03,  -6.48679693e-03,   1.32808094e-03,
         -2.66784334e-03,   5.19876736e-03,  -2.66818999e-03,
          2.55611016e-03,   1.16321005e-03,   4.99025081e-03,
          4.42747383e-03,   3.58566354e-04,   5.78098134e-03,
         -3.63776102e-03,  -5.03913401e-03,  -8.34974346e-03,
         -2.42025104e-03,  -4.32657737e-03,   8.89839474e-03,
         -6.54642117e-04,   8.32663607e-03,  -5.41803614e-05,
         -2.21120774e-03,  -3.87812001e-03,  -1.88703688e-03,
          5.39962105e-03,  -3.95940509e-03,   4.81162381e-04,
          3.52811701e-03,  -6.83702225e-03,  -9.41395689e-03,
          7.59524939e-03,   9.49817148e-03,   9.67464258e-04,
          4.34574636e-03,   5.15426609e-03],
       [ -6.84049187e-03,   5.20628229e-03,   5.51529375e-03,
          1.18278713e-03,  -4.10387841e-03,  -4.49851230e-03,
          3.66218012e-03,  -9.39477416e-03,   3.58058014e-03,
         -3.42207678e-03,  -2.21807385e-03,  -9.39284762e-03,
         -1.17323779e-03,  -5.56445763e-03,   5.64050151e-03,
         -3.24680667e-03,  -4.40597441e-03,  -3.98998818e-03,
         -3.30642347e-03,  -3.75582252e-05,   7.76422152e-04,
         -4.89945372e-03,  -7.47446978e-03,  -8.45788736e-03,
          3.89204662e-03,  -1.24426855e-03,   3.23983012e-03,
         -2.39138062e-04,  -9.61366281e-03,  -3.99208401e-04,
          6.91035631e-03,   9.15671936e-04,   9.12381106e-03,
          3.75042777e-03,   5.56608060e-03,  -1.23640049e-03,
         -6.42442055e-03,  -5.95094331e-03,   5.67934772e-03,
         -8.68231937e-03,  -4.02371452e-03,  -2.59295746e-03,
         -6.77255556e-03,  -5.92840795e-03,  -4.46203664e-03,
         -2.29843925e-03,   1.69344672e-03,   7.85452015e-06,
         -6.79705269e-03,  -4.98059220e-03],
       [ -3.55391032e-03,   3.64857918e-03,   8.23803873e-03,
         -8.43187839e-03,   8.56139813e-03,  -7.22747297e-03,
         -3.67984432e-04,  -3.22064639e-03,   1.66308140e-03,
         -9.02476484e-03,   7.75597420e-03,   3.22031342e-03,
         -1.84404982e-03,  -4.59843175e-03,   8.08688528e-03,
         -3.19077500e-03,  -4.88525421e-03,   9.00144740e-03,
          1.84250607e-03,  -9.66317554e-03,  -6.64045940e-03,
         -4.35257314e-03,  -9.65409187e-03,  -2.46756563e-03,
         -6.11136526e-03,   3.10186604e-03,   4.02610017e-03,
          3.86147516e-03,   1.82793056e-04,   9.42665569e-03,
         -6.12209604e-03,   6.54888945e-03,   9.08531494e-03,
         -6.75187861e-03,  -2.90082287e-03,  -7.38935284e-03,
          8.79306689e-03,   4.31738589e-03,   7.73793152e-03,
          9.40101875e-03,   6.13583810e-03,  -4.86340236e-03,
          1.37720814e-03,   2.69592089e-03,  -7.80498556e-03,
         -4.57491265e-04,  -9.68234863e-03,  -7.03352037e-03,
         -8.92462715e-03,  -7.34421290e-03]])]
Initial hidden bias: [array([-1., -1., -1., -1., -1., -1., -1., -1., -1., -1., -1., -1., -1.,
       -1., -1., -1., -1., -1., -1., -1., -1., -1., -1., -1., -1., -1.,
       -1., -1., -1., -1., -1., -1., -1., -1., -1., -1., -1., -1., -1.,
       -1., -1., -1., -1., -1., -1., -1., -1., -1., -1., -1.])]
Initial output weights: [[ 0.00914629 -0.00439393]
 [ 0.0048406  -0.0058126 ]
 [ 0.00515202  0.0095259 ]
 [ 0.00594806 -0.00935909]
 [ 0.00273569 -0.00615971]
 [ 0.00205432 -0.00540372]
 [-0.00040677  0.00669506]
 [-0.00717483  0.00021396]
 [ 0.00364974 -0.00973916]
 [ 0.00107101  0.00500977]
 [-0.00705632  0.00985702]
 [-0.00689068 -0.00745423]
 [ 0.00896156 -0.00956257]
 [ 0.0017502  -0.00139084]
 [ 0.00075466  0.00862911]
 [ 0.00903666  0.0032974 ]
 [-0.00639408 -0.00817281]
 [ 0.00966452 -0.0034853 ]
 [-0.00859367  0.00872749]
 [ 0.00849423 -0.00013871]
 [ 0.00419783  0.0081705 ]
 [-0.00076406 -0.001799  ]
 [-0.00225089  0.00385303]
 [ 0.00664828 -0.00608317]
 [ 0.00880707 -0.00127602]
 [-0.00308528  0.00493932]
 [ 0.00441624 -0.00855223]
 [-0.00433657 -0.00248659]
 [ 0.00468191  0.00273219]
 [-0.0003998   0.00757377]
 [ 0.0069175   0.00714215]
 [-0.00664923  0.0035076 ]
 [-0.00118212 -0.00828377]
 [-0.00959266  0.00063126]
 [ 0.00678633  0.00835779]
 [ 0.00949241 -0.00605912]
 [ 0.00767067 -0.00333112]
 [ 0.00635108  0.00301758]
 [ 0.00102461  0.00877102]
 [ 0.00242252 -0.00501048]
 [-0.00068964  0.0012624 ]
 [ 0.00843861 -0.00231105]
 [ 0.00346369  0.00842152]
 [-0.00121696  0.00453801]
 [-0.00452124 -0.00119376]
 [ 0.00859432 -0.00439363]
 [ 0.00682143  0.00999297]
 [ 0.00136212 -0.00774028]
 [ 0.00545119  0.00278601]
 [ 0.00632876 -0.00491967]]
Initial output bias: [ 1.  1.]
Value MLP:
Initial hidden weights: [array([[ -7.73997444e-03,  -4.82780429e-03,  -3.79787595e-03,
         -3.56453312e-04,   8.15751021e-03,  -9.89171780e-03,
          4.41316190e-03,   7.84665043e-03,  -3.90196830e-03,
         -2.55507369e-04,   7.49678785e-03,  -9.04590318e-03,
          1.10885175e-03,   6.59970861e-03,  -1.74308235e-03,
         -8.35243618e-03,  -9.35678929e-04,  -7.79128066e-03,
         -8.20281255e-03,   3.84457958e-03,  -9.81084243e-03,
          6.63283723e-03,  -9.84874675e-03,  -3.61050883e-03,
          5.65343798e-04,   5.20938918e-03,   3.78902561e-03,
          4.43848776e-04,   6.71100833e-03,   4.84951696e-03,
         -5.15723220e-04,   5.07664910e-03,  -6.54384188e-03,
         -4.32224230e-03,  -7.64641072e-03,   6.91371730e-03,
          4.73253966e-03,   4.54091522e-03,   9.12441045e-03,
          8.76473526e-03,   2.08664442e-03,  -7.13288047e-03,
         -2.52335575e-03,  -8.71793806e-03,  -4.11949824e-03,
         -1.54180251e-03,   5.23533599e-03,  -2.03033324e-03,
          5.98568716e-03,  -6.43131659e-03],
       [  3.23060513e-03,   5.96803524e-03,   9.98204656e-03,
         -2.25270732e-03,   7.89235484e-03,  -4.06817442e-03,
         -2.10377866e-03,  -7.97703794e-04,   4.06535944e-03,
          5.32776005e-03,  -2.54434299e-03,   2.09656240e-03,
          7.79069326e-03,  -9.34801528e-04,  -3.45380070e-03,
         -9.36378276e-03,  -3.76719778e-03,   8.21188406e-04,
         -9.06923929e-03,   1.93422400e-03,   5.84777196e-03,
         -9.37832953e-03,  -7.81519372e-03,  -6.34508482e-03,
         -6.42698245e-03,   2.55145090e-04,  -9.33337935e-03,
         -1.60325570e-03,  -6.97281859e-03,  -8.83222387e-03,
          2.88437059e-03,   2.92664482e-03,  -5.32391767e-03,
          6.84521395e-03,   9.07298668e-04,  -4.09451883e-04,
         -7.92519011e-03,   9.47119626e-03,  -3.97130558e-03,
          6.43849449e-03,   4.03471591e-03,   3.79198354e-03,
          1.31057481e-03,  -9.62582359e-04,   3.73610332e-03,
         -3.50386357e-03,   8.24839226e-03,   7.31083650e-03,
          9.48814008e-03,  -8.85355499e-03],
       [ -1.49970708e-03,   4.13768012e-03,   1.38565124e-03,
          3.69215383e-03,  -5.87282410e-03,   4.83323430e-03,
          3.87552279e-03,  -2.83301299e-03,  -7.57765600e-03,
          6.38774173e-03,   9.56195294e-03,   6.72621114e-03,
         -2.86925459e-03,  -1.39931242e-03,  -6.91679498e-03,
         -6.44571743e-03,   1.74759986e-03,   8.67110460e-03,
         -4.80068181e-03,  -6.44125134e-03,  -6.02923112e-03,
          3.06498403e-03,   7.25742968e-04,   8.36437139e-03,
          5.63766110e-03,  -6.12883962e-03,   4.42477298e-03,
          2.27988156e-03,  -9.16148042e-03,   4.67801614e-03,
         -9.24883138e-03,  -4.59220159e-03,   9.08124110e-03,
          7.10014665e-04,   8.73727157e-03,   1.82476948e-03,
          3.55694834e-03,   7.62755179e-04,  -9.52378707e-03,
          6.17445380e-03,   4.62024009e-04,   3.32993879e-03,
         -1.95310979e-03,  -7.07393643e-03,   8.59115961e-03,
          6.89968314e-03,   7.30950785e-03,  -4.81937855e-03,
          1.07820139e-03,   5.94920435e-03],
       [  8.66742755e-03,  -3.69525942e-03,   6.04720318e-03,
          1.19031024e-03,  -1.87074253e-03,  -6.40491549e-03,
          3.35977889e-03,  -7.92760002e-03,  -4.87438756e-03,
          2.64140360e-03,  -2.38394707e-03,  -6.25800512e-03,
         -9.92508964e-03,  -9.41567441e-03,  -3.29069768e-03,
          4.08936741e-03,   9.84392855e-03,   2.37605168e-03,
          8.55265431e-03,  -7.11177533e-03,  -6.54967593e-03,
          6.33201011e-03,  -3.78011930e-03,  -7.03608215e-03,
          6.81320354e-03,  -4.69926156e-03,   6.47977698e-04,
          8.74954838e-03,   5.80842281e-03,   1.47132236e-03,
         -3.66248763e-03,   6.69148656e-03,   1.08550665e-03,
         -5.85553873e-03,   2.33095437e-03,   8.24187631e-03,
          5.06724842e-03,  -4.95096765e-04,   4.54010913e-03,
          3.28927564e-03,   6.81945740e-03,   1.60936445e-03,
         -9.40346613e-03,   2.85548163e-03,  -4.05977393e-03,
          8.49546995e-03,  -6.68656609e-03,   7.73369795e-03,
          9.70406126e-03,  -7.55353997e-03],
       [ -4.30693504e-03,   4.76333444e-03,   9.19102694e-03,
          5.32137492e-03,   8.04255294e-03,  -7.23251019e-03,
         -5.70915741e-03,  -3.25014465e-03,   6.81627309e-03,
          8.92401278e-03,   8.12505543e-03,   1.91230058e-03,
          4.26924725e-03,  -8.84908190e-03,  -4.49768047e-03,
         -8.45029040e-04,  -2.60412445e-03,   9.24523040e-03,
          3.57738414e-03,   2.83143018e-03,  -2.76636796e-03,
         -7.40538452e-03,  -3.45373866e-03,  -6.63874433e-03,
         -5.62986963e-03,   2.54731945e-03,   8.33025737e-04,
          3.14058659e-03,  -2.74791156e-03,   9.91538834e-03,
         -9.49997256e-03,  -8.57439895e-03,   1.32525750e-03,
         -3.32775896e-03,   9.30384528e-03,  -6.67962284e-03,
          6.82143396e-05,   5.09508562e-03,  -8.61356284e-03,
          5.55711712e-03,  -7.34611988e-03,  -6.63101974e-03,
         -5.85329601e-03,  -9.81248865e-03,   3.94668599e-03,
         -9.88294385e-03,  -1.51635213e-04,   4.74662468e-03,
         -8.43818564e-03,  -3.02271549e-03],
       [ -4.45144947e-03,   4.75963505e-04,  -9.60817217e-03,
          1.89566031e-03,   7.61793706e-03,  -2.66553216e-03,
         -3.85537191e-03,   6.30460375e-03,  -1.75791687e-03,
         -8.01580935e-03,  -6.54821520e-03,  -5.53004872e-03,
          9.74862195e-03,  -9.35644471e-03,  -3.01361633e-03,
         -2.23880873e-03,   8.89574205e-03,   5.51407857e-04,
          6.28805176e-03,  -3.92304222e-03,  -1.76843092e-03,
         -2.98865171e-03,  -8.02880509e-03,  -2.67396081e-03,
         -2.37834458e-04,   5.87020882e-03,  -6.90270742e-03,
         -4.47501413e-03,  -9.56636307e-03,   5.36293173e-03,
         -6.56949858e-03,  -8.55965918e-03,   6.93245409e-03,
         -1.66441564e-03,  -2.22964824e-03,  -3.57201281e-03,
         -4.59643004e-03,  -8.25693726e-04,   2.03106459e-03,
         -1.01814991e-03,  -9.61906482e-03,  -6.80022553e-03,
         -5.49012438e-03,  -7.86869028e-04,  -4.57105201e-03,
          2.44185737e-03,   7.13704322e-03,   8.01428428e-03,
          6.03603722e-03,   2.97091680e-03],
       [  5.17282000e-03,   2.82920729e-03,  -4.80158703e-03,
         -6.48058285e-03,  -8.93698632e-03,  -2.82035738e-03,
          9.58576168e-03,   6.86898878e-03,  -3.87078061e-03,
          1.15429546e-03,   2.87876455e-03,  -8.90794707e-04,
         -7.88460195e-03,   6.69690595e-03,  -9.59520903e-03,
          3.01869751e-03,  -9.04775176e-03,  -9.01014208e-03,
         -9.75474609e-03,  -7.92409760e-03,  -4.01944857e-03,
         -7.56354275e-03,   9.37485046e-03,  -3.50177877e-03,
         -1.31454352e-03,   6.72017198e-03,   3.62030216e-03,
         -1.90772128e-03,  -4.04956919e-03,  -1.07986065e-03,
          9.00127198e-03,   7.68335869e-03,   6.25748205e-03,
         -8.95431187e-03,  -9.89715205e-03,   6.22749682e-03,
         -7.65067718e-03,   3.12298096e-03,   7.80747246e-03,
         -8.12596469e-03,  -1.52791222e-03,   7.40910005e-03,
         -2.01944940e-03,   8.02899334e-04,   3.66749586e-03,
         -9.72148532e-03,   2.05400478e-03,  -6.02331281e-03,
          3.02870969e-03,  -3.16632392e-03],
       [  1.68013118e-03,   6.71301223e-03,   1.80409144e-03,
          3.69240126e-03,   2.54961443e-03,  -3.26576596e-03,
         -1.87036315e-03,  -6.43285484e-04,   2.42761490e-03,
         -6.92234023e-03,  -3.69765617e-03,  -1.87733580e-03,
          6.62252172e-04,  -4.33433264e-04,  -8.21432121e-03,
         -8.95034660e-03,   9.95101345e-03,   2.49063466e-03,
          3.11837795e-03,   9.66458738e-03,  -1.87933687e-03,
          2.67648584e-03,   8.92969613e-03,   1.99503020e-03,
         -4.07327458e-03,  -4.70604071e-03,  -3.51237134e-03,
         -8.18164800e-03,  -8.18051200e-03,   9.10700825e-03,
         -1.80281803e-03,   2.11226490e-03,  -9.34116233e-03,
         -2.19031720e-03,  -1.35968192e-03,  -2.13761521e-03,
          6.13989703e-03,   1.59646733e-03,   7.69657238e-03,
         -9.85888476e-03,  -2.30945733e-03,  -9.56756592e-03,
         -2.66595466e-03,  -8.93139798e-03,   4.43899737e-03,
         -3.59969972e-03,  -8.48175174e-03,  -3.00804893e-03,
         -6.51543095e-03,   5.80578744e-03]])]
Initial hidden bias: [array([-1., -1., -1., -1., -1., -1., -1., -1., -1., -1., -1., -1., -1.,
       -1., -1., -1., -1., -1., -1., -1., -1., -1., -1., -1., -1., -1.,
       -1., -1., -1., -1., -1., -1., -1., -1., -1., -1., -1., -1., -1.,
       -1., -1., -1., -1., -1., -1., -1., -1., -1., -1., -1.])]
Initial output weights: [[  2.51873757e-03]
 [ -7.59167642e-03]
 [ -3.01610629e-03]
 [ -3.88740960e-03]
 [ -1.94182347e-03]
 [ -4.50265948e-03]
 [  3.43422965e-03]
 [  1.51444431e-03]
 [  7.50516260e-03]
 [ -4.76330110e-03]
 [  4.91964692e-03]
 [  7.62321427e-03]
 [  8.70732727e-03]
 [ -7.69405941e-03]
 [  8.40316062e-03]
 [  9.53588587e-03]
 [ -3.40927871e-03]
 [ -8.54476735e-03]
 [ -1.92047122e-03]
 [  2.53649109e-04]
 [  4.48940203e-03]
 [  3.55302351e-03]
 [ -7.57229736e-03]
 [ -6.40413521e-04]
 [  7.82949145e-03]
 [ -3.82915562e-03]
 [  3.18263307e-03]
 [  6.82190506e-04]
 [  2.21327842e-03]
 [  4.12785650e-03]
 [  9.09665086e-04]
 [  4.33987501e-03]
 [  3.14240369e-03]
 [ -1.86367254e-03]
 [  4.83173713e-03]
 [ -4.28174620e-03]
 [  3.24184704e-03]
 [ -8.65557113e-03]
 [  3.94467868e-05]
 [ -6.66315528e-03]
 [ -9.14333184e-03]
 [ -3.74634961e-03]
 [ -6.32334313e-03]
 [ -7.23668875e-03]
 [ -1.29410381e-03]
 [  7.16634147e-03]
 [  7.01218084e-03]
 [ -5.41911412e-03]
 [ -3.57987310e-03]
 [ -9.25626293e-03]]
Initial output bias: [ 1.]
