Action MLP:Hidden weights: [array([[  1.05776418e-02,   6.39240007e-03,   3.02929661e-04,
         -2.34396077e-03,  -4.04982728e-03,   2.05956127e-03,
          1.54108856e-02,   4.99086106e-03,   1.34436205e-02,
          1.40463997e-02,  -4.31421886e-04,   2.92323598e-03,
          9.10176528e-03,   4.49695395e-03,  -3.39143704e-03,
          1.65779343e-02,  -3.76972213e-03,   1.17717103e-03,
          4.30014529e-04,   5.80970142e-03,   1.13371198e-02,
          1.50086094e-02,   3.28139033e-03,  -1.40877650e-03,
          4.65448173e-03,   3.44452364e-03,   1.54003912e-02,
          7.66854395e-03,   2.59482990e-03,   1.24603088e-02,
         -9.37396896e-04,   9.11953409e-03,  -3.74096893e-03,
         -1.58070005e-03,   5.32747776e-03,   1.14923808e-03,
          7.25214471e-04,   1.25458886e-03,   1.35908188e-02,
          1.52618114e-02,   1.53074373e-02,   8.39470387e-03,
          4.38964807e-03,   1.58181096e-02,   1.03207600e-02,
          1.52635485e-02,  -1.16829414e-03,   4.75550628e-03,
          1.12554825e-02,   1.22251515e-02],
       [  1.05044063e-01,   8.32242068e-02,   1.08526941e-01,
          1.29917093e-01,   5.80573516e-02,   1.00164004e-01,
          6.75247480e-02,   6.12006478e-02,   1.15423880e-01,
          1.08529653e-01,   6.15130253e-02,   8.81434002e-02,
          8.22164997e-02,   1.02599582e-01,   5.21153530e-02,
          8.99365816e-02,   7.44157151e-02,   1.28770591e-01,
          4.28750645e-02,   1.33974000e-01,   8.70748372e-02,
          7.20311491e-02,   1.10432010e-01,   9.59594289e-02,
          1.29958539e-01,   8.27375538e-02,   9.61788637e-02,
          4.98985788e-02,   1.11635697e-01,   6.11897660e-02,
          1.23439363e-01,   8.80320274e-02,   7.46825114e-02,
          5.85942798e-02,   9.79220025e-02,   1.13606748e-01,
          9.73761112e-02,   1.34766129e-01,   5.96707020e-02,
          9.00780888e-02,   1.05260187e-01,   1.06501590e-01,
          9.34801466e-02,   9.51501604e-02,   4.23598678e-02,
          1.37148563e-01,   1.23627151e-01,   1.00100230e-01,
          8.98577584e-02,   1.30118584e-01],
       [  8.61470548e-03,   9.35258185e-03,   2.61260970e-02,
          2.59921836e-02,  -1.31925621e-03,   2.13619376e-02,
          2.54741243e-03,   1.60569903e-02,   1.64402059e-02,
          2.01582927e-02,   8.36280404e-03,   1.22244414e-02,
          1.16117817e-02,   1.40342502e-02,   3.01218078e-03,
          1.92044822e-02,  -8.39427757e-04,   2.58728832e-02,
          3.73415469e-04,   1.70043461e-02,   6.02616383e-03,
          1.37420686e-02,   9.36293008e-03,   2.10818684e-02,
          1.40379966e-02,   1.60969400e-02,   1.25524908e-02,
          5.76209915e-03,   7.04679125e-03,   1.54690580e-02,
          2.29505875e-02,   1.52381373e-03,   1.61124399e-02,
         -5.45259226e-04,   1.87586777e-02,   1.98489210e-02,
          4.68320264e-03,   2.23799701e-02,   1.38743044e-02,
          2.16765788e-02,   5.81675521e-03,   8.10125177e-03,
          1.90683263e-02,   3.94189809e-03,  -5.50215196e-03,
          2.22669131e-02,   2.23089241e-02,   1.32958118e-02,
          1.35049328e-02,   1.32685139e-02],
       [ -1.32587833e-01,  -1.09523570e-01,  -1.44264024e-01,
         -1.68858896e-01,  -7.75913785e-02,  -1.29268896e-01,
         -1.06135088e-01,  -6.39848260e-02,  -1.61391711e-01,
         -1.30381946e-01,  -6.35029621e-02,  -1.04098798e-01,
         -1.11685233e-01,  -1.47840158e-01,  -8.38003349e-02,
         -1.23463740e-01,  -8.78452013e-02,  -1.61692448e-01,
         -4.46740002e-02,  -1.78618208e-01,  -1.27053243e-01,
         -1.02471989e-01,  -1.35929458e-01,  -1.33872255e-01,
         -1.71450457e-01,  -1.08988607e-01,  -1.43557778e-01,
         -5.79134750e-02,  -1.50906475e-01,  -7.82974543e-02,
         -1.66905511e-01,  -1.13452067e-01,  -8.20543263e-02,
         -5.84059939e-02,  -1.42157162e-01,  -1.37904840e-01,
         -1.14377246e-01,  -1.73433616e-01,  -9.44749621e-02,
         -1.10753196e-01,  -1.42708630e-01,  -1.33919494e-01,
         -1.07038544e-01,  -1.23166980e-01,  -5.38724787e-02,
         -1.73253353e-01,  -1.72587806e-01,  -1.13193571e-01,
         -1.26260162e-01,  -1.85294399e-01],
       [  1.13920195e-02,   2.95989177e-03,   4.66551834e-03,
          1.71291437e-02,   1.00350922e-02,   1.55833102e-03,
          2.59330443e-03,  -5.09444424e-03,   1.39071535e-02,
          1.17863280e-03,   3.80059963e-04,   1.18596836e-02,
          1.34926682e-02,   7.94972208e-03,   9.66321235e-03,
          1.06510229e-02,   5.42817151e-03,   8.89009917e-03,
          6.54310963e-03,  -4.43345327e-04,  -1.69351345e-03,
          1.10680880e-02,   1.57528871e-02,   1.55596336e-03,
          8.11535761e-03,   4.72729867e-03,  -3.90761857e-03,
          9.76606637e-03,   4.08626440e-04,  -3.48613193e-03,
          1.56014503e-02,   1.38672290e-02,   1.36526544e-03,
         -7.46587357e-04,  -1.19626799e-03,   4.55415474e-03,
          7.83922642e-03,   5.41792125e-03,   8.61682112e-03,
          1.44557350e-02,   1.10262109e-02,  -3.25873352e-03,
          1.45104646e-03,  -1.13376205e-03,  -3.37712700e-05,
          3.67319446e-03,   1.46874424e-02,   1.20286640e-02,
          7.03474789e-03,   1.43644355e-02],
       [  1.66879005e-02,   1.55962571e-02,   3.36450469e-02,
          1.09871303e-02,   1.96254129e-03,   1.45313536e-02,
          1.44517193e-02,   1.14136288e-02,   2.16617980e-02,
          2.31065261e-02,   2.49230739e-02,   4.11034406e-03,
          6.66272834e-03,   7.14704725e-03,   1.05769202e-02,
          2.27458402e-02,   3.28708464e-03,   2.01851899e-02,
          1.27590038e-02,   2.68133918e-02,   1.80211870e-02,
          1.80607530e-02,   2.11927558e-02,   2.09472921e-02,
          2.49817483e-02,   1.89600823e-02,   2.04736186e-02,
          7.74766756e-03,   1.40272215e-02,   8.63871043e-03,
          2.15788139e-02,   1.25456607e-02,   2.08812376e-02,
          1.22315734e-02,   3.19762739e-02,   1.62103639e-02,
          1.25202211e-02,   1.77749707e-02,   1.72751177e-02,
          2.06696949e-02,   1.39158297e-02,   1.74649666e-02,
          2.47383428e-02,   1.10246962e-02,   1.26595238e-03,
          2.74611817e-02,   3.64933870e-02,   1.46673704e-02,
          2.38912745e-02,   2.44921606e-02],
       [ -5.28337571e-02,  -2.79031057e-02,  -3.74033669e-02,
         -5.50215774e-02,  -2.44129985e-02,  -4.58883094e-02,
         -2.23266859e-02,  -2.31078440e-02,  -4.67095511e-02,
         -4.44785876e-02,  -1.14168833e-02,  -3.83070311e-02,
         -3.88027064e-02,  -5.07999167e-02,  -1.06824405e-02,
         -4.34624525e-02,  -2.75363057e-02,  -5.87276737e-02,
         -4.11816902e-03,  -5.87195918e-02,  -3.67490650e-02,
         -3.32681546e-02,  -4.90030492e-02,  -5.24402077e-02,
         -5.25528101e-02,  -2.96088994e-02,  -4.02664905e-02,
         -9.25669226e-03,  -5.76601442e-02,  -1.73737282e-02,
         -4.56237680e-02,  -2.70305287e-02,  -1.11513152e-02,
         -4.70161744e-03,  -3.72350770e-02,  -4.98857667e-02,
         -4.51153242e-02,  -6.21971501e-02,  -1.50251166e-02,
         -4.29791581e-02,  -4.57000962e-02,  -4.82213160e-02,
         -4.02485969e-02,  -4.14900995e-02,  -1.33793251e-02,
         -6.05036623e-02,  -5.20029696e-02,  -3.70277047e-02,
         -4.67935902e-02,  -6.42511945e-02],
       [ -5.46895887e-02,  -3.38728184e-02,  -4.22814622e-02,
         -6.99809558e-02,  -1.48451466e-02,  -5.35874973e-02,
         -3.19546998e-02,  -2.09970463e-02,  -5.38540663e-02,
         -5.66145523e-02,  -6.85482835e-03,  -2.93386011e-02,
         -4.33356365e-02,  -5.52035075e-02,  -1.34492531e-02,
         -4.95577553e-02,  -3.11970639e-02,  -5.16721377e-02,
         -3.45349527e-03,  -7.53553846e-02,  -5.06085061e-02,
         -3.75415311e-02,  -5.74558881e-02,  -5.15336957e-02,
         -6.92357042e-02,  -3.09659287e-02,  -4.43078104e-02,
         -8.56788495e-03,  -5.38491392e-02,  -1.26125537e-02,
         -6.62216745e-02,  -2.66417052e-02,  -1.49288936e-02,
         -1.91054890e-02,  -5.30778742e-02,  -6.13021961e-02,
         -3.44930246e-02,  -5.86915498e-02,  -1.87525322e-02,
         -2.95953373e-02,  -4.11604797e-02,  -5.59277232e-02,
         -3.84895368e-02,  -3.84042398e-02,  -1.99517753e-02,
         -6.50600066e-02,  -7.18409966e-02,  -4.85117080e-02,
         -5.50075302e-02,  -7.29540750e-02]])]Hidden bias: [array([-0.84458533, -0.85551015, -0.84455922, -0.83196488, -0.86441474,
       -0.84660239, -0.85852897, -0.86529012, -0.83842891, -0.84510541,
       -0.86666402, -0.85562959, -0.85346311, -0.84260385, -0.86513398,
       -0.84922593, -0.86024221, -0.83540336, -0.87071872, -0.82809079,
       -0.85010523, -0.85684214, -0.84360388, -0.84564205, -0.83184929,
       -0.85579507, -0.84611271, -0.86830818, -0.84034326, -0.86455322,
       -0.83492432, -0.85556041, -0.86270033, -0.86741225, -0.84519219,
       -0.84194207, -0.85182133, -0.83117963, -0.86211908, -0.85329704,
       -0.84539197, -0.84464894, -0.85312696, -0.85085788, -0.86877204,
       -0.82972239, -0.83171948, -0.85079687, -0.84799564, -0.82682354])]Output weights: [[ 0.08364255  0.02075057]
 [ 0.04034495  0.02135299]
 [ 0.08392111  0.0438233 ]
 [ 0.12646761  0.01653492]
 [-0.00293517  0.01421593]
 [ 0.07588448  0.0210249 ]
 [ 0.02685774  0.03179686]
 [-0.00858669  0.02528326]
 [ 0.10527397  0.02055968]
 [ 0.0813209   0.03346557]
 [-0.01853339  0.03931435]
 [ 0.03934328  0.0142475 ]
 [ 0.04975955  0.01447359]
 [ 0.09096375  0.02040269]
 [-0.00665611  0.03310185]
 [ 0.06660587  0.03309967]
 [ 0.01751932  0.01206722]
 [ 0.11619778  0.02452488]
 [-0.04504968  0.03334838]
 [ 0.13792433  0.02866066]
 [ 0.06310714  0.03322813]
 [ 0.03403129  0.02686108]
 [ 0.08663606  0.03005068]
 [ 0.07951749  0.02273608]
 [ 0.12676347  0.02750761]
 [ 0.03889364  0.03283363]
 [ 0.07785552  0.02045683]
 [-0.02790382  0.02234186]
 [ 0.09887764  0.02424831]
 [-0.0033839   0.03165025]
 [ 0.11763983  0.03591123]
 [ 0.03997352  0.02716694]
 [ 0.00434209  0.02333408]
 [-0.02278641  0.0253083 ]
 [ 0.08124038  0.04119877]
 [ 0.09317369  0.02046209]
 [ 0.0564519   0.01935078]
 [ 0.12962547  0.02791816]
 [ 0.00915022  0.03760273]
 [ 0.0496733   0.02506161]
 [ 0.08101186  0.02471524]
 [ 0.08337679  0.0223666 ]
 [ 0.05058615  0.03713937]
 [ 0.06003747  0.02572367]
 [-0.02973187  0.01849423]
 [ 0.13332076  0.02607998]
 [ 0.12651396  0.04408688]
 [ 0.0595252   0.01887386]
 [ 0.07057696  0.03163443]
 [ 0.14156674  0.02361064]]Output bias: [ 1.19404534  0.97065272]
Value MLP:Hidden weights: [array([[ -6.64002826e-02,  -8.11481900e-02,  -2.59494990e-01,
         -6.69672256e-02,  -2.47342113e-01,  -7.00858857e-02,
         -5.70300309e-02,  -5.53615658e-02,  -7.46315434e-02,
         -9.20740275e-02,  -6.16066884e-02,  -7.67612678e-02,
         -2.59783144e-01,  -5.39784275e-02,  -5.90341929e-02,
         -6.32737319e-02,  -6.35923198e-02,  -8.14377088e-02,
         -6.73007224e-02,  -6.07038969e-02,  -1.10696184e-01,
         -5.31930851e-02,  -6.73305579e-02,  -6.54827730e-02,
         -6.00331552e-02,  -5.89607916e-02,  -5.79357219e-02,
         -6.35098729e-02,  -5.02623326e-02,  -6.10385464e-02,
         -5.61470009e-02,  -5.26124218e-02,  -7.09999735e-02,
         -2.46402808e-01,  -8.22285081e-02,  -5.51592989e-02,
         -5.73338382e-02,  -1.98559461e-01,  -4.79349483e-02,
         -2.57553652e-01,  -6.23737137e-02,  -7.04338039e-02,
         -6.49926097e-02,  -6.41460504e-02,  -7.42415020e-02,
         -6.26071602e-02,  -2.56009214e-01,  -2.31420375e-01,
         -2.08349529e-01,  -6.86848274e-02],
       [  9.43209696e-01,   1.29576198e+00,   4.67290585e+00,
          8.73424012e-01,   4.63489704e+00,   8.09465940e-01,
          7.34325280e-01,   8.48981003e-01,   1.34354464e+00,
          1.58838079e+00,   8.32222971e-01,   1.14588479e+00,
          4.78566351e+00,   8.04394099e-01,   9.31900427e-01,
          6.27341047e-01,   7.57897176e-01,   1.13482227e+00,
          6.52871719e-01,   1.08332426e+00,   2.20245553e+00,
          6.24096714e-01,   5.70601336e-01,   7.17530106e-01,
          6.96453593e-01,   9.23469753e-01,   6.10653536e-01,
          8.94328398e-01,   6.98061032e-01,   6.21708037e-01,
          9.36103036e-01,   8.75348897e-01,   7.40035314e-01,
          4.42208283e+00,   1.22320542e+00,   7.92610807e-01,
          6.55352308e-01,   3.77543133e+00,   6.43502613e-01,
          4.68734902e+00,   1.14118961e+00,   1.11165433e+00,
          1.07754406e+00,   8.89544503e-01,   1.08759290e+00,
          8.53583330e-01,   4.53361548e+00,   4.19787961e+00,
          3.97517711e+00,   6.40829168e-01],
       [ -1.57138014e-01,  -1.53176689e-01,  -1.09256715e-02,
         -1.39543283e-01,  -1.77726039e-02,  -1.39808762e-01,
         -1.44432397e-01,  -1.49669233e-01,  -1.78690396e-01,
         -1.53621430e-01,  -1.34300812e-01,  -1.47233389e-01,
         -1.42907783e-02,  -1.56888129e-01,  -1.65228190e-01,
         -1.58774316e-01,  -1.39014638e-01,  -1.39489193e-01,
         -1.50499573e-01,  -1.69692389e-01,  -1.60905680e-01,
         -1.46012227e-01,  -1.49162990e-01,  -1.33397315e-01,
         -1.39175179e-01,  -1.58036942e-01,  -1.44586140e-01,
         -1.49575847e-01,  -1.70184685e-01,  -1.35241593e-01,
         -1.73176652e-01,  -1.64923500e-01,  -1.27298830e-01,
          1.54923758e-02,  -1.43222380e-01,  -1.49820315e-01,
         -1.43920692e-01,   2.77168954e-02,  -1.63921174e-01,
          3.71107539e-03,  -1.70346670e-01,  -1.59344155e-01,
         -1.64670365e-01,  -1.64738897e-01,  -1.41403836e-01,
         -1.36589496e-01,   2.93833630e-02,   1.77886112e-02,
          3.53086871e-02,  -1.34212799e-01],
       [  7.64537822e-01,   7.48244936e-01,   3.23786185e+00,
          7.66390743e-01,   3.19680287e+00,   7.70867363e-01,
          7.84117078e-01,   7.70247092e-01,   7.65664677e-01,
          7.90499881e-01,   7.74099688e-01,   7.58111797e-01,
          3.36145380e+00,   7.71179280e-01,   7.69088326e-01,
          8.01736184e-01,   7.79109632e-01,   7.48744872e-01,
          7.94609550e-01,   7.56481529e-01,   1.03334468e+00,
          8.00021813e-01,   8.02496886e-01,   7.83036563e-01,
          7.90929152e-01,   7.62468583e-01,   8.01221618e-01,
          7.68486253e-01,   7.91428691e-01,   7.99616306e-01,
          7.63996203e-01,   7.71407092e-01,   7.82102033e-01,
          2.97450597e+00,   7.58406005e-01,   7.75293323e-01,
          7.95428426e-01,   2.28851226e+00,   7.96106857e-01,
          3.25148918e+00,   7.50257373e-01,   7.52273571e-01,
          7.51346925e-01,   7.64244542e-01,   7.53208036e-01,
          7.73394383e-01,   3.10288827e+00,   2.74084923e+00,
          2.51185210e+00,   7.90748778e-01],
       [ -8.29497074e-03,   1.53897630e-03,  -2.40174570e-01,
         -7.16815481e-03,  -2.41858122e-01,  -1.57699729e-02,
         -2.08777085e-02,  -1.60347337e-02,   3.98171418e-03,
         -7.00784983e-03,  -9.29387157e-03,   4.25576821e-04,
         -2.51012698e-01,  -2.17757122e-02,  -1.05581371e-02,
         -1.64678448e-02,  -1.61248302e-02,   4.43760734e-03,
         -1.28545515e-02,  -2.83842042e-03,  -3.37145370e-02,
         -2.57408360e-02,  -2.01641139e-02,  -2.04079478e-02,
         -2.07603257e-02,  -8.40730093e-03,  -1.95978574e-02,
         -7.82803297e-03,  -2.03524881e-02,  -1.26135169e-02,
         -1.40962711e-02,  -1.74585166e-02,  -1.28282643e-02,
         -2.34989547e-01,   5.12024250e-03,  -2.02999853e-02,
         -1.91479562e-02,  -1.67707289e-01,  -2.63287872e-02,
         -2.53801902e-01,  -8.02352896e-03,  -5.68584149e-03,
         -7.25950589e-03,  -1.37756353e-02,  -1.00682194e-03,
         -1.77454465e-02,  -2.52620581e-01,  -2.09538572e-01,
         -2.00367142e-01,  -1.93515389e-02],
       [  3.75782612e-02,   1.19469241e-01,   3.25996418e-01,
          4.41016050e-02,   3.41145916e-01,   2.65998303e-02,
          8.86745125e-03,   3.35829925e-02,   1.09316310e-01,
          1.65885741e-01,   2.82552734e-02,   8.06322246e-02,
          3.35886722e-01,   1.17452868e-02,   3.36281826e-02,
         -1.10587412e-02,   3.19671232e-02,   9.61228680e-02,
          9.18593147e-03,   6.33851128e-02,   2.35056150e-01,
         -2.32938343e-03,  -1.66341119e-02,   1.54502158e-02,
          9.93766086e-03,   4.35736702e-02,  -9.23762445e-03,
          3.48424094e-02,  -9.08373814e-03,   8.86824948e-03,
          2.55611645e-02,   1.78678095e-02,   2.64267583e-02,
          3.41262254e-01,   1.05586832e-01,   1.80023350e-02,
          2.29909610e-03,   3.52513587e-01,  -5.34030684e-03,
          3.34859547e-01,   7.05357897e-02,   6.76017784e-02,
          6.21510348e-02,   2.92676292e-02,   7.53162071e-02,
          3.89572190e-02,   3.42623787e-01,   3.54440965e-01,
          3.53987751e-01,   1.08156559e-02],
       [  5.74426983e-01,   6.29256183e-01,   9.70150561e-02,
          5.45996734e-01,   1.00439970e-01,   5.30223703e-01,
          5.27428845e-01,   5.52084486e-01,   6.63165636e-01,
          6.83716956e-01,   5.55962153e-01,   6.26996119e-01,
          7.36660034e-02,   5.31292264e-01,   5.78497056e-01,
          5.04607918e-01,   5.15343837e-01,   5.95254341e-01,
          4.90952374e-01,   6.01329634e-01,   7.70631179e-01,
          4.93526863e-01,   4.73902826e-01,   5.13383050e-01,
          5.18923197e-01,   5.61104439e-01,   4.94657503e-01,
          5.58597374e-01,   5.12818742e-01,   4.97172242e-01,
          5.73066529e-01,   5.65165048e-01,   5.23587152e-01,
          1.40805056e-01,   6.32403313e-01,   5.29618590e-01,
          5.02573145e-01,   2.91277868e-01,   4.98595417e-01,
          9.39945208e-02,   5.99782729e-01,   6.01256601e-01,
          5.89876563e-01,   5.45730629e-01,   6.01014685e-01,
          5.53855891e-01,   1.17055737e-01,   1.84417221e-01,
          2.35246787e-01,   4.84258506e-01],
       [  6.74465283e-01,   7.39680853e-01,   2.24595495e-01,
          6.52055862e-01,   2.34333830e-01,   6.31130980e-01,
          6.22934401e-01,   6.53521999e-01,   7.70784167e-01,
          7.91641431e-01,   6.54828255e-01,   7.32064240e-01,
          2.07778617e-01,   6.27164331e-01,   6.79346491e-01,
          5.96428545e-01,   6.23186647e-01,   7.06640668e-01,
          5.93087640e-01,   7.08324259e-01,   8.85677225e-01,
          5.92280862e-01,   5.66728631e-01,   6.14167869e-01,
          6.17213531e-01,   6.62485296e-01,   5.87673919e-01,
          6.58356750e-01,   6.05716704e-01,   5.98606530e-01,
          6.69294623e-01,   6.61524697e-01,   6.22987861e-01,
          2.71589054e-01,   7.42657891e-01,   6.27281076e-01,
          6.02319621e-01,   4.18112489e-01,   5.94900532e-01,
          2.24161336e-01,   7.02715656e-01,   7.01258515e-01,
          6.93105917e-01,   6.44460625e-01,   7.06697398e-01,
          6.58818670e-01,   2.48085540e-01,   3.16365511e-01,
          3.63837618e-01,   5.86031001e-01]])]Hidden bias: [array([-2.74678104, -2.88458413, -2.48527109, -2.74731908, -2.48505054,
       -2.73463479, -2.68138865, -2.71865608, -2.83091862, -2.90374153,
       -2.70116311, -2.78727522, -2.48474961, -2.73325327, -2.7257537 ,
       -2.63884537, -2.71340071, -2.84523033, -2.68012104, -2.79212938,
       -2.66614816, -2.65383273, -2.66168965, -2.69365418, -2.66308359,
       -2.75971175, -2.6481453 , -2.74049842, -2.67778924, -2.64566857,
       -2.74773407, -2.71486775, -2.69158011, -2.48602049, -2.82102058,
       -2.72252548, -2.66145319, -2.51833148, -2.66203306, -2.4876916 ,
       -2.84651104, -2.82358982, -2.82012589, -2.76691221, -2.80184017,
       -2.71197942, -2.48060557, -2.48960899, -2.49739863, -2.69216852])]Output weights: [[-1.36580408]
 [-1.39608348]
 [-3.59546498]
 [-1.45581263]
 [-3.52346518]
 [-1.50062134]
 [-1.42280025]
 [-1.39128583]
 [-1.20906731]
 [-1.254915  ]
 [-1.35316708]
 [-1.25522014]
 [-3.81378184]
 [-1.50290062]
 [-1.31638977]
 [-1.4351382 ]
 [-1.50345183]
 [-1.44526375]
 [-1.54461182]
 [-1.33991114]
 [-0.79314527]
 [-1.49023486]
 [-1.59476993]
 [-1.48703128]
 [-1.41573263]
 [-1.43175519]
 [-1.48624476]
 [-1.40970473]
 [-1.47366202]
 [-1.45692659]
 [-1.37809975]
 [-1.34920319]
 [-1.44832351]
 [-3.14049389]
 [-1.28233026]
 [-1.48566134]
 [-1.46901603]
 [-2.1094887 ]
 [-1.49098614]
 [-3.62887983]
 [-1.44576987]
 [-1.40542289]
 [-1.43363792]
 [-1.50681735]
 [-1.35965611]
 [-1.36814719]
 [-3.3474636 ]
 [-2.76053864]
 [-2.40750195]
 [-1.59647154]]Output bias: [ 4.5875201]