Action MLP:Hidden weights: [array([[ 0.03587621,  0.03811346,  0.04361047, ...,  0.0331705 ,
         0.05318946,  0.0458766 ],
       [ 0.03372321,  0.0337084 ,  0.01993056, ...,  0.04230922,
         0.07276331,  0.03531055],
       [ 0.01715305,  0.01295373,  0.00554919, ...,  0.02841947,
         0.04358496,  0.01692177],
       ..., 
       [ 0.00117263,  0.00375242,  0.00306522, ...,  0.00368407,
         0.00918116,  0.0034466 ],
       [-0.00504137, -0.00668648,  0.00162605, ..., -0.0005468 ,
         0.00482458,  0.00481098],
       [ 0.02330081,  0.01005675,  0.02120084, ...,  0.01713616,
         0.0121282 ,  0.01056422]])]Hidden bias: [array([-0.75032856, -0.75230278, -0.76088051, -0.74731311, -0.74417506,
       -0.74328927, -0.7451358 , -0.73509681, -0.76636652, -0.76025252,
       -0.74625268, -0.7454534 , -0.75211358, -0.75276267, -0.750034  ,
       -0.7504662 , -0.73740449, -0.7483636 , -0.75078576, -0.72307236,
       -0.75745147, -0.74027704, -0.743946  , -0.75179568, -0.74234478,
       -0.74615906, -0.73336417, -0.77177671, -0.77054211, -0.74896345,
       -0.73663169, -0.75227374, -0.74623135, -0.75075516, -0.74989849,
       -0.73289614, -0.74999902, -0.75244254, -0.74670667, -0.75343163,
       -0.74074296, -0.73761173, -0.74222928, -0.75837915, -0.75850821,
       -0.74950287, -0.76267199, -0.75459483, -0.73321085, -0.75126123])]Output weights: [[ 0.01746817  0.02968878]
 [ 0.01514927  0.03235883]
 [ 0.04865062  0.05261633]
 [ 0.02357357  0.04316718]
 [-0.0152985   0.01061446]
 [ 0.01231123  0.0415327 ]
 [ 0.00107877  0.01780941]
 [-0.02071102  0.02470591]
 [ 0.03902129  0.04838381]
 [ 0.03810889  0.04097754]
 [-0.00412909  0.0225768 ]
 [ 0.00928702  0.03051693]
 [ 0.02094066  0.03123061]
 [ 0.0280139   0.04082924]
 [ 0.00789426  0.02572951]
 [ 0.01673852  0.04416695]
 [ 0.00703472  0.03989966]
 [ 0.01162356  0.03679101]
 [ 0.00511061  0.01847044]
 [-0.03928924  0.00638111]
 [ 0.03271847  0.04409308]
 [-0.01726441  0.0073688 ]
 [-0.0292697  -0.00096528]
 [ 0.01903713  0.03086668]
 [-0.01024854  0.01032451]
 [ 0.00745905  0.033422  ]
 [-0.0360866   0.00367018]
 [ 0.06231761  0.06191012]
 [ 0.06137665  0.06083463]
 [ 0.00150265  0.02196331]
 [-0.01109921  0.02595106]
 [-0.002738    0.01676341]
 [-0.01159611  0.0075846 ]
 [ 0.00768501  0.02207051]
 [ 0.0098198   0.02971858]
 [-0.02995229  0.0143846 ]
 [ 0.00135317  0.01772379]
 [ 0.00184425  0.01168205]
 [ 0.0057317   0.0224836 ]
 [ 0.01832612  0.02967445]
 [ 0.00254296  0.02537119]
 [-0.00779348  0.01632349]
 [ 0.02278826  0.04173171]
 [ 0.03400148  0.04256122]
 [ 0.05174075  0.05783312]
 [ 0.01459431  0.02589072]
 [ 0.03371659  0.03999854]
 [ 0.02381873  0.03380397]
 [-0.02477985  0.00426788]
 [ 0.02431543  0.03575543]]Output bias: [-0.16339194 -0.4907676 ]
Value MLP:Hidden weights: [array([[  2.74575946e-03,   2.85780837e-03,  -1.10835885e-02, ...,
          3.82641602e-03,  -3.52834551e+00,   2.11547854e-03],
       [  4.59583684e-03,  -4.52144316e-03,   1.95161674e-02, ...,
         -4.88725266e-03,  -1.77452165e+00,   3.34112358e-03],
       [  7.30413482e-04,  -5.26584757e-03,   1.54943310e+00, ...,
          9.43512243e-03,   9.25831296e-02,   5.47650456e-03],
       ..., 
       [ -9.04299964e-04,   4.43734856e-03,  -7.12682482e-03, ...,
         -3.21799694e-03,  -7.93968273e-04,  -6.62897385e-04],
       [ -4.20322635e-03,  -2.77968152e-03,  -5.66085572e-03, ...,
          4.68761648e-04,   9.34381622e-03,   7.40242753e-03],
       [  1.05881130e-03,   2.43812990e-03,  -3.17925512e-05, ...,
         -3.85472739e-05,  -1.74157766e+00,   9.75102098e-03]])]Hidden bias: [array([  6.81778034,   6.00794002, -51.56421882,  -8.4234502 ,
        -8.07426227,   3.6908316 ,  -3.57406568,  -6.71045599,
       -12.3131275 ,  -9.26091077,  -9.97861903,  -7.26050694,
       -18.06123945,  24.06731958,   2.41142932,   4.06401544,
         2.74822871,   1.98759609, -12.25793621,  -5.93966958,
        -6.79359247,  15.40509349,  -5.60198447,  -5.28468615,
        14.54094143,  14.29415076,  -5.87614511,   8.14307163,
       -22.53930948,   8.67703273,  37.22203364, -14.93891264,
        -9.17086108,  10.70583607,  -5.6102388 , -11.53441905,
         2.97473564, -62.39190193,  -8.64724349,  27.23396929,
       -13.19156049,   1.92586982, -14.72522908, -32.72906565,
        21.25566466,  -5.40736445,   2.31533457,   2.2091441 ,
        -8.38574105,   2.6664325 ])]Output weights: [[ -9.03133508]
 [ -9.56221874]
 [ 13.11915611]
 [  1.05795864]
 [ -3.9487841 ]
 [-11.2834964 ]
 [ 13.76877123]
 [  8.08133063]
 [ -9.46831676]
 [  3.261358  ]
 [ -0.49921541]
 [-12.84581809]
 [ -3.68485893]
 [-36.55041766]
 [ -9.74731398]
 [-10.29694887]
 [-11.59234938]
 [-11.50400497]
 [ -2.4704255 ]
 [ -2.05561052]
 [  3.38802706]
 [  7.85690005]
 [ -0.04311344]
 [ -0.39135008]
 [ -7.73747489]
 [ -8.17058058]
 [  6.57773192]
 [  0.03808199]
 [-11.98044698]
 [ -2.05597743]
 [ -7.9809329 ]
 [ -4.43961644]
 [ -8.92742554]
 [ -3.56676293]
 [  1.56704916]
 [  5.09558877]
 [ -1.30544963]
 [ 10.18644507]
 [ -4.37300254]
 [  6.70486125]
 [  1.74251345]
 [-10.6730143 ]
 [  5.08289599]
 [ 19.69401451]
 [  2.67670415]
 [  3.78466899]
 [-11.7817967 ]
 [ -5.25158811]
 [  1.36753078]
 [-11.61303962]]Output bias: [-3.87500738]