Action MLP:Hidden weights: [array([[ 0.13196997,  0.23065875,  0.19723648,  0.2266366 , -0.22759559],
       [-1.23194893, -0.54662944, -0.15008041, -0.4694245 , -1.59786115],
       [ 0.24234929, -0.08608227, -0.44572336, -0.14911353,  0.14000288],
       [-1.52557498, -0.66620342, -0.33036452, -0.60257739, -2.03780527],
       [ 0.15901875,  0.57766377,  0.69951292,  0.61290095, -0.54772292],
       [ 0.13704624,  0.55935687,  0.75159751,  0.61992828, -0.69574874],
       [-0.09360421, -0.2480882 , -0.29655271, -0.2571029 , -0.16894069],
       [-0.22319163, -0.01508188,  0.08206722, -0.01424933, -0.43519468]])]Hidden bias: [array([-0.64266472, -0.57556425, -0.33547836, -0.53626694, -0.68956475])]Output weights: [[ 0.93513872 -0.04178839]
 [ 0.32505281  0.53037594]
 [ 0.24647038  0.81470104]
 [ 0.30798429  0.59120296]
 [ 1.44950342 -0.87568792]]Output bias: [ 1.65663364  0.32596021]
Value MLP:Hidden weights: [array([[-0.13096194, -0.10400865, -0.98960348,  2.40180294,  0.19316394],
       [ 4.26837418,  6.38356328,  7.77854645,  9.84467542,  2.15321888],
       [ 1.43435862,  0.47027213,  0.88106105, -3.26190823, -0.32547685],
       [ 4.18474379,  3.26561464,  4.03240822,  3.9692357 ,  5.71384891],
       [-0.40220917, -0.28898443, -1.86631259,  3.10051713,  0.49765182],
       [-0.4873609 ,  1.1029605 ,  2.32829588, -2.50403023,  0.69966931],
       [-0.40928175, -0.43342335, -0.43099356, -0.4155045 ,  0.16306783],
       [-0.44281899, -0.46643366, -0.46360057, -0.44426726,  0.26837474]])]Hidden bias: [array([ -9.29655788, -10.49066597, -12.03358361, -13.21299906,  -7.78231331])]Output weights: [[ -6.72323427]
 [ -9.6517765 ]
 [-17.76551095]
 [-28.65254635]
 [ -9.65536486]]Output bias: [ 1.87982379]