Action MLP:Hidden weights: [array([[ 0.14885443,  0.20274021,  0.13065532,  0.19162067, -0.32454033],
       [-1.316785  , -0.55074865, -0.03807231, -0.45226061, -1.65342025],
       [ 0.24981136, -0.07652102, -0.58886067, -0.15562599,  0.05228839],
       [-1.52134499, -0.60964398, -0.15259391, -0.52806921, -2.07451334],
       [ 0.13044258,  0.59085482,  0.75037911,  0.63041925, -0.72410904],
       [ 0.16988545,  0.55069693,  0.74784933,  0.61631944, -0.75857953],
       [-0.12269874, -0.29733808, -0.39244517, -0.31329143, -0.25415284],
       [-0.27705683, -0.0253956 ,  0.09163167, -0.02851242, -0.34840172]])]Hidden bias: [array([-0.73800267, -0.61896345, -0.30043583, -0.56960865, -0.62173025])]Output weights: [[ 0.90859819 -0.08494562]
 [ 0.25842574  0.46408653]
 [ 0.21563191  0.86440084]
 [ 0.24063938  0.52874473]
 [ 1.53586529 -0.8974849 ]]Output bias: [ 1.63884403  0.36534364]
Value MLP:Hidden weights: [array([[-0.13109301, -0.10276412, -0.98783547,  2.40385166,  0.19335001],
       [ 4.24546904,  6.35052447,  7.68224996,  9.08982039,  2.12669924],
       [ 1.42655953,  0.47322841,  0.87273387, -2.88376625, -0.32080142],
       [ 4.17457774,  3.23403263,  3.9765941 ,  3.57520676,  5.7037784 ],
       [-0.40168513, -0.28745763, -1.86290411,  3.0666798 ,  0.49748517],
       [-0.48619277,  1.10650833,  2.33622681, -2.57063736,  0.69932015],
       [-0.40928219, -0.43342344, -0.43099358, -0.4155045 ,  0.16295583],
       [-0.44281954, -0.46643372, -0.46360057, -0.44426726,  0.26826883]])]Hidden bias: [array([ -9.32037919, -10.52517224, -12.13421249, -13.99646424,  -7.80998594])]Output weights: [[ -6.24535044]
 [ -9.17388659]
 [-17.28657865]
 [-28.16086031]
 [ -9.17783046]]Output bias: [ 1.40377]