Action MLP:Hidden weights: [array([[ 1.53856205,  0.10530718, -0.52128949,  0.02196619, -1.435186  ],
       [-2.03871605, -0.19619744, -0.47265089,  0.62114529, -2.34717026],
       [-0.48328868,  0.29954624, -0.81949372, -0.33959512,  0.46788017],
       [-2.02649976, -0.70654507,  0.18715859,  0.0187381 , -2.43942797],
       [ 1.05756187,  0.69186997,  1.29704661,  0.97605377, -1.24919228],
       [ 0.50454077,  0.70610728,  1.07735253,  1.10397365, -0.65575341],
       [ 0.36897155, -0.62131619,  0.61737348, -0.98963167, -0.28986924],
       [-0.34774052, -0.49993163,  1.08035376, -0.74411655,  0.26234247]])]Hidden bias: [array([-0.74684442, -0.67596458,  0.3739913 , -0.35349907, -0.75567431])]Output weights: [[ 1.64267928 -0.21991928]
 [-0.09483263  0.61401531]
 [-0.31460407  1.46589568]
 [ 0.7908542   1.07704013]
 [ 1.85228306  0.20284563]]Output bias: [ 2.20939245  0.19732211]
Value MLP:Hidden weights: [array([[-0.13222726, -0.08928774, -0.97887242,  2.38144849,  0.19639583],
       [ 4.03525792,  6.13664725,  7.26931735,  8.62283757,  1.90486119],
       [ 1.35170879,  0.49196868,  0.82288456, -2.60849227, -0.29544263],
       [ 4.07814384,  2.98349547,  3.72057155,  3.19990905,  5.61649213],
       [-0.39635328, -0.27057322, -1.84562571,  3.00894727,  0.49807137],
       [-0.47585409,  1.14111467,  2.37056033, -2.68619686,  0.69918437],
       [-0.40928505, -0.43342347, -0.430993  , -0.4155045 ,  0.16200221],
       [-0.44282549, -0.4664343 , -0.4636006 , -0.44426725,  0.26710825]])]Hidden bias: [array([ -9.53864389, -10.74819651, -12.56447884, -14.48584527,  -8.03942103])]Output weights: [[ -6.1772616 ]
 [ -9.11110098]
 [-17.22359965]
 [-28.1014158 ]
 [ -9.11483141]]Output bias: [ 1.35341875]