Action MLP:Hidden weights: [array([[ 1.14998215,  0.13240944, -0.42737713,  0.08549049, -0.96624745],
       [-1.53532956, -0.44395216, -0.03290377, -0.19151451, -1.86427211],
       [ 0.3460623 ,  0.20033824, -0.73065306,  0.0330494 , -0.09774063],
       [-1.76813446, -0.60844858,  0.13436125, -0.43792465, -2.12954586],
       [ 0.86596059,  0.59504401,  0.97799153,  0.67577922, -1.16398832],
       [ 0.48005347,  0.59111112,  0.67421022,  0.76846227, -1.06566808],
       [ 0.19749587, -0.38693142, -0.26744569, -0.46186776, -0.54463157],
       [-0.66554842, -0.25251323,  0.50166391, -0.33565265, -0.07547724]])]Hidden bias: [array([-0.73635071, -0.61675001, -0.02727827, -0.500454  , -0.87490566])]Output weights: [[ 1.3097934   0.18193645]
 [ 0.1640738   0.39365818]
 [ 0.13846803  0.98727138]
 [ 0.32455888  0.44181271]
 [ 1.533247   -0.46917179]]Output bias: [ 1.99178498  0.23357391]
Value MLP:Hidden weights: [array([[-0.13170189, -0.09659906, -0.98313185,  2.39152912,  0.19594232],
       [ 4.12662514,  6.19912685,  7.38450011,  8.72001238,  1.99766359],
       [ 1.38757699,  0.47717919,  0.83482972, -2.66028542, -0.3066864 ],
       [ 4.12085769,  3.09130468,  3.80476204,  3.30997529,  5.65326046],
       [-0.39902293, -0.27895356, -1.85263435,  3.0277905 ,  0.49837059],
       [-0.48109101,  1.12298407,  2.35537294, -2.64585981,  0.70002174],
       [-0.40928255, -0.43342296, -0.43099296, -0.4155045 ,  0.16263033],
       [-0.44282231, -0.46643398, -0.46360059, -0.44426725,  0.267726  ]])]Hidden bias: [array([ -9.44373407, -10.68248812, -12.44377016, -14.38271647,  -7.94235456])]Output weights: [[ -6.31971015]
 [ -9.24958368]
 [-17.36208424]
 [-28.23826836]
 [ -9.2550845 ]]Output bias: [ 1.48844423]