Action MLP:Hidden weights: [array([[  9.19898929e-03,   9.59165640e-03,  -1.59480284e-04,
          1.25120410e-02,   1.00199167e-02,   1.30066383e-03,
         -7.03427390e-03,   8.73016788e-04,  -2.79531505e-03,
          9.00993969e-03,   1.59483552e-02,  -2.67505020e-03,
          7.17607230e-03,   1.26845401e-02,   5.43107065e-03,
          5.25472445e-03,   1.17760955e-02,  -2.97185844e-03,
         -4.52994682e-03,   8.49850350e-03,   9.42437415e-03,
          1.63893128e-03,  -1.60263168e-03,   1.56781450e-02,
          1.02382995e-02,  -1.95982800e-03,   5.21259996e-03,
          7.00167944e-03,  -4.12106414e-04,   7.84696176e-03,
         -3.01056371e-05,   3.74161564e-03,   1.00122703e-02,
          5.90338459e-03,   1.06567965e-02,   3.70797172e-03,
          9.91684148e-04,   7.13337823e-04,  -2.11143751e-04,
          1.31334604e-02,  -1.79200559e-03,  -3.55534631e-03,
          5.89778464e-03,   1.16437049e-02,   5.12339119e-04,
         -4.87680103e-03,   1.13062206e-02,  -4.42418454e-03,
          3.01741320e-03,  -4.02323652e-03],
       [  1.24852810e-01,   1.63215815e-01,   1.97672423e-01,
          3.89727300e-01,   1.91194560e-01,   2.58701954e-01,
          1.62551638e-01,   2.95161799e-01,   1.68411553e-01,
          1.65474387e-01,   2.32726952e-01,   1.48701836e-01,
          1.51163092e-01,   1.09560677e-01,   1.71519687e-01,
          2.72544089e-01,   2.58121202e-01,   5.65633385e-02,
          2.30677517e-01,   1.77635176e-01,   1.19876939e-01,
          2.37724197e-01,   2.08218832e-01,   3.38991254e-01,
          2.33231348e-01,   1.33016284e-01,   2.54666672e-01,
          1.85102868e-01,   4.20801740e-01,   2.01629988e-01,
          1.92107378e-01,   2.59357257e-01,   1.15470885e-01,
          1.61162238e-01,   1.30259016e-01,   3.23223888e-01,
          2.28858315e-01,   1.76905418e-01,   2.58104865e-01,
          2.19828121e-01,   1.39369807e-01,   1.66360962e-01,
          1.96911981e-01,   3.26203860e-01,   1.41398091e-01,
          1.24077519e-01,   2.30825572e-01,   4.07801808e-01,
          3.98123965e-01,   2.26948175e-01],
       [ -4.56072991e-04,  -1.69306783e-02,  -1.29533806e-02,
         -2.14481804e-02,  -1.86246644e-02,  -1.23079612e-02,
          1.58272068e-03,  -6.07201899e-03,  -1.86648171e-02,
         -1.89700928e-02,  -2.76873601e-02,  -1.60104723e-02,
         -2.28800763e-03,   6.30077545e-03,  -2.69912885e-04,
         -7.26640874e-03,  -2.62915579e-02,   1.80636874e-03,
         -2.15898883e-03,  -6.86975357e-03,  -1.18044548e-02,
         -1.09792083e-02,  -7.59777877e-03,  -2.35534103e-02,
         -1.15572575e-02,  -1.48242155e-03,  -9.69284641e-03,
         -1.76698927e-02,  -2.72457528e-02,  -1.32254974e-02,
         -9.29837499e-04,  -1.98371783e-02,  -1.12792455e-02,
         -2.31218181e-03,   2.01206524e-03,  -1.83294684e-02,
         -2.28959906e-02,  -1.85771650e-02,  -2.15749897e-02,
         -1.27274636e-02,  -4.18471169e-03,   2.49784355e-03,
         -3.34126655e-03,  -2.35739683e-02,  -1.80627224e-02,
          1.75831811e-03,  -2.44789782e-02,  -2.91349813e-02,
         -3.75787876e-02,  -5.53163953e-03],
       [  2.63923691e-01,   3.02272174e-01,   3.48902957e-01,
          4.80809790e-01,   3.46596178e-01,   3.96009408e-01,
          3.19342059e-01,   4.48279122e-01,   3.36417932e-01,
          3.10980663e-01,   3.75369986e-01,   2.85889258e-01,
          2.91501206e-01,   2.64749597e-01,   3.18018656e-01,
          4.16795139e-01,   4.15382731e-01,   1.77875885e-01,
          3.79765616e-01,   3.21079254e-01,   2.54677891e-01,
          3.85969895e-01,   3.59370254e-01,   4.69949715e-01,
          3.74416406e-01,   2.97944168e-01,   4.01668271e-01,
          3.44952058e-01,   5.05261912e-01,   3.67409751e-01,
          3.36176426e-01,   4.03957039e-01,   2.72259650e-01,
          3.01909233e-01,   2.69438057e-01,   4.44365854e-01,
          3.92521517e-01,   3.27564857e-01,   3.98410975e-01,
          3.87646448e-01,   2.76091836e-01,   3.12535259e-01,
          3.44313385e-01,   4.63232052e-01,   2.86208167e-01,
          2.57288427e-01,   3.73000320e-01,   5.05537596e-01,
          4.99721929e-01,   3.81737163e-01],
       [  5.12755133e-03,   1.02146681e-03,   1.36893328e-02,
          9.17393859e-04,   1.68209535e-02,   1.45541271e-02,
          1.50701949e-03,   4.45486088e-03,   4.24043900e-03,
          8.22996701e-03,   6.67887226e-03,   2.60350702e-04,
          1.53322556e-03,   8.88657612e-03,   1.17642615e-02,
          8.26528111e-03,   9.23864343e-03,  -2.78416593e-03,
          9.15215056e-03,   1.79127175e-03,   2.76202375e-04,
          1.28298407e-02,  -4.39067302e-03,   1.67506874e-03,
          1.40632701e-02,   4.80995428e-03,   1.26882528e-03,
          6.70890949e-03,   1.07993138e-02,  -3.83538572e-03,
          5.57525934e-03,   1.05581840e-02,  -4.01738709e-03,
          2.95570279e-03,   5.22638613e-03,  -2.99067819e-03,
         -2.57284921e-03,  -6.46537260e-03,   7.50179912e-03,
          1.41093461e-02,  -6.85872093e-03,   9.01799225e-03,
          8.65117742e-03,   1.03203342e-02,   7.17335330e-03,
          1.47913473e-02,   8.65374034e-03,  -5.58170247e-03,
          1.40661515e-02,   8.50748183e-03],
       [ -5.64897963e-03,  -1.09257865e-02,   2.55602118e-03,
          1.49567840e-02,   7.82945955e-03,  -2.82046274e-03,
         -1.47800920e-03,   1.44008507e-02,  -9.75759927e-03,
          2.92584183e-03,  -1.83769404e-03,  -2.53521378e-03,
          3.55763085e-03,  -1.10682681e-02,   2.85454711e-03,
          4.42610456e-03,   2.54624892e-03,  -1.30233171e-02,
          4.72964483e-03,   1.92399463e-03,  -3.01555058e-03,
         -8.97524524e-04,  -5.64916740e-03,   1.02667238e-02,
         -3.63308051e-03,   4.05330840e-03,   1.04961704e-02,
         -2.73578381e-03,   6.04959346e-03,  -5.12149752e-03,
          2.23957057e-03,   1.08670913e-02,  -7.08137236e-03,
         -5.44047214e-03,   2.96603548e-03,   7.88721653e-03,
          5.22330085e-03,  -9.70190409e-03,  -1.72758827e-03,
          3.47880174e-03,  -5.52114100e-03,  -2.22025411e-05,
          4.55350605e-03,   6.06829419e-03,  -9.27671454e-03,
         -6.89360582e-04,  -1.85821900e-04,   8.26967281e-03,
          6.85559256e-03,   1.39643619e-02],
       [  1.09906114e-01,   1.21687990e-01,   1.17576642e-01,
          1.23494315e-01,   1.20854462e-01,   1.31543715e-01,
          1.14370303e-01,   1.41377430e-01,   1.27841070e-01,
          1.11529994e-01,   1.33295025e-01,   1.18879964e-01,
          1.16759944e-01,   1.21601408e-01,   1.17831036e-01,
          1.42324420e-01,   1.39330502e-01,   1.00020706e-01,
          1.35829033e-01,   1.26811707e-01,   1.07336762e-01,
          1.28054497e-01,   1.28199828e-01,   1.38649544e-01,
          1.29778320e-01,   1.19835265e-01,   1.24502630e-01,
          1.28703170e-01,   1.43293838e-01,   1.33897540e-01,
          1.14789633e-01,   1.33281986e-01,   1.09333541e-01,
          1.16801207e-01,   1.09035174e-01,   1.35983268e-01,
          1.29834924e-01,   1.19885667e-01,   1.35902981e-01,
          1.36742605e-01,   1.08040036e-01,   1.29251200e-01,
          1.13406822e-01,   1.50746625e-01,   1.11715009e-01,
          1.00136358e-01,   1.43021944e-01,   1.45150819e-01,
          1.37623291e-01,   1.24315038e-01],
       [  1.00237428e-01,   1.11767491e-01,   1.18108195e-01,
          1.35715397e-01,   1.22347010e-01,   1.23845531e-01,
          1.19229401e-01,   1.48447250e-01,   1.19038496e-01,
          1.12676296e-01,   1.24837108e-01,   1.08196150e-01,
          1.07314320e-01,   1.06140185e-01,   1.13253261e-01,
          1.41134369e-01,   1.42722424e-01,   9.61206185e-02,
          1.36285851e-01,   1.22118999e-01,   1.04159220e-01,
          1.24921795e-01,   1.22424416e-01,   1.48083196e-01,
          1.24731672e-01,   1.21698270e-01,   1.32722858e-01,
          1.23892402e-01,   1.44433944e-01,   1.32844880e-01,
          1.10124208e-01,   1.36827517e-01,   1.08673105e-01,
          1.05498578e-01,   1.04264286e-01,   1.36598599e-01,
          1.27072370e-01,   1.10746708e-01,   1.29695356e-01,
          1.36987459e-01,   1.09352531e-01,   1.29385037e-01,
          1.22296228e-01,   1.48020359e-01,   1.03895382e-01,
          1.03757566e-01,   1.38534154e-01,   1.49197693e-01,
          1.42488335e-01,   1.35021870e-01]]), array([[-0.01780489, -0.02402154, -0.01633301, ..., -0.01682591,
        -0.01479024, -0.02199027],
       [-0.01519762, -0.02623016, -0.02601594, ..., -0.02021877,
        -0.03206887, -0.01356926],
       [-0.0206438 , -0.02983676, -0.03302447, ..., -0.03750798,
        -0.02966372, -0.03802848],
       ..., 
       [-0.06810731, -0.05258234, -0.06557752, ..., -0.0659285 ,
        -0.0721027 , -0.05453748],
       [-0.05588548, -0.06139477, -0.05351738, ..., -0.06292258,
        -0.06083915, -0.05064264],
       [-0.04009632, -0.03630798, -0.04277898, ..., -0.02716913,
        -0.03788123, -0.03978994]])]Hidden bias: [array([-0.83509071, -0.81268528, -0.78045817, -0.61617586, -0.78441735,
       -0.73489297, -0.80425282, -0.69368263, -0.7957813 , -0.80719458,
       -0.75820179, -0.8224322 , -0.81936355, -0.83626118, -0.80291616,
       -0.72325638, -0.72818115, -0.87172665, -0.75886492, -0.80197413,
       -0.83936944, -0.74835663, -0.77378912, -0.65767922, -0.75744368,
       -0.82031158, -0.73277169, -0.78763551, -0.5970344 , -0.77325978,
       -0.7881303 , -0.7326246 , -0.83247162, -0.81251861, -0.83193777,
       -0.67927377, -0.74759916, -0.79660162, -0.7359165 , -0.75706086,
       -0.82839027, -0.80900384, -0.7829295 , -0.67320292, -0.82256136,
       -0.83761222, -0.76467495, -0.60517392, -0.60608773, -0.75590038]), array([-1.04554985, -1.03965576, -1.03911218, -1.04135159, -1.04431441,
       -1.03855695, -1.04070421, -1.04001895, -1.04181624, -1.03923826,
       -1.04121122, -1.04412226, -1.03895373, -1.04476414, -1.04298752,
       -1.04521099, -1.03843201, -1.0465354 , -1.03819513, -1.04040095,
       -1.04218672, -1.0441397 , -1.04076363, -1.03823196, -1.03947016,
       -1.04051154, -1.04224914, -1.03597069, -1.03485343, -1.04300791,
       -1.04704356, -1.04007728, -1.04305302, -1.03839998, -1.03807489,
       -1.03965441, -1.03794251, -1.04235167, -1.03702398, -1.0424878 ,
       -1.04013857, -1.0457099 , -1.04486862, -1.04520198, -1.04076048,
       -1.04215927, -1.04268162, -1.04050338, -1.04605129, -1.03797833])]Output weights: [[ 0.06007173  0.00324445]
 [ 0.05704753  0.0022439 ]
 [ 0.05687407  0.00356798]
 [ 0.06037932  0.00349967]
 [ 0.05937025  0.00356428]
 [ 0.05709573  0.00187444]
 [ 0.05855904  0.00309612]
 [ 0.0597767   0.0034655 ]
 [ 0.06086781  0.00181841]
 [ 0.0571136   0.00397039]
 [ 0.05851395  0.00339915]
 [ 0.05960737  0.0020584 ]
 [ 0.05705384  0.00198302]
 [ 0.05851622  0.00227043]
 [ 0.05907658  0.00357105]
 [ 0.05986961  0.00299789]
 [ 0.05659929  0.00236876]
 [ 0.05828301  0.00351603]
 [ 0.05868172  0.0031132 ]
 [ 0.05823445  0.00255761]
 [ 0.0598213   0.00294367]
 [ 0.05891007  0.00375708]
 [ 0.05890221  0.00337078]
 [ 0.05723199  0.00178632]
 [ 0.06035062  0.00292548]
 [ 0.05957278  0.00137164]
 [ 0.05948254  0.00233928]
 [ 0.05505759  0.00221669]
 [ 0.05691034  0.00552545]
 [ 0.05829297  0.00378293]
 [ 0.05888351  0.00409114]
 [ 0.05773672  0.00307101]
 [ 0.05963234  0.00275408]
 [ 0.05775837  0.0018029 ]
 [ 0.05775973  0.00233648]
 [ 0.05756676  0.00221983]
 [ 0.0575297   0.00230216]
 [ 0.05804521  0.00188994]
 [ 0.05641543  0.00208957]
 [ 0.05721917  0.00314614]
 [ 0.05930755  0.00177006]
 [ 0.0576793   0.00475366]
 [ 0.05852705  0.00455211]
 [ 0.05787472  0.00353411]
 [ 0.05846312  0.00250845]
 [ 0.0600102   0.00389668]
 [ 0.05891628  0.00340373]
 [ 0.05623202  0.00280533]
 [ 0.05958298  0.00454353]
 [ 0.05722099  0.0020639 ]]Output bias: [ 0.35022526  0.0324856 ]
Value MLP:Hidden weights: [array([[ -5.75559670e-02,  -4.68359364e-02,  -4.66459054e-02,
         -5.19554512e-02,  -5.89863937e-02,  -4.41373491e-02,
         -3.84630974e-02,  -5.38637925e-02,  -4.52068004e-02,
         -4.69226845e-02,  -4.34666986e-02,  -5.29309418e-02,
         -5.80624427e-02,  -4.55515753e-02,  -6.13938975e-02,
         -3.54671727e-02,  -3.91019016e-02,  -4.91261298e-02,
         -2.92113730e-02,  -4.13520787e-02,  -4.49585812e-02,
         -3.05359868e-02,  -5.41921754e-02,  -5.26283528e-02,
         -4.36893908e-02,  -5.81614169e-02,  -5.98536635e-02,
         -6.33519425e-02,  -6.02103981e-02,  -4.98293471e-02,
         -3.84019603e-02,  -3.71373303e-02,  -4.97910443e-02,
         -5.68188265e-02,  -5.05245087e-02,  -2.84574197e-02,
         -4.63857574e-02,  -4.74355715e-02,  -3.12386269e-02,
         -5.30277619e-02,  -4.60651506e-02,  -2.07715952e-02,
         -4.58391509e-02,  -6.67146505e-02,  -5.59479627e-02,
         -5.60005323e-02,  -5.42512638e-02,  -5.36146170e-02,
         -4.94005913e-02,  -6.32734617e-02],
       [  9.84196763e-01,   1.06516092e+00,   1.01064479e+00,
          9.57816523e-01,   9.98384525e-01,   9.12143331e-01,
          9.49253683e-01,   9.70433474e-01,   9.38737162e-01,
          9.04378616e-01,   9.98503354e-01,   9.43305081e-01,
          1.01120182e+00,   9.67622823e-01,   1.01121345e+00,
          9.21066034e-01,   9.13339184e-01,   9.34526860e-01,
          8.79761770e-01,   1.06404848e+00,   1.05948125e+00,
          8.87909572e-01,   9.60571975e-01,   9.67483488e-01,
          9.31157504e-01,   1.01867219e+00,   1.06237929e+00,
          1.04565344e+00,   1.05444014e+00,   1.05090595e+00,
          9.25476469e-01,   1.06244743e+00,   9.95824732e-01,
          9.81001273e-01,   9.27563283e-01,   8.88832961e-01,
          9.38436455e-01,   9.43251242e-01,   8.74587840e-01,
          9.36537321e-01,   9.14246179e-01,   8.71520507e-01,
          9.23104380e-01,   1.02349741e+00,   9.87310391e-01,
          1.00691567e+00,   1.01007314e+00,   1.04744090e+00,
          9.38211402e-01,   1.04104381e+00],
       [  1.96456571e-01,   2.46443551e-01,   2.24505172e-01,
          1.86552153e-01,   2.19347733e-01,   1.71770102e-01,
          1.85349589e-01,   2.01384806e-01,   1.85550146e-01,
          1.79969039e-01,   2.14730758e-01,   1.91537549e-01,
          2.08871273e-01,   1.93994714e-01,   2.09182421e-01,
          1.91283508e-01,   1.75314800e-01,   1.91740365e-01,
          1.73419869e-01,   2.53842465e-01,   2.52250466e-01,
          1.85475866e-01,   1.93604114e-01,   2.08846001e-01,
          1.85594006e-01,   2.21607950e-01,   2.51362411e-01,
          2.42550288e-01,   2.57964268e-01,   2.36140303e-01,
          1.84103313e-01,   2.44755511e-01,   2.03448270e-01,
          2.04286998e-01,   1.91433713e-01,   1.85427228e-01,
          1.98489867e-01,   1.85524691e-01,   1.74334310e-01,
          1.83876142e-01,   1.79318648e-01,   1.74952289e-01,
          1.84402174e-01,   2.32518898e-01,   2.16235635e-01,
          2.06438522e-01,   2.19765102e-01,   2.46289942e-01,
          1.83690955e-01,   2.41453816e-01],
       [  4.32372666e-01,   1.42455103e+00,   5.28875969e-01,
          3.63194610e-01,   4.87571757e-01,   2.88528808e-01,
          3.54423017e-01,   4.06925773e-01,   3.42202161e-01,
          2.60764168e-01,   4.79572519e-01,   3.36833581e-01,
          5.20212141e-01,   3.99225263e-01,   5.17762587e-01,
          3.01071275e-01,   2.86884827e-01,   3.23072900e-01,
          2.23030558e-01,   1.45909600e+00,   1.03491389e+00,
          2.36213193e-01,   3.71196071e-01,   4.05174419e-01,
          3.17716832e-01,   5.45201933e-01,   1.05863290e+00,
          7.06328580e-01,   9.77783112e-01,   7.41657351e-01,
          3.15900101e-01,   1.32920175e+00,   4.73328747e-01,
          4.33358640e-01,   3.11512294e-01,   2.34387342e-01,
          3.39223117e-01,   3.41352213e-01,   2.12749108e-01,
          3.31611332e-01,   2.87203861e-01,   2.05882880e-01,
          2.97278622e-01,   5.81820245e-01,   4.54197980e-01,
          4.89236257e-01,   5.16551737e-01,   7.59612862e-01,
          3.22318040e-01,   7.05229416e-01],
       [ -1.43988361e-01,  -1.67796617e-01,  -1.49026420e-01,
         -1.26797818e-01,  -1.48797149e-01,  -1.08372115e-01,
         -1.31036470e-01,  -1.42454971e-01,  -1.29946897e-01,
         -1.07893173e-01,  -1.53619992e-01,  -1.27401592e-01,
         -1.46672957e-01,  -1.32617487e-01,  -1.37696572e-01,
         -1.22841563e-01,  -1.09312547e-01,  -1.23422066e-01,
         -9.49080922e-02,  -1.60531855e-01,  -1.64465483e-01,
         -1.04472688e-01,  -1.33021675e-01,  -1.32844804e-01,
         -1.21811361e-01,  -1.59027176e-01,  -1.57676948e-01,
         -1.55737540e-01,  -1.70153697e-01,  -1.57630167e-01,
         -1.20338368e-01,  -1.59800400e-01,  -1.43552916e-01,
         -1.35379653e-01,  -1.28372028e-01,  -9.53710577e-02,
         -1.36359733e-01,  -1.25916908e-01,  -1.00086785e-01,
         -1.28468273e-01,  -1.10529720e-01,  -1.00731573e-01,
         -1.21746485e-01,  -1.45079402e-01,  -1.38674620e-01,
         -1.52997021e-01,  -1.41593520e-01,  -1.65386833e-01,
         -1.26593653e-01,  -1.63228520e-01],
       [  7.67025599e-03,   3.16247665e-02,   1.01184385e-02,
          1.50090415e-02,   1.54663704e-02,  -1.65618126e-03,
          9.65439400e-04,   3.74392250e-03,   6.65140685e-04,
          8.00671099e-03,   9.99118547e-03,   1.54745591e-02,
          2.42724140e-02,   5.56676719e-03,   1.15263040e-02,
         -1.99932523e-03,   5.39972034e-03,  -4.17937409e-04,
         -6.36067863e-04,   2.63863341e-02,   2.56702883e-02,
          8.88593495e-03,   8.98767617e-03,   6.54685661e-03,
         -2.90382421e-03,   1.92083598e-02,   1.78002873e-02,
          1.79815965e-02,   1.47356405e-02,   1.90597938e-02,
          2.59024740e-03,   2.01922095e-02,   1.66326188e-02,
          1.74619760e-02,   1.13260240e-02,   9.30389142e-03,
          1.73145483e-02,  -1.95815594e-03,  -1.03730126e-02,
          9.24245865e-03,   9.81124641e-03,   4.74692146e-03,
         -4.88627054e-03,   2.13691103e-02,   6.71212462e-03,
          2.45557610e-02,   2.42343313e-02,   2.01726681e-02,
          1.53550010e-02,   2.31984147e-02],
       [ -4.29991870e-02,  -1.87579300e-02,  -5.01247826e-02,
         -5.20159004e-02,  -4.26925885e-02,  -4.79295974e-02,
         -4.47506601e-02,  -4.38590360e-02,  -4.70528555e-02,
         -5.09683988e-02,  -5.25717913e-02,  -5.14059128e-02,
         -4.17685126e-02,  -4.96745321e-02,  -4.56655751e-02,
         -5.64204180e-02,  -5.06836260e-02,  -4.22696424e-02,
         -5.95582250e-02,  -3.35242804e-02,  -3.59540197e-02,
         -5.56345763e-02,  -5.21172320e-02,  -5.00908451e-02,
         -6.10596364e-02,  -3.30548422e-02,  -2.59609790e-02,
         -4.43559996e-02,  -3.71755625e-02,  -3.49791506e-02,
         -5.48203677e-02,  -3.11174080e-02,  -4.91512288e-02,
         -4.16986505e-02,  -5.98166256e-02,  -5.56854991e-02,
         -5.95703266e-02,  -5.92674431e-02,  -5.40348095e-02,
         -5.43651422e-02,  -4.76806515e-02,  -5.64621439e-02,
         -4.24971702e-02,  -4.78076588e-02,  -4.58332011e-02,
         -4.18900224e-02,  -4.79294888e-02,  -3.41672064e-02,
         -4.62107151e-02,  -4.33794196e-02],
       [ -4.60289084e-02,  -3.53380391e-02,  -4.76162425e-02,
         -4.68825561e-02,  -4.81202560e-02,  -6.45348203e-02,
         -5.10262844e-02,  -5.84615529e-02,  -6.05687822e-02,
         -6.24731654e-02,  -4.44649748e-02,  -5.63102269e-02,
         -4.47191503e-02,  -5.48365652e-02,  -5.06464806e-02,
         -5.53972091e-02,  -5.11055162e-02,  -5.94874404e-02,
         -5.25462192e-02,  -2.73732534e-02,  -3.09628075e-02,
         -5.36167859e-02,  -4.82883240e-02,  -5.21876044e-02,
         -6.19473219e-02,  -5.52932217e-02,  -2.95877625e-02,
         -5.06661085e-02,  -4.07819618e-02,  -5.09533719e-02,
         -6.04694779e-02,  -3.98447201e-02,  -5.19692781e-02,
         -4.85479395e-02,  -5.34888127e-02,  -5.36262897e-02,
         -5.46444515e-02,  -4.89826310e-02,  -6.15426088e-02,
         -5.01069545e-02,  -5.56027641e-02,  -5.88088992e-02,
         -4.70017978e-02,  -5.15620260e-02,  -5.47278001e-02,
         -4.49160420e-02,  -4.97289357e-02,  -4.01386042e-02,
         -5.79024516e-02,  -3.61726340e-02]]), array([[ 0.15529902,  0.13867439,  0.14268288, ...,  0.12767556,
         0.12911265,  0.15737223],
       [ 0.28736859,  0.26891498,  0.26795446, ...,  0.23983872,
         0.24906606,  0.26928875],
       [ 0.16423318,  0.16332134,  0.14463866, ...,  0.1461913 ,
         0.15468481,  0.15463779],
       ..., 
       [ 0.20024228,  0.18077146,  0.17766801, ...,  0.17891269,
         0.16154618,  0.18678209],
       [ 0.13871216,  0.13308571,  0.12922016, ...,  0.12454471,
         0.12717114,  0.12480137],
       [ 0.19141715,  0.17806983,  0.16761551, ...,  0.16131683,
         0.16928759,  0.18769274]])]Hidden bias: [array([-1.56100972, -2.16788608, -1.63652841, -1.50055722, -1.60297382,
       -1.40986188, -1.48674108, -1.53543881, -1.46730035, -1.39206529,
       -1.60102173, -1.47423265, -1.62732705, -1.5264051 , -1.62871374,
       -1.43306149, -1.41213601, -1.45947178, -1.34094023, -2.19167242,
       -1.95769361, -1.36135038, -1.50980049, -1.5318578 , -1.45057419,
       -1.65403607, -1.9776467 , -1.76593054, -1.91970584, -1.78863135,
       -1.44009422, -2.1162764 , -1.58903943, -1.55659152, -1.44406717,
       -1.36195016, -1.4683172 , -1.47464452, -1.32962235, -1.46038792,
       -1.41458972, -1.32175021, -1.4341015 , -1.67466801, -1.57684213,
       -1.61333536, -1.62858598, -1.79213468, -1.46053131, -1.75388578]), array([-0.97998792, -1.00232326, -1.00043685, -0.9865815 , -0.9793203 ,
       -1.00334384, -0.99759812, -0.99219481, -0.9961251 , -1.00979079,
       -0.99625394, -1.00785012, -0.99767531, -0.9909366 , -0.99931364,
       -1.00784863, -0.98449295, -0.98432515, -0.98972951, -0.9884183 ,
       -0.98392809, -0.99659943, -0.99507223, -0.99186628, -0.99968023,
       -1.00925241, -1.00644593, -1.00676035, -0.98576212, -1.00923156,
       -1.00816322, -1.00888829, -1.0049157 , -1.00269873, -0.99669751,
       -0.98797049, -1.00063862, -0.99079068, -0.99861706, -1.00657519,
       -1.00618078, -0.98725202, -1.0093683 , -1.00610131, -0.99950261,
       -1.00660865, -0.99378354, -1.01540408, -1.0088379 , -0.98933702])]Output weights: [[ 2.32923947]
 [ 2.39324742]
 [ 2.39614733]
 [ 2.34779969]
 [ 2.32303894]
 [ 2.43863701]
 [ 2.38894528]
 [ 2.40340975]
 [ 2.40142166]
 [ 2.46235763]
 [ 2.38441952]
 [ 2.42835124]
 [ 2.38307814]
 [ 2.36599174]
 [ 2.38106441]
 [ 2.46374547]
 [ 2.3733476 ]
 [ 2.37502632]
 [ 2.34831771]
 [ 2.3441876 ]
 [ 2.3437104 ]
 [ 2.40023692]
 [ 2.35949582]
 [ 2.36677017]
 [ 2.39160844]
 [ 2.45383815]
 [ 2.41566247]
 [ 2.40584885]
 [ 2.34446402]
 [ 2.43198364]
 [ 2.46877659]
 [ 2.40379481]
 [ 2.40637905]
 [ 2.42249185]
 [ 2.35904039]
 [ 2.37330746]
 [ 2.37647848]
 [ 2.4002213 ]
 [ 2.38783291]
 [ 2.40221331]
 [ 2.44645754]
 [ 2.36245612]
 [ 2.45657342]
 [ 2.45059347]
 [ 2.4334759 ]
 [ 2.43072398]
 [ 2.41133797]
 [ 2.45473861]
 [ 2.45196195]
 [ 2.3599763 ]]Output bias: [-7.39379841]