Action MLP:Hidden weights: [array([[  9.00511836e-03,   8.98366923e-03,  -9.90735809e-04,
          1.13630629e-02,   9.04094086e-03,   1.75579165e-04,
         -7.33206692e-03,   2.17355700e-04,  -3.57453214e-03,
          8.22418497e-03,   1.44969828e-02,  -3.21001265e-03,
          6.76352377e-03,   1.23582278e-02,   4.95860285e-03,
          4.46342044e-03,   1.01658982e-02,  -2.91382954e-03,
         -4.99290192e-03,   7.99658487e-03,   9.11872415e-03,
          7.55594968e-04,  -2.26080457e-03,   1.39788377e-02,
          9.29374613e-03,  -2.28106469e-03,   4.42082365e-03,
          6.08576391e-03,  -2.08918472e-03,   6.97483186e-03,
         -4.68587330e-04,   2.52870426e-03,   9.68322234e-03,
          5.55588977e-03,   1.04588306e-02,   2.66507200e-03,
         -2.35099381e-04,  -5.26591926e-05,  -1.50822943e-03,
          1.21125430e-02,  -1.94211751e-03,  -3.90402727e-03,
          5.37483309e-03,   9.93484872e-03,  -4.19935274e-05,
         -5.12989459e-03,   1.00841163e-02,  -5.89981790e-03,
          7.43728387e-04,  -4.61291214e-03],
       [  1.22904354e-01,   1.61148121e-01,   1.95824796e-01,
          3.71127390e-01,   1.89440188e-01,   2.55490675e-01,
          1.60853086e-01,   2.89544131e-01,   1.66659725e-01,
          1.63525515e-01,   2.30237464e-01,   1.46625999e-01,
          1.49239742e-01,   1.07771316e-01,   1.69747514e-01,
          2.68908505e-01,   2.54863087e-01,   5.54850603e-02,
          2.28665547e-01,   1.75757826e-01,   1.17848604e-01,
          2.35289177e-01,   2.06329048e-01,   3.28134598e-01,
          2.30927476e-01,   1.31296155e-01,   2.51580614e-01,
          1.83344616e-01,   3.96496925e-01,   1.99910899e-01,
          1.90288261e-01,   2.56104616e-01,   1.13577745e-01,
          1.59253196e-01,   1.28306160e-01,   3.14890231e-01,
          2.26479590e-01,   1.74883538e-01,   2.54784733e-01,
          2.18060257e-01,   1.37353353e-01,   1.64647553e-01,
          1.95119607e-01,   3.17413477e-01,   1.39346656e-01,
          1.22114733e-01,   2.28559407e-01,   3.85385679e-01,
          3.76930466e-01,   2.24946119e-01],
       [  7.25551989e-03,  -4.99321642e-03,   3.50979794e-03,
          1.86300521e-02,  -2.50891914e-03,   1.11554534e-02,
          1.39784366e-02,   2.33282306e-02,  -4.45435497e-03,
         -6.64304090e-03,  -6.79649718e-03,  -6.39219950e-03,
          7.81302495e-03,   1.29938020e-02,   1.26296382e-02,
          1.86066545e-02,  -1.11946997e-03,   1.91646917e-03,
          1.80202407e-02,   6.63419554e-03,  -4.98522887e-03,
          1.06778491e-02,   9.99841545e-03,   1.13107397e-02,
          9.15759958e-03,   8.15091489e-03,   1.39455522e-02,
         -2.13258132e-03,   1.55222350e-02,   4.78615260e-03,
          1.43483429e-02,   4.10022420e-03,  -3.51461757e-03,
          9.32328911e-03,   1.01403567e-02,   1.33311311e-02,
         -1.66972371e-03,  -4.55028298e-03,   1.98876627e-03,
          7.98790570e-03,   4.87443654e-03,   1.44071773e-02,
          1.28358501e-02,   9.66876895e-03,  -8.40292131e-03,
          8.57469364e-03,  -4.27696781e-03,   1.24396058e-02,
          4.06080457e-03,   1.44608008e-02],
       [  2.61072521e-01,   2.98668720e-01,   3.45529749e-01,
          4.76806420e-01,   3.42919813e-01,   3.93280368e-01,
          3.15615337e-01,   4.45177722e-01,   3.32583934e-01,
          3.07524714e-01,   3.72155631e-01,   2.82536144e-01,
          2.88026159e-01,   2.61769860e-01,   3.14290201e-01,
          4.13437114e-01,   4.12222952e-01,   1.79006462e-01,
          3.75891663e-01,   3.17054019e-01,   2.52079509e-01,
          3.82953757e-01,   3.55866048e-01,   4.66906374e-01,
          3.71089711e-01,   2.94131320e-01,   3.98934621e-01,
          3.41067457e-01,   4.98927701e-01,   3.63478788e-01,
          3.32860591e-01,   4.00936958e-01,   2.69330388e-01,
          2.98431290e-01,   2.66409395e-01,   4.41907501e-01,
          3.89665934e-01,   3.24196256e-01,   3.95560424e-01,
          3.83756958e-01,   2.72956562e-01,   3.08223114e-01,
          3.40801885e-01,   4.59981942e-01,   2.83060143e-01,
          2.54631753e-01,   3.68958730e-01,   5.00081895e-01,
          4.94915656e-01,   3.78288846e-01],
       [  6.81366185e-03,   3.57028860e-03,   1.69503580e-02,
          9.71097425e-03,   1.98641227e-02,   1.90434801e-02,
          4.25381446e-03,   1.07965898e-02,   7.30913647e-03,
          1.05927093e-02,   1.06512560e-02,   2.16905779e-03,
          3.42733476e-03,   9.96247892e-03,   1.42285314e-02,
          1.36224982e-02,   1.41676952e-02,  -2.74099355e-03,
          1.34861435e-02,   4.57263019e-03,   1.71312666e-03,
          1.72966774e-02,  -6.19642910e-04,   8.66666149e-03,
          1.81655224e-02,   6.80813068e-03,   6.30591827e-03,
          9.78546167e-03,   1.96698232e-02,  -3.92065835e-05,
          8.75631242e-03,   1.53067002e-02,  -2.27294909e-03,
          5.44243711e-03,   6.92885711e-03,   3.95371812e-03,
          1.81232823e-03,  -3.43909600e-03,   1.22264246e-02,
          1.81684090e-02,  -4.60434135e-03,   1.13804498e-02,
          1.20483649e-02,   1.67674804e-02,   9.18345396e-03,
          1.60748619e-02,   1.26252713e-02,   3.74564148e-03,
          2.26003532e-02,   1.27292010e-02],
       [ -5.16681657e-03,  -1.01851666e-02,   3.54831670e-03,
          1.92673037e-02,   9.16336514e-03,  -1.27279711e-03,
         -1.25577877e-03,   1.68417845e-02,  -8.96884206e-03,
          3.78168839e-03,   1.30072991e-04,  -1.79881680e-03,
          4.34304509e-03,  -1.09357767e-02,   3.62058783e-03,
          6.30880532e-03,   4.36118920e-03,  -1.29635819e-02,
          5.89987241e-03,   2.89412482e-03,  -2.58172732e-03,
          4.78212342e-04,  -4.78850259e-03,   1.33038061e-02,
         -2.36345102e-03,   4.47167732e-03,   1.22177619e-02,
         -1.73588946e-03,   1.04308104e-02,  -4.30393689e-03,
          3.23830009e-03,   1.30224934e-02,  -6.73151176e-03,
         -4.68219936e-03,   3.54221610e-03,   1.11225575e-02,
          7.23148223e-03,  -8.84208509e-03,   1.11193188e-04,
          4.87467107e-03,  -5.13555523e-03,   2.65382353e-04,
          5.20362419e-03,   9.37003364e-03,  -8.73786874e-03,
         -5.94539269e-04,   1.46816785e-03,   1.27295756e-02,
          1.11853418e-02,   1.52161672e-02],
       [  1.09241143e-01,   1.20725221e-01,   1.16270143e-01,
          1.26379559e-01,   1.19559689e-01,   1.30172809e-01,
          1.12956372e-01,   1.39957078e-01,   1.26270829e-01,
          1.10650828e-01,   1.31943143e-01,   1.18236570e-01,
          1.16246537e-01,   1.20580539e-01,   1.16950901e-01,
          1.40488525e-01,   1.36907901e-01,   9.80734694e-02,
          1.33855425e-01,   1.25706757e-01,   1.06560793e-01,
          1.26408359e-01,   1.26643356e-01,   1.38433109e-01,
          1.28144812e-01,   1.18599070e-01,   1.22911082e-01,
          1.27124657e-01,   1.47504198e-01,   1.31657059e-01,
          1.14066855e-01,   1.31694444e-01,   1.08340132e-01,
          1.16169617e-01,   1.08418511e-01,   1.35978008e-01,
          1.28373084e-01,   1.18854211e-01,   1.34349564e-01,
          1.34444293e-01,   1.07186580e-01,   1.27716697e-01,
          1.11903974e-01,   1.50288079e-01,   1.10913749e-01,
          9.92916934e-02,   1.41053382e-01,   1.48801022e-01,
          1.40634457e-01,   1.22437052e-01],
       [  1.00029862e-01,   1.11600368e-01,   1.17778837e-01,
          1.38763096e-01,   1.21615581e-01,   1.23262301e-01,
          1.19201600e-01,   1.47188511e-01,   1.18405032e-01,
          1.12532303e-01,   1.23735012e-01,   1.07785715e-01,
          1.06844787e-01,   1.05640732e-01,   1.12898474e-01,
          1.39876292e-01,   1.41541660e-01,   9.42315963e-02,
          1.35159603e-01,   1.21422272e-01,   1.03887253e-01,
          1.24318346e-01,   1.21823881e-01,   1.48637664e-01,
          1.24233185e-01,   1.21143771e-01,   1.31985333e-01,
          1.23106541e-01,   1.48505526e-01,   1.31930037e-01,
          1.09890534e-01,   1.35528022e-01,   1.08477449e-01,
          1.05326895e-01,   1.03978434e-01,   1.36278402e-01,
          1.25559377e-01,   1.10485155e-01,   1.28710002e-01,
          1.35614582e-01,   1.09429249e-01,   1.28898407e-01,
          1.22325645e-01,   1.47247538e-01,   1.03870527e-01,
          1.03792173e-01,   1.37162400e-01,   1.52324786e-01,
          1.45884687e-01,   1.34074744e-01]]), array([[-0.01772865, -0.023814  , -0.01617714, ..., -0.01661705,
        -0.01475194, -0.02179508],
       [-0.01476753, -0.02576928, -0.02552121, ..., -0.01972973,
        -0.03159594, -0.01312942],
       [-0.02012565, -0.02929907, -0.032525  , ..., -0.03698903,
        -0.02918544, -0.03749576],
       ..., 
       [-0.06599124, -0.05089701, -0.06377767, ..., -0.0642803 ,
        -0.06992159, -0.05284759],
       [-0.05375645, -0.0596472 , -0.05172759, ..., -0.061244  ,
        -0.0587187 , -0.0488798 ],
       [-0.03956239, -0.03578739, -0.04232215, ..., -0.02669099,
        -0.03741968, -0.03926707]])]Hidden bias: [array([-0.84264413, -0.82173224, -0.79197122, -0.65570604, -0.79548435,
       -0.75123647, -0.81345899, -0.71481338, -0.80578195, -0.81672462,
       -0.77213255, -0.83082436, -0.82780971, -0.84342879, -0.81236965,
       -0.74034675, -0.74487762, -0.87776026, -0.77162913, -0.81141963,
       -0.84678721, -0.76289073, -0.78564579, -0.68652666, -0.77099182,
       -0.8282983 , -0.74915952, -0.79820635, -0.64176347, -0.78482782,
       -0.79899189, -0.74901571, -0.84010035, -0.82146104, -0.8396194 ,
       -0.70444958, -0.76235017, -0.8069531 , -0.75217734, -0.76995586,
       -0.83638586, -0.81753513, -0.79399667, -0.69866119, -0.83101566,
       -0.84504721, -0.77727343, -0.64751737, -0.64807447, -0.76922936]), array([-1.04408299, -1.03858996, -1.03804633, -1.0398289 , -1.04293585,
       -1.0374869 , -1.03943448, -1.03857875, -1.04024983, -1.03813872,
       -1.03994992, -1.04272405, -1.03787472, -1.04350689, -1.04163929,
       -1.04377076, -1.03740589, -1.04530068, -1.03689184, -1.03916389,
       -1.04076029, -1.04283674, -1.03945249, -1.03713787, -1.0379542 ,
       -1.03910825, -1.04085461, -1.03514459, -1.03377808, -1.04177941,
       -1.04573465, -1.03890271, -1.04162989, -1.03722475, -1.03690539,
       -1.03850724, -1.03680696, -1.04115309, -1.03601712, -1.04138716,
       -1.03875992, -1.04455558, -1.04359895, -1.04403186, -1.03949692,
       -1.04068499, -1.0413578 , -1.03954041, -1.04463525, -1.03687247])]Output weights: [[  8.46804055e-02  -8.07578065e-04]
 [  8.16551197e-02  -3.28249457e-04]
 [  8.19907377e-02   7.07019156e-04]
 [  8.51652953e-02  -9.41545824e-04]
 [  8.43145692e-02  -1.86857146e-04]
 [  8.17298672e-02  -5.76668316e-04]
 [  8.32624280e-02  -4.77368972e-04]
 [  8.45914052e-02  -7.43500265e-04]
 [  8.51048082e-02  -2.40272243e-03]
 [  8.23120910e-02   9.53384038e-04]
 [  8.33262156e-02  -6.34429581e-05]
 [  8.40981874e-02  -1.36689070e-03]
 [  8.17126001e-02  -6.37927086e-04]
 [  8.32708146e-02  -8.95730936e-04]
 [  8.40123813e-02  -2.90794887e-04]
 [  8.46031697e-02  -7.15174610e-04]
 [  8.14386491e-02   7.17177361e-05]
 [  8.32881458e-02   4.06064373e-04]
 [  8.34110032e-02  -6.87599547e-04]
 [  8.29818552e-02  -8.61487752e-04]
 [  8.44148060e-02  -1.12004444e-03]
 [  8.37548058e-02   3.18594104e-04]
 [  8.36443024e-02  -2.76345643e-04]
 [  8.18957878e-02  -7.58456902e-04]
 [  8.49833381e-02  -1.53944455e-03]
 [  8.38970701e-02  -2.22884934e-03]
 [  8.41270372e-02  -1.28557357e-03]
 [  7.98701408e-02   6.68188756e-04]
 [  8.20752262e-02   1.99252996e-03]
 [  8.32871084e-02   5.20424229e-04]
 [  8.39600721e-02   5.29868263e-04]
 [  8.26963638e-02   2.06338490e-04]
 [  8.44615077e-02  -9.76974453e-04]
 [  8.22899737e-02  -1.10099407e-03]
 [  8.23948644e-02  -7.64895280e-04]
 [  8.22959578e-02  -6.67571634e-04]
 [  8.22468873e-02  -2.10621677e-04]
 [  8.25899398e-02  -1.07724037e-03]
 [  8.12371375e-02  -1.28179492e-04]
 [  8.22292130e-02   5.74940410e-04]
 [  8.38557954e-02  -2.01988840e-03]
 [  8.28813610e-02   1.58294949e-03]
 [  8.37417436e-02   1.07598426e-03]
 [  8.27544045e-02   4.86942342e-04]
 [  8.33024257e-02  -5.17319950e-04]
 [  8.49743918e-02  -3.86416356e-04]
 [  8.37932913e-02  -2.01945423e-04]
 [  8.10644483e-02   4.71604222e-04]
 [  8.46310637e-02   4.44742405e-04]
 [  8.19351396e-02  -5.45416366e-04]]Output bias: [ 0.33287986  0.00368957]
Value MLP:Hidden weights: [array([[ -5.87989723e-02,  -4.79418332e-02,  -4.79525191e-02,
         -5.31746353e-02,  -6.02723274e-02,  -4.53275728e-02,
         -3.96964599e-02,  -5.51138474e-02,  -4.64310134e-02,
         -4.81197584e-02,  -4.47580436e-02,  -5.41601084e-02,
         -5.93310403e-02,  -4.67964981e-02,  -6.26561611e-02,
         -3.67050029e-02,  -4.03026668e-02,  -5.03572454e-02,
         -3.04018493e-02,  -4.24494610e-02,  -4.62069054e-02,
         -3.17557356e-02,  -5.54268004e-02,  -5.38891513e-02,
         -4.49072692e-02,  -5.94509666e-02,  -6.10759563e-02,
         -6.46567903e-02,  -6.14802944e-02,  -5.11326083e-02,
         -3.96216818e-02,  -3.82753728e-02,  -5.10531368e-02,
         -5.80717444e-02,  -5.17494597e-02,  -2.96720019e-02,
         -4.76333429e-02,  -4.86577034e-02,  -3.24333600e-02,
         -5.42424174e-02,  -4.72666910e-02,  -2.19741948e-02,
         -4.70564248e-02,  -6.80151654e-02,  -5.72297049e-02,
         -5.72728267e-02,  -5.55365734e-02,  -5.49302927e-02,
         -5.06152188e-02,  -6.45843972e-02],
       [  9.50654669e-01,   1.02690447e+00,   9.75791208e-01,
          9.25236291e-01,   9.64082831e-01,   8.80661484e-01,
          9.16674383e-01,   9.37283829e-01,   9.06454720e-01,
          8.73217591e-01,   9.64283895e-01,   9.10954528e-01,
          9.76544113e-01,   9.34469301e-01,   9.76600013e-01,
          8.89203799e-01,   8.81814220e-01,   9.02333138e-01,
          8.49177731e-01,   1.02591018e+00,   1.02176768e+00,
          8.56915671e-01,   9.27781600e-01,   9.34330206e-01,
          8.99236491e-01,   9.83787869e-01,   1.02473275e+00,
          1.00930649e+00,   1.01681948e+00,   1.01419383e+00,
          8.93600260e-01,   1.02433617e+00,   9.61787055e-01,
          9.47481549e-01,   8.95689637e-01,   8.57931170e-01,
          9.06114235e-01,   9.10908776e-01,   8.44037994e-01,
          9.04379809e-01,   8.82724658e-01,   8.41040284e-01,
          8.91312176e-01,   9.88113255e-01,   9.53325474e-01,
          9.72439662e-01,   9.75488293e-01,   1.01068239e+00,
          9.06146752e-01,   1.00463561e+00],
       [  1.87538301e-01,   2.36408872e-01,   2.15106394e-01,
          1.77917111e-01,   2.10131685e-01,   1.63466997e-01,
          1.76693476e-01,   1.92533914e-01,   1.76978373e-01,
          1.71714717e-01,   2.05528277e-01,   1.82934579e-01,
          1.99622801e-01,   1.85168679e-01,   1.99951656e-01,
          1.82775281e-01,   1.66977429e-01,   1.83168791e-01,
          1.65318709e-01,   2.43822844e-01,   2.42125239e-01,
          1.77215304e-01,   1.84882336e-01,   1.99961330e-01,
          1.77112756e-01,   2.12235286e-01,   2.41293796e-01,
          2.32738393e-01,   2.47824754e-01,   2.26253316e-01,
          1.75633182e-01,   2.34701790e-01,   1.94365162e-01,
          1.95341843e-01,   1.82945697e-01,   1.77192714e-01,
          1.89847453e-01,   1.76942555e-01,   1.66236818e-01,
          1.75356458e-01,   1.70974986e-01,   1.66856034e-01,
          1.75959213e-01,   2.22989671e-01,   2.07109566e-01,
          1.97235635e-01,   2.10477186e-01,   2.36345722e-01,
          1.75190970e-01,   2.31626981e-01],
       [  4.28014461e-01,   1.41592636e+00,   5.24028148e-01,
          3.59188624e-01,   4.82941932e-01,   2.84889795e-01,
          3.50442573e-01,   4.02704887e-01,   3.38300873e-01,
          2.57243718e-01,   4.74974125e-01,   3.32940462e-01,
          5.15426978e-01,   3.95034157e-01,   5.12980460e-01,
          2.97345840e-01,   2.83248566e-01,   3.19234232e-01,
          2.19690346e-01,   1.45037632e+00,   1.02776508e+00,
          2.32791584e-01,   3.67132864e-01,   4.00966770e-01,
          3.13929040e-01,   5.40286523e-01,   1.05139008e+00,
          7.00620125e-01,   9.70859349e-01,   7.35760370e-01,
          3.12134352e-01,   1.32092359e+00,   4.68785421e-01,
          4.29016385e-01,   3.07756628e-01,   2.30981535e-01,
          3.35335727e-01,   3.37438589e-01,   2.09436072e-01,
          3.27759022e-01,   2.83566927e-01,   2.02606419e-01,
          2.93563417e-01,   5.76718273e-01,   4.49718027e-01,
          4.84569584e-01,   5.11790746e-01,   7.53655252e-01,
          3.18503583e-01,   6.99532345e-01],
       [ -1.43928824e-01,  -1.67437441e-01,  -1.48926965e-01,
         -1.26762988e-01,  -1.48716559e-01,  -1.08350756e-01,
         -1.30990715e-01,  -1.42395006e-01,  -1.29905054e-01,
         -1.07876453e-01,  -1.53533467e-01,  -1.27367688e-01,
         -1.46595567e-01,  -1.32564190e-01,  -1.37618783e-01,
         -1.22800448e-01,  -1.09290541e-01,  -1.23383469e-01,
         -9.48929681e-02,  -1.60161712e-01,  -1.64209449e-01,
         -1.04450898e-01,  -1.32977642e-01,  -1.32785837e-01,
         -1.21774501e-01,  -1.58930318e-01,  -1.57417915e-01,
         -1.55589795e-01,  -1.69908252e-01,  -1.57470031e-01,
         -1.20302982e-01,  -1.59462506e-01,  -1.43483461e-01,
         -1.35323508e-01,  -1.28338304e-01,  -9.53528504e-02,
         -1.36316325e-01,  -1.25876779e-01,  -1.00067144e-01,
         -1.28435509e-01,  -1.10509426e-01,  -1.00714081e-01,
         -1.21712733e-01,  -1.44977378e-01,  -1.38601314e-01,
         -1.52923877e-01,  -1.41512465e-01,  -1.65215140e-01,
         -1.26565055e-01,  -1.63080615e-01],
       [  8.66860842e-03,   3.38229529e-02,   1.12379755e-02,
          1.59150060e-02,   1.65285426e-02,  -8.30470217e-04,
          1.87529059e-03,   4.71352375e-03,   1.55725348e-03,
          8.80163752e-03,   1.10517720e-02,   1.63551368e-02,
          2.53636823e-02,   6.52359203e-03,   1.26219092e-02,
         -1.14651996e-03,   6.22162414e-03,   4.58248774e-04,
          1.20497853e-04,   2.86226491e-02,   2.74166016e-02,
          9.65878019e-03,   9.91299504e-03,   7.50915537e-03,
         -2.03726122e-03,   2.03417363e-02,   1.95778078e-02,
          1.93201654e-02,   1.64262353e-02,   2.04457214e-02,
          3.44785612e-03,   2.22856334e-02,   1.76700914e-02,
          1.84483394e-02,   1.21795803e-02,   1.00702699e-02,
          1.81976519e-02,  -1.06307717e-03,  -9.61576310e-03,
          1.01175074e-02,   1.06314100e-02,   5.48901686e-03,
         -4.03625713e-03,   2.25425799e-02,   7.73978749e-03,
          2.56195986e-02,   2.53202109e-02,   2.15804241e-02,
          1.62170491e-02,   2.45323465e-02],
       [ -4.29796891e-02,  -1.87455399e-02,  -5.01061335e-02,
         -5.19963084e-02,  -4.26736201e-02,  -4.79078617e-02,
         -4.47296726e-02,  -4.38389844e-02,  -4.70317679e-02,
         -5.09467689e-02,  -5.25527555e-02,  -5.13857050e-02,
         -4.17504780e-02,  -4.96546414e-02,  -4.56474189e-02,
         -5.63986773e-02,  -5.06620235e-02,  -4.22481537e-02,
         -5.95354281e-02,  -3.35121864e-02,  -3.59391875e-02,
         -5.56119832e-02,  -5.20973457e-02,  -5.00709549e-02,
         -6.10388277e-02,  -3.30365509e-02,  -2.59461045e-02,
         -4.43393133e-02,  -3.71597812e-02,  -3.49624061e-02,
         -5.47992347e-02,  -3.11043254e-02,  -4.91326601e-02,
         -4.16794181e-02,  -5.97959478e-02,  -5.56631568e-02,
         -5.95500174e-02,  -5.92468189e-02,  -5.40111195e-02,
         -5.43445447e-02,  -4.76592256e-02,  -5.64388217e-02,
         -4.24750004e-02,  -4.77901900e-02,  -4.58136982e-02,
         -4.18716599e-02,  -4.79116463e-02,  -3.41501542e-02,
         -4.61902573e-02,  -4.33624131e-02],
       [ -4.60142508e-02,  -3.53303316e-02,  -4.76027330e-02,
         -4.68671106e-02,  -4.81062413e-02,  -6.45180881e-02,
         -5.10104284e-02,  -5.84468184e-02,  -6.05529254e-02,
         -6.24561840e-02,  -4.44509463e-02,  -5.62944791e-02,
         -4.47054683e-02,  -5.48215823e-02,  -5.06329885e-02,
         -5.53806321e-02,  -5.10884566e-02,  -5.94713031e-02,
         -5.25279915e-02,  -2.73657429e-02,  -3.09529209e-02,
         -5.35988169e-02,  -4.82729831e-02,  -5.21726853e-02,
         -6.19314542e-02,  -5.52801202e-02,  -2.95780172e-02,
         -5.06544501e-02,  -4.07718078e-02,  -5.09418508e-02,
         -6.04532697e-02,  -3.98366403e-02,  -5.19552947e-02,
         -4.85332795e-02,  -5.34725907e-02,  -5.36084230e-02,
         -5.46286265e-02,  -4.89667246e-02,  -6.15242611e-02,
         -5.00908107e-02,  -5.55858852e-02,  -5.87903895e-02,
         -4.69848626e-02,  -5.15491907e-02,  -5.47135121e-02,
         -4.49021045e-02,  -4.97154896e-02,  -4.01268950e-02,
         -5.78865269e-02,  -3.61604425e-02]]), array([[ 0.1573457 ,  0.14155226,  0.1456507 , ...,  0.1323242 ,
         0.13378103,  0.15976494],
       [ 0.29030028,  0.27303076,  0.27219772, ...,  0.24647473,
         0.2557288 ,  0.27271365],
       [ 0.16637414,  0.16633186,  0.1477433 , ...,  0.15105526,
         0.15956933,  0.15714065],
       ..., 
       [ 0.20262104,  0.18411521,  0.1811161 , ...,  0.18431345,
         0.16696943,  0.18956243],
       [ 0.14062994,  0.13578207,  0.1320008 , ...,  0.12889891,
         0.13154398,  0.12704342],
       [ 0.19373438,  0.18132746,  0.17097484, ...,  0.16657922,
         0.17457196,  0.1904013 ]])]Hidden bias: [array([-1.59548128, -2.20707682, -1.67234516, -1.53404838, -1.63822554,
       -1.44223405, -1.52023897, -1.56951666, -1.50049436, -1.42411429,
       -1.63619433, -1.50749603, -1.66293134, -1.56048608, -1.66427148,
       -1.46583627, -1.44455508, -1.49257831, -1.37240366, -2.23074307,
       -1.99636547, -1.39323926, -1.54351028, -1.5659421 , -1.48340061,
       -1.68987565, -2.0162417 , -1.80324638, -1.95829171, -1.82631615,
       -1.47287567, -2.15532529, -1.62401721, -1.5910421 , -1.47684698,
       -1.39374315, -1.50155877, -1.50789865, -1.361054  , -1.49345145,
       -1.44700482, -1.35311381, -1.4667973 , -1.71101423, -1.61177422,
       -1.64875966, -1.66412154, -1.82986899, -1.49350053, -1.79126603]), array([-0.98413695, -1.00812119, -1.00641302, -0.99111202, -0.98332399,
       -1.01174165, -1.0033185 , -0.99870251, -1.00244869, -1.02010111,
       -1.00181889, -1.01535675, -1.00315655, -0.9959512 , -1.00469282,
       -1.01841364, -0.98987749, -0.9897731 , -0.99421594, -0.99281461,
       -0.98838555, -1.00284591, -0.99980332, -0.99688344, -1.00546325,
       -1.01871039, -1.01322621, -1.01303366, -0.99020643, -1.01692858,
       -1.01930074, -1.01500471, -1.01125277, -1.00998069, -1.00138307,
       -0.99329132, -1.00582463, -0.99716852, -1.0042764 , -1.01267537,
       -1.01507879, -0.99220437, -1.01909693, -1.01538344, -1.00760977,
       -1.01431247, -1.00067403, -1.02469153, -1.01816761, -0.99417601])]Output weights: [[-1.84106957]
 [-1.77724798]
 [-1.77437499]
 [-1.82255486]
 [-1.84724717]
 [-1.73216602]
 [-1.7815503 ]
 [-1.76719665]
 [-1.7691548 ]
 [-1.70862928]
 [-1.78605879]
 [-1.74233877]
 [-1.78738708]
 [-1.80442474]
 [-1.78938418]
 [-1.70727317]
 [-1.79712829]
 [-1.79545841]
 [-1.82202376]
 [-1.82614304]
 [-1.82663832]
 [-1.77032895]
 [-1.81087066]
 [-1.80364391]
 [-1.77889217]
 [-1.71706139]
 [-1.75494781]
 [-1.76469778]
 [-1.82587947]
 [-1.73872465]
 [-1.70229401]
 [-1.76673   ]
 [-1.76417947]
 [-1.74818332]
 [-1.81131813]
 [-1.79715412]
 [-1.79394336]
 [-1.77037056]
 [-1.7826546 ]
 [-1.76831233]
 [-1.72438674]
 [-1.80795536]
 [-1.7143525 ]
 [-1.72029824]
 [-1.73730415]
 [-1.73998857]
 [-1.75931478]
 [-1.71612603]
 [-1.71892646]
 [-1.81041692]]Output bias: [-3.22446193]