Action MLP:Hidden weights: [array([[ 0.00793345,  0.0071358 , -0.00898215, ...,  0.00635355,
         0.00123706, -0.00945293],
       [-0.00712781,  0.00682735,  0.00822257, ..., -0.00744656,
        -0.00596455,  0.0049323 ],
       [ 0.00089092, -0.00520824,  0.00977284, ..., -0.00241025,
         0.00274274, -0.00417892],
       ..., 
       [ 0.00033649,  0.00925632, -0.00854101, ..., -0.00743865,
         0.001845  ,  0.01080156],
       [ 0.00349161, -0.00929165, -0.00166547, ...,  0.00710106,
         0.0075672 , -0.00231023],
       [ 0.00401278,  0.0089938 ,  0.00462117, ..., -0.00342961,
         0.00367774,  0.00392215]])]Hidden bias: [array([-0.98987104, -0.98984208, -0.98966737, -0.98987695, -0.98976105,
       -0.98954342, -0.98976042, -0.98985445, -0.98997011, -0.98978356,
       -0.98951931, -0.98987834, -0.98981127, -0.98988746, -0.989877  ,
       -0.98980147, -0.98988412, -0.98988238, -0.98957035, -0.98965782])]Output weights: [[ -6.73009680e-03   3.63721075e-03]
 [  2.37069848e-03   2.67100917e-03]
 [  2.33709264e-03   4.74093101e-05]
 [ -5.51134387e-03  -3.05169005e-03]
 [  4.03448632e-04   4.46024711e-04]
 [  1.84508970e-03   6.43483139e-03]
 [ -5.51529754e-03   3.72037876e-03]
 [ -9.22970471e-05   3.39774446e-03]
 [  4.03436177e-03   3.32247299e-03]
 [  3.29083354e-03  -1.15500671e-03]
 [ -5.83907306e-03   2.17302612e-03]
 [  6.99948205e-03   2.66084326e-03]
 [  1.12105597e-02  -1.21784272e-03]
 [  1.85085340e-03   2.79345506e-03]
 [ -8.39613514e-03  -6.28882948e-03]
 [ -1.51935384e-03  -3.01301672e-03]
 [  8.38740074e-03   5.45250460e-03]
 [ -4.87539248e-03   3.21862066e-03]
 [ -2.03909806e-03  -5.73641370e-03]
 [ -1.89752685e-03   2.62811331e-03]]Output bias: [ 1.0001998   1.00142323]
Value MLP:Hidden weights: [array([[ 0.0056476 , -0.00680861,  0.00039585, ..., -0.00545035,
        -0.00152025,  0.00070466],
       [ 0.00668676, -0.00789122,  0.00784228, ...,  0.00422729,
         0.00536297,  0.0017263 ],
       [-0.02516359, -0.01508486, -0.02113277, ..., -0.01754665,
        -0.01684885, -0.00749769],
       ..., 
       [-0.03323939, -0.03397509, -0.02401276, ..., -0.0322324 ,
        -0.02294705, -0.02286303],
       [ 0.00851962,  0.0055183 ,  0.00026152, ..., -0.00668116,
        -0.00816076, -0.00048996],
       [-0.00360965,  0.00679394,  0.00084656, ..., -0.00909853,
         0.00425004, -0.00238045]])]Hidden bias: [array([-1.23302268, -1.23386517, -1.23507494, -1.22980834, -1.23267963,
       -1.23138537, -1.2304258 , -1.23018274, -1.23263574, -1.23039778,
       -1.23163053, -1.23297609, -1.23205232, -1.23157059, -1.23389923,
       -1.23174688, -1.23641696, -1.2310408 , -1.23425265, -1.23442964])]Output weights: [[ 4.38304172]
 [ 4.37815252]
 [ 4.38096015]
 [ 4.38004972]
 [ 4.37911537]
 [ 4.39909735]
 [ 4.38174434]
 [ 4.3860581 ]
 [ 4.39347548]
 [ 4.3680284 ]
 [ 4.37823394]
 [ 4.38816594]
 [ 4.35719122]
 [ 4.37859164]
 [ 4.36629401]
 [ 4.37380875]
 [ 4.37633029]
 [ 4.39616799]
 [ 4.36931833]
 [ 4.34630507]]Output bias: [-3.6837331]