Action MLP:Hidden weights: [array([[-0.00687346,  0.00073766,  0.00994541, ...,  0.00739779,
        -0.00593768,  0.00064234],
       [-0.00813286, -0.00732809,  0.00087947, ..., -0.00237395,
         0.00888589, -0.00452196],
       [ 0.00412441,  0.00834732,  0.01448745, ...,  0.0101291 ,
         0.00643322,  0.00412393],
       ..., 
       [ 0.0013229 ,  0.00707049,  0.01610776, ..., -0.00246675,
         0.01565821,  0.00965055],
       [ 0.00672579,  0.00829642,  0.00557885, ...,  0.0029824 ,
        -0.00204912,  0.00456653],
       [-0.00393307, -0.00483599,  0.00658797, ...,  0.00174963,
         0.00164577,  0.00597595]])]Hidden bias: [array([-0.95137567, -0.95098504, -0.95218564, -0.95249552, -0.9506757 ,
       -0.95105166, -0.95251185, -0.95201425, -0.95178008, -0.9517602 ,
       -0.95210527, -0.95140095, -0.95159397, -0.95214156, -0.95292843,
       -0.95185159, -0.95112718, -0.95174607, -0.95116982, -0.95257688])]Output weights: [[  3.99845527e-03  -4.62082474e-03]
 [ -2.32773653e-03   2.24573388e-04]
 [ -5.36786234e-03   7.42068897e-03]
 [  5.35224298e-03   4.26821853e-03]
 [  6.42441910e-04  -5.24254499e-03]
 [ -1.52561431e-03   2.69682172e-03]
 [  3.03096072e-03  -6.62976890e-04]
 [  2.89381928e-03   2.32718201e-04]
 [  5.02820358e-03  -4.77262885e-03]
 [  6.71227525e-04   1.83249526e-03]
 [  2.07654277e-03   2.57033646e-03]
 [  3.22684734e-03   1.75878257e-03]
 [  4.47021997e-03  -6.22190626e-03]
 [  3.30790319e-05   5.19641413e-03]
 [  8.04685474e-04   2.30418818e-03]
 [  4.89987123e-03  -1.55743034e-03]
 [ -5.44839819e-03   5.45640302e-04]
 [ -2.16675690e-03   5.96229714e-03]
 [  3.13096779e-03   1.04947692e-03]
 [ -4.29331741e-05   4.42758626e-03]]Output bias: [ 1.01296999  0.98248165]
Value MLP:Hidden weights: [array([[-0.00725256, -0.00947378,  0.0038839 , ..., -0.00397203,
        -0.00891638,  0.00367282],
       [ 0.00497539,  0.00465103,  0.00225282, ...,  0.00742141,
         0.00908365,  0.00706461],
       [-0.03495584, -0.02279542, -0.03462267, ..., -0.03465411,
        -0.03524352, -0.02081856],
       ..., 
       [-0.01754694, -0.01178022, -0.00631794, ..., -0.00332305,
        -0.00320577, -0.01297413],
       [ 0.00579944, -0.00775144, -0.00292749, ...,  0.00012519,
         0.00260376, -0.00342236],
       [ 0.00747688,  0.00917151,  0.00765476, ...,  0.00957632,
         0.00254322,  0.00994778]])]Hidden bias: [array([-1.07188916, -1.07757037, -1.0774084 , -1.07446416, -1.08725668,
       -1.06799532, -1.07568939, -1.0807331 , -1.06998642, -1.07437039,
       -1.08034822, -1.07194526, -1.06967806, -1.06748932, -1.07739371,
       -1.07838789, -1.08351855, -1.07410937, -1.07798814, -1.06892057])]Output weights: [[ 3.92103176]
 [ 3.91194837]
 [ 3.92492431]
 [ 3.97061256]
 [ 3.95508366]
 [ 3.95281658]
 [ 3.97590863]
 [ 3.97150248]
 [ 3.9121669 ]
 [ 3.94405103]
 [ 3.96400494]
 [ 3.95518644]
 [ 3.91663151]
 [ 3.98070763]
 [ 3.95656677]
 [ 3.92190212]
 [ 3.92155669]
 [ 3.92549318]
 [ 3.93375141]
 [ 3.9507452 ]]Output bias: [-3.48231954]