Action MLP:Hidden weights: [array([[ 0.10304934,  0.05910247,  0.1155276 ,  0.00428314,  0.01719918,
         0.13750462,  0.11330934,  0.2272512 ,  0.16214093,  0.10400138,
         0.19851376,  0.09080958,  0.1411572 ,  0.02446737,  0.1506134 ,
         0.09048633,  0.11271576,  0.06480311,  0.05173053,  0.21963016],
       [ 0.28914342,  0.321073  ,  0.26184242, -0.43647152,  0.3172818 ,
         0.25066123,  0.26065975,  0.17028417,  0.21101359,  0.27718039,
         0.19706572,  0.2951501 ,  0.22757571,  0.33161618,  0.20545607,
         0.25627548,  0.23719779,  0.29747693,  0.28587336,  0.1746095 ],
       [ 0.06647453,  0.0395575 ,  0.08239221, -1.11630234,  0.04567733,
         0.08158014,  0.07879252,  0.12770026,  0.1117396 ,  0.06586321,
         0.11152945,  0.0522806 ,  0.09784654,  0.0393574 ,  0.10947278,
         0.0823852 ,  0.10045195,  0.05025806,  0.0619204 ,  0.13323663],
       [-0.40737888, -0.38375639, -0.38651656, -0.98926692, -0.35601328,
        -0.38542733, -0.39843638, -0.41913917, -0.40148072, -0.38199946,
        -0.41929718, -0.39132768, -0.37524855, -0.38948193, -0.37611757,
        -0.35098152, -0.37291288, -0.3606649 , -0.33646125, -0.43201948],
       [ 0.02911081, -0.01629363,  0.05571281,  0.38691731, -0.00745435,
         0.04437405,  0.0506711 ,  0.16626095,  0.11063443,  0.01661949,
         0.12981086,  0.00213147,  0.06479521, -0.01207172,  0.08966807,
         0.03336335,  0.06492822, -0.00629339,  0.00337312,  0.18871502],
       [ 0.01059442, -0.00279579,  0.03863317,  0.81407333,  0.00490493,
         0.06276149,  0.02896219,  0.15246598,  0.08929748,  0.03867321,
         0.09182332,  0.01191779,  0.09072781, -0.02371874,  0.10703989,
         0.06891235,  0.08146551,  0.02554307,  0.04866215,  0.13360672],
       [ 0.08111937,  0.06217054,  0.0860364 ,  0.11311754,  0.07359693,
         0.07040345,  0.08367724,  0.08347855,  0.08576263,  0.08173128,
         0.07453958,  0.07308297,  0.06982355,  0.0687334 ,  0.08514195,
         0.08106671,  0.08242895,  0.07795256,  0.07327046,  0.09140908],
       [ 0.01421437,  0.02415548,  0.0247129 , -0.0101517 ,  0.02584383,
         0.01951522,  0.02116611,  0.00761239,  0.02635813,  0.01569202,
         0.01008984,  0.01266842,  0.0182504 ,  0.02340671,  0.02339153,
         0.0169769 ,  0.0227912 ,  0.00878648,  0.02594821,  0.01768005]])]Hidden bias: [array([-0.38162075, -0.35201777, -0.39930746, -0.82163996, -0.35268004,
       -0.40812294, -0.39195752, -0.49309104, -0.45138633, -0.38286622,
       -0.46068786, -0.36381608, -0.42585483, -0.34328451, -0.44047669,
       -0.39460409, -0.42224478, -0.36169243, -0.37101592, -0.4961512 ])]Output weights: [[ 0.03893567 -0.01536696]
 [ 0.07276737 -0.02581365]
 [-0.00219239 -0.00424612]
 [-0.79320026 -0.17316924]
 [ 0.05822018 -0.03359998]
 [-0.01933185  0.009777  ]
 [ 0.00863541 -0.00886978]
 [-0.11318312  0.02816001]
 [-0.06702095  0.01317004]
 [ 0.01653683 -0.00317784]
 [-0.07221836  0.01834248]
 [ 0.04947494 -0.01427239]
 [-0.05270182  0.0180259 ]
 [ 0.09175528 -0.04258006]
 [-0.07591672  0.02070448]
 [-0.02083925  0.00443959]
 [-0.04472953  0.00810579]
 [ 0.03843046 -0.01321502]
 [ 0.01071472 -0.00921673]
 [-0.10457703  0.01624101]]Output bias: [ 0.15022225  0.1314449 ]
Value MLP:Hidden weights: [array([[ -1.73895799e+01,   3.39629245e+01,  -4.31803594e+00,
         -1.86073267e+01,   3.30781701e+01,   1.08222890e+01,
         -1.19481096e+01,  -2.24834954e+01,  -1.17344644e+01,
          2.75797878e+01,  -1.55707850e+01,   1.98655989e+00,
         -5.17722357e+00,  -4.70640173e+00,   1.22574054e+01,
         -3.83506481e+01,   1.83270939e+01,  -8.53617683e+00,
          5.98558081e+00,  -8.05827287e+00],
       [  1.01058406e+01,  -5.00276087e+00,  -3.90414873e+00,
          1.68381889e+00,   9.99954855e-02,   3.08824586e+00,
         -3.58382281e+00,  -1.37041480e+01,   3.66422451e+00,
         -1.72833073e+00,   5.66131258e+00,  -4.22728448e+00,
         -9.45516950e-01,   5.02692960e+00,  -1.35957925e+01,
         -2.59043937e+00,  -7.08356831e-01,   5.56149885e+00,
         -9.26250301e+00,   3.82429648e+01],
       [ -2.70992132e+01,   2.77508723e+01,  -1.07833430e+01,
         -3.67815637e+01,   5.59895113e+01,   2.72507112e+01,
         -2.08440539e+01,  -2.00767561e+01,  -5.56690408e+01,
          4.20622000e+01,  -4.97198049e+01,   6.29084707e-01,
         -1.46763229e+01,  -2.62413905e+01,  -2.10836588e+01,
         -1.08745314e+02,   1.90376235e+01,  -2.24677552e+01,
          2.37909922e+01,  -8.62554012e+00],
       [ -5.94876886e+00,   9.92379354e+00,   1.14616198e+01,
          2.40670778e+01,  -2.20153709e+01,   5.59779873e+00,
          2.57299116e+01,  -3.16467284e+00,   1.50076089e+01,
          3.70430502e-01,   1.69978780e+01,   2.46025298e+00,
          2.07157235e+01,   1.34333175e+01,   1.25163271e+01,
         -3.15358845e+00,   8.43285752e-01,   9.82026529e+00,
          1.09662030e+01,  -1.57371005e+01],
       [ -2.36678245e+00,  -5.92349087e+01,  -4.02054978e+00,
          8.35321686e-01,  -5.06507822e+01,  -1.32189183e+01,
         -5.64309825e+00,   1.63957065e+01,   2.36490309e+01,
         -1.26406151e+01,   1.89417792e+01,   1.65991994e+00,
         -4.60812541e+00,   5.70128897e+00,   1.12176501e+01,
          7.74045281e+01,  -2.81205191e+01,   2.62385617e+01,
          1.52968820e+01,  -4.09704379e-01],
       [ -3.11901106e+01,  -3.94122574e+01,   1.18669284e+01,
         -2.57522609e+01,  -4.02512165e+01,  -3.11697631e+01,
         -3.06468942e+01,   6.57913577e+01,  -1.86735732e+01,
         -6.25992547e+00,  -2.30333151e+01,   1.18388032e+00,
         -2.38730402e+01,  -1.45308643e+01,  -8.34165235e+01,
         -3.01283396e+01,  -2.04616361e+01,   4.49817070e+01,
          7.49487345e+01,   6.75701175e+00],
       [  1.07402782e+01,   2.94249758e+01,  -9.32182117e+00,
         -2.45348770e+01,   2.13554121e+01,  -2.11514668e+00,
         -2.05969495e+01,  -3.29713857e+00,  -2.48999025e+01,
          3.79940161e-01,  -2.52620912e+01,   5.34717562e-01,
         -4.94512552e+00,  -1.18680852e+01,  -1.92968145e+01,
         -4.33192329e+00,  -1.75710120e+01,   8.04292511e+00,
          4.87458675e+00,   2.96685082e+00],
       [ -7.84384945e+00,  -5.53118960e+00,   2.93597503e-01,
          9.94502895e-01,   4.54047155e-01,  -8.06361576e+00,
         -4.97779860e+00,   8.75784453e+00,   1.03797537e+01,
         -1.95987072e-01,   6.61689047e+00,  -1.70895992e+00,
         -3.24758799e+01,   1.36486597e+00,   2.69403673e+01,
          6.74063379e+01,  -1.34431402e+01,   5.26304523e+00,
         -3.24234370e+01,   2.55054676e+01]])]Hidden bias: [array([  8.89998652,  22.03206367, -20.91244309, -23.75061194,
        38.293338  ,  -3.47993038, -32.57643868, -24.72286355,
       -10.49318628,   7.32554459, -11.54398722,  -8.1308765 ,
       -37.63037823,  -9.75250451,  -9.39475546,  62.64397924,
       -19.90511733,  -1.96548939, -69.88126424,  57.2909258 ])]Output weights: [[ -5.85370467]
 [ -4.94215104]
 [ -7.98732076]
 [  3.0564326 ]
 [ -4.03051804]
 [ -5.42795809]
 [  3.38554598]
 [  6.96105326]
 [ -8.70350432]
 [  8.15163237]
 [ -2.50391034]
 [  5.22016419]
 [ 19.3662661 ]
 [-10.57073157]
 [ -2.52864318]
 [  1.87361522]
 [ -2.9529704 ]
 [  4.73832185]
 [ -8.80768407]
 [ -3.94662085]]Output bias: [-25.33627711]