Action MLP:Hidden weights: [array([[-0.05111675, -0.04659716, -0.04481584, ..., -0.04182232,
        -0.03353329, -0.05996126],
       [ 0.56067937,  0.55841643,  0.5462501 , ...,  0.54372869,
         0.59315036,  0.54938752],
       [-0.09489148, -0.1046063 , -0.07810705, ..., -0.11873567,
        -0.08142022, -0.10633838],
       ..., 
       [-0.01745424, -0.03533117, -0.0103881 , ..., -0.08316128,
         0.00788018, -0.07781175],
       [-0.01835315, -0.00159531, -0.02162068, ..., -0.00768616,
         0.00935963, -0.0185844 ],
       [-0.01464134, -0.01478506, -0.02545132, ..., -0.00937604,
         0.01389847, -0.01902133]])]Hidden bias: [array([-0.17732683, -0.16390817, -0.17367759, -0.16388163, -0.14549944,
       -0.18105757, -0.1667148 , -0.15745909, -0.1676073 , -0.13177226,
       -0.15253205, -0.14933699, -0.16085418, -0.16559732, -0.16324721,
       -0.15283953, -0.17069505, -0.13844496, -0.13941528, -0.15043426,
       -0.17325135, -0.16757997, -0.15630938, -0.165128  , -0.14965121,
       -0.15594505, -0.1518975 , -0.16815159, -0.16004296, -0.15915194,
       -0.16931847, -0.17019449, -0.14969446, -0.15897763, -0.14861687,
       -0.15914478, -0.15662904, -0.1203364 , -0.15633731, -0.14633712,
       -0.16546935, -0.17053424, -0.16596932, -0.16332635, -0.12608964,
       -0.14589849, -0.16408662, -0.15920534, -0.1501072 , -0.16652874,
       -0.17328226, -0.16384812, -0.1519628 , -0.15501483, -0.16747584,
       -0.15977054, -0.17104539, -0.1551767 , -0.17611861, -0.14876349,
       -0.14471955, -0.17242306, -0.16510319, -0.14664193, -0.15837339,
       -0.15857739, -0.15939344, -0.16093313, -0.16881586, -0.14397267,
       -0.1605825 , -0.17704048, -0.16333666, -0.15782357, -0.14991111,
       -0.16517199, -0.1745235 , -0.16850856, -0.17764986, -0.1621896 ,
       -0.15122522, -0.14323843, -0.1658909 , -0.15929428, -0.16393923,
       -0.1499302 , -0.15857696, -0.16145803, -0.1708628 , -0.14899606,
       -0.15591198, -0.14554561, -0.15939726, -0.15325553, -0.12787903,
       -0.15195174, -0.16881554, -0.16570648, -0.16820617, -0.15034211,
       -0.15332334, -0.16708309, -0.16232837, -0.14454557, -0.15429267,
       -0.15958594, -0.15879692, -0.14503944, -0.15255565, -0.165888  ,
       -0.13779345, -0.1614296 , -0.14650546, -0.1538769 , -0.15971378,
       -0.15822271, -0.154186  , -0.14955159, -0.17286326, -0.1604247 ,
       -0.16125084, -0.14753004, -0.17135042, -0.1550697 , -0.15492448,
       -0.16862166, -0.15844336, -0.16829164, -0.16175967, -0.16181246,
       -0.17871215, -0.15545679, -0.17436576, -0.15737377, -0.1488995 ,
       -0.1566485 , -0.14873842, -0.1509475 , -0.15082223, -0.13315909,
       -0.15395379, -0.14290784, -0.1649159 , -0.16229118, -0.14395845,
       -0.16970074, -0.14196343, -0.15143499, -0.14934077, -0.17007342,
       -0.18073099, -0.15816464, -0.14297926, -0.15656138, -0.14057289,
       -0.16836658, -0.13784789, -0.1530116 , -0.16288105, -0.16371692,
       -0.1560998 , -0.15624754, -0.1344014 , -0.15605083, -0.16988177,
       -0.16077516, -0.15816183, -0.15962953, -0.16640396, -0.15914104,
       -0.18057359, -0.15969093, -0.1630864 , -0.15850127, -0.16567525,
       -0.14016026, -0.15503617, -0.16440095, -0.1689436 , -0.16306233,
       -0.14879238, -0.12524938, -0.17846856, -0.12632543, -0.16423894,
       -0.1661278 , -0.14521178, -0.16436695, -0.14062315, -0.16849486,
       -0.16065368, -0.17765091, -0.1679881 , -0.1504309 , -0.16753361,
       -0.18112934, -0.15754681, -0.16634192, -0.14992673, -0.15931576,
       -0.16244633, -0.17980593, -0.1636591 , -0.17677631, -0.16457073,
       -0.16693305, -0.1572631 , -0.16717154, -0.16004136, -0.16869832,
       -0.15137081, -0.17553241, -0.16318226, -0.18041139, -0.14890889,
       -0.15093189, -0.16224569, -0.15330275, -0.14755231, -0.15814425,
       -0.15480137, -0.14048088, -0.16432088, -0.15889949, -0.17270224,
       -0.16646684, -0.16377867, -0.17673744, -0.15972415, -0.15443865,
       -0.14235471, -0.1502365 , -0.13818477, -0.14134204, -0.15400906,
       -0.12743519, -0.14062676, -0.15393617, -0.1805712 , -0.14884898,
       -0.15352583, -0.14891012, -0.1388444 , -0.16618096, -0.13303502,
       -0.12826323, -0.1294939 , -0.17783341, -0.15744308, -0.17451945,
       -0.17127129, -0.13375286, -0.14701299, -0.16279467, -0.15886371,
       -0.16991642, -0.16707131, -0.15650744, -0.1441299 , -0.17670518,
       -0.15038652, -0.13833377, -0.1505492 , -0.18327898, -0.17268524,
       -0.17024186, -0.15924661, -0.14296771, -0.14553032, -0.15193094,
       -0.13651407, -0.13895568, -0.14537992, -0.16231736, -0.17128553,
       -0.13386496, -0.16998275, -0.16778559, -0.15272335, -0.17617685,
       -0.16056676, -0.13349961, -0.18035826, -0.17127872, -0.15287416,
       -0.15429704, -0.14939291, -0.1279639 , -0.17614224, -0.16503989,
       -0.13549882, -0.14986656, -0.15412311, -0.15771123, -0.13075072,
       -0.17908358, -0.1557961 , -0.15284237, -0.16236536, -0.16127723,
       -0.1759345 , -0.1747083 , -0.18090702, -0.1503731 , -0.15637077,
       -0.12584527, -0.14684326, -0.1430461 , -0.14877552, -0.14808865,
       -0.14276614, -0.15867735, -0.16101852, -0.16885696, -0.14125937,
       -0.16349869, -0.14707296, -0.16296455, -0.14877765, -0.14254006,
       -0.14964724, -0.1599395 , -0.15782881, -0.13496546, -0.16293929,
       -0.13702861, -0.16540684, -0.16746549, -0.17014945, -0.1779656 ,
       -0.15583064, -0.12990387, -0.15793404, -0.14745108, -0.16202877,
       -0.13725112, -0.1444661 , -0.16122331, -0.13840063, -0.16254632,
       -0.14793991, -0.16104911, -0.1446964 , -0.16962991, -0.14210867,
       -0.16481439, -0.1565689 , -0.13355863, -0.16342746, -0.160914  ,
       -0.16658309, -0.17209954, -0.16366967, -0.15277833, -0.13392874,
       -0.16653134, -0.14095074, -0.1612069 , -0.13681335, -0.16386059,
       -0.16490861, -0.15307602, -0.14851316, -0.17466768, -0.14416097,
       -0.18301969, -0.14468593, -0.15199927, -0.16098646, -0.16864711,
       -0.12870318, -0.16695237, -0.13326283, -0.16089157, -0.16429264,
       -0.16771131, -0.16464965, -0.11452012, -0.16248   , -0.1614694 ,
       -0.16443434, -0.1446956 , -0.1599547 , -0.16862122, -0.15791233,
       -0.1636487 , -0.14252946, -0.1565326 , -0.15567419, -0.14289444,
       -0.1546492 , -0.17160811, -0.15277674, -0.13501988, -0.16473285,
       -0.15153509, -0.17050627, -0.15021431, -0.16252879, -0.12946596,
       -0.16363882, -0.152634  , -0.16016593, -0.15087303, -0.15847742,
       -0.14042196, -0.15318319, -0.17109811, -0.16326449, -0.14300876,
       -0.15204734, -0.14574678, -0.16547145, -0.16999367, -0.15600165,
       -0.16558355, -0.12720487, -0.1601658 , -0.16321332, -0.16626419,
       -0.15678478, -0.1700897 , -0.1449653 , -0.15918897, -0.16071265,
       -0.15887999, -0.15811247, -0.15140827, -0.14357842, -0.14382682,
       -0.16311928, -0.16979535, -0.15370882, -0.18465552, -0.11692327,
       -0.16700868, -0.17034687, -0.14041079, -0.15630139, -0.14270187,
       -0.15336025, -0.16944515, -0.18431247, -0.15622252, -0.15226742,
       -0.17099461, -0.16584472, -0.11696432, -0.15399751, -0.12879354,
       -0.13937712, -0.15856179, -0.14215831, -0.161528  , -0.14827706,
       -0.1405396 , -0.1650114 , -0.1606268 , -0.14956565, -0.15496089,
       -0.16017223, -0.17050334, -0.15341474, -0.15115784, -0.14842648,
       -0.17308888, -0.17169707, -0.16797273, -0.15326676, -0.15990547,
       -0.14424449, -0.15559742, -0.13672964, -0.13808305, -0.13235398,
       -0.17119495, -0.16828502, -0.13939389, -0.1552873 , -0.17242072,
       -0.1636286 , -0.16192456, -0.15968941, -0.16373788, -0.15055029,
       -0.1736652 , -0.13526813, -0.1698048 , -0.16949901, -0.16484435,
       -0.17072726, -0.15422184, -0.17272124, -0.15363527, -0.14854876,
       -0.14192608, -0.17195694, -0.14734019, -0.15483878, -0.14238723])]Output weights: [[  1.71325379e-02   3.21585641e-02]
 [  1.57329749e-02   1.43803904e-02]
 [  6.11670590e-02   5.13072129e-02]
 [  1.99865098e-02  -4.81705077e-03]
 [ -2.84874701e-02  -3.99365865e-02]
 [ -7.63804419e-02   9.18412544e-02]
 [ -7.33092297e-02   3.73284447e-02]
 [  3.00300113e-02  -3.81447455e-02]
 [  3.03920293e-02   1.09979044e-02]
 [ -4.14903203e-02  -9.48632030e-02]
 [  6.89383584e-02  -2.94449421e-02]
 [  3.38257382e-02  -2.97016431e-02]
 [  7.32861035e-02   5.16406977e-02]
 [  1.69638467e-02  -1.00975091e-02]
 [ -1.20843860e-01   1.90442065e-04]
 [  3.14463418e-02  -3.87968646e-02]
 [ -3.45368988e-02   5.22380730e-02]
 [  4.64430600e-02  -4.69869684e-02]
 [ -1.98272000e-02  -8.87120703e-02]
 [ -4.21960968e-02   1.97747078e-02]
 [  6.84598465e-02   2.77151723e-03]
 [ -1.44953614e-02   6.63887883e-02]
 [ -6.39244604e-02   4.56393733e-02]
 [ -3.77490141e-02  -1.84856833e-02]
 [  4.68977233e-02  -7.34668442e-02]
 [ -2.04916255e-02   5.69446907e-02]
 [  1.13600335e-01  -3.81354736e-03]
 [ -1.03082372e-02   3.45135346e-02]
 [ -3.24797777e-02  -2.72207673e-02]
 [  7.45123236e-02   5.83838562e-02]
 [  6.82183807e-02   6.93315106e-02]
 [ -4.05734691e-02   3.55961868e-02]
 [ -8.57286533e-02   2.37812514e-02]
 [ -5.90616810e-03  -4.84370760e-02]
 [  4.83297665e-02  -2.67350704e-02]
 [ -9.66894175e-02   3.93519889e-02]
 [  4.50590505e-02  -7.16015556e-03]
 [ -3.56958148e-03  -1.34209735e-01]
 [ -3.00242664e-02  -7.69980318e-03]
 [  1.10726402e-01  -8.06700511e-02]
 [ -9.19535485e-02   6.13829541e-03]
 [  9.48439101e-02   6.17234440e-02]
 [ -3.40173551e-02   9.84574472e-03]
 [  9.49998392e-02   1.42376830e-03]
 [ -9.62956084e-03  -1.13307324e-01]
 [  2.38624952e-03  -2.53912381e-02]
 [ -1.55213703e-02  -1.49356732e-02]
 [ -7.76658038e-02   2.03737980e-02]
 [  2.92086288e-02  -2.20629789e-02]
 [  1.09025395e-01   2.24393507e-02]
 [ -4.42081654e-02   4.27224219e-02]
 [  6.04874343e-02  -3.75612273e-02]
 [  7.41234970e-03  -2.97317697e-02]
 [  6.07838657e-02  -1.72795797e-02]
 [ -5.16050223e-02   4.90251028e-03]
 [  1.69440010e-02   1.11519547e-02]
 [  7.43185603e-02   7.59132225e-02]
 [  1.59443531e-02   1.10881769e-02]
 [ -1.23498814e-01   3.56514970e-02]
 [ -1.20020273e-01  -3.15502444e-02]
 [ -7.87249253e-02  -8.35317523e-02]
 [  1.01337955e-01   4.46036421e-02]
 [ -5.88646633e-02   3.92488317e-02]
 [ -9.20021061e-02   3.28105684e-02]
 [ -1.07715233e-02  -2.02662321e-02]
 [  3.54750888e-02   2.24529922e-02]
 [  6.79448414e-02   4.54410661e-02]
 [ -3.28611113e-02   5.26391830e-02]
 [  1.28863141e-02   2.17264310e-02]
 [ -7.47235165e-02  -8.07148148e-02]
 [  8.58665329e-02   3.51147936e-02]
 [  8.52335673e-02   6.80908493e-02]
 [  5.75856478e-02   1.57614192e-02]
 [  1.54798108e-02  -4.62426821e-02]
 [  1.10488028e-03  -3.60636173e-02]
 [  5.77632104e-02   3.28730259e-02]
 [  6.88512855e-02   1.05825675e-01]
 [  1.29913885e-01   4.90969675e-02]
 [ -6.56510358e-03   7.25420268e-02]
 [  3.02244341e-02   3.87750715e-03]
 [ -2.07261829e-02   3.57651015e-03]
 [ -4.34359104e-02  -6.70706542e-02]
 [ -2.44889085e-02   4.16347315e-02]
 [ -1.21365949e-02  -2.37730382e-02]
 [  1.00008148e-02   1.52176638e-03]
 [ -3.22362238e-02  -5.20820329e-02]
 [ -1.20049168e-02   5.61140384e-03]
 [ -1.22588374e-01  -9.27834833e-03]
 [ -3.62971364e-02   4.72731565e-03]
 [ -5.65518163e-02  -1.23371842e-02]
 [ -8.95778871e-02   3.19668428e-03]
 [ -6.96348456e-02   4.98912308e-04]
 [ -5.21732889e-02  -3.42751644e-02]
 [  3.97248740e-02  -4.15939869e-02]
 [ -3.24490861e-02  -7.09966975e-02]
 [ -1.51821677e-02  -3.13970699e-02]
 [ -4.49194385e-02   5.07770635e-02]
 [  3.06272960e-02  -4.12954233e-03]
 [  6.26767986e-02   7.97045540e-02]
 [ -7.85140549e-03  -2.71256848e-02]
 [  7.47147928e-02   3.55195986e-03]
 [ -7.67303337e-02   2.73842314e-02]
 [ -1.38860023e-01   4.82309613e-02]
 [  1.02447973e-02  -3.54007764e-02]
 [  1.18546850e-01   6.73926940e-02]
 [ -1.22648111e-01  -8.98154059e-03]
 [ -4.27040069e-02   4.63209538e-02]
 [  1.32592491e-01  -6.87586625e-02]
 [ -3.05598917e-02   1.67977088e-02]
 [  1.19001986e-01  -2.55433636e-02]
 [  1.14575144e-02  -8.72986144e-02]
 [ -2.65465136e-02   3.50120233e-02]
 [  3.35295239e-02  -6.53096742e-02]
 [ -1.24258659e-01   4.34872249e-02]
 [  5.53987547e-03   3.25434840e-02]
 [ -3.79478107e-02  -5.17670835e-02]
 [  1.05205254e-01  -1.47388125e-02]
 [ -7.97437927e-04  -4.84142280e-03]
 [  5.84874987e-02   9.05552178e-02]
 [ -1.14885704e-01   4.74821885e-02]
 [  5.85891818e-02  -5.31496523e-03]
 [  4.93141536e-02   1.22035127e-02]
 [ -2.99052745e-02   4.94476800e-02]
 [  6.75719541e-02  -5.09905218e-03]
 [ -2.25800124e-02   6.37427122e-02]
 [ -5.64336756e-02   9.66938387e-02]
 [  8.57923498e-02  -3.09726898e-02]
 [ -7.30084620e-02   8.51872838e-02]
 [ -3.90500309e-02   7.78811210e-03]
 [  8.13908151e-02   3.86694663e-02]
 [ -2.56701909e-02   8.48130579e-02]
 [  6.16151952e-02  -2.28582462e-02]
 [  5.18401870e-02   8.20267711e-02]
 [ -1.80746489e-02   4.99784120e-03]
 [  1.12430992e-02   4.58190537e-03]
 [  5.94900724e-02  -2.25335867e-02]
 [  3.14261359e-02   3.52781068e-02]
 [  8.30444311e-03  -7.18622995e-02]
 [ -9.64822027e-03  -1.25229969e-02]
 [ -3.33985176e-02  -9.40967496e-02]
 [ -6.98512785e-02  -7.26038171e-02]
 [  6.81766889e-02  -4.02150465e-02]
 [  5.06807325e-02  -4.86051393e-02]
 [ -1.22284872e-01   5.57655139e-02]
 [ -1.06813423e-01  -1.12799514e-01]
 [ -6.36189826e-02   1.72720040e-02]
 [  1.42218005e-02  -1.07163110e-01]
 [  6.29072137e-03  -2.63811545e-02]
 [  6.62347929e-02  -4.75037825e-02]
 [ -5.89732387e-02  -8.31782119e-03]
 [  6.59844572e-02   5.52229568e-02]
 [  3.72190116e-02   1.45676990e-02]
 [  1.12561382e-01  -1.14693112e-01]
 [ -5.78033686e-02  -4.05329393e-02]
 [  3.08523714e-02  -5.06912814e-03]
 [ -5.22715091e-02   6.31832609e-02]
 [  4.45808461e-03  -5.42501253e-02]
 [ -1.03350830e-03   6.84523985e-03]
 [ -4.89513178e-02  -1.55182499e-02]
 [  2.87031915e-02   2.40569075e-02]
 [  7.15060578e-02  -5.76395151e-02]
 [ -6.30954966e-02   8.71610424e-03]
 [ -1.33253336e-02  -2.78128294e-02]
 [  2.56926073e-02  -4.25359737e-03]
 [  1.59673917e-02   8.39432512e-02]
 [ -3.99930302e-03   1.93684178e-02]
 [  8.58181313e-02  -3.13036362e-02]
 [ -1.91862794e-02   3.70212810e-02]
 [  3.29332428e-02   3.03741059e-02]
 [ -3.28134872e-03   7.31499334e-02]
 [  1.09045734e-01   1.28970537e-01]
 [ -8.78774329e-02  -1.43998376e-02]
 [ -6.01157433e-02   7.04581712e-02]
 [ -8.14850028e-02   8.43514431e-02]
 [ -1.16503509e-01   3.99826810e-02]
 [  5.64000881e-02  -5.58490480e-02]
 [ -1.39756783e-02  -4.27677673e-02]
 [ -7.10060692e-03  -5.44248093e-02]
 [  1.20448680e-01   1.00752187e-03]
 [ -6.07768619e-02   3.17127810e-02]
 [  7.56532020e-02  -8.04431397e-02]
 [  2.31736137e-03  -1.32948495e-01]
 [  1.60015037e-01   1.22126836e-01]
 [ -7.51257488e-02  -1.18168348e-01]
 [ -1.19649368e-02   3.59472771e-02]
 [  7.36234022e-02   3.66765907e-02]
 [  9.20569523e-02  -6.28782362e-02]
 [  6.59482830e-02   5.83562785e-02]
 [ -4.66735483e-02  -6.63443794e-02]
 [  2.24566015e-02   1.46904110e-02]
 [ -8.41074215e-03  -4.64647409e-03]
 [  5.72323179e-02   9.41715463e-02]
 [  1.04665367e-02   8.09827021e-02]
 [  5.53285298e-02  -4.88378782e-02]
 [  1.04483991e-01   5.94702750e-02]
 [ -3.94582542e-02   8.14106784e-02]
 [  3.74616416e-02   5.36286940e-03]
 [ -9.03752881e-02  -1.06203027e-02]
 [  2.62873461e-02   1.28413206e-03]
 [  1.37272648e-01  -2.99415119e-02]
 [ -4.76360683e-02   2.87331828e-02]
 [ -6.03016912e-03   2.24001260e-02]
 [ -4.79777440e-02  -6.14722841e-02]
 [  1.73129665e-02   4.76162340e-02]
 [  8.68299766e-03  -2.93145834e-02]
 [  4.99178590e-02   2.45349953e-02]
 [  1.21536221e-02  -3.12253334e-03]
 [  2.35594374e-02   4.82481589e-02]
 [  1.80342909e-02   5.50548381e-02]
 [ -9.91981798e-03   9.09926144e-02]
 [ -1.42119081e-02  -9.18253521e-02]
 [  9.45263210e-03   5.52619958e-02]
 [ -2.82396472e-02  -2.95472906e-02]
 [  3.59945768e-02   9.83979190e-02]
 [ -1.96546903e-02   4.16063924e-02]
 [ -6.53101803e-02   2.57735879e-02]
 [  8.78256954e-02   2.28269377e-02]
 [ -3.15522255e-02   1.49144645e-02]
 [ -7.03564571e-02   3.37401617e-02]
 [ -6.42192481e-02   1.96392882e-02]
 [ -1.02557314e-02  -4.29404910e-02]
 [  4.48779303e-02  -3.48538820e-02]
 [ -8.47762645e-02   1.64703407e-02]
 [ -6.53572328e-02   2.06395027e-02]
 [ -6.65990222e-02   1.02754673e-01]
 [ -5.01390156e-02   3.59939767e-02]
 [ -6.71142709e-03   7.32062726e-04]
 [  5.45641444e-02   3.27973269e-02]
 [  6.17963983e-02   3.35657816e-02]
 [  1.49690866e-02  -8.26805930e-02]
 [ -2.58929856e-02  -2.53679801e-02]
 [ -2.02663641e-02  -1.76508095e-02]
 [  3.32323926e-02  -1.07945710e-01]
 [ -8.62947582e-02  -7.79806787e-02]
 [ -1.02720374e-02   3.19271817e-03]
 [ -9.86430859e-02  -8.35378804e-02]
 [  1.74453468e-02  -4.29717987e-02]
 [ -1.32913321e-02  -2.48602396e-02]
 [ -3.54799258e-02   1.41685838e-01]
 [ -8.45637240e-02  -1.75048565e-02]
 [  1.77018958e-02  -8.97650628e-02]
 [ -4.26092076e-02  -2.56837345e-02]
 [  2.44242405e-02  -6.99739256e-02]
 [  8.24587848e-02  -6.93746877e-05]
 [ -4.19344263e-02  -1.12456848e-01]
 [  5.96095273e-02  -8.19251906e-02]
 [ -1.00495658e-01  -6.27376576e-02]
 [  1.84091940e-02   1.02324814e-01]
 [  5.29435852e-02  -2.54076592e-02]
 [  6.31274299e-02   3.92995791e-02]
 [  1.46704438e-01   8.69542206e-02]
 [ -2.40962014e-02  -7.43570634e-02]
 [  3.79620616e-03  -3.89452858e-02]
 [  8.26509352e-02   4.71878816e-02]
 [ -2.12997561e-02  -4.22788200e-03]
 [  2.15946884e-03   6.89983109e-02]
 [ -6.38519323e-02   6.17582297e-02]
 [  3.10500679e-02  -1.28450992e-02]
 [ -2.04101821e-02  -3.15609038e-02]
 [ -1.03620424e-01   5.91434446e-02]
 [ -1.15409352e-02  -1.94966318e-02]
 [ -1.25917282e-02  -5.65193750e-02]
 [  4.29690350e-03   1.32339050e-02]
 [ -5.57476635e-02   7.06288503e-02]
 [  5.45720165e-02   1.36525109e-01]
 [ -9.65822686e-02   4.01301682e-02]
 [ -9.15521391e-03  -4.35678350e-02]
 [  1.46643968e-02  -6.00160318e-02]
 [  2.90733756e-02  -6.94073844e-02]
 [  2.28254956e-02  -1.28651791e-03]
 [  4.72668675e-02  -1.44049984e-02]
 [ -8.34464412e-02  -6.40751013e-02]
 [  5.05235334e-02  -1.29121994e-03]
 [ -4.33793950e-03  -9.55976166e-03]
 [ -5.32525105e-03   8.91705174e-02]
 [ -5.72909790e-02  -1.23438877e-01]
 [ -9.78470603e-02   3.19276665e-02]
 [ -6.20141212e-02   2.11358613e-02]
 [ -3.34808933e-02  -7.51109832e-03]
 [ -4.80489755e-02   6.39036812e-02]
 [ -2.63692899e-02   1.15136382e-02]
 [  1.23735283e-03  -5.16476828e-02]
 [  5.97575359e-02   7.82434358e-02]
 [  3.43250866e-02   7.48730019e-02]
 [ -5.38967643e-02   4.27354444e-02]
 [ -2.48669689e-02  -1.90747746e-02]
 [  1.06954549e-01  -4.20279386e-02]
 [ -3.31148946e-02  -1.13378087e-01]
 [ -1.78295685e-02   4.98889182e-02]
 [ -2.93359864e-02   4.72262327e-02]
 [ -9.78107493e-02  -7.14576492e-02]
 [  1.40145825e-02  -3.33239258e-02]
 [  3.62261632e-02  -4.73120500e-03]
 [  8.33711842e-03  -1.93372104e-02]
 [ -3.95977950e-02  -5.95568078e-02]
 [  3.82854877e-02   9.50704249e-02]
 [  1.04151042e-01   1.47732917e-02]
 [ -8.58108232e-02  -5.26671092e-02]
 [ -1.03757713e-01   4.81452348e-03]
 [ -2.71154940e-02  -6.77102455e-02]
 [  2.31995568e-02   8.99171882e-03]
 [ -5.03582417e-02   9.23812131e-02]
 [  5.38763499e-02   5.15475098e-02]
 [ -1.53072369e-02   1.63441340e-03]
 [  2.80339022e-02   6.95726216e-02]
 [ -2.06231873e-02  -8.67737233e-02]
 [ -6.78463626e-02  -3.23754869e-02]
 [ -7.77986799e-02  -8.62350159e-02]
 [  7.86423026e-02  -2.93048252e-02]
 [ -1.03597289e-01  -4.76902475e-03]
 [ -1.90034150e-04  -4.00782631e-02]
 [  7.03954065e-02   3.37647387e-03]
 [ -1.45133675e-02   9.89872846e-03]
 [  4.02986120e-03   3.90773909e-03]
 [  1.05034589e-01  -6.05878062e-02]
 [  1.05637389e-02   4.00602258e-02]
 [  3.34907793e-02  -8.63737853e-02]
 [  9.99482889e-03  -4.86864410e-02]
 [ -6.20574360e-02  -6.58356026e-02]
 [ -5.10617037e-02  -2.98741429e-02]
 [ -8.06264296e-03  -3.07504558e-02]
 [  5.10421253e-02  -3.13542443e-02]
 [ -5.12171967e-02   1.06620726e-03]
 [ -1.20691069e-02  -6.86518418e-02]
 [  7.71984922e-02   1.68113674e-02]
 [ -5.41080526e-02  -6.47861846e-02]
 [  8.88867793e-02   1.74619029e-02]
 [ -2.58162298e-02   1.30520876e-02]
 [  1.12618606e-01   1.38989815e-02]
 [  9.12560752e-02   9.79710711e-02]
 [  5.51917910e-02  -2.76921632e-02]
 [ -2.29693371e-03  -7.61891834e-02]
 [ -7.03350247e-02  -1.25200811e-02]
 [  3.54092471e-02  -2.03416448e-02]
 [  6.19262401e-03   5.59278474e-02]
 [  2.79325520e-02  -3.99735707e-02]
 [ -8.18445043e-02  -3.77727636e-02]
 [ -3.20711910e-02   2.45365551e-03]
 [  1.57379335e-02  -9.34348811e-02]
 [  3.02506721e-02   8.93163406e-02]
 [ -4.08924790e-02   7.59562733e-03]
 [  4.33137863e-02  -1.76842399e-02]
 [  7.45211681e-04  -6.11866192e-02]
 [ -2.29838841e-02   3.16459857e-02]
 [ -4.63562762e-02  -2.06762883e-02]
 [  1.29320834e-01   1.08726551e-02]
 [ -3.17501572e-02  -2.63843165e-02]
 [ -5.26384177e-02  -5.51060037e-02]
 [ -1.20824247e-02  -1.23319296e-03]
 [ -3.76473743e-03   3.46891543e-02]
 [ -3.51466231e-02   5.17999126e-02]
 [ -1.22599460e-02   5.08426779e-02]
 [  3.95517324e-02   5.36333682e-03]
 [ -5.42280722e-02   2.22267259e-02]
 [ -6.46489005e-02  -6.10284938e-02]
 [ -1.31728238e-01   8.19852493e-02]
 [  1.13274653e-01  -9.29055331e-02]
 [ -1.68689402e-02  -3.79818296e-02]
 [ -2.28392525e-02  -1.14169439e-01]
 [ -9.89051371e-02   5.58176514e-02]
 [ -1.02756568e-01  -3.81271375e-03]
 [ -9.93620495e-02  -2.14285640e-02]
 [  2.53856895e-02  -7.56723656e-02]
 [ -9.52862172e-02   4.40230501e-02]
 [ -9.59831246e-02  -4.29493355e-02]
 [  6.78516788e-02   7.80906515e-02]
 [  2.00046611e-02  -9.66845179e-02]
 [  2.81019485e-02  -2.18135272e-02]
 [  2.48021925e-02   8.43817363e-04]
 [ -3.07126053e-02   1.01063280e-01]
 [  1.05525900e-03  -3.36535485e-02]
 [  8.70541090e-02   1.06685723e-02]
 [  2.96099441e-02  -1.20905531e-01]
 [  2.40974693e-02  -3.01458632e-02]
 [  1.39640818e-02  -5.55861188e-03]
 [ -7.69478355e-03   5.00453814e-02]
 [ -1.58469103e-02   2.30458862e-02]
 [ -4.86487372e-02  -9.97431954e-02]
 [  8.49382585e-02   6.93222628e-03]
 [  4.73503398e-02   1.07124473e-02]
 [ -3.96006163e-02   5.78791216e-02]
 [ -2.33152044e-02  -5.27495980e-02]
 [  9.27846350e-03   2.53544696e-02]
 [  7.12435254e-02  -4.33078685e-02]
 [  1.01060080e-01  -3.06788192e-02]
 [ -1.15441113e-01   1.48155716e-02]
 [  4.65992308e-02  -3.72409769e-02]
 [ -9.76711684e-02   4.64719893e-02]
 [ -1.17150288e-01   4.71564494e-02]
 [ -2.52050633e-02  -5.09321082e-02]
 [ -3.39205279e-02  -4.33443572e-02]
 [  1.59178841e-02   9.18348705e-02]
 [ -1.19356245e-01   1.37928171e-02]
 [ -3.22899967e-02  -1.02970716e-01]
 [  8.01096468e-02   2.46559398e-02]
 [  3.47859339e-02  -4.41984139e-02]
 [  5.27073911e-02   2.96543773e-02]
 [ -1.57361053e-02  -3.27411374e-02]
 [ -4.24798736e-02   8.54760369e-03]
 [  7.58960985e-02  -1.05895728e-01]
 [ -1.21469504e-02   3.34191988e-02]
 [  1.96201280e-02  -3.66816979e-02]
 [  1.34643685e-02  -2.00901401e-03]
 [  6.16577296e-02  -1.51396917e-02]
 [ -2.13442138e-02  -9.47930102e-03]
 [ -2.57709361e-02  -4.53958010e-02]
 [  3.41211276e-02  -3.38336319e-02]
 [  2.03924717e-02  -2.43216708e-02]
 [  1.47880679e-02  -2.43870156e-02]
 [ -3.55784474e-02  -6.95573088e-02]
 [ -1.35070448e-02  -2.00578881e-02]
 [  1.67949882e-02  -8.08581958e-02]
 [ -1.97795885e-02   4.55006616e-02]
 [  8.09188747e-02   2.89884610e-02]
 [  1.19456616e-02  -1.57728066e-02]
 [  1.27531209e-01   6.84565432e-02]
 [ -5.67240277e-02  -1.01979079e-01]
 [  4.98375607e-02  -2.03146549e-02]
 [ -5.96279720e-03   5.26566970e-02]
 [ -3.18895159e-02  -2.73464886e-02]
 [ -3.79270884e-02  -7.85223718e-03]
 [ -4.79065483e-02   9.28421662e-04]
 [  7.55965974e-02  -6.47233565e-02]
 [ -3.50600123e-02  -5.60982474e-02]
 [  7.26192504e-02   4.98491940e-02]
 [ -9.72616323e-02  -1.90596150e-02]
 [ -1.57076693e-02   3.27914617e-02]
 [ -3.20714569e-02   3.37655488e-02]
 [ -2.73991612e-02  -3.39594778e-02]
 [  1.05722293e-01  -8.30958361e-02]
 [  2.91991650e-02   9.59722968e-02]
 [  1.40307010e-03   5.06607954e-02]
 [ -1.19423055e-01  -5.10689256e-02]
 [  2.00109401e-02   7.47619461e-02]
 [ -7.01627577e-03  -1.58899541e-01]
 [  4.55709896e-03  -8.12669334e-03]
 [  2.74010279e-02   1.87498777e-02]
 [  3.36097654e-02  -7.67803950e-02]
 [ -1.01482696e-01   1.30762942e-02]
 [ -7.39417492e-02  -1.59627777e-02]
 [ -6.42680233e-02   4.52115655e-02]
 [ -3.96204685e-03   9.98971344e-04]
 [ -1.15858793e-02   1.11167261e-01]
 [  4.64893348e-02   8.95059303e-03]
 [  5.00206129e-02   3.68976309e-02]
 [ -1.05225866e-02   5.39089505e-02]
 [ -1.28164478e-02   7.72254512e-02]
 [ -1.43206200e-03  -1.12610968e-01]
 [  1.29983416e-01  -1.53257336e-02]
 [ -3.08792623e-02  -1.22745615e-01]
 [ -3.59902977e-02  -9.87226986e-02]
 [  1.03995553e-01   2.49426674e-03]
 [  7.44161962e-02  -5.23967544e-02]
 [  5.21614865e-02   8.34592065e-02]
 [  6.42943239e-02   5.75029107e-04]
 [  4.35367224e-02  -2.46822926e-02]
 [  1.06285491e-02   2.47355743e-03]
 [ -7.22530559e-02  -7.13577889e-03]
 [ -7.70584122e-02  -1.94741547e-02]
 [  1.09560693e-01  -4.86175753e-02]
 [  1.16822566e-02  -1.71286502e-02]
 [ -2.16701594e-02   7.56003887e-02]
 [  8.42099348e-02  -2.46608808e-02]
 [ -1.90637854e-02   1.07085789e-02]
 [  8.13566121e-03   3.41496447e-02]
 [ -5.41354093e-02   8.43823718e-02]
 [  1.13913881e-02   4.84015439e-02]
 [ -3.38967189e-02   4.73902998e-02]
 [ -1.40174594e-01  -1.15489439e-02]
 [ -1.94490478e-02  -5.61337086e-02]
 [ -5.32993020e-02  -3.04193067e-02]
 [  3.14429623e-02  -1.21234221e-02]
 [  5.41006184e-03  -9.37402547e-02]
 [ -8.13179455e-02  -5.59657686e-02]
 [ -1.02131339e-02  -6.06604815e-02]
 [  2.10139701e-02   4.31367419e-02]
 [ -9.36538410e-02   5.14813672e-02]
 [ -1.05109683e-01  -9.58732674e-02]
 [  3.29381554e-02   3.55225270e-02]
 [  5.24100088e-02   3.37409854e-02]
 [  1.49534626e-02  -9.38756475e-03]
 [ -2.94939559e-02  -1.38120052e-02]
 [  1.95361414e-03  -6.47750043e-05]
 [  5.38794992e-02   1.34361631e-02]
 [  7.87039566e-02  -2.71809900e-02]
 [  8.59082322e-02   6.13202413e-02]
 [  3.12257177e-02  -3.03157600e-02]
 [ -3.59098986e-02   1.01308333e-02]
 [  8.48775195e-02   3.68287915e-02]
 [  2.56653731e-03   7.77254193e-02]
 [ -2.20165191e-02   1.13212412e-01]
 [ -6.03593027e-03  -2.78164937e-02]
 [  1.41477781e-02   1.74603902e-02]
 [  3.66929205e-02   1.60253239e-02]
 [ -4.89759951e-02   3.18345982e-02]
 [  9.03050706e-02  -1.42421930e-02]
 [  4.07621571e-02   8.13200054e-02]
 [  2.65972405e-02  -4.68253273e-02]
 [ -5.53315405e-02   5.80571290e-02]
 [  3.67234769e-02  -3.34805558e-02]]Output bias: [ 0.19436853  0.18041953]
Value MLP:Hidden weights: [array([[ -0.0397972 ,   0.90195381,   1.11373972, ...,   2.88277468,
          1.09122139,   1.09041202],
       [ -0.68534505,  -0.3458305 ,  -0.2781732 , ..., -10.1732837 ,
         -0.27888054,  -0.26219561],
       [ -0.90363724,   0.70230614,   0.62972922, ...,   2.40200053,
          0.65043337,   0.6061447 ],
       ..., 
       [ -0.03803756,  -2.69886896,  -2.99885069, ...,  -0.11486024,
         -3.56112586,  -3.18450549],
       [ -0.12513245,   2.70195938,   3.06175356, ...,   1.14199909,
          3.50939669,   3.16943556],
       [ -0.06118225,   1.25278011,   1.38807887, ...,   1.57672632,
          1.81744007,   1.54164644]])]Hidden bias: [array([ -4.87403830e-02,   3.82022994e+00,   3.79574279e+00,
         3.82827868e+00,   3.70517876e+00,   4.25917437e+00,
        -7.82673620e-02,   3.88024725e+00,   5.71729563e+00,
         5.07865368e+00,   5.13382914e+00,   3.11883651e+00,
         3.16998731e+00,   4.44333640e+00,   3.47223001e+00,
        -9.03856516e-02,   4.50439381e+00,   3.77000548e+00,
         5.81243135e+00,   3.23993800e+00,   5.42315460e+00,
         3.95579374e+00,  -1.08739595e-01,   5.81707081e+00,
        -9.54451694e-02,   5.51273078e+00,   5.57732686e+00,
         5.52245639e+00,   5.21796288e+00,   4.44865236e+00,
         4.78770170e+00,   5.60682327e+00,  -3.14684779e+00,
        -1.89998316e+00,   5.22167301e+00,   3.76322338e+00,
         4.34998443e+00,   4.95275641e+00,   4.13578307e+00,
        -5.60759428e+00,   5.81809492e+00,   3.51837380e+00,
         5.32541726e+00,   5.27257941e+00,   2.43383006e-02,
         5.72324067e+00,   5.58518820e+00,   5.79142498e+00,
         4.57797208e+00,  -3.14644558e+00,  -5.13597039e+00,
         5.11290911e+00,   5.01059391e+00,   5.70620892e+00,
         3.76629796e+00,   4.58138202e+00,   5.69893976e+00,
         4.59261363e+00,   5.48418539e+00,   4.31111756e+00,
         5.85189533e+00,  -4.29975684e+00,   5.15396776e+00,
         4.41223705e+00,   5.33979960e+00,  -1.24980617e-01,
        -2.95903714e+00,   5.78656358e+00,   4.50509342e+00,
         5.76636113e+00,   5.44365991e+00,   5.28506539e+00,
        -3.45262225e-02,   5.82068139e+00,   5.69097328e+00,
         5.74601828e+00,   5.13412199e+00,   5.26710619e+00,
         4.09379621e+00,   4.57366174e-01,   4.36309149e+00,
        -8.93648114e-01,   3.15129322e+00,   5.85029355e+00,
         5.32256870e+00,   3.56324021e+00,   4.88525627e+00,
         5.03054971e+00,   3.40731257e+00,   3.21739610e+00,
         4.39468241e+00,  -3.91872679e+00,   5.72779754e+00,
        -8.28544655e-02,  -4.30483213e-01,   5.71627570e+00,
         4.34929075e+00,   4.50430510e+00,   5.67382856e+00,
         5.82890057e+00,   5.29278909e+00,   5.02567538e+00,
         5.68681442e+00,   3.91329867e+00,  -5.38937815e-03,
         5.68645823e+00,   5.81731135e+00,   5.35164359e+00,
         5.85764821e+00,   5.84455074e+00,   4.20759606e+00,
         4.34353966e+00,   1.69659575e-01,   3.65758059e+00,
         5.05247860e-02,   4.27414178e+00,  -2.20640698e+00,
         5.82133129e+00,  -2.61958209e-03,   4.79604933e+00,
        -1.33249160e+00,  -1.59121267e-01,   5.59056955e+00,
         5.36753975e+00,   5.60544809e+00,  -6.37041763e+00,
         5.78477694e+00,   4.50224733e+00,   5.01320323e+00,
         4.19267594e+00,   4.63198783e+00,   5.63414388e+00,
        -3.37506409e+00,   5.16885535e+00,   4.64815747e+00,
         4.37669196e+00,  -7.55071110e+00,   4.79206058e+00,
         4.51976174e+00,   3.99661319e+00,  -3.07787036e-02,
         4.85334732e+00,   3.36948376e+00,   3.75030718e+00,
         5.85503817e+00,   3.04018475e+00,   5.52128353e+00,
         3.04072417e+00,   1.98084249e-01,   1.12615577e-02,
         3.18373371e+00,  -6.57646511e-02,   5.19998699e+00,
         4.56809953e+00,   3.31801112e+00,   4.06216916e+00,
        -1.57401526e-01,   4.55013043e+00,   3.81761199e+00,
         5.07149218e+00,   4.50433764e+00,   4.90403720e-02,
         5.13070310e+00,   1.90220457e+00,   5.02991970e+00,
        -3.39919482e+00,  -4.34556099e-02,   3.93333041e+00,
         5.16680351e+00,   4.60772139e+00,   5.48958716e+00,
         3.98084909e+00,   2.19227609e-01,   4.46495268e+00,
         4.21302599e+00,   5.51955528e+00,   4.73982009e+00,
         3.34076460e+00,   4.09092015e+00,   5.31894732e+00,
         3.96866145e+00,  -1.24265231e-01,   5.02333253e+00,
         5.75052986e+00,   4.93765088e+00,   5.43053344e+00,
         3.41823051e+00,   5.86107891e+00,   4.54863818e+00,
         3.05836893e+00,   5.31315975e+00,   3.54635133e+00,
         4.65532711e+00,   5.40696146e+00,   3.63570042e+00,
         4.74137372e+00,   5.61951322e+00,  -7.91630336e-02,
         5.36985017e+00,   5.67821501e+00,   4.97404470e+00,
         4.33913202e+00,  -8.17658649e-02,   4.57825462e+00,
         4.34211462e+00,   4.28066886e+00,   5.12752206e+00,
        -1.64597554e-01,   5.49358241e+00,   4.63597099e+00,
        -5.19700329e+00,   5.37122204e+00,   4.72266266e+00,
         6.23586590e+00,   4.54645753e+00,   3.64998411e+00,
         5.69766383e+00,   5.38767472e+00,   3.58561040e+00,
         5.22348482e+00,   4.46597114e+00,   4.85902977e+00,
         5.29861862e+00,   2.62984838e+00,   4.30207182e+00,
         5.79466513e+00,  -1.66019770e-01,   5.71358844e+00,
         3.91105074e+00,  -3.16523258e+00,   4.58455066e+00,
         4.27736187e+00,   5.56024132e+00,   3.36333020e+00,
         4.62485702e+00,  -5.23105888e+00,   3.68423627e+00,
         5.75114607e+00,   1.12435000e-01,   2.45337462e+00,
         4.82905241e+00,   4.09696156e+00,  -1.39731836e-01,
         4.93162329e+00,   2.92141355e+00,   4.76851084e+00,
         5.78160249e+00,   5.20696448e+00,   7.12079969e-02,
         4.49089957e+00,   2.92533609e+00,   2.73267645e+00,
         5.51999211e+00,   4.47138152e+00,   4.28218882e+00,
         4.29492749e+00,   5.60111182e+00,  -2.59328629e-02,
         3.45050382e+00,   5.83193286e+00,   3.58702178e+00,
         5.54913385e+00,   5.12227839e+00,   5.37307877e+00,
         4.75990039e+00,  -1.55500287e+00,   2.71367688e+00,
        -7.63579283e+00,   4.03051497e+00,  -2.48019543e-02,
         3.71127547e+00,   5.06227283e+00,   4.62395330e+00,
         5.85101069e+00,   3.85966983e+00,   4.95547838e+00,
         5.38810817e+00,  -1.55319951e-01,   5.18967913e+00,
         4.54242565e+00,  -4.74077799e+00,   3.56081163e+00,
         5.78463666e+00,   5.86091147e+00,  -3.64340789e-02,
         5.14131160e+00,   4.61701812e+00,  -4.63486487e+00,
         5.57354234e+00,   5.21861427e+00,   3.79806394e+00,
         5.74295438e+00,   3.21339582e+00,   3.47452479e+00,
         4.22498215e+00,   5.62111362e+00,   3.09617137e+00,
         5.64416654e+00,   5.72168395e+00,   3.98705420e+00,
         5.39073396e+00,   5.80810748e+00,   5.77980067e+00,
         4.98178479e+00,   4.44235420e+00,   4.79053192e+00,
         4.33317956e+00,   3.23981670e+00,   3.43092063e+00,
        -1.53793557e-01,  -1.08804153e+00,   1.53803293e+00,
         4.82707735e+00,   5.45737122e+00,   1.47289623e+00,
         4.26262337e+00,   5.49386957e+00,   3.37542113e+00,
         5.63117452e+00,   3.66039176e+00,   2.85930347e+00,
         4.56329411e+00,  -2.73820766e-02,   5.81548460e+00,
         5.45041209e+00,   5.76302840e+00,   3.12696197e-02,
         4.39125743e+00,   5.85671233e+00,  -7.38452951e+00,
         4.37284018e+00,   5.23144874e+00,  -4.77572359e+00,
         5.03688171e+00,   5.59672230e+00,   4.47087391e+00,
         5.81690114e+00,   3.21448550e+00,   5.43372160e+00,
         4.29500071e+00,   5.81690127e+00,   4.32876376e+00,
        -1.51534000e-02,   3.54161446e+00,   5.73477335e+00,
         4.70273265e+00,  -8.11920530e+00,   4.49184168e+00,
         7.32134360e-01,  -1.47441198e-01,  -6.40626060e-02,
         5.54514827e+00,   4.54288826e+00,   5.81151928e+00,
         3.58663649e+00,   3.10048838e+00,   5.85213192e+00,
         5.63841825e+00,   4.29456933e+00,   5.73010973e+00,
         4.20146230e-01,   4.13787571e+00,   4.13669197e+00,
         5.15085572e+00,   4.59667192e+00,   7.78089752e+00,
         4.21278382e+00,   5.35791822e+00,  -8.91998498e-02,
         5.67199239e+00,   4.15086063e+00,   5.85583516e+00,
        -1.36503501e-01,   5.83920088e+00,   3.85458696e+00,
         5.85438030e+00,   5.61615089e+00,   3.98231266e+00,
         5.52318971e+00,   4.99332917e+00,  -4.19573077e-02,
        -2.73328659e+00,  -2.60351057e-02,   5.81279912e+00,
         3.15404518e+00,   2.05423389e-01,   5.43612642e+00,
         5.14893009e+00,   3.38372064e+00,   3.71149232e+00,
         5.67135833e+00,   3.43933994e+00,  -4.89261219e+00,
        -1.33326515e-02,  -3.96089925e+00,  -8.46558150e-02,
        -9.68363177e-02,   1.80405355e+00,   2.45308378e-01,
         4.48590538e+00,   4.81205669e+00,   2.32985486e+00,
         4.20190981e+00,   4.67263136e+00,   4.63907560e+00,
        -1.84207867e-01,  -3.92686373e-02,   4.58287229e+00,
         5.79599335e+00,   4.49824031e+00,  -1.38607511e-01,
         5.79832475e+00,   3.98600377e+00,   5.81448253e+00,
         4.69819226e+00,   4.40098487e+00,   4.90693430e+00,
         4.07556770e+00,  -1.33108392e-01,   4.76209249e+00,
         3.83850409e+00,   3.22818053e+00,   4.55852828e+00,
         5.41202281e+00,   5.12476526e+00,   4.51904263e+00,
         5.44254713e+00,   3.62349427e+00,   4.58471238e+00,
         4.43327698e+00,   2.95897992e+00,   3.27860283e+00,
         5.30091933e+00,   5.87205311e+00,  -5.26298034e+00,
         5.56403047e+00,   5.83939501e+00,   5.43722479e+00,
         1.60026751e+00,   6.84503358e-01,  -2.68609308e-02,
         1.86009227e+00,   5.10225892e+00,   1.66972270e+00,
         5.66975585e+00,   5.28922429e+00,   4.53345563e+00,
        -3.75447474e+00,   5.59762644e+00,   3.50100703e+00,
         4.28978038e+00,   5.83888668e+00,  -2.76572178e-02,
         4.37035496e+00,   2.98373053e+00,   4.01906794e+00,
         1.25499780e-01,   5.54121319e+00,   5.62090176e+00,
        -8.19468096e-02,   5.55438963e+00,   5.62857599e+00,
         3.68817379e+00,   5.60584792e+00,   5.24418589e+00,
        -2.17290122e-02,   5.83253724e+00,  -1.07450731e-01,
         5.04641321e+00,   5.67422038e+00,   4.73171224e+00,
         5.22040716e+00,   3.76556023e+00,  -7.19196282e+00,
         3.63465579e+00,  -9.34373253e-02,   5.13465358e+00,
         3.88718712e+00,   5.47182999e+00,   2.36439239e+00,
         3.30629226e+00,   4.99192253e+00,   5.61083600e+00,
         4.12773613e+00,   4.41881729e+00,   1.27683890e-01,
         2.78014291e+00,   5.67318460e+00,   4.18997147e+00,
         5.12393271e+00,   3.34435161e+00,   1.92873356e-01,
         5.83251909e+00,   4.83772904e+00,   5.12876292e+00,
         7.47166909e+00,  -8.64936814e+00,   8.06084929e+00,
         4.85823623e+00,   4.15790634e+00])]Output weights: [[ -8.94664734e-02]
 [  3.18103666e+00]
 [ -1.36265172e+00]
 [  3.19838882e+00]
 [  3.22728875e+00]
 [  3.06928699e+00]
 [ -9.81024104e-02]
 [ -1.31902041e+00]
 [  6.55611435e-01]
 [  2.62773692e+00]
 [ -2.48772538e-01]
 [ -1.66129941e+00]
 [  3.23996962e+00]
 [ -9.11593806e-01]
 [ -1.51887584e+00]
 [ -9.55757545e-02]
 [  2.99251481e+00]
 [ -1.37941726e+00]
 [  1.39082145e+00]
 [ -1.60229115e+00]
 [  2.31437558e+00]
 [ -1.26774029e+00]
 [ -9.18040398e-02]
 [  9.50345794e-01]
 [ -8.91335867e-02]
 [  2.18675414e+00]
 [  2.09980978e+00]
 [  2.15613748e+00]
 [ -1.64331483e-01]
 [ -9.08577550e-01]
 [ -6.27713248e-01]
 [  4.19373721e-01]
 [ -2.69932833e+00]
 [ -1.17624371e-01]
 [  2.50021345e+00]
 [ -1.37187446e+00]
 [ -9.83115202e-01]
 [ -4.37280480e-01]
 [ -1.14059969e+00]
 [ -1.40644942e+00]
 [  1.60319276e+00]
 [ -1.49083868e+00]
 [  7.62178161e-03]
 [ -6.69776849e-02]
 [ -1.01254904e-01]
 [  1.75680703e+00]
 [  3.57185759e-01]
 [  9.28781680e-01]
 [ -7.96309391e-01]
 [ -3.22690305e+00]
 [ -4.55386128e+00]
 [  2.61662467e+00]
 [ -3.81459423e-01]
 [  1.90459350e+00]
 [  3.25687295e+00]
 [ -7.89924164e-01]
 [  6.30378621e-01]
 [  2.94955154e+00]
 [  2.36752517e-01]
 [  3.23564061e+00]
 [  1.34430280e+00]
 [ -6.49915540e+00]
 [  2.57568313e+00]
 [  3.17017979e+00]
 [  3.72774170e-02]
 [ -9.63223559e-02]
 [ -2.80498007e+00]
 [  1.62772127e+00]
 [ -8.51607223e-01]
 [  8.15495899e-01]
 [  2.27577152e+00]
 [  2.77007673e+00]
 [ -1.00304925e-01]
 [  1.45605522e+00]
 [  1.94535179e+00]
 [  7.57638672e-01]
 [  2.55890121e+00]
 [ -5.80338758e-02]
 [ -1.16086474e+00]
 [ -6.75076997e-02]
 [ -9.84180384e-01]
 [ -8.98018301e-02]
 [ -1.57907361e+00]
 [  1.17292630e+00]
 [  2.40246200e+00]
 [ -1.48059370e+00]
 [ -5.26943252e-01]
 [  2.69323285e+00]
 [  3.25392740e+00]
 [ -1.62604771e+00]
 [ -9.37202005e-01]
 [ -4.65902958e+00]
 [  6.81293234e-01]
 [ -9.61761845e-02]
 [ -1.08079512e-01]
 [  6.48050217e-01]
 [  3.10574741e+00]
 [ -8.56045657e-01]
 [  5.53222411e-01]
 [  1.16861140e+00]
 [  2.42981803e+00]
 [ -3.67542778e-01]
 [  1.92349933e+00]
 [ -1.29330725e+00]
 [ -9.62474659e-02]
 [  1.90236272e+00]
 [  1.00983865e+00]
 [  2.35248616e+00]
 [  1.35057296e+00]
 [  1.31763083e+00]
 [ -1.09814598e+00]
 [ -9.86068520e-01]
 [ -9.21127001e-02]
 [ -1.43495206e+00]
 [ -1.05251209e-01]
 [ -1.04641603e+00]
 [ -1.32529448e+00]
 [  1.43246562e+00]
 [ -1.06454486e-01]
 [ -6.05531340e-01]
 [ -1.07594005e-01]
 [ -9.74601856e-02]
 [  3.99517251e-01]
 [  3.54190785e-02]
 [  2.06423409e+00]
 [ -6.66638785e+00]
 [  8.41249346e-01]
 [  2.98434380e+00]
 [ -3.71627914e-01]
 [ -1.10146404e+00]
 [  2.94736608e+00]
 [  4.77399719e-01]
 [ -4.15950354e+00]
 [ -2.14015851e-01]
 [ -7.45113088e-01]
 [  3.15514816e+00]
 [ -2.62513667e+00]
 [ -5.93649385e-01]
 [  2.97866793e+00]
 [ -1.24133532e+00]
 [ -9.66816825e-02]
 [ -5.44407619e-01]
 [ -1.59549903e+00]
 [ -1.39204555e+00]
 [  1.17087274e+00]
 [  3.25928619e+00]
 [  2.10966264e+00]
 [  3.24085178e+00]
 [  6.09701563e-02]
 [ -2.32109973e-01]
 [ -1.62978454e+00]
 [ -9.67628547e-02]
 [ -1.56202554e-01]
 [  2.98341132e+00]
 [ -1.58969631e+00]
 [ -1.19293542e+00]
 [ -8.58645167e-02]
 [ -8.44730487e-01]
 [ -1.34978072e+00]
 [ -3.23955246e-01]
 [ -8.81475970e-01]
 [  1.81894600e-02]
 [  2.61332239e+00]
 [  2.70135980e+00]
 [ -3.45843591e-01]
 [ -5.08349246e-01]
 [ -9.85639563e-02]
 [ -1.27277448e+00]
 [  2.55561104e+00]
 [ -7.77997420e-01]
 [  2.19247424e+00]
 [ -1.23878560e+00]
 [ -9.78585251e-02]
 [  3.11977208e+00]
 [  3.09667030e+00]
 [  2.18365484e+00]
 [ -6.59902037e-01]
 [ -1.58810475e+00]
 [ -1.17703757e+00]
 [ -2.33247146e-02]
 [ -1.25852673e+00]
 [ -9.64153480e-02]
 [ -3.80225577e-01]
 [  7.58809389e-01]
 [ -4.46347442e-01]
 [  1.50398081e-01]
 [ -1.55021529e+00]
 [  1.18735186e+00]
 [ -8.29857105e-01]
 [  2.01905686e+00]
 [ -2.43567572e-02]
 [ -1.48868241e+00]
 [  3.05628724e+00]
 [  1.06016135e-01]
 [  3.21675940e+00]
 [ -6.41262486e-01]
 [  4.50072994e-01]
 [  9.03829895e-03]
 [  2.36785450e+00]
 [  1.93131979e+00]
 [  2.73064307e+00]
 [ -1.00019116e+00]
 [ -9.63813033e-02]
 [ -7.88958057e-01]
 [ -9.91121308e-01]
 [ -1.03878940e+00]
 [  2.58835850e+00]
 [ -6.43753865e-02]
 [  2.31485768e-01]
 [  3.06717330e+00]
 [ -1.25148716e+00]
 [  6.36320143e-02]
 [ -6.56967268e-01]
 [ -7.75951350e+00]
 [  3.00018664e+00]
 [  3.20870936e+00]
 [  1.93901446e+00]
 [  6.98094159e-02]
 [ -1.45662483e+00]
 [ -1.18542581e-01]
 [ -9.09017815e-01]
 [  2.79994025e+00]
 [ -2.26765844e-02]
 [ -1.43053019e+00]
 [ -3.62872639e+00]
 [  1.76207913e+00]
 [ -8.91612164e-02]
 [  6.34878930e-01]
 [ -1.29113697e+00]
 [ -2.70751428e+00]
 [  2.96485178e+00]
 [ -1.04753712e+00]
 [  3.45318480e-01]
 [  3.26662469e+00]
 [ -7.52881433e-01]
 [ -1.06417905e+00]
 [ -1.41691433e+00]
 [  1.77465511e+00]
 [  4.76325342e-02]
 [ -1.34680555e+00]
 [ -5.78846516e-01]
 [ -1.16856277e+00]
 [ -9.70669517e-02]
 [ -4.73550516e-01]
 [ -1.61164230e+00]
 [  2.87690953e+00]
 [  1.70598198e+00]
 [ -1.52058073e-01]
 [ -1.11339807e-01]
 [ -8.93677168e-01]
 [ -1.57013892e+00]
 [ -1.58886492e+00]
 [  2.17324419e+00]
 [  3.12868461e+00]
 [ -1.02781021e+00]
 [ -1.02864101e+00]
 [  2.06477071e+00]
 [ -9.95039562e-02]
 [  3.23972214e+00]
 [  1.35242499e+00]
 [ -1.46834059e+00]
 [  2.13211768e+00]
 [ -2.72116737e-01]
 [  5.88078500e-02]
 [ -6.18288790e-01]
 [ -1.11435481e-01]
 [ -1.41460496e+00]
 [ -5.32377100e+00]
 [  4.08670634e+00]
 [ -9.72670487e-02]
 [  3.19713420e+00]
 [ -3.56393434e-01]
 [ -7.62753953e-01]
 [  1.19287550e+00]
 [ -1.31130462e+00]
 [  2.72487704e+00]
 [  8.14500424e-02]
 [ -9.59389025e-02]
 [  2.53412254e+00]
 [ -8.23597225e-01]
 [  2.81741767e-01]
 [ -1.48581086e+00]
 [  1.71048052e+00]
 [  1.20428562e+00]
 [ -8.49089534e-02]
 [  2.57102117e+00]
 [  2.93996725e+00]
 [ -8.04143466e+00]
 [  3.66463695e-01]
 [  2.49156386e+00]
 [  3.24116871e+00]
 [  7.39015388e-01]
 [ -1.59779223e+00]
 [ -1.51264951e+00]
 [ -1.08140232e+00]
 [  2.01023864e+00]
 [ -1.62550805e+00]
 [  5.14406352e-01]
 [  1.85581961e+00]
 [ -1.23844193e+00]
 [  5.96848277e-02]
 [  1.50180615e+00]
 [  1.61464166e+00]
 [  2.71123907e+00]
 [  3.11808829e+00]
 [  2.95000064e+00]
 [  3.20735681e+00]
 [ -1.61393308e+00]
 [  4.88000675e+00]
 [ -9.61505494e-02]
 [ -8.67970693e-02]
 [  2.26665897e+00]
 [ -6.07701965e-01]
 [  2.54883826e+00]
 [ -4.08127474e-01]
 [ -1.03676919e+00]
 [  2.33401757e-01]
 [  3.24051212e+00]
 [  1.97963503e+00]
 [ -1.42887033e+00]
 [ -1.69802428e+00]
 [ -8.12301267e-01]
 [ -1.00586499e-01]
 [  1.00123363e+00]
 [  1.54018802e-01]
 [  7.48767193e-01]
 [ -1.04214258e-01]
 [ -9.65614521e-01]
 [  1.30830467e+00]
 [ -2.40348524e+00]
 [ -9.81591736e-01]
 [  2.48829603e+00]
 [ -9.13069487e-01]
 [ -3.68072534e-01]
 [  2.07413159e+00]
 [  3.05810485e+00]
 [  1.37962339e+00]
 [ -1.60145456e+00]
 [  2.29243102e+00]
 [  3.06043730e+00]
 [  9.50087504e-01]
 [ -9.98813007e-01]
 [ -9.47201721e-02]
 [ -1.49001642e+00]
 [  7.09709565e-01]
 [ -6.70715699e-01]
 [ -4.27695965e+00]
 [  2.99969767e+00]
 [  3.24485341e+00]
 [ -9.63467084e-02]
 [ -8.58649416e-02]
 [  2.10714447e+00]
 [ -8.28055964e-01]
 [  1.57154777e+00]
 [  3.28841486e+00]
 [ -1.27758732e+00]
 [  1.41714831e+00]
 [  2.00915835e+00]
 [ -1.04289821e+00]
 [  7.07018061e-01]
 [  2.59805401e+00]
 [  3.10654324e+00]
 [ -1.13867183e+00]
 [  2.57293428e+00]
 [ -7.79711729e-01]
 [ -7.32237087e+00]
 [ -1.09037375e+00]
 [  2.35121947e+00]
 [ -9.78375131e-02]
 [  5.69824895e-01]
 [ -1.13571566e+00]
 [  1.38684518e+00]
 [ -9.67323207e-02]
 [  1.49109790e+00]
 [  3.37445092e+00]
 [  1.34275389e+00]
 [  4.22916131e-01]
 [ -1.27000561e+00]
 [  2.91955279e-01]
 [ -3.77798036e-01]
 [ -9.94907784e-02]
 [ -9.58508299e-02]
 [ -1.04976776e-01]
 [  1.62959839e+00]
 [ -1.62520033e+00]
 [ -9.29119354e-02]
 [  2.57247235e+00]
 [  2.56710989e+00]
 [ -1.54591730e+00]
 [ -1.39389872e+00]
 [  5.60831664e-01]
 [ -1.52975438e+00]
 [ -3.93199291e-02]
 [ -1.04245781e-01]
 [ -4.09361031e+00]
 [ -9.68472933e-02]
 [ -9.60339813e-02]
 [  7.08203862e+00]
 [ -1.03065298e-01]
 [  3.00023113e+00]
 [ -5.78526992e-01]
 [ -1.12784304e+00]
 [ -1.10289017e+00]
 [  2.90153272e+00]
 [  2.91343317e+00]
 [ -1.09172572e-01]
 [ -1.00049126e-01]
 [ -7.95189994e-01]
 [  9.49783224e-01]
 [ -8.69922124e-01]
 [ -8.31156462e-02]
 [  1.61171284e+00]
 [  3.16138031e+00]
 [  9.68200088e-01]
 [ -6.72600393e-01]
 [ -9.54978378e-01]
 [ -4.81109904e-01]
 [ -1.19091101e+00]
 [ -8.43491455e-02]
 [  2.84369015e+00]
 [ -1.32441143e+00]
 [ -1.61648932e+00]
 [  3.09090562e+00]
 [  2.32402418e+00]
 [ -2.42518287e-01]
 [  3.10467611e+00]
 [  2.32830671e+00]
 [ -1.44899859e+00]
 [ -8.01262617e-01]
 [  3.10138295e+00]
 [ -1.64107087e+00]
 [  3.25929591e+00]
 [  2.42273638e+00]
 [  1.42843031e+00]
 [ -1.18552697e+00]
 [  2.15494629e+00]
 [  1.29937906e+00]
 [  1.61191202e-01]
 [ -8.06051599e-01]
 [  3.19607185e+00]
 [ -9.87912949e-02]
 [ -6.12470341e-02]
 [  2.64440406e+00]
 [  1.27690474e-01]
 [  1.99680428e+00]
 [  2.45542013e+00]
 [ -4.63483571e+00]
 [ -7.68181211e-01]
 [  2.03192493e+00]
 [ -1.52132567e+00]
 [ -1.04446502e+00]
 [  1.44886648e+00]
 [ -9.95553122e-02]
 [  3.06557700e+00]
 [  1.94459886e+00]
 [ -1.23701986e+00]
 [ -9.14420564e-02]
 [  3.21124299e-01]
 [  4.60126316e-01]
 [ -9.57510477e-02]
 [  3.25991893e-01]
 [  4.76043177e-01]
 [ -1.39056229e+00]
 [  2.03663720e+00]
 [ -1.05994091e-01]
 [ -1.02540643e-01]
 [  1.57267558e+00]
 [ -9.02756869e-02]
 [ -3.36532196e-01]
 [  1.91871152e+00]
 [ -6.75455910e-01]
 [ -1.63214245e-01]
 [ -1.37220888e+00]
 [ -3.53932549e+00]
 [ -1.43829655e+00]
 [ -1.00041914e-01]
 [ -2.43090867e-01]
 [  3.24831714e+00]
 [  2.03289300e-01]
 [ -9.78213877e-01]
 [  3.25657522e+00]
 [ -4.08150894e-01]
 [  4.24087511e-01]
 [  3.11905434e+00]
 [ -9.38767006e-01]
 [  4.19149320e-02]
 [ -1.58111140e+00]
 [  5.78068217e-01]
 [  3.09874332e+00]
 [  2.61136025e+00]
 [ -1.56306140e+00]
 [  7.36152801e-02]
 [  1.45809534e+00]
 [  2.94169256e+00]
 [ -2.63675358e-01]
 [  5.35878935e+00]
 [ -8.33737855e+00]
 [  5.29061553e+00]
 [ -5.23338300e-01]
 [ -1.13620119e+00]]Output bias: [ 8.86515368]