Action MLP:Hidden weights: [array([[ 0.00982706,  0.00472977,  0.00811904, ..., -0.00243861,
        -0.00317176, -0.01102981],
       [ 0.00299826,  0.00266372,  0.00272318, ..., -0.00659437,
        -0.00093612, -0.00082447],
       [ 0.01672753,  0.00055136,  0.01709193, ..., -0.00935937,
         0.02019173, -0.00322824],
       ..., 
       [ 0.01597203,  0.01962809,  0.01545234, ...,  0.01635853,
         0.01444925,  0.02141937],
       [-0.00645416, -0.00378992, -0.00251808, ..., -0.00890178,
        -0.00201181,  0.00061524],
       [-0.00497307,  0.00281412,  0.0093067 , ...,  0.00624722,
        -0.00811581,  0.00938313]])]Hidden bias: [array([-0.90614975, -0.90468908, -0.89887535, -0.90763315, -0.897232  ,
       -0.89524452, -0.91092959, -0.89531885, -0.90663117, -0.9029115 ,
       -0.90304584, -0.88296958, -0.90557356, -0.90425634, -0.90917547,
       -0.90293726, -0.88285796, -0.90620395, -0.89197036, -0.88663065])]Output weights: [[  1.25312815e-01  -4.01632546e-02]
 [  1.23738365e-01  -2.46728003e-02]
 [  5.92568340e-02   1.57706675e-02]
 [  1.97062898e-01  -8.15653437e-02]
 [  2.23587811e-02   3.06423360e-02]
 [  1.23020697e-01   9.74909028e-05]
 [  1.27095498e-01  -3.69215576e-02]
 [ -3.87595528e-04   6.41197829e-02]
 [  8.38832759e-02  -2.38702515e-02]
 [  1.27287596e-01  -2.51780842e-02]
 [  8.58636155e-02  -7.54288543e-03]
 [ -4.38967840e-02   1.34675219e-01]
 [  1.86005651e-01  -6.68958151e-02]
 [  2.22338491e-01  -8.77160110e-02]
 [  9.99203387e-02  -3.53608186e-02]
 [  5.53674666e-02   5.40911795e-04]
 [ -4.68006103e-02   1.27719618e-01]
 [ -1.12509675e-01   2.58760087e-01]
 [ -3.87539419e-02   7.76323418e-02]
 [ -1.60028958e-02   9.36783231e-02]]Output bias: [ 0.20170061  0.15150014]
Value MLP:Hidden weights: [array([[ 0.01264989,  0.00269677,  0.00538692, ...,  0.00817983,
         0.00199012,  0.00339612],
       [ 0.07705981,  0.06544335,  0.0662715 , ...,  0.07521108,
         0.07233949,  0.07553805],
       [ 0.267748  ,  0.29105924,  0.27998145, ...,  0.29322585,
         0.29109308,  0.29540627],
       ..., 
       [ 0.05667497,  0.04299915,  0.05461948, ...,  0.0412356 ,
         0.04618299,  0.05441925],
       [ 0.00337043, -0.00506749, -0.00199717, ..., -0.00259634,
         0.00272102, -0.00746061],
       [ 0.00606193,  0.00504842,  0.00583858, ...,  0.00888794,
        -0.00088919,  0.00529525]])]Hidden bias: [array([-0.21383553, -0.21091523, -0.23139877, -0.21053326, -0.2089369 ,
       -0.20337187, -0.22268552, -0.21556927, -0.22924902, -0.22956734,
       -0.23042819, -0.21983474, -0.23116891, -0.21921615, -0.21930379,
       -0.20677864, -0.22206208, -0.22007112, -0.21493471, -0.22761082])]Output weights: [[ 4.80197016]
 [ 4.79440133]
 [ 4.73533912]
 [ 4.80559339]
 [ 4.75516206]
 [ 4.77607443]
 [ 4.79555711]
 [ 4.85592674]
 [ 4.76657435]
 [ 4.78456758]
 [ 4.7153547 ]
 [ 4.76452321]
 [ 4.68143284]
 [ 4.74179739]
 [ 4.76432786]
 [ 4.86467816]
 [ 4.85669765]
 [ 4.72172918]
 [ 4.72626745]
 [ 4.80276768]]Output bias: [ 5.84899558]