Action MLP:Hidden weights: [array([[-0.00410322,  0.00695892, -0.00936801, ..., -0.00042721,
         0.00432989, -0.00691807],
       [-0.04052969,  0.02080194, -0.02579524, ..., -0.01423031,
         0.0059741 ,  0.00901401],
       [-0.05452904,  0.0358727 , -0.03527701, ..., -0.02390784,
         0.00283997,  0.03247308],
       ..., 
       [ 0.00707502, -0.00118273, -0.00399419, ...,  0.00447833,
        -0.00238816, -0.01125234],
       [ 0.00053343,  0.00101844, -0.00222042, ..., -0.00908987,
        -0.00225341,  0.00366811],
       [-0.00722684,  0.00084875,  0.00605512, ..., -0.00223491,
         0.00091603, -0.00322233]])]Hidden bias: [array([-0.77545777, -0.76211313, -0.76271656, -0.74484521, -0.7404713 ,
       -0.72943532, -0.79388593, -0.74406299, -0.76067849, -0.75161509,
       -0.74881851, -0.72809691, -0.73900045, -0.7370882 , -0.74803927,
       -0.74349228, -0.72981848, -0.7469791 , -0.73822423, -0.75071523])]Output weights: [[ 0.14331252 -0.06394545]
 [-0.00558214  0.20382403]
 [ 0.1151573  -0.02140474]
 [ 0.00305137  0.06566131]
 [ 0.04400473  0.04795794]
 [ 0.14063627  0.02894439]
 [ 0.09327076 -0.08828723]
 [ 0.13009669 -0.00516311]
 [ 0.02446264  0.22120362]
 [ 0.1118114  -0.00721143]
 [ 0.09482438  0.00215498]
 [ 0.10343248  0.13031494]
 [ 0.00251198  0.07493859]
 [ 0.02771802  0.0544534 ]
 [ 0.03211621  0.15575577]
 [ 0.06748893  0.03051189]
 [ 0.06519323  0.09830779]
 [ 0.11389259  0.00040749]
 [ 0.04707293  0.04606372]
 [ 0.00243907  0.15578171]]Output bias: [ 0.21445956 -0.08505966]
Value MLP:Hidden weights: [array([[  4.07579928e+00,  -2.36714276e-01,  -1.06488083e+01, ...,
         -1.44875355e+01,  -2.93882973e-01,  -1.29513105e-01],
       [  2.33469363e+00,   1.76527152e-01,  -4.98237325e+00, ...,
         -1.97966545e+00,   2.70109024e-01,  -7.39881119e-02],
       [  1.63796799e+00,   7.46651553e-01,   9.39248656e-01, ...,
         -2.00523193e+00,  -5.16302294e-01,   1.77900956e-02],
       ..., 
       [  3.18730843e-02,   2.17720022e-01,  -8.65947817e-01, ...,
         -1.03661104e-01,  -6.88186742e-03,   8.81795286e-03],
       [ -8.67234516e-03,   1.16786168e-01,  -2.83654761e-03, ...,
         -5.32310460e-02,   3.76886222e-03,   5.52717241e-03],
       [  2.14283582e+00,  -6.49283943e-02,  -5.29360514e+00, ...,
         -9.87886512e+00,  -4.31260230e-01,  -6.76751582e-02]])]Hidden bias: [array([  7.4150827 ,   3.61983285,  -1.89176604, -12.34309655,
       -13.02428554,   6.20805119,   3.43937786,  -8.58269194,
        -9.64131138,  -6.82971736, -14.43634532,   2.3228191 ,
        -5.58569134,   4.87613856,  -7.48349808, -17.5266999 ,
        -5.93692145,  -2.28532411,   5.98127665,   1.21631138])]Output weights: [[ 7.82115223]
 [-7.22754961]
 [ 2.31005808]
 [ 6.42442281]
 [ 6.31248137]
 [-0.38284084]
 [ 3.88185056]
 [-3.87257891]
 [-3.21700354]
 [-3.73966196]
 [ 2.33511911]
 [-1.64246386]
 [ 5.78318357]
 [ 1.33848921]
 [ 9.92740709]
 [-4.98702666]
 [ 2.87516947]
 [ 5.60637616]
 [ 1.727078  ]
 [-3.12795112]]Output bias: [-10.50109075]