Action MLP:Hidden weights: [array([[ -9.68872700e-03,  -5.10810240e-03,  -1.83175769e-03,
         -8.30205341e-03,   5.57596648e-03,   6.37781063e-03,
          8.72267082e-03,  -3.15899163e-03,   7.86142370e-03,
          1.98717697e-03,   2.41773201e-03,   2.21317414e-03,
          3.11381725e-04,  -4.13991268e-03,  -8.96339827e-03,
         -1.70684400e-04,  -7.65653793e-03,  -8.27726760e-03,
          1.79625994e-03,   2.53311941e-03,   1.58352015e-03,
         -7.50695986e-03,   4.73671426e-03,   9.59651614e-03,
          6.73909713e-03,  -9.95375772e-03,  -4.85771738e-03,
          1.59011745e-03,  -8.36787678e-03,  -1.00401668e-02,
         -4.32252121e-03,  -9.01345312e-03,   6.44071188e-03,
          1.20312008e-03,   5.50399923e-03,  -1.91052773e-03,
         -7.92046167e-04,   1.29082075e-03,  -4.73160860e-04,
          2.29947770e-04,  -2.86622032e-03,  -6.72563582e-03,
          4.95826180e-03,  -8.02381609e-03,  -5.07904378e-03,
         -9.74951901e-03,   7.57437766e-03,  -1.03610231e-02,
         -5.19486338e-03,   3.67186056e-03,   4.69589273e-03,
         -5.42769139e-03,   1.34056351e-03,   8.56942917e-03,
          3.41367033e-03,   4.46759038e-03,   3.25349923e-03,
          1.03964585e-03,  -7.74500865e-03,  -9.05692700e-03,
          2.68689626e-03,   8.75015929e-03,  -4.40878412e-03,
         -1.88886915e-03,   1.98882597e-03,  -9.39012101e-03,
         -3.07989388e-05,   4.92970606e-03,  -2.36355865e-03,
         -5.89353500e-03,   4.00455806e-03,   5.97321018e-03,
         -7.28970613e-03,  -1.16152937e-03,  -1.94994208e-03,
         -5.48923627e-03,   6.69359828e-03,  -4.32581079e-03,
          6.85899967e-03,  -7.63926487e-03,   7.59551223e-03,
          1.79682117e-04,  -6.06703072e-04,   7.71226260e-04,
          7.29817965e-03,   7.25060706e-03,   4.40234712e-03,
          5.24598271e-03,  -3.80858496e-03,  -6.48020271e-03,
         -9.46513438e-04,   1.69268053e-03,   3.07235432e-03,
          2.30562205e-03,  -1.08961292e-02,   6.93718430e-03,
         -8.72446469e-03,  -5.58243945e-03,  -5.42805046e-03,
          3.50823708e-03],
       [ -6.25334949e-04,   4.53701580e-03,   9.07593964e-03,
          9.48907365e-03,  -2.55462734e-03,   9.44034102e-03,
         -4.05166648e-03,   8.84127929e-03,   5.21116354e-03,
         -5.82547069e-03,   5.92624375e-03,   1.30523902e-03,
         -7.12982975e-03,  -7.18017071e-03,   5.86281803e-03,
         -4.42740635e-04,  -6.67876231e-03,   4.74752470e-03,
         -3.80388997e-03,  -2.51563431e-03,  -9.16365743e-03,
         -1.81766408e-03,   6.75849888e-03,   2.82636516e-05,
         -7.15275258e-04,  -1.63306778e-03,   7.24363107e-03,
         -1.12253850e-03,   6.81628193e-03,   5.03948906e-03,
          5.40846476e-04,  -8.45161196e-03,  -8.60474628e-03,
         -5.52658027e-03,   5.25218193e-03,   1.70693738e-03,
          1.52323061e-03,  -9.61696321e-03,   4.61475314e-03,
          3.05856459e-03,   1.51181332e-03,  -2.68543946e-03,
         -8.07082327e-03,  -4.26002532e-04,  -5.33517542e-03,
          1.04579057e-02,   2.95680005e-03,  -9.42385755e-03,
          3.96549027e-03,  -6.61526482e-03,  -4.99846357e-03,
          6.49868931e-03,   3.17423018e-03,  -5.21459903e-06,
         -1.31839401e-04,   7.78375142e-03,   8.96515095e-03,
         -8.14354315e-03,   1.63401768e-03,  -3.79846444e-03,
          5.03024971e-03,   1.81677222e-03,   9.04975589e-03,
         -4.85486325e-03,  -9.44567285e-03,  -6.53301882e-03,
          7.42254432e-03,   2.34304874e-03,  -6.99552055e-03,
          3.67208117e-03,   1.00323659e-02,   1.00813542e-02,
          5.42160597e-03,   1.70687127e-03,   8.40020222e-03,
          2.92424279e-03,  -8.39936309e-03,   5.31083421e-03,
         -9.68440241e-03,   6.14348975e-03,  -4.15129822e-05,
          5.76829627e-04,   1.67888646e-03,  -9.21832384e-03,
          6.48196833e-04,   7.01195800e-03,  -1.61907089e-03,
          6.53721437e-03,  -2.40367656e-03,  -8.78122375e-03,
          9.17946649e-03,  -9.73468280e-03,  -9.32582624e-03,
         -5.48342632e-03,   7.30334119e-03,  -7.97820325e-03,
         -8.89482739e-03,   1.41850371e-03,   6.41188182e-03,
          3.14158316e-03],
       [  7.09116248e-03,  -2.43817202e-03,   5.39740048e-03,
          7.59151768e-04,  -1.00966333e-02,  -4.44209993e-03,
         -1.12129546e-02,  -1.36049779e-02,  -3.27913981e-03,
         -2.27899561e-03,  -1.05866677e-02,  -4.50739252e-03,
         -4.65197245e-03,   6.24437041e-03,  -1.07831322e-02,
         -7.82843144e-04,  -5.41688669e-03,  -4.02674390e-03,
         -4.70736280e-03,   3.40772422e-03,  -9.49842714e-03,
          3.95479096e-03,  -9.58504512e-03,   7.73849755e-03,
         -8.57952011e-03,  -3.65630625e-03,   6.45275409e-03,
         -2.21301499e-03,  -9.09510575e-03,   4.66025525e-03,
         -5.82079882e-03,  -3.32412654e-05,  -1.53990803e-02,
          3.55595683e-03,  -5.72790963e-03,   6.43797531e-03,
          4.64555439e-03,  -1.36480849e-02,   3.98085310e-04,
          3.21053296e-03,  -5.69410514e-03,   4.49477997e-03,
          5.28825072e-03,  -8.20438806e-03,  -4.95100345e-05,
          4.79051724e-03,  -3.29156275e-03,  -6.96062953e-03,
         -1.50508133e-02,  -1.15221737e-02,  -8.86278191e-03,
         -7.98454032e-04,  -1.28080637e-02,  -1.17572673e-02,
         -1.42820582e-02,  -1.00423745e-02,   2.17021334e-03,
         -6.46489119e-03,   3.11395526e-03,   3.28852745e-03,
         -9.62327223e-04,  -5.54499291e-03,   2.15919627e-03,
         -6.21467924e-03,  -1.02750906e-03,  -6.19465511e-03,
         -1.18144239e-02,  -7.45754189e-04,   2.37983546e-03,
         -4.88886307e-03,  -1.30477880e-02,  -1.09845290e-02,
         -3.09544081e-03,  -6.43949050e-03,  -4.83356703e-03,
         -9.87439765e-03,  -6.39830396e-03,   4.36564860e-03,
          8.07798772e-03,   3.94332919e-03,   3.62196606e-03,
          6.58156698e-03,  -2.73096289e-03,   6.70430254e-03,
          4.23978819e-03,  -7.07194832e-04,   2.75796724e-03,
         -1.27035519e-02,  -7.38059041e-03,  -6.24891120e-03,
         -1.42735566e-02,  -4.70289852e-04,  -3.69338465e-03,
         -1.23997498e-02,  -6.62698071e-03,  -1.42814599e-02,
          1.10046763e-03,  -3.94047438e-03,   5.46890599e-03,
         -2.52224737e-03],
       [ -6.89543960e-03,  -7.74476068e-03,   5.91097029e-03,
         -3.76229714e-03,  -1.05935166e-02,  -7.59752399e-03,
         -1.41791259e-02,  -8.87409535e-03,   2.44538602e-03,
         -1.07195960e-02,  -2.06676652e-03,  -3.94998308e-03,
          2.93174974e-03,  -2.32354727e-03,   6.48270439e-03,
         -6.76822802e-03,   5.99149746e-03,   3.45229423e-03,
          5.51013356e-04,  -8.84676267e-03,  -3.00853897e-03,
         -8.69654457e-03,  -8.00377651e-03,  -9.50553224e-04,
         -3.22147257e-03,  -1.68480169e-03,   6.64468239e-03,
         -7.46459083e-03,   4.62616118e-03,  -1.12130502e-03,
          5.68868645e-03,  -5.26711260e-03,   3.49169601e-04,
          2.42216804e-03,   6.04082688e-03,  -1.32332708e-02,
         -1.10506331e-02,  -9.42393102e-03,  -2.18681590e-04,
          2.37639586e-03,   1.31738842e-03,   2.86084625e-03,
         -3.44412122e-03,  -5.14559067e-03,  -7.28392703e-03,
         -1.70796136e-03,  -7.33768223e-04,  -6.56270796e-03,
         -1.05752987e-02,   1.25565702e-05,  -9.71077752e-04,
          7.72211286e-03,  -1.23330455e-02,  -1.74945221e-04,
         -3.75766019e-03,  -4.55956269e-03,   3.09920542e-03,
         -9.98033003e-04,  -6.78721258e-03,  -2.85896283e-03,
          1.53514826e-03,  -1.44471431e-02,  -4.98844013e-03,
         -7.92939675e-03,  -8.25441387e-04,  -1.15810815e-02,
         -1.04628845e-02,   6.67310095e-03,  -5.59550511e-03,
         -1.33134417e-02,  -1.13823669e-03,   3.67266144e-03,
         -8.21799667e-03,  -1.28421394e-02,   3.74870361e-04,
         -4.77469888e-03,   3.91427809e-04,  -1.00585773e-02,
         -7.52557077e-03,   4.40216147e-03,  -2.56777985e-03,
          5.05950672e-03,   4.76821685e-03,   3.19932174e-04,
          3.55985389e-03,   7.37100612e-03,  -1.43661535e-03,
          5.62370769e-03,  -2.54339436e-04,   4.48509809e-03,
          3.62200479e-03,  -2.44003945e-04,   7.57215637e-04,
         -4.32044680e-03,   8.12695288e-03,  -6.35033894e-03,
          4.41145534e-03,   3.48039569e-03,   2.70621005e-03,
         -3.27541127e-03],
       [  7.75340356e-03,  -1.84400786e-03,  -3.86279230e-03,
         -1.44697198e-03,   1.00095965e-03,   4.89549090e-04,
          3.58042956e-03,   7.80055768e-03,  -6.63202697e-03,
         -3.66796769e-03,  -4.86686709e-03,   4.02903452e-03,
          7.96929742e-03,   1.06474727e-02,   1.19261715e-02,
          6.15174553e-03,   2.94897456e-03,  -3.15076933e-03,
         -6.89950482e-03,  -7.28260552e-03,   1.02460109e-02,
          9.85530020e-03,   4.47232803e-04,  -2.10120827e-03,
          1.59471372e-03,   1.12998109e-02,  -7.47752002e-03,
          8.84023884e-03,   5.27859509e-03,   1.07737391e-02,
          1.38826604e-02,   7.91701528e-03,  -1.28795808e-03,
          2.30898592e-03,   3.96952238e-03,   7.83807563e-04,
          2.05459241e-03,   2.79637252e-03,  -1.74053665e-03,
          3.89525680e-04,   9.02309683e-03,   2.45494257e-03,
          8.08744766e-03,   7.44098958e-03,   8.59169368e-03,
         -4.02582098e-03,  -3.50278909e-03,  -1.91453258e-03,
          1.13305808e-02,  -2.81918873e-03,   1.52190906e-03,
          1.30879621e-02,   3.50021151e-03,   1.73244996e-05,
          9.92753636e-03,  -3.07730620e-03,   9.47853880e-03,
          8.52596638e-03,  -2.74637949e-04,   5.06299936e-04,
          4.04914770e-03,   6.47375665e-03,  -9.28265138e-04,
          1.12956004e-02,   7.00924363e-03,   1.00710511e-02,
         -1.90056090e-03,   5.90203259e-03,   5.33427065e-03,
          1.33260554e-03,  -7.58805730e-03,   7.79659061e-03,
          9.79868071e-03,   2.52001400e-03,   8.19608949e-03,
          2.52393653e-03,   6.72928173e-03,   9.06807059e-03,
         -9.08036694e-03,   1.33527275e-03,   3.49771818e-03,
          6.81952199e-03,   1.91966499e-03,   7.00689520e-03,
          2.80694426e-03,   5.47100978e-03,   3.61048388e-03,
          2.35747096e-03,  -3.74075113e-03,  -5.07615986e-04,
          7.19925114e-03,  -6.92383327e-03,   5.11742834e-03,
          8.46516285e-03,  -4.46405323e-03,   1.14216942e-02,
          7.64836225e-03,   6.36236094e-03,  -2.98342251e-03,
          3.15250436e-03],
       [ -4.49803586e-03,   1.20324212e-02,   2.98565487e-03,
          1.01836353e-02,   8.07363775e-04,  -2.98018611e-03,
          8.61946680e-03,   1.11244665e-02,   1.03314327e-02,
         -4.36366254e-03,   3.15347431e-04,  -2.91659918e-03,
          3.06276692e-03,   1.79078517e-03,   2.21304084e-03,
          4.49553770e-03,  -3.09873519e-03,  -8.68275120e-04,
         -2.62475128e-04,   2.47706841e-03,  -6.51588030e-03,
          2.36437319e-03,   1.55100611e-03,  -9.18546168e-03,
          1.15934489e-02,  -2.28264181e-03,   8.72987716e-03,
          9.07549677e-04,   5.38373095e-03,  -2.67868496e-03,
          3.37442710e-03,   9.21295298e-03,   7.40709852e-03,
         -5.20283944e-03,  -5.68260239e-03,  -6.28966542e-03,
          2.57334478e-04,   8.47961569e-03,   8.46063877e-03,
          6.72531035e-03,  -2.59424366e-03,  -7.68768997e-03,
         -5.81256201e-03,  -6.55850846e-03,   9.25109380e-03,
          7.93670386e-03,   8.98972241e-03,   8.68974915e-03,
          8.27502628e-03,  -1.52729312e-03,  -3.26299239e-03,
          2.69846845e-03,  -7.57387728e-03,   1.06034812e-02,
         -4.47246569e-03,  -3.08152009e-03,   1.00186418e-02,
         -1.36473270e-03,   5.73146777e-03,   1.41540244e-04,
         -3.95152485e-03,  -8.79202812e-03,  -1.16318212e-03,
          2.19828732e-03,   9.58839949e-03,   7.12104793e-03,
         -1.06373919e-03,   2.23528087e-03,  -5.23997574e-03,
         -4.68044969e-04,  -5.23133366e-03,   6.07954393e-03,
         -1.64647132e-04,  -4.22848659e-03,   1.49089804e-03,
         -1.54900602e-03,   4.15854140e-03,  -8.00308954e-03,
         -4.18936714e-03,   2.38666589e-03,   4.08263471e-03,
          1.16177054e-03,  -3.08148476e-04,  -9.15602381e-03,
          9.24394700e-03,   9.53813932e-03,   8.17929275e-03,
         -3.78144894e-03,   2.20662525e-03,   7.31578862e-04,
          4.24599588e-03,   7.45426672e-03,   1.13765915e-02,
         -5.87639932e-03,  -3.67624541e-03,  -1.93226204e-03,
          5.09098671e-03,   1.43678957e-03,  -5.17918685e-04,
          5.24508421e-03],
       [ -9.70132964e-03,  -1.92602604e-03,   5.71226630e-03,
         -2.48715498e-04,  -7.17348983e-03,  -9.31313575e-03,
          6.87085840e-03,  -9.35872162e-03,  -1.02519721e-03,
         -6.79144752e-03,  -4.06282799e-03,  -8.26080838e-03,
          8.50543177e-03,   2.82674895e-03,  -6.00783367e-03,
          3.36531351e-03,   8.11298188e-03,  -9.20616293e-03,
          1.68402831e-03,  -5.60499095e-03,   9.61740382e-03,
          3.25565011e-03,  -5.14004092e-03,   5.50043487e-04,
          3.64236259e-03,   1.31493158e-04,   9.55791355e-03,
         -9.53899195e-04,  -3.40529782e-03,  -2.55617925e-03,
         -4.42327285e-03,   7.75311792e-03,  -2.30281558e-04,
         -5.67803940e-03,  -8.29621368e-03,   8.96635634e-03,
         -3.28590543e-03,  -9.09036443e-03,   4.89643211e-03,
          4.93340414e-03,  -9.23940951e-03,   6.42737465e-03,
          4.42452853e-03,   4.89044351e-03,  -8.45794457e-03,
          5.98458761e-03,   8.76351921e-03,   5.79510607e-03,
          8.36011884e-03,   9.56632683e-03,   5.17446598e-03,
          4.24969686e-03,   9.49659237e-03,  -2.12024573e-03,
          9.72323110e-03,   9.67131373e-03,   4.52853165e-03,
          3.15564634e-03,   5.50185265e-03,  -9.17236605e-03,
          6.94146561e-03,   7.41430105e-03,   8.23977954e-03,
          2.86714300e-03,   5.62213268e-03,   4.65851472e-03,
          4.45728763e-03,  -9.80953383e-03,  -4.18706357e-03,
         -2.98525901e-03,   4.66717730e-03,  -5.72035920e-03,
         -5.16266704e-03,   7.50790406e-03,   2.04532730e-03,
         -1.05369378e-03,  -2.40534825e-03,   2.46251746e-03,
         -7.53385005e-03,   5.99555007e-04,   6.70037709e-04,
          9.38118403e-03,  -5.81040294e-03,  -3.90795253e-03,
          3.20609128e-03,   3.42786508e-03,  -8.39635996e-03,
         -4.27298506e-03,  -9.80264095e-03,   5.00577541e-03,
          4.60353090e-03,   7.60788043e-03,  -1.87653398e-03,
         -4.12479607e-03,   4.74473394e-03,   9.55475369e-04,
         -9.60870333e-03,  -5.91645836e-03,   5.59319560e-04,
         -3.60966940e-03],
       [  6.58421331e-03,  -6.24544460e-03,   5.91062947e-04,
         -9.86191876e-03,  -4.71539617e-03,  -7.17557987e-03,
         -8.98774261e-03,   9.40476842e-03,   1.18295648e-03,
         -4.29907134e-03,  -9.11596796e-03,   2.95898264e-03,
          8.00400621e-03,  -1.97941966e-03,  -1.79350696e-03,
          2.28247641e-03,   8.12901607e-03,  -9.85054847e-03,
         -2.73118303e-03,  -4.09688062e-04,  -9.74986826e-03,
         -3.39935335e-03,   5.94035073e-04,  -1.89574737e-03,
         -8.65006199e-03,  -2.77830315e-03,  -8.96128247e-03,
         -7.13555395e-03,   9.03097682e-03,   7.34039762e-03,
          7.79849761e-04,  -1.75231171e-03,  -5.46834659e-03,
         -3.90243879e-03,  -7.67315927e-03,   3.35680487e-04,
          1.24514988e-03,   2.49078934e-03,  -3.80935545e-04,
         -1.00061817e-02,   1.57186127e-03,  -3.09978168e-03,
          3.73787497e-03,  -6.86168366e-03,   7.26936177e-03,
          9.00475025e-03,   6.36024063e-03,   1.04246595e-03,
          3.02890210e-03,  -3.06284194e-03,   5.58720703e-03,
          8.22682688e-03,   7.33880021e-03,   3.72075860e-03,
         -3.96217729e-03,  -6.27015870e-04,   3.24583621e-03,
         -9.56010817e-03,  -1.95621673e-03,  -9.72776174e-03,
         -7.20265472e-03,  -6.47272523e-03,   9.87412999e-03,
          2.57422034e-03,   4.15513269e-03,  -7.65766034e-03,
         -4.83349203e-03,   1.09825318e-03,  -7.45755108e-03,
          6.88486592e-03,   2.67765692e-03,  -7.36438056e-03,
         -8.55176859e-03,  -3.11849401e-03,   2.33032143e-05,
          9.66385363e-03,   8.02491916e-03,  -6.82682028e-03,
          7.34915714e-03,  -9.67226735e-03,  -5.67874547e-03,
         -6.03315800e-03,   6.65016266e-03,  -1.94682217e-05,
          1.21586730e-03,   6.18268017e-03,   7.97313190e-03,
         -1.28866496e-03,  -8.44566559e-03,  -6.51404338e-03,
          1.78036693e-03,  -8.30385171e-03,  -3.81728736e-03,
          8.37907054e-03,   5.52177419e-04,   8.72254487e-03,
          4.23636481e-03,  -1.09611218e-04,   5.71249561e-05,
         -6.70838401e-03]])]Hidden bias: [array([-0.99919168, -0.99931675, -0.99926355, -0.99912291, -0.99912538,
       -0.99918328, -0.99913811, -0.99914256, -0.99924297, -0.99932652,
       -0.9992125 , -0.9993031 , -0.99932098, -0.9991795 , -0.99912405,
       -0.99928508, -0.99927878, -0.99938175, -0.99927469, -0.9992236 ,
       -0.99912874, -0.99927757, -0.99916395, -0.99918714, -0.99920515,
       -0.99911952, -0.99927279, -0.99927178, -0.99915681, -0.99925567,
       -0.99917226, -0.99927685, -0.9992621 , -0.99919443, -0.99919465,
       -0.99920509, -0.99930043, -0.999197  , -0.99921831, -0.99920114,
       -0.99921665, -0.99933054, -0.9992288 , -0.99928734, -0.99917576,
       -0.9992068 , -0.99928938, -0.99927556, -0.99910008, -0.99929497,
       -0.99912621, -0.99923556, -0.99920645, -0.99914635, -0.99916851,
       -0.99921899, -0.99928211, -0.99911395, -0.99929794, -0.99931636,
       -0.99927767, -0.9992008 , -0.99921795, -0.99916338, -0.9991919 ,
       -0.99910854, -0.99919602, -0.99933228, -0.99932087, -0.9991594 ,
       -0.99919656, -0.9992124 , -0.99919779, -0.99916292, -0.99926246,
       -0.99916348, -0.99922169, -0.99927379, -0.99916617, -0.99920428,
       -0.99918665, -0.99922432, -0.99923046, -0.9991968 , -0.99914942,
       -0.99920128, -0.99929603, -0.99935339, -0.999217  , -0.99930059,
       -0.99923162, -0.99926858, -0.99922498, -0.99914222, -0.99928564,
       -0.99912915, -0.99919564, -0.99916566, -0.99915543, -0.99934738])]Output weights: [[ 0.0201184   0.0037655 ]
 [ 0.01521228  0.02425294]
 [ 0.01083249  0.00606714]
 [ 0.00267788  0.00779143]
 [ 0.00825819  0.01130409]
 [ 0.01067734  0.0095982 ]
 [ 0.02214018  0.0147253 ]
 [ 0.02159817  0.02336139]
 [ 0.01000735  0.01079126]
 [ 0.01145033  0.01902899]
 [ 0.01077735  0.01393609]
 [ 0.01700874  0.01961293]
 [ 0.01655197  0.02488337]
 [ 0.00781974  0.00944569]
 [ 0.00533257  0.02820199]
 [ 0.01817074  0.0197291 ]
 [ 0.00954944  0.02072279]
 [ 0.01939104  0.01731952]
 [ 0.02115972  0.00575535]
 [ 0.0112988   0.0075953 ]
 [ 0.00833659  0.0119952 ]
 [ 0.02292373  0.01664581]
 [ 0.01475169  0.0095037 ]
 [ 0.00962973  0.0014957 ]
 [ 0.00387669  0.02567213]
 [ 0.00522284  0.01158258]
 [ 0.00926908  0.00729478]
 [ 0.01203334  0.02369526]
 [ 0.00881038  0.01327873]
 [ 0.01462783  0.0125475 ]
 [ 0.0072841   0.02329995]
 [ 0.02110167  0.02191538]
 [ 0.01898162  0.02533364]
 [ 0.00884906  0.0052564 ]
 [ 0.0078677   0.00935646]
 [ 0.02354041  0.00438699]
 [ 0.01999571  0.01402451]
 [ 0.02357677  0.02753324]
 [ 0.01569335  0.00504354]
 [ 0.01234743  0.0041594 ]
 [ 0.00733974  0.02214887]
 [ 0.01075036  0.01417733]
 [ 0.00661988  0.01103415]
 [ 0.02128629  0.02465978]
 [ 0.02070611  0.00900084]
 [ 0.0032604   0.01108209]
 [ 0.01451933  0.01457295]
 [ 0.01954126  0.0242325 ]
 [ 0.02253747  0.02278185]
 [ 0.02055116  0.01633875]
 [ 0.00342493  0.00948541]
 [ 0.00688566  0.02215381]
 [ 0.0148876   0.02307756]
 [ 0.00477405  0.01851091]
 [ 0.01321033  0.02448214]
 [ 0.01276601  0.01308522]
 [ 0.01704342  0.01272781]
 [ 0.0044098   0.00954721]
 [ 0.00477438  0.02015264]
 [ 0.00492715  0.01972418]
 [ 0.00537977  0.01813302]
 [ 0.02425037  0.01177872]
 [ 0.01402972  0.0066407 ]
 [ 0.01892384  0.01463572]
 [ 0.01350866  0.01123056]
 [ 0.01137372  0.017698  ]
 [ 0.00858095  0.02132637]
 [ 0.01592017  0.01565302]
 [ 0.01724324  0.0170262 ]
 [ 0.02054898  0.00725548]
 [ 0.00775998  0.01254102]
 [ 0.01219906  0.02285047]
 [ 0.01659751  0.01620773]
 [ 0.02180487  0.00694476]
 [ 0.01924831  0.01344454]
 [ 0.01195331  0.01302964]
 [ 0.01783671  0.01264268]
 [ 0.01744697  0.01415577]
 [ 0.00828577  0.00123827]
 [ 0.00526898  0.00945612]
 [ 0.00460877  0.00930329]
 [ 0.01307562  0.00454779]
 [ 0.01437541  0.00605555]
 [ 0.01446866  0.00302846]
 [ 0.00549566  0.00445087]
 [ 0.00996379  0.00727308]
 [ 0.00927797  0.01819035]
 [ 0.01933045  0.02266099]
 [ 0.01159003  0.01294224]
 [ 0.01012677  0.02278159]
 [ 0.01671743  0.02665285]
 [ 0.01865194  0.00790342]
 [ 0.00900169  0.02052039]
 [ 0.01213938  0.01421699]
 [ 0.00210766  0.023796  ]
 [ 0.01463369  0.02017273]
 [ 0.01226856  0.00811544]
 [ 0.00876439  0.00908691]
 [ 0.00300025  0.00438797]
 [ 0.02052224  0.02088776]]Output bias: [ 0.98441657  0.98122002]
Value MLP:Hidden weights: [array([[  1.73424095e+00,   4.08897893e-01,  -1.62138660e-01,
          1.89993228e-01,  -1.11730086e-01,  -1.89795345e+00,
          2.04275210e-01,  -7.64544034e-01,  -2.35251577e+00,
         -2.06642430e-01,  -1.84894241e+00,  -3.03198478e-01,
          2.28577445e-01,   1.21542034e+00,   5.30592953e-01,
          2.23075619e-01,   1.81682129e-01,  -1.80207810e+00,
          1.63754118e+00,   2.45022285e+00,   2.31159846e-01,
          8.37680910e-02,   1.55207006e+00,   1.12744050e-01,
         -6.50100094e-01,   8.46048123e-01,   1.55880245e-01,
         -1.43259845e+00,   1.73638764e-01,   9.93658653e-02,
          3.03934929e-02,   1.94958795e-01,   1.22281684e-01,
          2.15356672e-01,   8.12130357e-02,  -3.74282639e-01,
          8.50086002e-02,   1.56050173e+00,   1.16596589e+00,
          1.58877226e-01,   1.68868258e-01,  -8.89484415e-01,
          5.15161152e-01,  -1.87060140e+00,  -7.24238492e-01,
          3.75479077e-03,   2.09766416e-01,   2.13437920e+00,
         -4.09337036e-01,   1.15434745e-01,   2.41648422e-01,
          1.23729544e-01,   1.55960177e-01,  -1.22306570e+00,
          1.98517450e-01,   1.47258372e-01,   7.40525202e-01,
          1.56393167e-01,  -5.98760333e-01,   3.01520787e-01,
          1.88826398e+00,   1.04656203e+00,   2.57828004e-01,
          1.08682900e+00,   2.43546568e-01,  -5.04981997e-02,
          1.52891820e-01,  -1.92223672e+00,   1.16215582e+00,
          1.67569978e-01,   2.47217207e-01,  -7.09234262e-01,
         -8.75419503e-01,   7.24282585e-02,   1.81176491e-01,
          1.22653744e-01,   6.63490066e-02,   1.07693762e+00,
         -9.06514610e-02,   2.91282798e-01,   1.06825697e+00,
          1.33290074e-01,   7.77067971e-01,   1.05999216e+00,
          1.30217146e+00,   1.12186574e+00,  -4.22798538e-01,
         -8.82543864e-01,  -4.49796023e-01,   1.24235648e+00,
          3.50843736e-01,  -5.77622128e-01,  -1.27470805e+00,
          1.39225794e+00,   1.64009536e-01,  -9.45097410e-01,
          1.00880557e+00,   3.82420914e-02,  -2.11643427e-01,
          2.94571293e-01],
       [ -1.85245425e+00,   6.17736349e-02,   5.42667782e-01,
         -7.21938571e-01,   4.68974413e-01,  -3.37097344e-01,
         -7.28757516e-01,   4.78082376e-01,  -4.06277950e-01,
         -5.27407629e-01,  -4.84036468e-01,   4.49526433e-01,
         -7.23740634e-01,   6.03197746e-01,   1.41325529e+00,
         -7.20945037e-01,  -6.76539485e-01,  -1.09236982e-01,
         -1.80691055e+00,   1.10612695e+00,  -7.25902203e-01,
         -6.32958375e-01,  -1.59505617e+00,  -6.86202544e-01,
          4.09025759e-01,   5.03091479e-01,  -6.35098748e-01,
         -7.37945671e-01,  -2.49079240e-01,   4.55637916e-01,
         -7.81435527e-01,  -7.04942959e-01,  -7.12156175e-01,
         -1.33236187e-01,  -6.93888370e-01,   4.07915686e-01,
         -6.97479388e-01,  -2.65383956e-01,   5.53491807e-01,
         -7.30826346e-01,  -2.61622832e-01,   3.71371053e-01,
          2.26321229e-01,  -1.26938288e-01,  -2.13873383e-01,
          3.59745545e-01,  -7.26392409e-01,   8.63132930e-01,
          3.94202214e-01,  -6.86627645e-01,  -9.86241234e-02,
         -6.88569524e-01,  -7.06221995e-01,  -7.03706223e-01,
         -7.31593641e-01,  -6.98447032e-01,   1.63241412e-01,
         -2.54778117e-01,   5.07580769e-01,  -2.43027087e-02,
         -1.94988437e+00,  -1.71213354e+00,  -5.15120145e-02,
          9.53042058e-02,  -8.50341136e-02,   4.94303412e-01,
         -6.92911984e-01,  -4.03894735e-01,  -5.69493369e-01,
         -6.87849767e-01,  -7.16078272e-01,   2.33176339e-01,
          1.06866082e-01,  -7.04923444e-01,  -7.01017899e-01,
         -5.15999650e-01,  -7.07708938e-01,   5.69009403e-01,
          5.01523440e-01,  -2.14506653e-02,  -1.65093547e+00,
         -7.04839985e-01,  -7.59119304e-01,  -1.60370776e+00,
          3.59607194e-01,  -1.63741240e+00,   3.46712760e-01,
          4.10416007e-01,   4.98195335e-01,   5.30068064e-01,
          2.62187096e-02,  -7.65443787e-01,   7.72240231e-01,
          8.40814421e-01,  -2.34339159e-01,  -9.46875791e-01,
         -1.44193364e+00,   3.82979010e-01,   3.18248856e-01,
         -1.70484032e-02],
       [  5.85542292e-01,   4.33577199e-01,  -1.01284429e+00,
          8.55318387e-02,  -8.92233805e-01,  -7.21669026e-01,
          5.74334287e-02,  -1.76265694e+00,  -1.93790873e+00,
         -1.27579832e-01,  -1.53106985e+00,  -1.10199223e+00,
          7.53364153e-02,  -2.96822029e+00,  -2.65460640e+00,
          8.14684580e-02,   1.19686222e-01,  -1.43425129e+00,
          6.94581814e-01,   4.26676018e+00,   7.69901653e-02,
          1.88480372e-01,   8.28112926e-01,   3.40876859e-02,
         -1.57597940e+00,   4.52704260e-01,   1.41982096e-01,
         -1.15509134e+00,   2.30537839e-01,  -6.96078606e-01,
          2.57563143e-01,   8.95800537e-02,  -5.39574904e-03,
          2.39242249e-01,   2.55924505e-02,  -1.16408305e+00,
          1.40780720e-02,   2.02111218e+00,   4.58668354e-01,
          3.84573833e-02,   2.29070854e-01,  -1.91417113e+00,
          4.38739903e-01,  -4.80109552e-01,  -6.43020841e-01,
         -7.19719439e-01,   5.17745853e-02,   5.05738750e+00,
         -1.19167221e+00,   3.24939701e-02,   2.69444667e-01,
          3.46486698e-02,   4.79747114e-02,  -1.22071765e+00,
          4.51109057e-02,   4.29502566e-02,  -2.04661126e-01,
          2.22698436e-01,  -1.54073310e+00,   3.10543354e-01,
          6.30439500e-01,   6.74135399e-01,   2.65734918e-01,
         -6.66738454e-02,   2.47130640e-01,  -4.77168793e+00,
          4.43608409e-02,  -7.00832864e-01,   3.84367132e+00,
          9.16055976e-02,   9.37904553e-02,  -1.56040244e+00,
         -6.95142962e-01,  -1.51109877e-02,   1.03216839e-01,
          3.09041931e-01,  -1.76820693e-02,   4.74992795e-01,
         -9.05390819e-01,   3.00010785e-01,   7.14709895e-01,
          2.63873987e-03,  -2.79436253e-01,  -3.25809172e+00,
          3.21515941e-01,   7.54217305e-01,  -1.18136019e+00,
         -1.91131826e+00,  -1.35730406e+00,   4.31150947e-01,
          3.49717039e-01,  -5.14658884e-01,  -9.31703542e-01,
          3.97480917e-02,   2.35203180e-01,  -3.27584332e+00,
         -2.45229794e+00,  -7.22128335e-01,  -9.15050755e-01,
          2.92382038e-01],
       [  2.51134557e-01,  -2.55808644e-01,   3.58773733e-01,
          2.83842306e-01,   2.87079151e-01,  -2.01770130e+00,
          3.26121906e-01,   4.85331446e-01,  -5.15364831e-01,
          2.90838065e-01,  -4.80371827e-02,   3.82931376e-01,
          3.17394522e-01,   1.67047166e+00,   6.33989127e-01,
          3.39396885e-01,   2.92909617e-01,   6.56501844e-02,
          1.61105019e-01,  -1.48664396e+00,   3.43106973e-01,
          4.23602030e-01,   1.93677988e-01,   5.82355232e-01,
          4.83638068e-01,  -2.09331243e-02,   2.95494371e-01,
          8.06534564e-01,  -3.32098863e-02,   7.87830878e-02,
          1.46024473e-02,   2.90861508e-01,   5.22665268e-01,
         -1.99601104e-02,   5.72019160e-01,   4.02092757e-01,
          5.87332924e-01,  -2.05181366e+00,   2.01398148e-01,
          4.07649484e-01,  -5.29880913e-02,   4.64868034e-01,
         -2.77362994e-01,  -2.02305444e+00,   3.51505297e-01,
          1.46209542e-01,   4.02454674e-01,  -1.71220640e+00,
          3.97141785e-01,   5.41789683e-01,  -5.69174832e-02,
          5.31427758e-01,   4.50732838e-01,   5.49058374e-01,
          3.84589479e-01,   4.96529995e-01,  -1.28029643e-01,
         -4.24094269e-02,   4.72319357e-01,  -9.61309864e-02,
          4.38730540e-01,  -3.41256336e-01,  -3.76973849e-02,
          1.23311706e-01,  -2.49494409e-02,   7.61059960e-01,
          5.01411237e-01,   3.17622460e-01,  -2.07022458e+00,
          2.92763022e-01,   3.33742367e-01,   3.07292615e-01,
          4.86401862e-01,   6.18132261e-01,   2.79199857e-01,
         -2.53442769e-02,   6.11260526e-01,   1.50601218e-01,
          2.74252187e-01,  -7.94326113e-02,  -3.43842914e-01,
          5.13233790e-01,   1.28165187e+00,  -5.64056138e-01,
          3.43315843e-01,  -2.76255858e-01,   3.28080125e-01,
          4.86177698e-01,   5.10793681e-01,   2.48140310e-01,
         -1.30949329e-01,   3.38802078e-02,   5.98037576e-01,
         -7.66164784e-01,  -3.97423609e-02,  -1.17010160e+00,
         -1.48565935e+00,   1.52949575e-01,   1.80193959e-01,
         -6.56251465e-02],
       [ -7.72482332e-01,   1.15966616e+00,   2.08586009e+00,
          1.60823950e-01,   2.14801658e+00,  -4.84837633e-01,
          1.61643821e-01,   2.35089111e+00,   1.27660950e+00,
          4.50432602e-01,   7.41474696e-01,   2.20543662e+00,
          1.66972162e-01,   2.95316510e+00,   2.37921469e+00,
          1.69162570e-01,   1.62726048e-01,   5.90325062e-01,
         -7.00485634e-01,  -3.34407732e+00,   1.69459279e-01,
          2.21380162e-01,  -6.26448178e-01,   5.61939367e-02,
          2.37811515e+00,   1.28878226e+00,   1.63933340e-01,
          6.27142698e-01,   1.06270840e+00,   1.98592961e+00,
          8.36460560e-01,   1.66903770e-01,   2.73910559e-02,
          1.14572845e+00,   4.49882318e-02,   2.25774862e+00,
          3.43602790e-02,  -1.86795712e-01,   1.41038097e+00,
          1.18741876e-01,   1.03004112e+00,   2.47946802e+00,
          1.23204137e+00,  -4.83282300e-02,   1.07599463e+00,
          2.11474004e+00,   1.62499944e-01,  -2.10694818e+00,
          2.23133373e+00,   6.65251571e-02,   1.14597311e+00,
          7.17207899e-02,   1.15735755e-01,   7.17795689e-01,
          1.55884972e-01,   9.55311450e-02,   1.68885926e+00,
          1.03724405e+00,   2.23346892e+00,   1.18065243e+00,
         -8.67535296e-01,  -8.08764811e-01,   1.17793363e+00,
          1.68910954e+00,   1.15776048e+00,   3.28716954e+00,
          9.85268293e-02,   3.36343864e-01,  -2.57133167e+00,
          1.66436769e-01,   1.70862166e-01,   2.30302153e+00,
          1.16551280e+00,   1.82088969e-02,   1.58595522e-01,
          8.16915325e-01,   1.80601067e-02,   1.33713587e+00,
          2.09995572e+00,   1.18454613e+00,  -6.24591107e-01,
          2.17700018e-02,  -7.84557620e-01,   3.97979884e+00,
          1.54507782e+00,  -6.30406996e-01,   2.23893770e+00,
          2.46168225e+00,   2.29341202e+00,   1.46091945e+00,
          1.21668279e+00,   1.21157671e+00,   2.85118187e-01,
          1.06109359e+00,   1.06365477e+00,   2.14170908e+00,
          3.27347551e+00,   2.12028788e+00,   2.15089135e+00,
          1.18900471e+00],
       [  1.17600471e+00,   2.26120928e+00,   2.93052712e+00,
          8.02580949e-02,   3.41196969e+00,   2.18554066e+00,
          8.25675733e-02,   2.33406028e+00,  -1.54505526e+00,
         -1.10357854e-01,  -2.01729685e+00,   3.22817785e+00,
          8.06438882e-02,   3.27215479e+00,   3.85122924e+00,
          8.17677079e-02,   5.72754185e-02,  -1.79486582e+00,
          1.25554177e+00,  -1.17799124e+00,   8.19130896e-02,
         -4.77448447e-02,   1.17068659e+00,  -9.01539167e-02,
          2.82523441e+00,   2.84777575e+00,  -1.45293572e-02,
          3.08412010e+00,   1.82942686e+00,   3.21350165e+00,
          1.76146389e+00,   7.89147327e-02,  -1.15167456e-01,
          1.88405169e+00,  -9.66599395e-02,   3.25258418e+00,
         -9.44871235e-02,   2.76971641e+00,   3.13648069e+00,
          2.47154504e-02,   1.84225087e+00,   2.47757264e+00,
          2.52102838e+00,   2.40399054e+00,   7.33756758e-01,
          3.59285022e+00,   7.94614762e-02,   9.67367556e-01,
          3.26173824e+00,  -8.44443305e-02,   1.98658380e+00,
         -8.05019299e-02,  -5.38706684e-03,   2.89594713e+00,
          7.95245134e-02,  -4.14742979e-02,   3.47139427e+00,
          1.88065624e+00,   2.45068413e+00,   2.01288576e+00,
          1.07405148e+00,   1.48120064e+00,   1.95609349e+00,
          3.49838652e+00,   1.92812321e+00,   3.99628755e-01,
         -3.43327998e-02,   3.02179793e+00,  -1.11101742e+00,
          8.13432174e-02,   7.75861974e-02,   2.99193104e+00,
          8.93379751e-01,  -5.47452695e-02,   6.94855395e-02,
          1.77616707e+00,  -6.53002801e-02,   3.00544338e+00,
          3.16696986e+00,   1.99538709e+00,   1.59838026e+00,
         -8.68688992e-02,   1.13503108e+00,   3.34320730e+00,
          3.56015862e+00,   1.56928308e+00,   3.25300985e+00,
          2.40687321e+00,   2.90463804e+00,   3.19360721e+00,
          2.07527274e+00,   2.10446855e+00,  -1.83567739e+00,
          1.62031904e+00,   1.85020376e+00,   9.87272814e-01,
          8.52772462e-01,   3.60107553e+00,   3.39335683e+00,
          1.99520056e+00],
       [  4.00230925e-01,   3.43729496e-01,   3.74972176e-01,
         -1.51568602e-02,   5.03472985e-01,  -2.89457483e+00,
         -1.87795060e-02,   2.52009988e-01,  -4.93733554e-01,
         -1.07890041e-01,  -3.10704057e-01,   5.06682020e-01,
         -2.67779000e-02,  -2.03666111e+00,  -3.18494888e-01,
         -1.44827518e-02,  -1.01495367e-02,  -5.13712650e-01,
          4.71184690e-01,   5.35694253e-01,  -2.06466180e-02,
          7.96959407e-02,   4.02241980e-01,   9.78130529e-03,
          4.52076173e-01,   4.38898506e-01,   3.18260448e-02,
          1.93641647e-01,   1.52761033e-01,   5.93470769e-01,
          1.37675068e-01,  -3.17071760e-02,  -5.16863161e-02,
          1.36777183e-01,  -2.70500038e-03,   5.36666104e-01,
         -1.35205231e-02,  -7.34363427e-01,   5.73771408e-01,
          1.26210523e-02,   1.84975890e-01,   3.59540844e-01,
          4.23626362e-01,  -2.76076808e+00,  -2.08576266e-01,
          6.66036096e-01,  -1.08757774e-02,   9.83611786e-01,
          5.41948498e-01,   8.32804826e-03,   1.76880072e-01,
          9.25519893e-03,   2.09389625e-02,   5.35132530e-02,
         -6.11595857e-03,   3.10690397e-02,   1.08223681e+00,
          1.77793359e-01,   3.08039282e-01,   2.08779010e-01,
          4.20779669e-01,   6.59447778e-01,   1.48988420e-01,
          1.26410838e+00,   1.45832911e-01,  -5.60354640e-01,
          3.19574158e-02,  -7.88823148e-01,   1.49435251e+00,
         -1.28335628e-02,  -2.41905518e-02,   6.51722992e-01,
         -3.18025558e-01,  -6.02690210e-02,  -4.09110140e-03,
          1.95737442e-01,  -6.42011728e-02,   5.45838318e-01,
          4.66909652e-01,   1.91047746e-01,   4.98452761e-01,
         -2.93063326e-02,  -3.68712967e-01,   3.95694875e+00,
          8.24390268e-01,   4.75214714e-01,   6.05249574e-01,
          3.11678920e-01,   3.94080076e-01,   6.39227245e-01,
          2.19714576e-01,   3.92385724e-02,  -4.46357555e-01,
         -1.12875489e+00,   1.75123586e-01,   8.08690440e-01,
          2.17295027e+00,   6.48094324e-01,   6.64398451e-01,
          1.77951097e-01],
       [ -3.90538911e-01,  -5.48280964e-01,  -1.14866131e+00,
         -3.57481336e-01,  -1.11002426e+00,  -9.35453070e-01,
         -3.03651616e-01,  -1.08944724e+00,  -1.52720624e-02,
         -3.15871478e-01,  -2.11035270e-01,  -1.15106992e+00,
         -3.36416613e-01,  -1.26703942e+00,  -2.33443128e+00,
         -3.25357648e-01,  -3.61295901e-01,  -6.99040163e-01,
         -5.31103537e-01,   1.02657135e+00,  -3.19740870e-01,
         -2.54526520e-01,  -3.38887008e-01,  -1.61956953e-01,
         -1.09328178e+00,  -3.44173692e-01,  -4.11969915e-01,
          1.67336628e-01,  -4.93725052e-01,  -9.54069914e-01,
         -1.85809537e-01,  -3.47404674e-01,  -1.65028834e-01,
         -5.77201464e-01,  -1.46154070e-01,  -1.10388578e+00,
         -1.58304796e-01,  -2.92793364e-01,  -3.02680957e-01,
         -2.19465076e-01,  -4.82237668e-01,  -9.88055838e-01,
         -4.54925637e-01,  -1.27485934e+00,  -1.34206419e-01,
         -9.35178851e-01,  -2.61692232e-01,   1.17649500e+00,
         -1.11537449e+00,  -1.32899759e-01,  -5.81095332e-01,
         -1.39712103e-01,  -1.83415557e-01,  -1.30493903e-01,
         -2.69219313e-01,  -1.72694176e-01,  -4.12012142e-01,
         -4.85067066e-01,  -1.16326550e+00,  -5.86520590e-01,
         -3.01823774e-01,  -1.32765330e+00,  -6.10592351e-01,
         -2.04719464e-01,  -5.93207552e-01,  -1.34566497e-01,
         -1.84781539e-01,   1.13984687e-02,   2.98310871e+00,
         -3.63438467e-01,  -3.46103700e-01,  -8.62805981e-01,
         -5.66973555e-03,  -1.97150991e-01,  -3.66229389e-01,
         -3.23805849e-01,  -1.66282244e-01,  -2.88784989e-01,
         -1.09806755e+00,  -6.03068901e-01,  -1.11415935e+00,
         -1.65764369e-01,  -2.66690918e-01,  -1.32861477e-01,
         -2.45945397e-01,  -1.00763080e+00,  -1.01718584e+00,
         -1.06310834e+00,  -1.22005237e+00,  -2.92947903e-01,
         -6.01402553e-01,  -1.18452117e-02,  -8.97191112e-01,
         -1.05201075e+00,  -4.93760915e-01,  -5.46276248e-01,
          8.37649102e-01,  -9.68459212e-01,  -8.95542323e-01,
         -6.07483333e-01]])]Hidden bias: [array([-1.07956505, -1.5852981 , -1.74704584, -2.18991038, -1.73175528,
       -0.04095431, -2.17414165, -1.86679218, -2.74065341, -2.40173031,
       -3.46796961, -1.7748178 , -2.16604615,  0.84097373, -0.04304052,
       -2.174207  , -2.22942467, -3.51318041, -1.19906586,  1.58385445,
       -2.16960783, -2.37926881, -1.24753344, -2.36171517, -1.79405409,
       -1.00237738, -2.3010517 , -2.75849919, -1.93453578, -1.58593571,
       -1.97144451, -2.19264138, -2.43067883, -1.93453426, -2.38093048,
       -1.76393103, -2.40815421,  1.57288093, -0.82783498, -2.20591397,
       -1.93468448, -1.83769373, -1.34187526, -0.26035589, -2.47173684,
       -1.59866793, -2.18088058,  1.64524422, -1.75700726, -2.32057192,
       -1.90016116, -2.30479096, -2.22294428, -2.34786243, -2.18321165,
       -2.25644083, -1.0153787 , -1.95614516, -1.8472563 , -1.82484336,
       -1.13502432, -1.58658943, -1.89339952, -0.7914528 , -1.91284419,
        0.84044329, -2.26350433, -1.47767817,  2.82712564, -2.22661552,
       -2.1684652 , -1.64342453, -2.64832101, -2.51674582, -2.21332925,
       -1.96365312, -2.49320721, -0.86439772, -1.71916419, -1.83690178,
       -1.54378493, -2.40521511, -1.964111  ,  2.5646081 , -0.7475227 ,
       -1.53762649, -1.72182789, -1.86962798, -1.82592668, -0.80048573,
       -1.75241036, -1.90366685, -3.49421504,  1.30041837, -1.93864184,
        1.74035722,  2.17264127, -1.61271577, -1.65617728, -1.83639977])]Output weights: [[  2.17168017]
 [ -0.88275817]
 [ -1.995137  ]
 [  4.07015967]
 [ -2.24795677]
 [  4.32655   ]
 [  4.05842067]
 [ -2.33802567]
 [  4.24217646]
 [  4.06350429]
 [  4.27461186]
 [ -2.28934802]
 [  4.04652674]
 [  8.0567855 ]
 [  7.67850571]
 [  4.04363892]
 [  4.0653443 ]
 [  4.28679573]
 [  2.03530247]
 [  8.65111325]
 [  4.05663906]
 [  2.74771811]
 [  1.58529143]
 [  3.87119044]
 [ -2.41421444]
 [ -1.49388282]
 [  4.06653417]
 [  4.11048482]
 [ -0.47400464]
 [ -1.9498315 ]
 [  0.46925828]
 [  4.06958768]
 [  3.54165867]
 [ -0.62395579]
 [  3.86179366]
 [ -2.35525456]
 [  3.82064879]
 [  4.67135176]
 [ -1.83414167]
 [  4.01196573]
 [ -0.45219035]
 [ -2.5196538 ]
 [ -1.15564271]
 [  4.33229641]
 [  3.91993238]
 [ -2.26452283]
 [  4.01910465]
 [  8.93963403]
 [ -2.35806115]
 [  3.91433804]
 [ -0.65600197]
 [  3.90872386]
 [  3.97302215]
 [  3.76307036]
 [  4.04708169]
 [  3.97134312]
 [ -2.00838962]
 [ -0.4637718 ]
 [ -2.19489324]
 [ -0.73808735]
 [  2.3810295 ]
 [  2.1082567 ]
 [ -0.7153269 ]
 [ -2.20610943]
 [ -0.677368  ]
 [  8.08238648]
 [  3.95255948]
 [  3.89751228]
 [  9.86635694]
 [  4.07379353]
 [  4.05193865]
 [ -2.36936574]
 [  3.87372653]
 [  3.70477037]
 [  4.0680613 ]
 [ -0.12204738]
 [  3.7284528 ]
 [ -1.7235887 ]
 [ -2.07802019]
 [ -0.74467143]
 [  1.95749815]
 [  3.50191723]
 [  2.56898319]
 [ 10.88646795]
 [ -2.18562725]
 [  1.88056173]
 [ -2.33849299]
 [ -2.52842728]
 [ -2.32741525]
 [ -1.92918078]
 [ -0.79645082]
 [  1.3500672 ]
 [  4.31013568]
 [  4.09391995]
 [ -0.49229764]
 [  5.40568784]
 [  6.57720011]
 [ -2.27907032]
 [ -2.25305255]
 [ -0.74767732]]Output bias: [-3.95399936]