Action MLP:
Initial hidden weights: [array([[  3.34393358e-03,  -9.80493777e-03,  -1.77718524e-03, ...,
          6.59735329e-03,   6.91675668e-03,   8.04533562e-03],
       [  7.23377385e-03,  -1.22137065e-03,  -6.20771681e-04, ...,
          8.77262746e-03,   6.91232929e-03,   8.43021360e-03],
       [ -7.31773252e-03,   7.81077224e-03,  -7.82186802e-03, ...,
          9.17361150e-03,   4.56743540e-03,  -2.56813603e-03],
       ..., 
       [  1.76524465e-03,   9.81216959e-03,   2.50289400e-03, ...,
          2.85948569e-03,   7.57804113e-03,   3.88817056e-03],
       [ -8.35639782e-03,  -8.80117076e-03,   4.07435173e-03, ...,
         -8.24377993e-06,   8.44703481e-03,   5.74408208e-03],
       [ -6.70185887e-03,   4.37509573e-03,   2.16027231e-03, ...,
         -3.87780895e-03,  -2.97999236e-03,   7.64266235e-03]]), array([[ -8.03934643e-03,  -2.36082999e-03,  -2.63275404e-03,
          9.94669825e-03,  -4.59364708e-03,  -4.48302943e-03,
         -3.05534284e-03,   1.19971968e-03,   3.36525793e-03,
          6.22136252e-03,  -5.18173071e-03,   3.92291977e-03,
          5.84718689e-03,   5.38969044e-03,   3.65784927e-03,
          9.54488637e-03,  -8.29587817e-03,   4.03051450e-03,
         -3.81736096e-03,  -1.19684909e-03],
       [ -9.69515973e-03,   8.53705362e-03,   3.22891989e-03,
          5.20211080e-03,  -2.58510782e-03,   9.57732640e-03,
          2.99966837e-03,  -9.44434356e-03,   3.38623442e-03,
         -5.83704107e-03,   8.91082131e-03,   2.49227927e-03,
          5.87010208e-03,  -8.99387072e-03,  -4.75350773e-03,
          5.94369641e-03,  -5.93597500e-03,   8.80027019e-05,
         -6.51483267e-03,  -5.29466685e-04],
       [ -5.04204778e-03,   4.68372117e-03,  -8.64216838e-03,
          4.42298475e-04,   8.44786457e-03,  -9.09912319e-03,
         -5.59843194e-04,   8.22928815e-03,   7.08191449e-03,
         -3.07654073e-03,   3.01469368e-03,   8.98800308e-03,
         -2.40050818e-03,  -8.11958590e-03,   4.91657762e-03,
         -4.79658854e-03,  -3.26808742e-03,   3.03148839e-03,
          8.30585291e-03,  -2.18213607e-03],
       [ -2.61198688e-03,   9.62061347e-03,  -4.99892661e-03,
         -6.41326701e-03,  -6.64447447e-04,   4.70310497e-03,
          8.13798271e-03,   6.60922063e-03,   5.47680164e-03,
          6.44579694e-03,   2.05764877e-03,   9.76531943e-03,
          8.51105759e-05,   4.25220676e-03,   9.97348384e-03,
          6.97919395e-03,   9.47361196e-03,  -8.54481010e-03,
         -1.52933749e-04,  -3.62317514e-03],
       [  5.75436791e-03,   2.88648585e-03,   1.90761712e-03,
         -4.89440951e-03,  -2.20733324e-03,   7.92670821e-03,
          3.37277981e-03,   5.35417397e-03,  -1.71557199e-03,
         -3.47835152e-03,   2.82200817e-03,  -4.09606990e-03,
         -5.52758068e-04,  -5.68084242e-03,   5.83233504e-03,
         -5.28008505e-03,   8.71479899e-03,  -7.89253346e-03,
          7.04447586e-03,   5.30238547e-03],
       [  7.24435895e-03,   4.04752694e-03,   1.83981899e-03,
          6.00308180e-04,   3.23071515e-03,  -2.12570822e-04,
         -8.06775235e-03,   4.65959949e-03,   6.62765798e-03,
         -5.16557036e-03,  -2.62662604e-03,  -4.18871308e-03,
          4.67651990e-03,  -2.67245217e-03,   1.71611537e-03,
         -4.15620070e-03,  -4.61894341e-03,  -2.76081463e-03,
          5.44293614e-03,  -9.42427751e-03],
       [ -2.09613917e-03,  -5.49088547e-03,   2.89434167e-03,
         -6.52192131e-03,  -6.96472522e-03,  -7.32808486e-03,
          8.16936199e-03,  -2.70577255e-03,  -4.34634136e-03,
         -3.43135535e-03,   9.90844447e-03,  -7.14036989e-03,
          9.55351145e-03,  -5.65651487e-03,   1.77865962e-03,
         -1.43680813e-03,  -1.78862358e-03,  -7.91157466e-03,
          4.65540214e-03,  -9.67984235e-03],
       [  4.53326940e-03,   2.95746640e-03,   4.40583116e-03,
         -6.40559527e-03,   7.97701748e-03,  -8.65003707e-03,
         -8.73522554e-03,   9.83232668e-03,  -1.34149423e-03,
         -1.02324686e-03,   1.41453180e-03,  -1.08813071e-03,
         -9.77773415e-03,   9.71748661e-03,  -5.92192123e-03,
          4.59769764e-03,  -8.23593145e-03,  -7.73243987e-03,
          4.33667571e-03,  -4.73054884e-03],
       [ -3.25757004e-03,   4.46305081e-04,   5.07913582e-03,
          2.81408476e-04,  -1.99734016e-03,  -8.07165052e-03,
         -8.96653540e-03,   1.65718201e-03,  -8.91044222e-03,
         -6.14827432e-03,  -6.53830328e-03,   5.32906059e-03,
         -7.30242072e-04,   2.83121229e-03,  -5.71908876e-03,
         -5.33242712e-03,  -4.77855035e-03,   4.29594876e-03,
          4.75328754e-03,   2.91795811e-03],
       [  7.96419679e-03,   7.28969711e-03,  -6.76324198e-03,
         -9.88412613e-03,  -7.66548055e-03,   9.09386474e-04,
          3.29743275e-03,  -9.98234901e-03,   6.24469816e-03,
         -8.77351207e-03,   7.34982676e-03,  -1.48113284e-03,
         -9.03322124e-03,   7.20385783e-03,   6.47064260e-03,
          1.02471492e-03,  -6.82138133e-03,  -4.63083067e-03,
          9.19091997e-03,   1.23982053e-03],
       [ -9.52518737e-03,  -5.31657373e-03,   1.21307395e-03,
         -4.49381699e-03,   5.75393595e-03,   9.99273447e-03,
         -8.82173129e-03,  -3.82664090e-03,  -7.78349621e-03,
         -4.40773943e-03,   8.04391458e-03,  -5.80902670e-03,
          6.81617402e-03,   4.25499996e-03,   8.09807944e-03,
          1.59706049e-03,  -6.31177373e-04,   3.00073782e-03,
          7.38548613e-03,  -2.58150868e-03],
       [  1.01406031e-03,   3.15489080e-03,   1.31354049e-04,
          7.08245435e-03,  -1.52830918e-03,  -7.45719604e-03,
          2.41245051e-03,   2.54611459e-03,  -1.88097721e-04,
         -1.91134215e-03,  -5.97524776e-03,   2.11326637e-03,
         -8.62407142e-03,   7.80008730e-03,   9.84066043e-03,
          3.59874560e-03,   7.02235374e-03,  -2.75326041e-03,
          7.73323992e-03,  -6.82854809e-03],
       [  1.64201082e-03,  -5.33921824e-03,   7.97700395e-03,
         -4.03367423e-03,   5.83798190e-03,   9.40648252e-03,
          4.47240463e-03,  -1.43099126e-03,  -8.09180163e-03,
         -2.02862049e-03,  -8.39620928e-03,  -6.06901080e-03,
          3.46362476e-03,   6.01008530e-03,  -9.92337936e-03,
          8.05396080e-03,  -5.56472313e-03,  -4.61714232e-03,
         -7.30019207e-03,  -1.23940914e-03],
       [  9.16156170e-03,   3.48879854e-03,  -4.77039206e-03,
          2.76833616e-03,  -5.74093126e-03,   6.57889512e-03,
          5.26079353e-03,   1.40915669e-03,   5.46288369e-03,
         -5.49937435e-03,  -4.37243145e-03,   4.27557799e-04,
          9.22911530e-03,   3.92286041e-03,   9.43446585e-03,
          6.84192669e-04,   3.07155265e-03,  -1.15975636e-03,
         -2.65708577e-03,   9.67606841e-03],
       [ -5.46191533e-03,  -8.91133418e-03,   8.88293800e-03,
         -4.83041983e-03,   5.76280895e-03,   9.22706639e-04,
         -7.55214751e-03,   8.09881549e-03,   4.56529224e-03,
         -9.91712751e-03,  -8.89317769e-03,   3.50441243e-03,
          6.66747625e-03,  -4.27253771e-03,  -4.46805077e-03,
         -3.63177862e-03,   7.38644762e-03,  -5.35987581e-03,
          6.34273690e-03,   6.05590074e-03],
       [ -7.35708622e-03,  -9.02497499e-03,  -4.11879410e-03,
          1.15315671e-03,   6.20102458e-03,  -4.26230294e-04,
          3.82006094e-03,  -7.95188327e-03,   2.53211058e-03,
          5.47249528e-06,  -4.46202084e-04,  -9.27513121e-03,
         -7.55965576e-05,  -8.16309641e-03,   5.03760812e-03,
         -6.40992795e-03,  -9.95956221e-03,   8.70194878e-03,
         -2.77391939e-03,  -2.79720854e-03],
       [ -8.50063163e-03,   5.82670712e-03,  -2.48308125e-03,
          7.37621627e-03,   8.64029151e-03,  -5.04866405e-03,
          8.36020410e-03,  -6.94641714e-03,   6.47918265e-03,
          6.32394149e-03,   9.62533675e-05,   2.18515723e-03,
          1.16746223e-03,   1.75527751e-03,  -2.64067488e-03,
         -3.70160032e-03,   9.26901945e-04,   2.60010205e-03,
          4.08284944e-03,  -1.84794347e-04],
       [  8.34523002e-03,  -7.59869308e-03,   5.69462505e-04,
          6.02513975e-03,   4.98750493e-03,   7.40980550e-04,
          8.57956287e-03,  -9.95914116e-03,  -1.13957976e-04,
         -6.75761723e-04,   4.31333463e-03,   4.59700800e-04,
          6.89418609e-04,  -4.82291022e-03,   3.37892610e-03,
          1.50555232e-03,   9.73962400e-03,  -4.96624973e-03,
         -3.60539564e-03,   2.44422782e-03],
       [  8.03937360e-03,  -7.15504516e-03,  -3.49683501e-03,
          2.74424020e-03,   6.42224468e-03,   1.43313011e-03,
          3.67113393e-03,  -1.49712717e-03,  -9.12093624e-03,
         -6.35200373e-03,  -3.86195129e-03,  -4.57383384e-03,
          6.50896515e-03,  -5.01056218e-03,   7.74529918e-03,
         -9.13420200e-03,   2.66629017e-03,  -2.42162386e-03,
          7.35481566e-03,   8.32854189e-03],
       [  6.71788609e-03,  -3.31217592e-03,   9.96355028e-03,
         -3.22304959e-03,   2.85314880e-03,   8.50801940e-04,
         -3.44045875e-03,  -2.42367936e-03,  -5.44632932e-04,
         -7.60629736e-03,  -1.39585694e-03,   5.94839877e-03,
          6.88383908e-03,   8.64816627e-03,   2.99283041e-03,
          1.11548104e-03,  -4.01525678e-06,  -9.36558910e-05,
          5.72074416e-03,   3.44602933e-03]])]
Initial hidden bias: [array([-1., -1., -1., -1., -1., -1., -1., -1., -1., -1., -1., -1., -1.,
       -1., -1., -1., -1., -1., -1., -1.]), array([-1., -1., -1., -1., -1., -1., -1., -1., -1., -1., -1., -1., -1.,
       -1., -1., -1., -1., -1., -1., -1.])]
Initial output weights: [[-0.00807243 -0.00973656]
 [ 0.00495105  0.00666361]
 [ 0.00295455  0.00463513]
 [ 0.00357321  0.00407307]
 [ 0.0098834   0.00825273]
 [ 0.00770659 -0.004253  ]
 [-0.00044457  0.00384589]
 [ 0.00153514 -0.00656649]
 [ 0.00333868  0.0067919 ]
 [ 0.00953702  0.00861966]
 [ 0.00595451 -0.00781471]
 [ 0.00490463  0.00119768]
 [ 0.00605355  0.00054153]
 [ 0.00913726  0.00787675]
 [-0.00846864  0.00825072]
 [ 0.00241885 -0.00693074]
 [-0.00657802  0.00011823]
 [-0.001127   -0.00957456]
 [-0.00231786 -0.00121331]
 [ 0.00894593  0.00066956]]
Initial output bias: [ 1.  1.]
Value MLP:
Initial hidden weights: [array([[  8.97938137e-03,  -6.99087678e-03,   7.07449164e-03, ...,
          9.26079806e-04,   8.22055388e-04,   2.89428813e-03],
       [  6.07313796e-03,   2.95218423e-04,  -8.71489320e-03, ...,
         -3.74060120e-03,  -3.91641731e-03,  -9.95504527e-03],
       [  1.35648035e-03,  -3.90044927e-03,   9.21631628e-03, ...,
         -7.56053630e-03,  -9.23772651e-03,   1.12512001e-03],
       ..., 
       [ -7.39984068e-03,   8.05711563e-03,  -5.30291399e-04, ...,
         -9.12294206e-03,  -2.14967252e-03,  -8.12630725e-03],
       [  7.68541924e-04,  -2.96719335e-03,  -3.17539497e-03, ...,
          8.85512010e-03,   5.82407030e-05,  -6.00088063e-03],
       [  1.15706058e-03,   8.17701403e-03,   7.35039741e-03, ...,
         -5.28213989e-03,  -5.03328507e-03,  -4.21037063e-03]]), array([[ -4.65862852e-03,  -5.00250717e-03,  -2.03544911e-03,
          1.79294537e-03,   5.64316953e-04,  -7.33388504e-03,
          5.70201324e-03,  -9.63268848e-03,   3.76676954e-03,
         -9.42101616e-03,   3.27687859e-03,   2.89154832e-03,
          1.03459726e-03,   4.40143730e-03,   2.32520518e-03,
         -6.77240732e-04,   4.34880727e-03,   1.78014427e-03,
         -2.87219856e-03,   2.70634315e-03],
       [  9.22590828e-03,  -4.85423795e-03,   1.13519052e-03,
          4.02925450e-03,  -6.59604838e-03,   1.43786639e-03,
         -9.23348239e-03,   3.76687851e-03,  -5.73889011e-03,
         -9.96734529e-03,  -6.79327484e-03,   7.87558974e-03,
          4.70673004e-03,  -2.71874447e-03,  -3.15309326e-04,
          3.85163096e-04,   6.29113982e-03,   8.36975587e-03,
          3.58752214e-03,   9.57255148e-03],
       [  1.37796277e-03,   1.46000405e-03,  -8.71370705e-03,
         -9.86251439e-03,   6.16839199e-03,   7.38680261e-03,
          5.97788601e-03,   2.56362128e-03,   1.30603363e-03,
          8.00012192e-03,  -2.47305090e-03,   3.34181203e-03,
         -1.30149643e-03,  -8.62027610e-03,   8.49724101e-03,
          1.94395291e-03,   8.40193881e-03,   9.98662337e-03,
         -3.35652440e-03,  -8.11991356e-03],
       [  4.19581850e-03,   3.95233447e-03,  -4.95615818e-03,
          9.10113339e-03,  -5.99766944e-03,  -2.06701225e-03,
          7.87623947e-03,   4.55182977e-03,  -7.81107351e-03,
         -5.47944428e-03,  -6.80775334e-03,   3.67709780e-03,
          6.28637757e-03,   6.71138385e-03,  -1.48675316e-03,
         -9.72810666e-03,  -9.91031171e-03,  -2.06149027e-03,
          6.34821631e-03,  -1.91675285e-03],
       [  6.69032819e-03,  -8.57606715e-03,  -6.91035659e-03,
          3.59573498e-03,  -9.68250388e-03,   2.17392418e-03,
         -4.47819807e-03,   6.58795133e-03,   1.93923857e-04,
          9.67836130e-03,  -2.44995003e-03,   6.71232306e-03,
          4.70678032e-03,   2.80614946e-03,   7.26679107e-03,
         -3.63476120e-03,  -9.75355525e-03,   6.11835477e-03,
         -1.55360857e-03,  -3.26420941e-03],
       [  5.98882188e-03,   7.23112296e-03,  -9.40319761e-03,
         -4.40088346e-03,   5.74377496e-03,   6.32770617e-03,
         -1.13344238e-03,   5.65162774e-03,  -4.51911793e-04,
          2.74859474e-04,  -4.76055969e-03,   3.92028657e-03,
         -9.55915043e-03,  -6.94083507e-03,  -7.65022656e-03,
         -8.33336472e-03,  -7.61110663e-03,  -1.75279982e-03,
          7.19503387e-03,  -5.94518331e-03],
       [  5.33446415e-03,  -5.93770217e-03,   9.55834722e-03,
         -8.37562207e-03,   7.29894204e-03,  -5.12484406e-03,
          7.91418259e-04,  -6.71479048e-03,  -7.28348146e-03,
         -2.48803705e-03,   1.53589522e-03,   4.41493110e-03,
          8.55343217e-03,   4.64793364e-03,  -5.09283751e-03,
          5.99485069e-03,  -6.61001180e-03,   1.75547614e-03,
          9.10286968e-03,  -3.87804786e-03],
       [  4.98526111e-03,  -8.22694466e-03,   8.39119678e-03,
         -1.77608462e-03,   7.91669428e-03,   2.62902034e-03,
         -1.44492752e-03,  -7.10933995e-03,  -3.92013408e-03,
          5.95616925e-03,  -7.72508159e-03,   1.27533719e-03,
          7.46525501e-03,  -6.25060261e-03,  -8.42691173e-03,
          7.72903950e-03,   6.66497904e-03,  -2.24973498e-04,
         -1.24699740e-03,  -7.19131363e-04],
       [  6.92310601e-03,  -6.97765600e-03,  -7.09385101e-03,
         -6.55191248e-03,   6.27130696e-03,   3.08558515e-03,
          4.80787825e-03,  -9.89804836e-03,   3.05391207e-03,
         -6.88249226e-03,  -7.85413463e-03,  -9.76964106e-03,
          8.68948455e-04,   4.75319200e-03,  -2.22217954e-03,
          9.51415436e-03,   5.87454392e-03,  -3.51819651e-03,
          5.60659782e-03,  -6.10991716e-03],
       [ -4.93719881e-03,   7.84354307e-03,   7.25284933e-03,
         -7.68094736e-03,  -1.37843321e-03,  -4.25486214e-04,
         -2.46743160e-03,  -5.91572059e-03,  -5.19832049e-03,
         -3.03770118e-03,  -4.50944948e-03,   4.98321533e-03,
         -5.72848748e-03,   4.28181514e-03,  -5.23098154e-03,
         -1.68863924e-03,   2.09627877e-03,  -8.97476077e-03,
          2.49328244e-03,   1.09624037e-03],
       [ -1.26621512e-03,  -1.48492587e-03,   2.66210266e-03,
         -7.09750428e-03,   9.99077409e-03,  -1.37499664e-04,
          9.04640150e-04,   1.25036640e-04,   9.01868053e-03,
          2.99222936e-03,   1.59557416e-03,   4.47268075e-03,
         -4.81206177e-03,   8.28419217e-03,  -4.59850930e-03,
         -6.23914615e-03,   8.02595885e-03,  -8.36322780e-03,
         -4.71452187e-03,   2.44504438e-03],
       [  2.99065976e-03,   4.47799386e-03,  -1.33908784e-04,
         -2.57716777e-03,  -7.87436695e-03,   2.26321153e-03,
          3.59416460e-03,   2.52989310e-03,   4.60612221e-03,
         -8.43065999e-03,  -7.96534639e-03,   6.58089697e-03,
          2.16725894e-03,  -1.35299876e-03,  -1.98612138e-04,
          1.56885603e-03,   4.30740990e-03,   4.27949814e-03,
         -4.19908321e-03,  -2.88582394e-03],
       [  3.41549284e-03,   3.54597378e-03,   3.49244971e-03,
         -6.43907396e-03,   9.52523780e-03,   8.70251738e-04,
          1.29750661e-03,  -6.88896935e-03,   9.57072896e-03,
         -4.32856797e-03,  -4.58217294e-03,  -9.96722736e-03,
          8.94555021e-03,  -4.41525216e-03,  -2.50999287e-03,
         -5.71193231e-03,   4.95013793e-03,   9.68702151e-03,
         -8.68161255e-03,   9.84270299e-03],
       [ -8.14359507e-03,   5.91368623e-03,   2.45670628e-03,
         -7.62033611e-03,  -6.50841497e-04,   1.42515043e-03,
         -2.28020242e-04,   5.53753493e-03,   9.07308895e-04,
         -3.52751159e-03,   7.30748069e-03,   8.08800250e-03,
          2.23540354e-03,   3.22509832e-03,  -5.12846974e-03,
          4.68940114e-03,   7.81385359e-03,  -9.36124795e-03,
          3.30267193e-03,  -8.79675190e-03],
       [  7.36352612e-03,  -3.64910016e-03,   6.97307020e-03,
         -3.28131708e-03,  -9.42263871e-03,  -6.89542933e-03,
          1.48898981e-03,   1.48387102e-03,   8.10622220e-03,
          6.12047197e-03,   9.90955460e-03,   9.68831277e-03,
          3.18039548e-03,   7.59030801e-03,   5.90614288e-03,
          9.61669758e-03,  -3.47189668e-03,  -1.46333825e-03,
          1.09729269e-04,   1.03192499e-04],
       [ -8.11100384e-03,  -6.52789683e-06,  -5.68511146e-03,
         -1.17316834e-03,   7.75906520e-03,   3.32191899e-03,
          6.72409771e-04,  -8.56693485e-03,  -5.37196605e-03,
          7.27628408e-03,   2.33443830e-03,   6.20693890e-03,
          3.49763523e-03,   2.63428757e-03,  -6.22731235e-03,
          4.87437717e-03,  -3.81891036e-03,   7.09975313e-03,
         -7.22890087e-03,  -9.57931106e-03],
       [  5.57122533e-03,  -6.90141989e-03,   9.73887094e-03,
          5.58277907e-03,  -7.97541107e-03,   4.86573687e-03,
          5.77733174e-03,  -6.34336399e-03,  -5.41557494e-03,
          5.13432293e-03,  -4.70398758e-03,  -9.41562534e-03,
         -6.48835907e-03,  -2.24129239e-03,  -8.64150040e-03,
         -3.53540312e-03,   8.27921943e-03,   5.29627580e-03,
          8.02773129e-03,   4.96070950e-03],
       [  8.01647828e-03,   3.41270820e-03,  -4.92830830e-03,
         -3.58896889e-03,  -1.10635055e-03,  -7.19058129e-04,
         -5.85947851e-03,   2.78021675e-04,   9.44314786e-03,
          8.51559775e-03,  -3.75642534e-03,   3.69389974e-03,
          3.78519527e-03,  -9.29342300e-03,  -6.32635216e-03,
          9.04890312e-03,   1.86690060e-03,  -4.15691202e-03,
         -6.53935329e-03,  -6.52435476e-03],
       [ -1.09836955e-03,  -3.35128019e-03,  -8.66216448e-03,
         -5.98898973e-03,  -1.31866268e-03,  -9.50934438e-03,
          2.50444473e-03,  -4.57431409e-03,   2.71906569e-03,
         -9.19498488e-03,   4.15880652e-03,  -9.50676989e-03,
         -5.04442073e-03,  -6.97645085e-03,  -3.68727848e-03,
         -3.42124868e-03,   3.58981753e-03,  -8.32454693e-03,
         -9.55373410e-04,   6.41654295e-03],
       [  6.61542386e-03,   2.31220688e-03,  -3.94248570e-03,
          7.67921572e-03,   7.01280227e-04,  -7.96384379e-03,
         -9.48085758e-03,  -7.56654001e-03,  -9.59427161e-03,
         -5.41259301e-03,   8.87270771e-03,  -8.64665487e-03,
          3.50705085e-03,   8.61681072e-03,  -6.05690127e-03,
          3.90105906e-03,  -8.34918467e-03,  -2.97751209e-03,
         -5.78363026e-03,   8.38481257e-03]])]
Initial hidden bias: [array([-1., -1., -1., -1., -1., -1., -1., -1., -1., -1., -1., -1., -1.,
       -1., -1., -1., -1., -1., -1., -1.]), array([-1., -1., -1., -1., -1., -1., -1., -1., -1., -1., -1., -1., -1.,
       -1., -1., -1., -1., -1., -1., -1.])]
Initial output weights: [[-0.0021407 ]
 [ 0.00643058]
 [ 0.00735993]
 [-0.00586904]
 [ 0.00731501]
 [ 0.00296842]
 [ 0.00659763]
 [ 0.0095497 ]
 [ 0.00260001]
 [-0.00869145]
 [-0.00870937]
 [-0.00989087]
 [ 0.00729935]
 [ 0.0025528 ]
 [ 0.00660189]
 [ 0.00156301]
 [-0.00452696]
 [-0.00126956]
 [-0.00449551]
 [-0.00514321]]
Initial output bias: [ 1.]
