Action MLP:Hidden weights: [array([[ 0.00665715,  0.00846741, -0.00194315, ...,  0.00610225,
         0.00519286, -0.00911104],
       [ 0.00633475, -0.0005825 , -0.00688595, ...,  0.00081441,
         0.00559236,  0.00234171],
       [ 0.00838678,  0.00791342, -0.00774719, ..., -0.00781627,
        -0.00290344, -0.00203934],
       ..., 
       [ 0.00788603,  0.00502883,  0.00259457, ..., -0.00953401,
        -0.00031142, -0.00022085],
       [-0.00514557, -0.00245073,  0.00753733, ..., -0.00887312,
        -0.00575913,  0.00241717],
       [ 0.00966344,  0.00192985, -0.00078064, ...,  0.00770471,
         0.00295462, -0.00819394]]), array([[-0.05282867, -0.0509519 , -0.06561972, -0.06676638, -0.05617801,
        -0.05311816, -0.05380988, -0.06600406, -0.06583725, -0.06345288,
        -0.05734182, -0.05258209, -0.06041693, -0.05690224, -0.06489675,
        -0.05095677, -0.05639438, -0.06382724, -0.06582553, -0.0568648 ],
       [-0.05685502, -0.05999447, -0.06016181, -0.06206717, -0.06675066,
        -0.06197222, -0.06005693, -0.05723552, -0.05203034, -0.05512157,
        -0.06241887, -0.06939694, -0.05507672, -0.05585353, -0.06731732,
        -0.05413763, -0.05829154, -0.05868591, -0.05329061, -0.06471714],
       [-0.06733058, -0.05778559, -0.05532454, -0.0695766 , -0.06151435,
        -0.05161072, -0.0687778 , -0.05679906, -0.06574708, -0.05824526,
        -0.05694477, -0.05700761, -0.05000389, -0.05139958, -0.06347853,
        -0.05674567, -0.05661988, -0.05744108, -0.05691756, -0.06482348],
       [-0.06231679, -0.05699312, -0.06165743, -0.05710183, -0.05501062,
        -0.06311583, -0.05741789, -0.06625972, -0.05038057, -0.06797111,
        -0.06120834, -0.0629819 , -0.05730082, -0.06162189, -0.06355453,
        -0.05817677, -0.06523951, -0.06137436, -0.05998868, -0.05590887],
       [-0.06586794, -0.05896879, -0.06297695, -0.05742403, -0.04896391,
        -0.05043099, -0.06613157, -0.06212857, -0.05023313, -0.04848982,
        -0.05525689, -0.04950759, -0.06251384, -0.0636758 , -0.06029181,
        -0.0676195 , -0.0502953 , -0.05151265, -0.06220532, -0.05918954],
       [-0.06550911, -0.06050973, -0.05594631, -0.05959646, -0.06706954,
        -0.06224696, -0.06904109, -0.06363108, -0.0507222 , -0.05003535,
        -0.06548538, -0.05288034, -0.05144105, -0.05471224, -0.05555793,
        -0.06820599, -0.06049756, -0.05967558, -0.05900506, -0.05731606],
       [-0.05503167, -0.06481913, -0.05587754, -0.05504543, -0.06138505,
        -0.06456079, -0.05618187, -0.0559907 , -0.06303504, -0.05944129,
        -0.06850865, -0.05064711, -0.06599831, -0.05923039, -0.0669806 ,
        -0.05342339, -0.05992634, -0.05603208, -0.05891986, -0.05706807],
       [-0.05362589, -0.05960475, -0.0566363 , -0.05722886, -0.0588588 ,
        -0.06550239, -0.05919823, -0.06383898, -0.06172982, -0.05258596,
        -0.06324131, -0.07007092, -0.06719796, -0.06070186, -0.04909668,
        -0.06605345, -0.05509982, -0.05650653, -0.06442685, -0.05957947],
       [-0.06543715, -0.05956906, -0.06456642, -0.06137759, -0.05153924,
        -0.06376032, -0.06907818, -0.06407988, -0.06779511, -0.0587295 ,
        -0.05439388, -0.05218483, -0.05659134, -0.05889221, -0.06023028,
        -0.06783185, -0.06527542, -0.06761167, -0.05141634, -0.05997555],
       [-0.06011019, -0.05765421, -0.05241945, -0.05339772, -0.06063609,
        -0.05280463, -0.05117326, -0.058397  , -0.05045662, -0.05159506,
        -0.04856003, -0.05093093, -0.05987835, -0.05481141, -0.04876252,
        -0.06482749, -0.06078983, -0.05896721, -0.05215433, -0.05034437],
       [-0.05890865, -0.05018528, -0.06592721, -0.06839336, -0.06107411,
        -0.05964768, -0.05784189, -0.06314815, -0.05563095, -0.06546659,
        -0.05608139, -0.05899642, -0.0679052 , -0.0625133 , -0.05815318,
        -0.05360365, -0.06207008, -0.06484111, -0.06728592, -0.05614873],
       [-0.05550131, -0.06019058, -0.04963103, -0.05166684, -0.05313743,
        -0.06574765, -0.05071093, -0.05946385, -0.06617661, -0.06714179,
        -0.05364345, -0.06226276, -0.0606398 , -0.06120647, -0.05766622,
        -0.05175173, -0.06219571, -0.06303405, -0.05839816, -0.05860796],
       [-0.06160934, -0.067981  , -0.05634285, -0.0603898 , -0.06602248,
        -0.062305  , -0.0518497 , -0.05418525, -0.06417178, -0.06680682,
        -0.06233373, -0.05174987, -0.06516434, -0.06902688, -0.06139447,
        -0.04933471, -0.05005606, -0.06421494, -0.05504895, -0.05870578],
       [-0.04975638, -0.04978001, -0.05976281, -0.05398949, -0.05944309,
        -0.06446449, -0.06200342, -0.05228035, -0.0586003 , -0.05657266,
        -0.05647194, -0.0564473 , -0.06280341, -0.05863061, -0.06124926,
        -0.05537428, -0.04839592, -0.05034744, -0.05533347, -0.06292891],
       [-0.05429844, -0.06580075, -0.05892859, -0.05522965, -0.05413323,
        -0.05460798, -0.05238226, -0.05703329, -0.06579185, -0.05578208,
        -0.05312898, -0.06776917, -0.05778071, -0.05040688, -0.05640417,
        -0.06784381, -0.06492598, -0.06111575, -0.0547372 , -0.05303457],
       [-0.05972737, -0.06623941, -0.06245237, -0.05512628, -0.05934969,
        -0.06309141, -0.0567603 , -0.05248836, -0.05931433, -0.05803502,
        -0.06197699, -0.06552169, -0.06519559, -0.05894072, -0.05088375,
        -0.0610872 , -0.05938611, -0.04911681, -0.06208243, -0.05705442],
       [-0.06432165, -0.05592022, -0.05629496, -0.05799121, -0.0612855 ,
        -0.05880005, -0.0689267 , -0.06276422, -0.0508281 , -0.05766829,
        -0.05607448, -0.06475186, -0.04893043, -0.0592231 , -0.05114279,
        -0.04980331, -0.06229419, -0.05194042, -0.06562733, -0.0598239 ],
       [-0.06472821, -0.06797782, -0.0623721 , -0.05595321, -0.05093082,
        -0.04992331, -0.05633213, -0.06059117, -0.057643  , -0.05940859,
        -0.05723359, -0.05310314, -0.05745351, -0.05198198, -0.06746383,
        -0.06574896, -0.06613761, -0.06277774, -0.05665253, -0.06312139],
       [-0.05231713, -0.05482248, -0.05555747, -0.05575447, -0.06556887,
        -0.0591525 , -0.05608802, -0.05459669, -0.05095195, -0.06824731,
        -0.05850642, -0.06564768, -0.05741141, -0.0662811 , -0.05109029,
        -0.05139485, -0.05826988, -0.05102641, -0.06762584, -0.0672748 ],
       [-0.05509751, -0.05451139, -0.0655963 , -0.05958383, -0.06044345,
        -0.05686809, -0.05441663, -0.05248092, -0.06995527, -0.05944614,
        -0.06869135, -0.06383682, -0.05254775, -0.06325892, -0.06682024,
        -0.06673549, -0.06155831, -0.06724849, -0.05481875, -0.05311007]])]Hidden bias: [array([-1.00807133, -1.00844549, -1.00921126, -1.00971932, -1.00720543,
       -1.00851023, -1.00815736, -1.00779269, -1.00953367, -1.00549442,
       -1.00921011, -1.00750908, -1.00797009, -1.00664131, -1.00717523,
       -1.00858751, -1.00700363, -1.00804214, -1.00696562, -1.00840305]), array([-0.91857391, -0.91820186, -0.92097835, -0.91285221, -0.91711151,
       -0.92076432, -0.91612354, -0.9203839 , -0.91586069, -0.91817904,
       -0.91608897, -0.91644185, -0.9196821 , -0.91729222, -0.91973452,
       -0.91820581, -0.92070889, -0.91584458, -0.91922984, -0.91429268])]Output weights: [[-0.0009445  -0.00032627]
 [-0.00092838 -0.00035832]
 [-0.00090158 -0.00030988]
 [-0.00091239 -0.00034291]
 [-0.00093176 -0.00030741]
 [-0.00090677 -0.00029077]
 [-0.00093072 -0.00030219]
 [-0.00094681 -0.00032213]
 [-0.00089001 -0.00032287]
 [-0.00086666 -0.00031463]
 [-0.00090066 -0.00033447]
 [-0.00084377 -0.00032685]
 [-0.00095559 -0.00032576]
 [-0.00092499 -0.00030361]
 [-0.00089817 -0.00030155]
 [-0.00094189 -0.00027887]
 [-0.00087755 -0.00031744]
 [-0.00091854 -0.00030262]
 [-0.00092445 -0.00035466]
 [-0.00091861 -0.00028901]]Output bias: [-0.10685736 -0.29169492]
Value MLP:Hidden weights: [array([[-0.05749538, -0.05509693, -0.05422603, ..., -0.06275779,
        -0.04454962, -0.04945212],
       [-0.04033063, -0.02261042, -0.03262434, ..., -0.03090804,
        -0.03115498, -0.03294139],
       [-0.02219074, -0.02413302, -0.00932626, ..., -0.01195042,
        -0.01404025, -0.00780642],
       ..., 
       [-0.00295373,  0.00034481,  0.00379892, ..., -0.0094661 ,
        -0.00481796,  0.00126093],
       [-0.00629015, -0.00804141,  0.00441206, ..., -0.00668792,
        -0.00202268, -0.00837834],
       [-0.0162627 , -0.02358735, -0.01593523, ..., -0.03487863,
        -0.01714349, -0.01350337]]), array([[-0.87997546, -0.68999292, -0.62371963,  0.89103054, -0.59471266,
        -0.56732767,  1.08661453, -0.72015219, -0.64010951,  0.58202299,
         1.08544073, -0.64421008,  0.72743821,  0.7436585 , -0.65215539,
         0.30348195,  0.85504934, -0.5448317 , -0.83841764, -0.8108138 ],
       [-0.6725622 , -0.4505193 , -0.39710956,  1.10142173, -0.36854022,
        -0.34417207,  1.30537171, -0.48112664, -0.38944493,  0.81177291,
         1.33356754, -0.39807374,  0.94171458,  0.97516116, -0.42409735,
         0.53152454,  1.0933306 , -0.31156882, -0.60783833, -0.55922386],
       [-0.57614719, -0.36197873, -0.27446182,  1.23854971, -0.25857193,
        -0.22087562,  1.39495525, -0.39129752, -0.28050143,  0.91232812,
         1.41783678, -0.3012086 ,  1.08034896,  1.07938624, -0.32159901,
         0.63495837,  1.20393295, -0.21248451, -0.51387334, -0.4520741 ],
       [-0.85947532, -0.66696435, -0.61769934,  0.91638332, -0.57904025,
        -0.5416752 ,  1.09555343, -0.68618176, -0.61258619,  0.59522531,
         1.11275952, -0.62479385,  0.75562667,  0.7600507 , -0.63047595,
         0.31864835,  0.87898293, -0.51391198, -0.82119397, -0.78153292],
       [-0.93069199, -0.71437931, -0.64161472,  0.87720845, -0.61753762,
        -0.58737141,  1.06687278, -0.72683139, -0.64875965,  0.55417695,
         1.10262296, -0.66197647,  0.69970803,  0.72767437, -0.65584559,
         0.28036186,  0.83763988, -0.5519812 , -0.84740125, -0.82041442],
       [-1.15130546, -0.01553237, -0.93768943,  1.01627817, -0.9187697 ,
        -0.91170822,  0.7519339 , -1.03420742, -1.31128035,  0.71767364,
         0.63936951, -0.07751716,  0.8969307 ,  0.90559851, -0.30207171,
         0.5572438 ,  1.15497798, -0.85934584, -1.18185857,  0.09155559],
       [-0.68553227, -0.47923489, -0.40366317,  1.09327816, -0.38463007,
        -0.36100975,  1.2957592 , -0.50725746, -0.40989617,  0.79678449,
         1.33135404, -0.4157186 ,  0.92838911,  0.95729267, -0.44129725,
         0.49638824,  1.07834862, -0.32500913, -0.63218861, -0.58525745],
       [-0.90217389, -0.70523064, -0.65034047,  0.88704718, -0.62580047,
        -0.60000964,  1.05613232, -0.74183498, -0.65326378,  0.5559772 ,
         1.0661711 , -0.65577907,  0.72745969,  0.74150288, -0.66144268,
         0.28723408,  0.8283373 , -0.55642151, -0.86455121, -0.81318089],
       [-0.79140759, -0.60730898, -0.54387836,  0.96305904, -0.51589143,
        -0.47427268,  1.16977265, -0.62554858, -0.53561272,  0.66596068,
         1.19154678, -0.55769529,  0.80355374,  0.81987391, -0.57105455,
         0.38889345,  0.94970519, -0.44918774, -0.75719455, -0.70850224],
       [-0.87575931, -0.68381957, -0.61965884,  0.89989306, -0.58664224,
        -0.5658846 ,  1.07860673, -0.70404377, -0.63238306,  0.58038458,
         1.10529177, -0.62653928,  0.74231643,  0.75272997, -0.64634918,
         0.30635521,  0.85969972, -0.53541609, -0.83947518, -0.80621171],
       [-0.87248992, -0.68889204, -0.63297899,  0.88773453, -0.59352132,
        -0.57667672,  1.08053689, -0.70849199, -0.62796454,  0.57585816,
         1.09535028, -0.64372242,  0.72700891,  0.75915279, -0.64797362,
         0.30216971,  0.86825926, -0.53475791, -0.84908965, -0.79420932],
       [-0.60965433, -0.38973202, -0.31460883,  1.18161989, -0.2849365 ,
        -0.26684038,  1.38015551, -0.42125618, -0.32187417,  0.88524551,
         1.39555207, -0.32600177,  1.0196239 ,  1.03006099, -0.36391293,
         0.59565029,  1.16626779, -0.23012883, -0.55772069, -0.49311047],
       [-0.70991292, -0.50933904, -0.43861013,  1.0594764 , -0.42112205,
        -0.38687685,  1.24072601, -0.54339074, -0.43744526,  0.76222377,
         1.29390587, -0.44903951,  0.884463  ,  0.91875905, -0.48639915,
         0.46925118,  1.03252768, -0.36935286, -0.67100342, -0.61226917],
       [-0.71887571, -0.51476222, -0.44335718,  1.05784048, -0.41031668,
        -0.38059155,  1.25533382, -0.52739969, -0.44465673,  0.76846535,
         1.29374642, -0.44647802,  0.89940058,  0.92606749, -0.47521946,
         0.4637059 ,  1.03636379, -0.35652212, -0.66216522, -0.61650065],
       [-0.80104827, -0.59730403, -0.54374491,  0.95308913, -0.51758396,
        -0.48908157,  1.15037275, -0.64316586, -0.53098411,  0.65890928,
         1.19165527, -0.55048496,  0.80344631,  0.81180209, -0.56844624,
         0.3823521 ,  0.93987365, -0.44887447, -0.75241864, -0.72168912],
       [-0.50507225, -0.26634609, -0.19699092,  3.44057236, -0.18663976,
        -0.15302606,  1.32486978, -0.31025243, -0.5634735 ,  0.16875643,
        -2.93256074, -0.16869939,  2.53967497,  1.78895499,  0.81661372,
         1.16272748,  1.94873727, -0.14639085, -0.16221912, -0.37109718],
       [-0.68847775, -0.47995488, -0.40093948,  1.09327744, -0.38502332,
        -0.35546179,  1.29594075, -0.51145504, -0.40684108,  0.80505201,
         1.31411695, -0.4183714 ,  0.93162954,  0.94429672, -0.44723064,
         0.50892993,  1.08216879, -0.32754179, -0.62619362, -0.57529318],
       [-0.88662991, -0.69175422, -0.63489885,  0.88981981, -0.60590575,
        -0.57802158,  1.07806016, -0.7187236 , -0.6183541 ,  0.5878112 ,
         1.08907432, -0.63736862,  0.73010337,  0.75271883, -0.6398548 ,
         0.29001741,  0.8536027 , -0.52963086, -0.84282182, -0.79277531],
       [-0.70328084, -0.49549836, -0.426434  ,  1.07946864, -0.39713876,
        -0.37777933,  1.26185427, -0.52430881, -0.43240765,  0.78567473,
         1.31122652, -0.44255373,  0.91831337,  0.93100406, -0.47008667,
         0.48312414,  1.05074295, -0.34449478, -0.65548529, -0.59111249],
       [-0.79570706, -0.60732025, -0.54091329,  0.97049512, -0.52353314,
        -0.48460574,  1.16526835, -0.63939086, -0.54140551,  0.66255951,
         1.1888822 , -0.55592336,  0.79783053,  0.81606633, -0.57273495,
         0.38304136,  0.9332844 , -0.45417439, -0.75993881, -0.72083028]])]Hidden bias: [array([-1.46210704, -1.70512841, -1.48166221, -1.50534122, -1.54808797,
       -1.81683499, -1.71470696, -1.39958512, -1.64344915, -1.46296756,
       -1.4575377 , -1.58451379, -1.7107226 , -1.73047716, -1.64941391,
       -0.0642901 , -1.70705357, -1.46238696, -1.72471816, -1.64002308]), array([-0.46992883, -0.66244364, -0.71919935, -2.2236754 , -0.74874457,
       -0.77848287, -2.42769463, -0.63214218, -0.72692081, -1.9262711 ,
       -2.47143669, -0.71321133, -2.05383761, -2.07554718, -0.69334428,
       -1.63758782, -2.20465897, -0.81411611, -0.50907166, -0.54611495])]Output weights: [[ -8.61072258]
 [-15.58256606]
 [ -6.29406394]
 [ -0.66196858]
 [ -6.28536398]
 [ -6.25712025]
 [ -0.90610713]
 [ -6.3034539 ]
 [ -2.38975464]
 [  2.07463341]
 [  3.51360758]
 [-15.13604924]
 [  2.31081924]
 [ -2.79565152]
 [  1.99699072]
 [ -1.64453234]
 [ -0.89167512]
 [ -6.24895829]
 [  0.5434011 ]
 [-15.23346187]]Output bias: [-18.91982398]