Action MLP:Hidden weights: [array([[ 0.00665715,  0.00846741, -0.00194315, ...,  0.00610225,
         0.00519286, -0.00911104],
       [ 0.00633475, -0.0005825 , -0.00688595, ...,  0.00081441,
         0.00559236,  0.00234171],
       [ 0.00838678,  0.00791342, -0.00774719, ..., -0.00781627,
        -0.00290344, -0.00203934],
       ..., 
       [ 0.00788603,  0.00502883,  0.00259457, ..., -0.00953401,
        -0.00031142, -0.00022085],
       [-0.00514557, -0.00245073,  0.00753733, ..., -0.00887312,
        -0.00575913,  0.00241717],
       [ 0.00966344,  0.00192985, -0.00078064, ...,  0.00770471,
         0.00295462, -0.00819394]]), array([[-0.05282867, -0.0509519 , -0.06561972, -0.06676638, -0.05617801,
        -0.05311816, -0.05380988, -0.06600406, -0.06583725, -0.06345288,
        -0.05734182, -0.05258209, -0.06041693, -0.05690224, -0.06489675,
        -0.05095677, -0.05639438, -0.06382724, -0.06582553, -0.0568648 ],
       [-0.05685502, -0.05999447, -0.06016181, -0.06206717, -0.06675066,
        -0.06197222, -0.06005693, -0.05723552, -0.05203034, -0.05512157,
        -0.06241887, -0.06939694, -0.05507672, -0.05585353, -0.06731732,
        -0.05413763, -0.05829154, -0.05868591, -0.05329061, -0.06471714],
       [-0.06733058, -0.05778559, -0.05532454, -0.0695766 , -0.06151435,
        -0.05161072, -0.0687778 , -0.05679906, -0.06574708, -0.05824526,
        -0.05694477, -0.05700761, -0.05000389, -0.05139958, -0.06347853,
        -0.05674567, -0.05661988, -0.05744108, -0.05691756, -0.06482348],
       [-0.06231679, -0.05699312, -0.06165743, -0.05710183, -0.05501062,
        -0.06311583, -0.05741789, -0.06625972, -0.05038057, -0.06797111,
        -0.06120834, -0.0629819 , -0.05730082, -0.06162189, -0.06355453,
        -0.05817677, -0.06523951, -0.06137436, -0.05998868, -0.05590887],
       [-0.06586794, -0.05896879, -0.06297695, -0.05742403, -0.04896391,
        -0.05043099, -0.06613157, -0.06212857, -0.05023313, -0.04848982,
        -0.05525689, -0.04950759, -0.06251384, -0.0636758 , -0.06029181,
        -0.0676195 , -0.0502953 , -0.05151265, -0.06220532, -0.05918954],
       [-0.06550911, -0.06050973, -0.05594631, -0.05959646, -0.06706954,
        -0.06224696, -0.06904109, -0.06363108, -0.0507222 , -0.05003535,
        -0.06548538, -0.05288034, -0.05144105, -0.05471224, -0.05555793,
        -0.06820599, -0.06049756, -0.05967558, -0.05900506, -0.05731606],
       [-0.05503167, -0.06481913, -0.05587754, -0.05504543, -0.06138505,
        -0.06456079, -0.05618187, -0.0559907 , -0.06303504, -0.05944129,
        -0.06850865, -0.05064711, -0.06599831, -0.05923039, -0.0669806 ,
        -0.05342339, -0.05992634, -0.05603208, -0.05891986, -0.05706807],
       [-0.05362589, -0.05960475, -0.0566363 , -0.05722886, -0.0588588 ,
        -0.06550239, -0.05919823, -0.06383898, -0.06172982, -0.05258596,
        -0.06324131, -0.07007092, -0.06719796, -0.06070186, -0.04909668,
        -0.06605345, -0.05509982, -0.05650653, -0.06442685, -0.05957947],
       [-0.06543715, -0.05956906, -0.06456642, -0.06137759, -0.05153924,
        -0.06376032, -0.06907818, -0.06407988, -0.06779511, -0.0587295 ,
        -0.05439388, -0.05218483, -0.05659134, -0.05889221, -0.06023028,
        -0.06783185, -0.06527542, -0.06761167, -0.05141634, -0.05997555],
       [-0.06011019, -0.05765421, -0.05241945, -0.05339772, -0.06063609,
        -0.05280463, -0.05117326, -0.058397  , -0.05045662, -0.05159506,
        -0.04856003, -0.05093093, -0.05987835, -0.05481141, -0.04876252,
        -0.06482749, -0.06078983, -0.05896721, -0.05215433, -0.05034437],
       [-0.05890865, -0.05018528, -0.06592721, -0.06839336, -0.06107411,
        -0.05964768, -0.05784189, -0.06314815, -0.05563095, -0.06546659,
        -0.05608139, -0.05899642, -0.0679052 , -0.0625133 , -0.05815318,
        -0.05360365, -0.06207008, -0.06484111, -0.06728592, -0.05614873],
       [-0.05550131, -0.06019058, -0.04963103, -0.05166684, -0.05313743,
        -0.06574765, -0.05071093, -0.05946385, -0.06617661, -0.06714179,
        -0.05364345, -0.06226276, -0.0606398 , -0.06120647, -0.05766622,
        -0.05175173, -0.06219571, -0.06303405, -0.05839816, -0.05860796],
       [-0.06160934, -0.067981  , -0.05634285, -0.0603898 , -0.06602248,
        -0.062305  , -0.0518497 , -0.05418525, -0.06417178, -0.06680682,
        -0.06233373, -0.05174987, -0.06516434, -0.06902688, -0.06139447,
        -0.04933471, -0.05005606, -0.06421494, -0.05504895, -0.05870578],
       [-0.04975638, -0.04978001, -0.05976281, -0.05398949, -0.05944309,
        -0.06446449, -0.06200342, -0.05228035, -0.0586003 , -0.05657266,
        -0.05647194, -0.0564473 , -0.06280341, -0.05863061, -0.06124926,
        -0.05537428, -0.04839592, -0.05034744, -0.05533347, -0.06292891],
       [-0.05429844, -0.06580075, -0.05892859, -0.05522965, -0.05413323,
        -0.05460798, -0.05238226, -0.05703329, -0.06579185, -0.05578208,
        -0.05312898, -0.06776917, -0.05778071, -0.05040688, -0.05640417,
        -0.06784381, -0.06492598, -0.06111575, -0.0547372 , -0.05303457],
       [-0.05972737, -0.06623941, -0.06245237, -0.05512628, -0.05934969,
        -0.06309141, -0.0567603 , -0.05248836, -0.05931433, -0.05803502,
        -0.06197699, -0.06552169, -0.06519559, -0.05894072, -0.05088375,
        -0.0610872 , -0.05938611, -0.04911681, -0.06208243, -0.05705442],
       [-0.06432165, -0.05592022, -0.05629496, -0.05799121, -0.0612855 ,
        -0.05880005, -0.0689267 , -0.06276422, -0.0508281 , -0.05766829,
        -0.05607448, -0.06475186, -0.04893043, -0.0592231 , -0.05114279,
        -0.04980331, -0.06229419, -0.05194042, -0.06562733, -0.0598239 ],
       [-0.06472821, -0.06797782, -0.0623721 , -0.05595321, -0.05093082,
        -0.04992331, -0.05633213, -0.06059117, -0.057643  , -0.05940859,
        -0.05723359, -0.05310314, -0.05745351, -0.05198198, -0.06746383,
        -0.06574896, -0.06613761, -0.06277774, -0.05665253, -0.06312139],
       [-0.05231713, -0.05482248, -0.05555747, -0.05575447, -0.06556887,
        -0.0591525 , -0.05608802, -0.05459669, -0.05095195, -0.06824731,
        -0.05850642, -0.06564768, -0.05741141, -0.0662811 , -0.05109029,
        -0.05139485, -0.05826988, -0.05102641, -0.06762584, -0.0672748 ],
       [-0.05509751, -0.05451139, -0.0655963 , -0.05958383, -0.06044345,
        -0.05686809, -0.05441663, -0.05248092, -0.06995527, -0.05944614,
        -0.06869135, -0.06383682, -0.05254775, -0.06325892, -0.06682024,
        -0.06673549, -0.06155831, -0.06724849, -0.05481875, -0.05311007]])]Hidden bias: [array([-1.00807133, -1.00844549, -1.00921126, -1.00971932, -1.00720543,
       -1.00851023, -1.00815736, -1.00779269, -1.00953367, -1.00549442,
       -1.00921011, -1.00750908, -1.00797009, -1.00664131, -1.00717523,
       -1.00858751, -1.00700363, -1.00804214, -1.00696562, -1.00840305]), array([-0.91857391, -0.91820186, -0.92097835, -0.91285221, -0.91711151,
       -0.92076432, -0.91612354, -0.9203839 , -0.91586069, -0.91817904,
       -0.91608897, -0.91644185, -0.9196821 , -0.91729222, -0.91973452,
       -0.91820581, -0.92070889, -0.91584458, -0.91922984, -0.91429268])]Output weights: [[-0.0009445  -0.00032627]
 [-0.00092838 -0.00035832]
 [-0.00090158 -0.00030988]
 [-0.00091239 -0.00034291]
 [-0.00093176 -0.00030741]
 [-0.00090677 -0.00029077]
 [-0.00093072 -0.00030219]
 [-0.00094681 -0.00032213]
 [-0.00089001 -0.00032287]
 [-0.00086666 -0.00031463]
 [-0.00090066 -0.00033447]
 [-0.00084377 -0.00032685]
 [-0.00095559 -0.00032576]
 [-0.00092499 -0.00030361]
 [-0.00089817 -0.00030155]
 [-0.00094189 -0.00027887]
 [-0.00087755 -0.00031744]
 [-0.00091854 -0.00030262]
 [-0.00092445 -0.00035466]
 [-0.00091861 -0.00028901]]Output bias: [-0.10685736 -0.29169492]
Value MLP:Hidden weights: [array([[-0.05749538, -0.05509693, -0.05422603, ..., -0.06275779,
        -0.04454962, -0.04945212],
       [-0.04033063, -0.02261042, -0.03262436, ..., -0.03090803,
        -0.03115498, -0.03294138],
       [-0.02225311, -0.02414063, -0.00933503, ..., -0.01201016,
        -0.01404938, -0.00782666],
       ..., 
       [-0.00295189,  0.00034286,  0.00379468, ..., -0.00946401,
        -0.00481993,  0.00125797],
       [-0.00630314, -0.00804405,  0.00440754, ..., -0.0067004 ,
        -0.00202551, -0.00838385],
       [-0.01627129, -0.02358962, -0.01593915, ..., -0.03488674,
        -0.01714591, -0.01350749]]), array([[-0.87997544, -0.6889589 , -0.62448031,  0.89103054, -0.59685459,
        -0.5734814 ,  1.08661453, -0.72016939, -0.64150605,  0.582023  ,
         1.08544073, -0.64053566,  0.72743821,  0.7436585 , -0.64790643,
         0.3114388 ,  0.85504934, -0.56248012, -0.51623647, -0.81078043],
       [-0.67256217, -0.44946194, -0.39787196,  1.10142173, -0.37068687,
        -0.35033871,  1.30537171, -0.48114389, -0.39085825,  0.81177293,
         1.33356754, -0.39426683,  0.94171459,  0.97516116, -0.41986059,
         0.53957648,  1.0933306 , -0.32925304, -0.28810944, -0.55918989],
       [-0.57614716, -0.36094998, -0.27522196,  1.23854971, -0.26071248,
        -0.22702595,  1.39495525, -0.3913147 , -0.28189345,  0.91232813,
         1.41783678, -0.29756178,  1.08034896,  1.07938625, -0.31734985,
         0.64289148,  1.20393295, -0.23012344, -0.19184746, -0.4520409 ],
       [-0.8594753 , -0.66592494, -0.61846061,  0.91638332, -0.58118381,
        -0.54783338,  1.09555343, -0.68619897, -0.61398669,  0.59522533,
         1.11275952, -0.62108834,  0.75562668,  0.7600507 , -0.62623035,
         0.32662797,  0.87898293, -0.53157286, -0.49902996, -0.78149942],
       [-0.93069197, -0.71332924, -0.64237638,  0.87720845, -0.61968223,
        -0.5935325 ,  1.06687278, -0.72684862, -0.65016914,  0.55417697,
         1.10262296, -0.65821875,  0.69970804,  0.72767437, -0.65158632,
         0.28839312,  0.83763988, -0.56965042, -0.52263416, -0.82038059],
       [-1.15130544, -0.01449709, -0.93845425,  1.01627817, -0.9209226 ,
        -0.91788926,  0.7519339 , -1.03422476, -1.31267978,  0.71767366,
         0.63936951, -0.0738344 ,  0.89693071,  0.90559851, -0.29782732,
         0.56522566,  1.15497798, -0.87707049, -0.83973311,  0.09158898],
       [-0.68553225, -0.47817704, -0.4044256 ,  1.09327816, -0.38677682,
        -0.36717667,  1.2957592 , -0.50727471, -0.41130984,  0.7967845 ,
         1.33135404, -0.41190893,  0.92838912,  0.95729267, -0.43706068,
         0.50444233,  1.07834862, -0.34269414, -0.31241449, -0.58522347],
       [-0.90217387, -0.70421349, -0.65110062,  0.88704718, -0.62794081,
        -0.60615814,  1.05613232, -0.74185217, -0.65464946,  0.55597722,
         1.0661711 , -0.65220023,  0.7274597 ,  0.74150288, -0.65718422,
         0.29512883,  0.8283373 , -0.57405522, -0.5379098 , -0.81314796],
       [-0.79140757, -0.60625522, -0.54464051,  0.96305904, -0.51803739,
        -0.48043746,  1.16977265, -0.62556582, -0.5370234 ,  0.6659607 ,
         1.19154678, -0.55390849,  0.80355375,  0.81987391, -0.56681622,
         0.39693055,  0.94970519, -0.46686686, -0.43710688, -0.70846837],
       [-0.87575929, -0.68278828, -0.62041994,  0.89989306, -0.58878529,
        -0.57204115,  1.07860673, -0.70406099, -0.63377837,  0.58038459,
         1.10529177, -0.6228799 ,  0.74231644,  0.75272997, -0.64209929,
         0.31430418,  0.85969972, -0.55307259, -0.51651013, -0.80617842],
       [-0.8724899 , -0.68785938, -0.6337399 ,  0.88773453, -0.59566385,
        -0.58283194,  1.08053689, -0.7085092 , -0.62936048,  0.57585817,
         1.09535028, -0.64005557,  0.72700891,  0.75915279, -0.64372388,
         0.31012308,  0.86825926, -0.55241058, -0.52641377, -0.79417599],
       [-0.60965431, -0.38868645, -0.31537018,  1.18161989, -0.28708033,
        -0.27299959,  1.38015551, -0.4212734 , -0.3232785 ,  0.88524553,
         1.39555207, -0.32226051,  1.01962391,  1.03006099, -0.35967128,
         0.60365269,  1.16626779, -0.24779249, -0.23714944, -0.49307682],
       [-0.7099129 , -0.50828184, -0.43937251,  1.0594764 , -0.42326868,
        -0.39304347,  1.24072601, -0.54340799, -0.43885844,  0.76222379,
         1.29390587, -0.4452334 ,  0.88446301,  0.91875905, -0.48216233,
         0.47730272,  1.03252768, -0.38703716, -0.35100698, -0.6122352 ],
       [-0.71887568, -0.51370294, -0.44411971,  1.05784048, -0.41246371,
        -0.38675921,  1.25533382, -0.52741694, -0.44607147,  0.76846537,
         1.29374642, -0.44266052,  0.89940058,  0.92606749, -0.47098341,
         0.47176583,  1.03636379, -0.37420915, -0.34252482, -0.61646663],
       [-0.80104825, -0.59624979, -0.54450706,  0.95308913, -0.51972994,
        -0.4952464 ,  1.15037275, -0.64318311, -0.5323951 ,  0.6589093 ,
         1.19165527, -0.5466957 ,  0.80344631,  0.81180209, -0.564208  ,
         0.39039118,  0.93987365, -0.46655372, -0.43238163, -0.72165523],
       [-0.50507229, -0.26886532, -0.19740304,  3.44057236, -0.18783112,
        -0.15665183,  1.32486978, -0.31025842, -0.56221249,  0.16875642,
        -2.93256074, -0.18538662,  2.53967497,  1.78895499,  0.82227972,
         1.15510342,  1.94873727, -0.15709115, -0.1412736 , -0.37115354],
       [-0.68847773, -0.47889777, -0.40170174,  1.09327744, -0.38716963,
        -0.36162757,  1.29594075, -0.51147229, -0.40825403,  0.80505203,
         1.31411695, -0.41456577,  0.93162955,  0.94429673, -0.44299378,
         0.51698039,  1.08216879, -0.34522371, -0.30636774, -0.57525922],
       [-0.88662989, -0.69071946, -0.63565968,  0.88981981, -0.60804806,
        -0.58417633,  1.07806016, -0.7187408 , -0.6197513 ,  0.58781122,
         1.08907432, -0.63369013,  0.73010338,  0.75271883, -0.63560594,
         0.29797804,  0.8536027 , -0.54728219, -0.52073911, -0.79274192],
       [-0.70328081, -0.49444004, -0.42719643,  1.07946864, -0.39928551,
        -0.38394627,  1.26185427, -0.52432606, -0.43382161,  0.78567474,
         1.31122652, -0.43874144,  0.91831338,  0.93100407, -0.46585029,
         0.4911799 ,  1.05074295, -0.36217989, -0.33591317, -0.5910785 ],
       [-0.79570703, -0.6062665 , -0.54167531,  0.97049512, -0.52567879,
        -0.49076975,  1.16526835, -0.6394081 , -0.54281602,  0.66255953,
         1.1888822 , -0.5521368 ,  0.79783054,  0.81606633, -0.56849651,
         0.39107785,  0.9332844 , -0.47185136, -0.43993388, -0.72079641]])]Hidden bias: [array([-1.47208892, -1.70833507, -1.4903511 , -1.51375143, -1.55737333,
       -1.85008674, -1.71787894, -1.41561094, -1.64772275, -1.47348572,
       -1.46796523, -1.59002177, -1.71408619, -1.7334079 , -1.6536414 ,
       -0.09541025, -1.71036562, -1.47216636, -1.72780175, -1.64435883]), array([-0.46992885, -0.66351868, -0.71843475, -2.2236754 , -0.74659208,
       -0.77230118, -2.42769463, -0.63212485, -0.72549292, -1.92627112,
       -2.47143669, -0.71711448, -2.05383762, -2.07554719, -0.6975749 ,
       -1.64571699, -2.20465897, -0.79639056, -0.82813881, -0.54614941])]Output weights: [[ -8.26480837]
 [-15.23673102]
 [ -5.94826329]
 [ -1.00788281]
 [ -5.9397473 ]
 [ -5.9119055 ]
 [ -1.25202136]
 [ -5.95754408]
 [ -2.04398521]
 [  1.72871918]
 [  3.16769335]
 [-14.79053309]
 [  1.96490501]
 [ -3.14156575]
 [  2.34350403]
 [ -1.98997368]
 [ -1.23758935]
 [ -5.90498551]
 [ -5.87531636]
 [-14.88755001]]Output bias: [-18.57390976]