Action MLP:Hidden weights: [array([[ 0.00665715,  0.00846741, -0.00194315, ...,  0.00610225,
         0.00519286, -0.00911104],
       [ 0.00633475, -0.0005825 , -0.00688595, ...,  0.00081441,
         0.00559236,  0.00234171],
       [ 0.00838678,  0.00791342, -0.00774719, ..., -0.00781627,
        -0.00290344, -0.00203934],
       ..., 
       [ 0.00788603,  0.00502883,  0.00259457, ..., -0.00953401,
        -0.00031142, -0.00022085],
       [-0.00514557, -0.00245073,  0.00753733, ..., -0.00887312,
        -0.00575913,  0.00241717],
       [ 0.00966344,  0.00192985, -0.00078064, ...,  0.00770471,
         0.00295462, -0.00819394]]), array([[-0.05282867, -0.0509519 , -0.06561972, -0.06676638, -0.05617801,
        -0.05311816, -0.05380988, -0.06600406, -0.06583725, -0.06345288,
        -0.05734182, -0.05258209, -0.06041693, -0.05690224, -0.06489675,
        -0.05095677, -0.05639438, -0.06382724, -0.06582553, -0.0568648 ],
       [-0.05685502, -0.05999447, -0.06016181, -0.06206717, -0.06675066,
        -0.06197222, -0.06005693, -0.05723552, -0.05203034, -0.05512157,
        -0.06241887, -0.06939694, -0.05507672, -0.05585353, -0.06731732,
        -0.05413763, -0.05829154, -0.05868591, -0.05329061, -0.06471714],
       [-0.06733058, -0.05778559, -0.05532454, -0.0695766 , -0.06151435,
        -0.05161072, -0.0687778 , -0.05679906, -0.06574708, -0.05824526,
        -0.05694477, -0.05700761, -0.05000389, -0.05139958, -0.06347853,
        -0.05674567, -0.05661988, -0.05744108, -0.05691756, -0.06482348],
       [-0.06231679, -0.05699312, -0.06165743, -0.05710183, -0.05501062,
        -0.06311583, -0.05741789, -0.06625972, -0.05038057, -0.06797111,
        -0.06120834, -0.0629819 , -0.05730082, -0.06162189, -0.06355453,
        -0.05817677, -0.06523951, -0.06137436, -0.05998868, -0.05590887],
       [-0.06586794, -0.05896879, -0.06297695, -0.05742403, -0.04896391,
        -0.05043099, -0.06613157, -0.06212857, -0.05023313, -0.04848982,
        -0.05525689, -0.04950759, -0.06251384, -0.0636758 , -0.06029181,
        -0.0676195 , -0.0502953 , -0.05151265, -0.06220532, -0.05918954],
       [-0.06550911, -0.06050973, -0.05594631, -0.05959646, -0.06706954,
        -0.06224696, -0.06904109, -0.06363108, -0.0507222 , -0.05003535,
        -0.06548538, -0.05288034, -0.05144105, -0.05471224, -0.05555793,
        -0.06820599, -0.06049756, -0.05967558, -0.05900506, -0.05731606],
       [-0.05503167, -0.06481913, -0.05587754, -0.05504543, -0.06138505,
        -0.06456079, -0.05618187, -0.0559907 , -0.06303504, -0.05944129,
        -0.06850865, -0.05064711, -0.06599831, -0.05923039, -0.0669806 ,
        -0.05342339, -0.05992634, -0.05603208, -0.05891986, -0.05706807],
       [-0.05362589, -0.05960475, -0.0566363 , -0.05722886, -0.0588588 ,
        -0.06550239, -0.05919823, -0.06383898, -0.06172982, -0.05258596,
        -0.06324131, -0.07007092, -0.06719796, -0.06070186, -0.04909668,
        -0.06605345, -0.05509982, -0.05650653, -0.06442685, -0.05957947],
       [-0.06543715, -0.05956906, -0.06456642, -0.06137759, -0.05153924,
        -0.06376032, -0.06907818, -0.06407988, -0.06779511, -0.0587295 ,
        -0.05439388, -0.05218483, -0.05659134, -0.05889221, -0.06023028,
        -0.06783185, -0.06527542, -0.06761167, -0.05141634, -0.05997555],
       [-0.06011019, -0.05765421, -0.05241945, -0.05339772, -0.06063609,
        -0.05280463, -0.05117326, -0.058397  , -0.05045662, -0.05159506,
        -0.04856003, -0.05093093, -0.05987835, -0.05481141, -0.04876252,
        -0.06482749, -0.06078983, -0.05896721, -0.05215433, -0.05034437],
       [-0.05890865, -0.05018528, -0.06592721, -0.06839336, -0.06107411,
        -0.05964768, -0.05784189, -0.06314815, -0.05563095, -0.06546659,
        -0.05608139, -0.05899642, -0.0679052 , -0.0625133 , -0.05815318,
        -0.05360365, -0.06207008, -0.06484111, -0.06728592, -0.05614873],
       [-0.05550131, -0.06019058, -0.04963103, -0.05166684, -0.05313743,
        -0.06574765, -0.05071093, -0.05946385, -0.06617661, -0.06714179,
        -0.05364345, -0.06226276, -0.0606398 , -0.06120647, -0.05766622,
        -0.05175173, -0.06219571, -0.06303405, -0.05839816, -0.05860796],
       [-0.06160934, -0.067981  , -0.05634285, -0.0603898 , -0.06602248,
        -0.062305  , -0.0518497 , -0.05418525, -0.06417178, -0.06680682,
        -0.06233373, -0.05174987, -0.06516434, -0.06902688, -0.06139447,
        -0.04933471, -0.05005606, -0.06421494, -0.05504895, -0.05870578],
       [-0.04975638, -0.04978001, -0.05976281, -0.05398949, -0.05944309,
        -0.06446449, -0.06200342, -0.05228035, -0.0586003 , -0.05657266,
        -0.05647194, -0.0564473 , -0.06280341, -0.05863061, -0.06124926,
        -0.05537428, -0.04839592, -0.05034744, -0.05533347, -0.06292891],
       [-0.05429844, -0.06580075, -0.05892859, -0.05522965, -0.05413323,
        -0.05460798, -0.05238226, -0.05703329, -0.06579185, -0.05578208,
        -0.05312898, -0.06776917, -0.05778071, -0.05040688, -0.05640417,
        -0.06784381, -0.06492598, -0.06111575, -0.0547372 , -0.05303457],
       [-0.05972737, -0.06623941, -0.06245237, -0.05512628, -0.05934969,
        -0.06309141, -0.0567603 , -0.05248836, -0.05931433, -0.05803502,
        -0.06197699, -0.06552169, -0.06519559, -0.05894072, -0.05088375,
        -0.0610872 , -0.05938611, -0.04911681, -0.06208243, -0.05705442],
       [-0.06432165, -0.05592022, -0.05629496, -0.05799121, -0.0612855 ,
        -0.05880005, -0.0689267 , -0.06276422, -0.0508281 , -0.05766829,
        -0.05607448, -0.06475186, -0.04893043, -0.0592231 , -0.05114279,
        -0.04980331, -0.06229419, -0.05194042, -0.06562733, -0.0598239 ],
       [-0.06472821, -0.06797782, -0.0623721 , -0.05595321, -0.05093082,
        -0.04992331, -0.05633213, -0.06059117, -0.057643  , -0.05940859,
        -0.05723359, -0.05310314, -0.05745351, -0.05198198, -0.06746383,
        -0.06574896, -0.06613761, -0.06277774, -0.05665253, -0.06312139],
       [-0.05231713, -0.05482248, -0.05555747, -0.05575447, -0.06556887,
        -0.0591525 , -0.05608802, -0.05459669, -0.05095195, -0.06824731,
        -0.05850642, -0.06564768, -0.05741141, -0.0662811 , -0.05109029,
        -0.05139485, -0.05826988, -0.05102641, -0.06762584, -0.0672748 ],
       [-0.05509751, -0.05451139, -0.0655963 , -0.05958383, -0.06044345,
        -0.05686809, -0.05441663, -0.05248092, -0.06995527, -0.05944614,
        -0.06869135, -0.06383682, -0.05254775, -0.06325892, -0.06682024,
        -0.06673549, -0.06155831, -0.06724849, -0.05481875, -0.05311007]])]Hidden bias: [array([-1.00807133, -1.00844549, -1.00921126, -1.00971932, -1.00720543,
       -1.00851023, -1.00815736, -1.00779269, -1.00953367, -1.00549442,
       -1.00921011, -1.00750908, -1.00797009, -1.00664131, -1.00717523,
       -1.00858751, -1.00700363, -1.00804214, -1.00696562, -1.00840305]), array([-0.91857391, -0.91820186, -0.92097835, -0.91285221, -0.91711151,
       -0.92076432, -0.91612354, -0.9203839 , -0.91586069, -0.91817904,
       -0.91608897, -0.91644185, -0.9196821 , -0.91729222, -0.91973452,
       -0.91820581, -0.92070889, -0.91584458, -0.91922984, -0.91429268])]Output weights: [[-0.0009445  -0.00032627]
 [-0.00092838 -0.00035832]
 [-0.00090158 -0.00030988]
 [-0.00091239 -0.00034291]
 [-0.00093176 -0.00030741]
 [-0.00090677 -0.00029077]
 [-0.00093072 -0.00030219]
 [-0.00094681 -0.00032213]
 [-0.00089001 -0.00032287]
 [-0.00086666 -0.00031463]
 [-0.00090066 -0.00033447]
 [-0.00084377 -0.00032685]
 [-0.00095559 -0.00032576]
 [-0.00092499 -0.00030361]
 [-0.00089817 -0.00030155]
 [-0.00094189 -0.00027887]
 [-0.00087755 -0.00031744]
 [-0.00091854 -0.00030262]
 [-0.00092445 -0.00035466]
 [-0.00091861 -0.00028901]]Output bias: [-0.10685736 -0.29169492]
Value MLP:Hidden weights: [array([[-0.05749538, -0.05509693, -0.05422603, ..., -0.06275779,
        -0.04454962, -0.04945212],
       [-0.0403305 , -0.02261039, -0.0326242 , ..., -0.03090792,
        -0.03115496, -0.03294135],
       [-0.02218999, -0.02413283, -0.0093255 , ..., -0.01194972,
        -0.0140401 , -0.00780618],
       ..., 
       [-0.00295189,  0.00034556,  0.00379991, ..., -0.0094644 ,
        -0.00481713,  0.00126213],
       [-0.0062888 , -0.00804095,  0.00441282, ..., -0.00668668,
        -0.00202219, -0.0083776 ],
       [-0.01626198, -0.0235872 , -0.01593476, ..., -0.03487797,
        -0.01714333, -0.0135031 ]]), array([[-0.87997547, -0.69055102, -0.62334357,  0.89103054, -0.59359988,
        -0.56360981,  1.08661453, -0.72014438, -0.63935164,  0.58202298,
         1.08544073, -0.64590177,  0.72743821,  0.7436585 , -0.6542356 ,
         0.29774673,  0.85504934, -0.52669276, -0.83841745, -0.81083236],
       [-0.67256221, -0.45109013, -0.39673318,  1.10142173, -0.36742643,
        -0.34045055,  1.30537171, -0.48111882, -0.38867784,  0.8117729 ,
         1.33356754, -0.39983139,  0.94171458,  0.97516116, -0.42617318,
         0.52572031,  1.0933306 , -0.29341158, -0.60783813, -0.55924276],
       [-0.5761472 , -0.36253553, -0.27408598,  1.23854971, -0.25745973,
        -0.21715928,  1.39495525, -0.39128972, -0.27974503,  0.91232811,
         1.41783678, -0.30289455,  1.08034895,  1.07938624, -0.32367927,
         0.62923286,  1.20393295, -0.19435188, -0.51387315, -0.45209262],
       [-0.85947534, -0.66752574, -0.61732308,  0.91638332, -0.57792688,
        -0.53795537,  1.09555343, -0.68617394, -0.61182587,  0.5952253 ,
         1.11275952, -0.62650281,  0.75562667,  0.7600507 , -0.63255497,
         0.31289469,  0.87898293, -0.4957635 , -0.82119378, -0.78155157],
       [-0.930692  , -0.71494457, -0.64123832,  0.87720845, -0.61642382,
        -0.58365023,  1.06687278, -0.72682357, -0.64799538,  0.55417694,
         1.10262296, -0.6637016 ,  0.69970803,  0.72767437, -0.6579294 ,
         0.27457908,  0.83763988, -0.53382663, -0.84740106, -0.8204332 ],
       [-1.15130547, -0.01608702, -0.9373115 ,  1.01627817, -0.91765178,
        -0.90797596,  0.7519339 , -1.03419954, -1.3105259 ,  0.71767364,
         0.63936951, -0.07918981,  0.8969307 ,  0.90559851, -0.30415121,
         0.55151834,  1.15497798, -0.84113936, -1.18185838,  0.09153711],
       [-0.68553228, -0.479806  , -0.40328677,  1.09327816, -0.38351623,
        -0.35728809,  1.2957592 , -0.50724964, -0.40912889,  0.79678448,
         1.33135404, -0.41747761,  0.92838911,  0.95729267, -0.443373  ,
         0.49058246,  1.07834862, -0.30685122, -0.63218841, -0.58527636],
       [-0.9021739 , -0.70577803, -0.64996425,  0.88704718, -0.62468737,
        -0.59629177,  1.05613232, -0.74182716, -0.65251291,  0.5559772 ,
         1.0661711 , -0.65741518,  0.72745969,  0.74150288, -0.66352631,
         0.28155078,  0.8283373 , -0.53828445, -0.86455102, -0.81319917],
       [-0.79140761, -0.60787804, -0.54350202,  0.96305904, -0.51477776,
        -0.47055159,  1.16977265, -0.62554076, -0.53484696,  0.66596067,
         1.19154678, -0.55944386,  0.80355374,  0.81987391, -0.57313095,
         0.38309901,  0.94970519, -0.4310326 , -0.75719436, -0.70852109],
       [-0.87575932, -0.68437627, -0.61928246,  0.89989306, -0.58552856,
        -0.56216421,  1.07860673, -0.70403595, -0.63162579,  0.58038457,
         1.10529177, -0.62822384,  0.74231643,  0.75272997, -0.64842977,
         0.30062505,  0.85969972, -0.51726573, -0.83947499, -0.80623023],
       [-0.87248994, -0.6894494 , -0.63260278,  0.88773453, -0.59240813,
        -0.57295769,  1.08053689, -0.70848417, -0.62720701,  0.57585815,
         1.09535028, -0.64541033,  0.72700891,  0.75915279, -0.65005413,
         0.29643695,  0.86825926, -0.51661358, -0.84908946, -0.79422786],
       [-0.60965435, -0.39029735, -0.31423271,  1.18161989, -0.28382347,
        -0.26312127,  1.38015551, -0.42124837, -0.32111136,  0.8852455 ,
         1.39555207, -0.32773144,  1.0196239 ,  1.03006099, -0.36599048,
         0.58987732,  1.16626779, -0.21198287, -0.55772049, -0.49312922],
       [-0.70991293, -0.50990984, -0.43823372,  1.0594764 , -0.4200082 ,
        -0.38315515,  1.24072601, -0.54338292, -0.43667819,  0.76222376,
         1.29390587, -0.45079696,  0.884463  ,  0.91875905, -0.488475  ,
         0.46344693,  1.03252768, -0.35119476, -0.67100323, -0.61228806],
       [-0.71887572, -0.51533396, -0.44298078,  1.05784048, -0.40920287,
        -0.37686991,  1.25533382, -0.52739187, -0.44388899,  0.76846534,
         1.29374642, -0.44824019,  0.89940057,  0.92606749, -0.47729504,
         0.45789679,  1.03636379, -0.33836422, -0.66216502, -0.61651957],
       [-0.80104829, -0.59787327, -0.54336858,  0.95308913, -0.51647034,
        -0.48536059,  1.15037275, -0.64315805, -0.53021822,  0.65890927,
         1.19165527, -0.55223442,  0.80344631,  0.81180208, -0.5705226 ,
         0.37655671,  0.93987365, -0.43071974, -0.75241845, -0.72170798],
       [-0.50507222, -0.26497717, -0.19671251,  3.44057236, -0.18581147,
        -0.15022628,  1.32486978, -0.31024757, -0.56416259,  0.16875644,
        -2.93256074, -0.16031825,  2.53967498,  1.78895499,  0.81390731,
         1.1682654 ,  1.94873727, -0.13262289, -0.16221934, -0.37106559],
       [-0.68847776, -0.48052566, -0.40056314,  1.09327744, -0.38390967,
        -0.35174064,  1.29594075, -0.51144723, -0.40607413,  0.80505201,
         1.31411695, -0.42012877,  0.93162954,  0.94429672, -0.4493065 ,
         0.50312636,  1.08216879, -0.30938609, -0.62619343, -0.57531208],
       [-0.88662993, -0.6923127 , -0.63452272,  0.88981981, -0.60479274,
        -0.57430303,  1.07806016, -0.71871578, -0.61759586,  0.58781119,
         1.08907432, -0.6390622 ,  0.73010337,  0.75271883, -0.64193497,
         0.28427942,  0.8536027 , -0.51148866, -0.84282163, -0.79279388],
       [-0.70328085, -0.49606968, -0.42605762,  1.07946864, -0.39602499,
        -0.37405784,  1.26185427, -0.52430099, -0.43164023,  0.78567472,
         1.31122652, -0.44431383,  0.91831337,  0.93100406, -0.47216237,
         0.47731738,  1.05074295, -0.32633751, -0.6554851 , -0.59113141],
       [-0.79570707, -0.60788928, -0.54053699,  0.97049512, -0.52241961,
        -0.48088505,  1.16526835, -0.63938305, -0.54063982,  0.66255951,
         1.1888822 , -0.55767174,  0.79783053,  0.81606633, -0.57481139,
         0.3772474 ,  0.9332844 , -0.436021  , -0.75993862, -0.72084914]])]Hidden bias: [array([-1.46211454, -1.70509457, -1.48155324, -1.5053473 , -1.54810129,
       -1.81673009, -1.71467757, -1.39963816, -1.6434311 , -1.46299382,
       -1.45755726, -1.58444969, -1.71069555, -1.73045096, -1.64939484,
       -0.06375747, -1.70702054, -1.46240146, -1.72468984, -1.64000273]), array([-0.46992881, -0.66186548, -0.71957631, -2.2236754 , -0.74985997,
       -0.78220925, -2.42769463, -0.63215002, -0.727694  , -1.92627109,
       -2.47143669, -0.71141739, -2.05383761, -2.07554718, -0.6912705 ,
       -1.63174082, -2.20465897, -0.83229581, -0.50907185, -0.54609584])]Output weights: [[ -8.53329032]
 [-15.50509305]
 [ -6.21656912]
 [ -0.73940084]
 [ -6.20776132]
 [ -6.17923854]
 [ -0.98353939]
 [ -6.22601926]
 [ -2.31223885]
 [  1.99720115]
 [  3.43617532]
 [-15.05843708]
 [  2.23338698]
 [ -2.87308378]
 [  2.07413499]
 [ -1.72231628]
 [ -0.96910738]
 [ -6.16957415]
 [  0.62083336]
 [-15.15602835]]Output bias: [-18.84239172]