Action MLP:Hidden weights: [array([[ -4.77908151e-04,   2.75752683e-03,  -9.53386041e-03,
          5.35506150e-03,  -5.18566757e-03,  -3.11262063e-04,
         -8.86949116e-03,   4.09108503e-03,  -7.51339601e-03,
         -3.75708938e-03,  -1.25331957e-02,  -3.38354530e-03,
         -4.89313535e-03,   2.04983607e-03,  -6.62788750e-03,
          4.73515363e-04,   1.09072728e-03,  -9.02594336e-03,
         -4.13818192e-03,   4.73393570e-03,  -2.59871498e-03,
         -9.46149165e-03,   4.84691375e-03,  -4.29385052e-03,
         -5.27684094e-03,  -5.94938056e-04,  -4.25556025e-03,
         -5.17420862e-03,  -9.76152366e-04,  -1.01084740e-02,
         -4.79119197e-03,  -3.71419735e-03,  -4.54831009e-03,
          1.38504130e-03,   9.42268602e-05,  -1.00307289e-02,
         -8.29985177e-03,  -6.33466201e-03,  -1.34659988e-02,
          3.23656205e-03,  -7.43984196e-03,   9.47520214e-04,
         -3.29847374e-03,  -1.21122366e-02,  -1.86307903e-03,
         -4.10351782e-03,  -2.39818009e-03,  -5.11266555e-04,
          5.76832406e-03,  -1.36237336e-02,  -8.18131264e-03,
         -1.02280550e-02,   2.22408787e-03,  -9.26049482e-03,
          3.23235149e-03,  -1.16185977e-02,  -7.40474756e-03,
         -4.49546076e-03,  -5.68425783e-03,  -1.29105385e-02,
         -1.15521445e-02,  -7.43225447e-03,   1.22368413e-03,
          4.38970766e-03,  -1.23804980e-02,  -1.39970711e-03,
         -8.54380967e-04,  -9.62712054e-03,   3.50163941e-03,
         -7.63373169e-03,   2.10887916e-03,  -1.59567284e-03,
         -9.27265871e-03,  -8.62308366e-03,  -1.13325460e-02,
         -2.77985270e-03,  -1.17570321e-02,  -6.65403908e-04,
          2.85566536e-03,  -2.92305170e-03,  -7.15652671e-03,
         -6.83710323e-03,  -6.13874171e-03,   2.89332025e-03,
         -1.43724264e-02,  -5.09727709e-03,  -1.11581311e-02,
         -1.32849693e-02,  -1.10616690e-02,  -9.41688907e-04,
          1.56262385e-03,   6.67110045e-04,  -9.93960529e-03,
         -8.31610821e-03,  -5.59963813e-03,  -9.58131244e-03,
         -5.66132237e-03,  -5.33262453e-03,  -1.29487747e-02,
         -1.28948593e-03],
       [  2.95504468e-02,   3.27539871e-02,   3.22167421e-02,
          2.41468829e-02,   2.93181398e-02,   3.49257372e-02,
          2.51962352e-02,   2.54519669e-02,   2.79540064e-02,
          2.85269526e-02,   1.73396843e-02,   2.34158444e-02,
          1.96667249e-02,   3.17816198e-02,   1.82222786e-02,
          2.40636321e-02,   3.70910459e-02,   2.70719702e-02,
          3.35503273e-02,   3.70942996e-02,   3.49016105e-02,
          3.22710084e-02,   2.10176822e-02,   3.46790023e-02,
          2.96609409e-02,   1.88204214e-02,   1.87297370e-02,
          3.57138668e-02,   3.50969613e-02,   2.54280274e-02,
          3.59026818e-02,   3.24503181e-02,   3.73951071e-02,
          2.48956861e-02,   2.73122435e-02,   3.47636264e-02,
          2.51790623e-02,   3.19387187e-02,   2.42649889e-02,
          3.14171778e-02,   1.85595496e-02,   3.34435503e-02,
          2.81974648e-02,   2.89383120e-02,   2.04786674e-02,
          3.22465006e-02,   2.95939090e-02,   1.68721480e-02,
          3.39086863e-02,   3.06343585e-02,   2.18587515e-02,
          3.69284504e-02,   2.79328844e-02,   2.54129198e-02,
          2.75982417e-02,   1.86173230e-02,   3.30042239e-02,
          2.67328948e-02,   2.18882908e-02,   3.57063063e-02,
          1.83934490e-02,   2.58307501e-02,   3.14432351e-02,
          3.35343328e-02,   1.82652733e-02,   3.36068032e-02,
          2.68013784e-02,   2.23294641e-02,   1.73980244e-02,
          2.54667453e-02,   2.20649269e-02,   2.79011665e-02,
          1.83266930e-02,   1.86343297e-02,   1.99231833e-02,
          3.29154333e-02,   2.61083421e-02,   2.79086541e-02,
          2.99125322e-02,   2.16975845e-02,   3.29154293e-02,
          3.53468897e-02,   3.51582728e-02,   2.92961163e-02,
          3.71275996e-02,   2.65887998e-02,   3.67541546e-02,
          1.81872772e-02,   2.54874249e-02,   3.56180439e-02,
          1.87833758e-02,   2.35804397e-02,   1.72974171e-02,
          3.28333976e-02,   2.80109894e-02,   2.53028190e-02,
          3.63900754e-02,   2.47757152e-02,   2.32301527e-02,
          2.98236245e-02],
       [  2.92348875e-03,  -1.29570462e-02,  -1.46117223e-02,
          2.65314937e-03,   1.48810350e-03,  -1.49279629e-02,
         -9.69700583e-03,  -6.84975219e-03,  -9.56786490e-03,
         -7.90892371e-03,  -7.79214050e-03,  -1.18132690e-02,
         -1.54205126e-02,  -6.71307129e-03,  -1.24936627e-02,
         -8.89695372e-03,  -3.01350589e-03,  -1.35774925e-02,
         -1.55954274e-02,  -3.22259930e-03,  -1.21731086e-02,
         -1.19638035e-02,  -1.27031814e-02,   1.37836013e-03,
         -2.64415427e-03,  -1.07750632e-02,  -8.03138598e-03,
         -1.10467803e-03,   2.77209558e-03,  -1.48200836e-02,
         -1.44626881e-02,  -4.09702275e-03,  -1.19738363e-03,
         -8.83418365e-03,  -1.27714356e-02,  -3.03618632e-03,
         -1.01160113e-02,  -9.91986455e-03,  -3.65368329e-03,
         -1.35161024e-03,  -8.93011162e-03,   7.92507679e-05,
         -1.18664963e-02,  -1.09095489e-03,  -1.36265206e-02,
         -3.29513295e-03,  -1.28773990e-02,   7.26009603e-04,
         -1.39823093e-02,  -3.15064613e-03,  -3.84383966e-04,
         -1.83753570e-03,  -1.40620025e-02,  -4.24433053e-04,
         -1.69260604e-02,  -1.44336021e-02,  -6.08863229e-03,
          2.05897792e-03,  -5.17031952e-03,  -9.56702929e-03,
         -1.39898418e-02,   5.17625939e-04,  -8.55703992e-03,
          9.86203704e-04,  -4.79877629e-03,  -1.40271420e-02,
         -1.12369674e-02,  -1.32450807e-02,  -2.68305824e-03,
         -4.66149151e-04,   1.74953188e-03,  -9.34728866e-03,
         -7.16452188e-03,  -1.51766986e-02,  -1.16998391e-02,
         -2.70378592e-03,  -8.67940764e-03,  -1.05180902e-02,
         -5.23172854e-03,  -2.66958760e-03,  -1.66097566e-02,
         -8.10426175e-04,  -1.21627860e-02,  -1.58057181e-02,
         -1.70260997e-02,  -1.25267807e-02,  -2.69583208e-03,
         -1.20819113e-02,  -1.28116172e-02,  -1.35405676e-02,
          7.55786388e-04,  -1.31679895e-02,  -6.36191991e-03,
         -9.78493576e-03,   8.74552786e-05,  -4.10906019e-03,
         -9.90659805e-03,  -1.24318046e-02,   1.11059872e-03,
         -3.30122872e-04],
       [ -2.00169408e-02,  -2.17105072e-02,  -1.33915637e-02,
         -2.42471536e-03,  -1.65232036e-02,  -1.80324628e-02,
         -1.06487423e-02,  -1.73090187e-02,  -2.03039197e-02,
         -1.39532258e-02,  -1.00050114e-02,  -1.60549297e-02,
         -3.62407396e-03,  -3.33759815e-03,  -9.68914089e-03,
         -1.25573140e-02,  -2.09219808e-02,  -7.63161363e-03,
         -1.66562456e-02,  -6.47754660e-03,  -1.18848464e-02,
         -1.97236166e-02,  -1.57191829e-02,  -1.91577551e-02,
         -4.83343171e-03,  -1.25943861e-02,  -2.13685691e-02,
         -1.56169486e-02,  -2.17614986e-02,  -1.19066734e-02,
         -2.16882115e-02,  -2.76751032e-03,  -1.73470092e-02,
         -2.16732396e-02,  -6.43391973e-03,  -2.10671790e-02,
         -5.65229326e-03,  -2.16278694e-02,  -1.59832433e-03,
         -3.40236720e-03,  -1.75009046e-02,  -9.13901279e-03,
         -2.06253929e-02,  -9.05861917e-03,  -1.19054987e-02,
         -3.47160976e-03,  -2.24088935e-02,  -1.06750299e-02,
         -1.87945943e-02,  -1.80075005e-02,  -1.94294790e-02,
         -1.78374987e-02,  -5.53084141e-03,  -1.63771943e-02,
         -1.25314167e-02,  -2.96628793e-03,  -1.22434161e-02,
         -1.00109028e-02,  -9.60859037e-03,  -2.10077892e-02,
         -1.57777285e-02,  -5.07175663e-03,  -2.15466833e-02,
         -1.77961836e-03,  -9.73664885e-03,  -1.68652114e-02,
         -3.37144018e-03,  -1.46660274e-02,  -1.46059847e-02,
         -1.76174700e-02,  -5.19560997e-03,  -1.24813722e-02,
         -1.82779616e-02,  -1.05623523e-02,  -3.93867157e-03,
         -1.98331274e-02,  -1.96132608e-02,  -1.11002772e-02,
         -7.67131859e-03,  -1.23436170e-02,  -1.05936272e-02,
         -1.27607930e-02,  -1.80573642e-02,  -4.81002530e-03,
         -4.64114816e-03,  -1.46810374e-02,  -1.09445892e-02,
         -4.87974346e-03,  -1.38141552e-02,  -6.24718256e-03,
         -1.88356888e-02,  -2.19635804e-02,  -1.22215956e-02,
         -2.66815867e-03,  -1.53986844e-02,  -1.73183643e-02,
         -1.17545925e-02,  -1.85171742e-02,  -1.69653416e-02,
         -1.96978121e-02],
       [ -6.26040906e-03,   6.50469530e-03,   1.22550916e-02,
         -4.39588213e-03,   6.94983558e-03,   1.01491423e-03,
         -4.34525480e-03,   6.68839740e-03,   1.01070378e-02,
          9.03508007e-03,   7.47109822e-04,   5.93109198e-03,
          6.08640806e-04,  -1.10441263e-03,   7.43223699e-03,
          9.32424983e-03,  -3.80401198e-03,   4.79210191e-03,
          2.81984684e-03,  -6.05399168e-03,  -3.98466171e-03,
         -4.53554378e-03,   3.41749490e-03,   1.99623046e-03,
          7.91965665e-03,   6.21191459e-03,   9.87637128e-03,
          8.52895064e-03,  -5.09740153e-03,  -5.93462147e-03,
          1.19273145e-02,   2.79281590e-04,   6.04907474e-04,
          2.61986028e-03,  -4.02421764e-03,  -1.70413614e-03,
          9.56764035e-03,   6.20205342e-03,   7.11235592e-03,
          1.05275133e-02,  -6.29919397e-05,   1.06868577e-02,
          3.07434276e-03,   1.86010529e-03,   1.31590136e-02,
         -2.75056430e-03,   4.36595493e-03,   1.25519011e-02,
          4.33924917e-03,   1.48755729e-02,  -4.19056115e-03,
         -3.87638950e-03,  -6.86263593e-04,   6.78386697e-03,
          5.82797682e-03,   3.54318282e-03,   1.20460851e-02,
         -1.33634468e-03,  -1.29833494e-03,   1.37517499e-02,
          5.49574682e-03,   7.72800020e-03,   7.00117568e-03,
          9.98555794e-03,   1.01803830e-02,   8.64141986e-03,
         -6.18763247e-04,   6.76838502e-03,   1.13458076e-02,
          3.38273623e-03,   1.18719545e-02,   3.11748217e-03,
          9.36587700e-03,   2.90861043e-03,   4.22676863e-03,
          9.22184631e-05,   5.78383614e-03,   5.75568615e-03,
          1.24780903e-02,   6.73111490e-03,  -2.19925978e-03,
          2.98552337e-03,  -2.67242550e-03,   6.40610121e-03,
         -3.76429486e-03,   4.84236031e-03,  -3.85255151e-03,
          1.11964976e-02,   7.56743394e-03,  -1.79749843e-03,
         -2.79145529e-03,  -3.54400549e-03,  -2.22633187e-03,
          2.86716480e-04,   5.68650969e-03,   7.31765600e-03,
         -5.73868281e-03,   3.82131973e-03,  -5.64818950e-03,
          5.80542402e-03],
       [  3.00683169e-03,  -3.93323799e-03,   1.41315180e-02,
         -2.79201917e-03,   1.87199490e-03,   1.05571641e-02,
          2.64992000e-03,  -4.98715414e-03,  -5.69645408e-03,
         -6.69583315e-03,   4.16346845e-03,   1.11539743e-02,
          3.09044619e-03,   2.67684743e-03,   1.12826995e-02,
         -6.18343249e-03,   3.71660124e-03,  -6.41449453e-03,
          3.22043947e-03,  -2.45480965e-03,   5.62320103e-03,
         -6.94360013e-03,   4.66570225e-03,  -1.99773215e-03,
         -2.71993206e-03,   4.23025805e-03,   7.46877034e-04,
         -4.37293121e-03,  -6.49625167e-04,  -6.10207078e-03,
         -6.24540088e-03,   3.12418949e-03,   9.27150820e-03,
          1.08019685e-02,   2.40395521e-03,   2.22262244e-03,
         -7.21623664e-04,   2.89757887e-03,   9.73204932e-03,
          5.20917514e-03,  -3.60085285e-03,  -1.72480393e-03,
          3.69880416e-03,   7.75926346e-03,   3.05597816e-03,
          1.26849694e-03,   9.12957497e-03,   1.39975153e-03,
         -4.38165829e-03,   1.59475850e-02,   8.67617011e-03,
         -1.29741853e-03,   9.87647698e-03,   5.74516493e-03,
          6.32035101e-03,   5.20219177e-03,   2.52102289e-03,
          1.19032997e-02,   3.43334651e-03,   7.09510211e-03,
          4.24884083e-03,  -3.07197848e-03,   4.99069974e-03,
          2.20609401e-03,   8.53361077e-03,   2.10209282e-04,
          2.37504363e-03,   1.33868608e-02,  -3.37793162e-03,
         -3.23260495e-03,   6.86061105e-03,   5.25009306e-03,
          1.48228525e-02,   4.34946696e-03,  -7.31465810e-03,
          5.72773596e-03,   6.25020044e-03,  -2.36451148e-04,
         -1.72999747e-04,   2.70955776e-03,  -2.82989068e-03,
          2.35170277e-03,   3.04899995e-03,   8.20163269e-03,
          7.01862099e-03,   1.25671784e-02,  -3.30015110e-03,
          6.19270937e-03,  -2.46626335e-03,   1.47434631e-03,
          1.45487595e-02,   8.01766486e-03,   2.79799505e-03,
         -2.26689719e-03,  -3.63669104e-03,   1.18355419e-02,
          2.34916926e-05,  -4.21766082e-03,  -2.50238584e-03,
          6.09352843e-03],
       [ -2.83062805e-03,  -9.07643927e-03,   8.31934365e-03,
          3.07353053e-03,  -5.32753484e-03,  -1.97433812e-03,
         -9.93946327e-07,  -6.32163391e-03,  -8.39438281e-03,
          5.75572805e-03,  -5.48582189e-03,   2.50055585e-03,
         -1.27121974e-03,  -2.27010760e-03,   3.40780522e-03,
          6.33209093e-03,   8.94732000e-03,   1.06452378e-04,
          4.55717854e-03,  -8.75003632e-03,   1.00092864e-03,
         -6.79892486e-04,   7.02343099e-03,   1.40200780e-03,
         -9.34147343e-03,   6.33449949e-03,   6.74089836e-03,
          2.02195602e-04,   9.73460248e-03,  -1.99195895e-03,
          8.44368059e-03,   1.31802773e-03,   8.51732907e-03,
          1.01055878e-02,   8.90117704e-03,   4.53072060e-03,
          7.41281020e-03,  -9.52565605e-03,  -9.12069718e-03,
          5.41619882e-03,  -2.89315163e-03,  -5.86159108e-03,
         -9.54358086e-03,  -8.94270498e-03,   9.47928951e-03,
          9.97232303e-03,  -6.66795291e-03,   9.73173599e-03,
         -2.59506402e-03,   3.15552078e-03,   9.93135486e-03,
         -4.40287000e-05,  -6.64518205e-03,   4.07884401e-03,
         -8.67972898e-03,   8.40550858e-04,   6.13393483e-03,
         -8.61397859e-03,   7.65417326e-03,   8.37200547e-03,
         -5.20659323e-03,   8.12510117e-03,   5.46473568e-03,
         -5.23170782e-03,  -5.67864955e-04,  -2.91681392e-03,
          5.81035442e-03,   4.14935170e-03,   6.68960996e-05,
         -9.45242111e-03,   1.01725336e-02,  -6.49303706e-04,
         -9.22374467e-03,   3.70504821e-03,  -6.54320651e-03,
          7.70817087e-03,   7.18814725e-03,   2.92091284e-03,
          9.93952800e-03,   3.25088016e-03,  -5.40379276e-03,
          3.73771950e-03,   3.73304781e-03,   8.14002931e-03,
         -4.16218393e-03,   3.37902357e-03,  -9.08300340e-03,
         -5.44311872e-04,   8.19017552e-03,   4.20733875e-03,
         -3.70607202e-03,  -2.90096168e-03,   8.13684321e-03,
          1.42315938e-03,  -7.51327419e-03,   1.98191198e-03,
          7.96818563e-04,  -8.29462786e-03,   4.53389276e-03,
          3.83726982e-03],
       [  5.43385156e-03,  -3.37501826e-03,   9.93287232e-03,
          1.58516167e-03,  -1.02293955e-03,   6.12732641e-03,
          2.83196164e-04,  -5.74809358e-03,   5.47014724e-03,
         -5.69242428e-03,   6.90180716e-03,  -7.89142536e-04,
         -3.83877428e-03,  -3.32218320e-03,   2.57282850e-03,
         -7.84550416e-03,   8.71369577e-03,   2.71064437e-03,
         -2.50462368e-03,   1.67960895e-03,  -7.45069723e-03,
         -8.30714493e-03,   8.22409690e-03,   1.84379979e-03,
          9.27856883e-03,   2.07709764e-03,   1.01306832e-02,
          6.34883159e-03,  -2.29104265e-03,  -4.93141974e-03,
         -1.12523396e-03,   9.49537565e-03,   9.64171852e-03,
         -6.30263122e-04,  -1.01905583e-03,  -6.13512358e-04,
         -8.32190584e-03,  -9.08068505e-03,  -7.91668049e-03,
          8.68409479e-04,   1.54816135e-03,  -1.92089183e-04,
          1.02872654e-02,  -5.70703011e-03,  -3.29965297e-03,
         -4.03109033e-03,   2.94185410e-03,   2.52688529e-03,
         -6.51167389e-04,   1.04829522e-02,  -8.37978779e-03,
          7.96974341e-03,  -6.85019194e-03,  -6.17008833e-03,
         -6.60490738e-03,   5.23487681e-03,  -1.59891930e-03,
          4.83496858e-03,   1.52019361e-03,   9.61400964e-03,
         -4.39391393e-03,  -8.25248440e-03,   2.04668212e-03,
          5.30520380e-03,   1.99106186e-03,  -6.73445463e-03,
         -2.21090633e-03,  -8.02119642e-04,  -9.47598095e-03,
          9.83468604e-03,  -5.72167435e-03,   4.62574070e-03,
         -6.57332370e-03,   5.12248829e-03,  -5.48502605e-03,
          4.14004910e-03,   7.71792784e-03,   5.75400824e-03,
         -6.57134951e-03,   4.89657135e-03,   4.63567737e-04,
          8.42125927e-03,   3.42209502e-03,   7.83594646e-03,
          8.02792087e-03,  -5.07087851e-04,  -1.43831907e-03,
         -8.39883705e-03,   6.00615681e-03,   4.92852002e-05,
          9.45971661e-03,   2.32254036e-03,   4.00470133e-03,
         -1.35550418e-03,   6.83884759e-03,   8.34118615e-03,
          6.44311788e-03,   7.97856214e-04,  -4.81328321e-04,
         -6.39898926e-03]])]Hidden bias: [array([-0.96502888, -0.96471695, -0.96477259, -0.96526856, -0.96497328,
       -0.96485702, -0.96512666, -0.96506896, -0.96493962, -0.96502368,
       -0.96545142, -0.96503139, -0.96532173, -0.96513346, -0.96532281,
       -0.96517754, -0.96487327, -0.9648957 , -0.96477817, -0.96486619,
       -0.96490764, -0.96478855, -0.96523309, -0.96497441, -0.9649548 ,
       -0.96524957, -0.96514576, -0.96500939, -0.9650025 , -0.96511609,
       -0.96473791, -0.96505563, -0.96482346, -0.96517776, -0.96503478,
       -0.96486974, -0.96514306, -0.96478239, -0.96513452, -0.96500068,
       -0.96536799, -0.9650866 , -0.96496846, -0.96519598, -0.96536025,
       -0.96505053, -0.96498079, -0.96545322, -0.96483125, -0.96488186,
       -0.96514074, -0.96467187, -0.96519326, -0.96522078, -0.96506974,
       -0.96531765, -0.96481215, -0.96513353, -0.9651329 , -0.96472695,
       -0.96505767, -0.96506977, -0.96483988, -0.96517618, -0.96516613,
       -0.96502856, -0.96523987, -0.96509835, -0.96545209, -0.96521381,
       -0.96538539, -0.96496153, -0.96524235, -0.9650819 , -0.96527491,
       -0.96481135, -0.96509998, -0.96501802, -0.96526402, -0.96511769,
       -0.96502551, -0.96484102, -0.96476817, -0.96489263, -0.96486102,
       -0.96503825, -0.96481091, -0.96533467, -0.96507011, -0.96481048,
       -0.96536144, -0.96519967, -0.96545106, -0.9650022 , -0.96518455,
       -0.96504304, -0.96473461, -0.96506865, -0.96509225, -0.96496837])]Output weights: [[ 0.01616868  0.01965492]
 [ 0.01433741  0.01352474]
 [ 0.00908921  0.03027404]
 [ 0.00683511  0.01523836]
 [ 0.00839515  0.02197565]
 [ 0.0142616   0.03230551]
 [ 0.00648634  0.02486028]
 [ 0.01433984  0.01779095]
 [ 0.00908794  0.02351097]
 [ 0.02001957  0.01525686]
 [ 0.01723487  0.02896504]
 [ 0.01629088  0.020824  ]
 [ 0.00937421  0.02521963]
 [ 0.01328255  0.02317887]
 [ 0.02432706  0.02274255]
 [ 0.02107831  0.01566136]
 [ 0.02283059  0.02243101]
 [ 0.00619234  0.01175644]
 [ 0.00931493  0.02280692]
 [ 0.01045212  0.01350628]
 [ 0.0157981   0.02315576]
 [ 0.01134046  0.0158535 ]
 [ 0.01215263  0.02842039]
 [ 0.02579459  0.01963044]
 [ 0.00658294  0.01364623]
 [ 0.02294322  0.01441008]
 [ 0.01402339  0.02175961]
 [ 0.02017825  0.02547216]
 [ 0.02236824  0.02258943]
 [ 0.01070261  0.02088862]
 [ 0.01884813  0.02000744]
 [ 0.00759425  0.02351807]
 [ 0.01685422  0.02511024]
 [ 0.02423686  0.03190596]
 [ 0.0149672   0.01283079]
 [ 0.01394376  0.02511068]
 [ 0.01884789  0.01537209]
 [ 0.01363197  0.02050844]
 [ 0.00751842  0.02054528]
 [ 0.01266506  0.01485092]
 [ 0.0228774   0.02219596]
 [ 0.02577919  0.01849002]
 [ 0.01458174  0.02600078]
 [ 0.02371909  0.02565178]
 [ 0.02168352  0.03094878]
 [ 0.01207847  0.0183497 ]
 [ 0.02713405  0.02828415]
 [ 0.00793055  0.03088237]
 [ 0.01899482  0.01720265]
 [ 0.01548418  0.03443637]
 [ 0.01672754  0.01974717]
 [ 0.00993528  0.0137316 ]
 [ 0.02400151  0.02382498]
 [ 0.0181749   0.0305242 ]
 [ 0.02027768  0.02461904]
 [ 0.00724526  0.02846245]
 [ 0.01506813  0.01444262]
 [ 0.01963374  0.01860047]
 [ 0.01401613  0.01241141]
 [ 0.01930126  0.02706404]
 [ 0.01154391  0.01503864]
 [ 0.00843597  0.01276789]
 [ 0.01422768  0.02262659]
 [ 0.00745847  0.03032928]
 [ 0.01183076  0.01564823]
 [ 0.02527333  0.02929352]
 [ 0.00976183  0.02714308]
 [ 0.0187528   0.02606528]
 [ 0.0187412   0.02440183]
 [ 0.01973946  0.02356195]
 [ 0.0160271   0.02646791]
 [ 0.01471784  0.01611712]
 [ 0.02040941  0.03171183]
 [ 0.00706735  0.01536025]
 [ 0.01470573  0.01499391]
 [ 0.01903192  0.01500419]
 [ 0.01901546  0.03121085]
 [ 0.00820599  0.02222583]
 [ 0.02416559  0.02691392]
 [ 0.01307109  0.01389306]
 [ 0.01818003  0.02408852]
 [ 0.00925079  0.02061523]
 [ 0.01672183  0.01908899]
 [ 0.00633069  0.01516952]
 [ 0.01270476  0.02611174]
 [ 0.01969005  0.02649078]
 [ 0.00989598  0.01643945]
 [ 0.01390687  0.0277345 ]
 [ 0.02423918  0.01433784]
 [ 0.01549687  0.01198219]
 [ 0.02297688  0.02766719]
 [ 0.02253119  0.03016535]
 [ 0.01477295  0.02875263]
 [ 0.01978077  0.01335692]
 [ 0.01545073  0.02602991]
 [ 0.01475276  0.02777081]
 [ 0.01391717  0.01232731]
 [ 0.01219373  0.02291739]
 [ 0.01615515  0.01292511]
 [ 0.02419852  0.01773453]]Output bias: [ 0.98044026  0.97171221]
Value MLP:Hidden weights: [array([[ -1.69776351e+00,  -4.10768347e+00,  -1.57377952e+00,
          1.32602696e+00,   8.28125571e-01,  -4.04374381e-01,
         -4.58414772e+00,  -1.88886269e+00,  -7.68925584e+00,
          3.78799098e+00,   1.03996953e+00,  -2.04246396e+00,
         -6.27340403e-01,  -6.56813876e-01,  -6.22755098e+00,
          5.84320973e+00,  -3.69162355e+00,   1.40093081e+00,
         -4.53828709e+00,   1.35159053e+00,  -7.50807867e+00,
         -3.04917300e+00,  -1.64425758e-01,   1.53455426e-01,
          1.05660331e-01,  -1.63634112e-01,  -7.63468341e+00,
          3.39527112e+00,   5.17771287e-01,  -1.31486040e+00,
         -1.42899122e+00,   6.04358074e-02,  -7.43460437e+00,
         -1.47216553e+00,  -4.05727956e+00,  -2.47364584e+00,
          1.58814931e+01,  -2.06854575e+00,   2.80689751e+00,
         -3.23354068e+00,   3.94674012e+00,  -7.45419721e-01,
          5.14548253e-01,  -6.42899319e+00,  -4.18496013e+00,
         -7.34031336e+00,  -1.12107682e-01,  -4.71928455e+00,
         -7.50472557e+00,  -2.70903976e+00],
       [  5.70196919e+00,   2.96764957e+00,   4.53013618e+00,
         -7.39860559e-01,  -1.25978202e+00,  -1.74798649e+00,
          5.14935720e+00,   5.03175312e+00,   2.79800783e+00,
          3.33052786e+00,  -1.48008585e+00,   2.80501338e+00,
          5.81999950e+00,   3.04273496e+00,   5.66754463e+00,
         -9.85459785e-01,   6.01964416e+00,  -1.07960667e+00,
          4.72614888e+00,   4.10327055e+00,   3.18086588e+00,
          7.48805723e+00,   2.70024795e+00,   4.28115147e+00,
          2.96632500e+00,  -1.37140551e+00,   4.04619632e+00,
         -2.21269865e+00,   2.39285182e+00,   5.96908012e-01,
         -1.03981124e+00,  -1.14940323e+00,   3.56190281e+00,
          3.98535776e+00,  -1.18395899e+00,   2.56340789e-01,
         -2.65895684e+00,   5.23571850e+00,  -2.11705004e+00,
          6.04644262e+00,   4.94757888e+00,   1.93551378e+00,
         -1.15875964e+00,   7.73834324e+00,   5.29838025e+00,
          4.74282845e+00,  -7.95734934e-01,   6.77462023e+00,
          1.58616764e+00,   3.61876630e+00],
       [  3.20715776e+00,  -2.00110402e+00,   2.20173101e+00,
          4.43244987e+00,   7.88754887e-01,   7.15744615e-01,
         -7.41811859e-01,   1.65553083e+00,  -3.41018035e+00,
          1.75192946e+00,   2.39265694e+00,   2.78554783e+00,
          5.39569755e+00,  -5.66195482e-01,  -2.63625563e+00,
          3.77038400e+00,  -6.91152466e+00,   7.54062909e-01,
         -6.71103203e-01,   2.07631278e+00,  -3.61503990e+00,
          3.83965433e+00,   3.96553074e+00,   2.37403971e+00,
          3.85825056e+00,  -1.62759488e+00,  -3.17821440e+00,
          2.58271388e+00,  -2.88576664e+00,  -1.54319381e+00,
         -2.93423292e+00,  -8.55323736e-01,  -3.60891150e+00,
          2.22094052e+00,   1.52296706e+00,  -1.74443588e+00,
          2.05145559e+01,   3.37480030e-01,   6.90360542e+00,
         -5.83225049e+00,  -3.41980979e-01,   9.82211231e-01,
         -6.53746886e-02,  -1.26038374e+00,   1.83530171e+00,
         -3.71400976e+00,   3.64812876e+00,  -7.92952823e-01,
         -3.95574775e+00,  -5.08417875e+00],
       [  1.02230242e+01,   4.22529254e+00,   1.08035031e+01,
          5.88464517e+00,   3.61745443e+00,   1.18324896e+00,
          9.47450868e+00,   6.76514562e+00,   8.01294208e+00,
          7.48784480e+00,   4.83422583e+00,  -2.17153532e+00,
          9.10825479e+00,   3.03561112e+00,   4.52455489e+00,
          7.95683153e+00,  -3.86064691e+00,   1.81388197e+00,
          1.03908957e+01,  -5.00948360e+00,   7.34521117e+00,
          1.28484783e+01,  -7.28987295e-01,  -2.15749388e+01,
         -2.32426193e-01,   2.12129520e+00,   7.51188757e+00,
          1.79234343e+00,   2.28465891e+01,   2.17226468e+00,
          2.71307999e+00,   2.19515746e+00,   6.81370657e+00,
          2.34878977e+00,  -1.36979743e+01,   2.37880758e+00,
          2.52501782e+00,   3.38911680e+00,   6.05570849e+00,
         -1.06191646e+00,  -3.65726753e-01,  -2.65960488e+00,
          1.56782449e+00,   5.26138154e+00,   1.06864798e+01,
          6.09479701e+00,  -5.89772813e+00,   7.47399843e+00,
          7.38375162e+00,  -7.64941804e-01],
       [  1.56307651e+01,   2.47725857e+01,   1.33094413e+01,
         -2.62969767e+01,  -2.52836374e+00,  -6.62035251e+00,
          2.64450253e+01,   1.65016012e+01,   4.42824174e+01,
         -3.86341449e+01,  -4.76092081e+00,   1.38539578e+01,
          1.81391768e+01,   1.22599675e+01,   3.60993766e+01,
         -4.49565935e+01,   1.43455224e+01,  -4.30580756e+00,
          2.50584687e+01,   7.43192737e+00,   4.35614841e+01,
          2.58205685e+01,   2.39342110e+01,  -7.92103093e+00,
          1.93881909e+01,  -5.23312393e+00,   4.41917929e+01,
         -1.13513372e+01,  -4.49578945e+01,  -2.02419309e+01,
         -1.14361390e+01,  -5.09713604e+00,   4.24500813e+01,
          7.10137280e+00,   5.15119766e+01,   1.74111564e+01,
         -4.83230390e+01,   1.23637265e+01,  -1.68484865e+01,
          1.03763738e+01,  -2.66977397e+00,   1.14825837e+01,
         -3.69199760e-01,   3.20118341e+01,   3.00494481e+01,
          4.19758207e+01,   2.35508786e+01,   2.65637286e+01,
          4.31375556e+01,   1.71148906e+01],
       [  3.58178743e+01,   4.52486893e+01,   3.29686418e+01,
         -6.25886127e+01,  -2.22247505e+01,   1.67546455e-01,
          6.57515470e+01,   3.35196976e+01,   8.12456342e+01,
          2.11556990e+00,  -5.06626587e+01,   1.41405439e+01,
          2.84257818e+01,   2.32971188e+01,   6.75692089e+01,
          2.58814481e+01,   3.76098902e+01,  -1.04833978e+00,
          6.58849072e+01,   1.60256189e+01,   7.97616040e+01,
          5.17216831e+01,   1.54753480e+01,   3.04951123e+01,
          1.12787881e+01,   1.03960012e+00,   8.11245625e+01,
         -1.99939787e+00,  -1.12201257e+01,  -7.26838436e+00,
         -1.40211801e+00,  -1.23733998e-01,   7.79896984e+01,
          2.03194079e+01,   3.40149321e+01,   3.28420867e+01,
         -5.87492340e+01,   3.43270361e+01,   5.69862671e+00,
          3.48436025e+01,   2.02368311e+01,   1.35598505e+01,
         -1.21557702e-01,   7.45869541e+01,   5.88569966e+01,
          7.67275180e+01,   1.69322316e+01,   6.59258611e+01,
          7.86140114e+01,   2.78735491e+01],
       [ -2.17207993e-01,   2.35224538e-03,  -6.00967244e-01,
          5.54633141e-01,  -2.76126528e+00,  -3.01305919e-01,
         -1.43219788e-01,  -1.36440948e-01,  -1.34059778e-01,
         -6.90335443e+00,  -9.27846984e-01,   3.93505772e+00,
          6.95424165e-02,   2.91661320e+00,  -1.34533429e-01,
         -1.57010021e+00,   1.10320944e+00,  -1.51228733e+00,
         -1.30468880e-01,  -1.95222942e+00,  -1.36015193e-01,
         -1.31259265e-01,   1.31049037e+00,  -6.02686717e+00,
          2.34575775e+00,  -1.66646672e+00,  -1.42990825e-01,
         -2.75414523e+00,  -2.49449577e+00,   1.92009435e-01,
         -8.71832411e-01,  -8.32978937e-01,  -1.36675173e-01,
         -1.61391006e-01,   1.31982080e+01,   1.69881616e-02,
         -2.98027845e-01,  -1.31983653e+00,  -2.78759951e+00,
         -7.32320806e-02,  -1.08661799e-01,  -1.60168542e-01,
         -6.77826892e-01,  -1.25737699e-01,  -1.33349618e-01,
         -1.33220554e-01,   5.32652783e+00,  -1.32147176e-01,
         -1.32748697e-01,  -1.62828946e-01],
       [ -9.06141035e+00,  -5.98657691e+00,  -8.23874281e+00,
          3.99502239e-01,  -3.15494745e+00,   5.98037928e-01,
         -1.08983788e+01,  -6.37552284e+00,  -1.07180869e+01,
         -1.34423467e-01,  -6.24635946e+00,  -4.10144310e+00,
         -4.66382987e+00,   5.37551089e-01,  -8.74650921e+00,
         -4.10915909e+00,   1.02078553e+00,  -5.20563809e-01,
         -1.09756406e+01,   2.66708359e+00,  -1.04311894e+01,
         -1.06227032e+01,  -7.96115661e-01,   1.15847629e+01,
         -1.75951149e+00,  -1.49837559e+00,  -1.06758933e+01,
         -9.66205813e-01,  -1.36862862e+00,  -6.99031289e+00,
         -6.22111694e+00,  -2.60746612e+00,  -1.02942743e+01,
         -2.60330318e+00,  -2.65916892e-01,  -4.07410474e+00,
         -8.65592712e-03,  -3.20624423e+00,  -2.78969038e+00,
          6.18539698e-01,  -3.53899985e+00,   3.68733975e-01,
          2.12324638e-01,  -9.27604582e+00,  -1.00804327e+01,
         -1.00170309e+01,   2.76980957e+00,  -1.04652157e+01,
         -1.02875526e+01,  -1.53072325e-01]])]Hidden bias: [array([ -3.87829687,  -3.35290506,  -4.7983167 , -12.6134355 ,
        -8.0856185 ,  -6.98945615,  -5.69157377,  -1.96664425,
        -7.61371526,  -9.45148166, -11.29792745,   1.27835418,
        -0.51403177,   2.23808529,  -2.60172869, -16.50055198,
         7.98422046,  -6.76999732,  -6.87618184,   0.9669669 ,
        -7.06975104,  -3.33371968,   3.39195245,   7.74813339,
         1.56011293,  -8.66255138,  -6.24743505, -13.41035506,
       -14.68194775, -10.04165874, -10.87099248,  -7.2427052 ,
        -6.27031252,  -0.30488197,   6.34312703,  -4.81522897,
       -26.05634308,  -0.23441057, -18.3314798 ,   5.66706847,
        -0.0365517 ,   1.49578689,  -4.27351491,  -1.51759932,
        -4.8393149 ,  -4.61452574,   2.84750802,  -3.42022162,
        -8.50130402,   4.72471128])]Output weights: [[  1.74038993]
 [ -1.23511245]
 [  1.42767006]
 [  4.50705259]
 [ 10.06405975]
 [ 16.9081906 ]
 [ -0.9817367 ]
 [ -0.76319648]
 [ -1.07218456]
 [ -5.58366889]
 [  8.14917939]
 [  4.62273662]
 [  0.60138044]
 [  5.13051478]
 [ -4.16906701]
 [ 15.35076233]
 [  4.76960627]
 [ 18.9394989 ]
 [  0.15776092]
 [  5.43511566]
 [ -1.63684204]
 [  2.05687883]
 [ -0.96873455]
 [ -4.78273549]
 [  1.37608358]
 [ 13.10056586]
 [ -1.40855105]
 [ 12.72820493]
 [ -4.84870024]
 [ 16.84086755]
 [ 15.17487048]
 [ 15.50135634]
 [ -1.30123809]
 [  3.96223516]
 [ -4.10114286]
 [ -2.80656308]
 [  5.63790336]
 [ -6.22522215]
 [ 14.73899598]
 [ -0.72824304]
 [ -3.36460824]
 [ -7.56859638]
 [ 22.29168922]
 [ -3.76481068]
 [  1.0156692 ]
 [ -3.14155501]
 [  1.63443736]
 [ -2.8485661 ]
 [ -1.64192875]
 [  0.69141155]]Output bias: [-37.68374645]