Action MLP:Hidden weights: [array([[  3.67473669e-02,  -2.52744478e-05,   1.56606098e-02,
         -5.39511968e-02,   7.01174973e-02,  -2.97243785e-03,
         -7.27661070e-02,   1.33484811e-02,   4.51345450e-02,
         -4.77235374e-02,   8.89357831e-02,   8.01609010e-02,
         -1.14121484e-01,   1.77294240e-02,   6.04411793e-02,
         -7.55311314e-02,   6.63995622e-03,  -1.10075309e-01,
          4.79058947e-02,  -6.82098525e-03,  -4.07243693e-02,
         -1.04715856e-01,   1.35099278e-03,  -4.20048385e-02,
         -9.07433731e-02,  -6.97579490e-02,  -6.17149615e-02,
         -1.25679172e-02,  -1.20414260e-02,  -6.35693917e-02,
          5.83382903e-02,  -6.91422957e-02,   2.79047322e-02,
          2.87393042e-02,  -5.32809731e-03,  -8.35375229e-02,
         -5.38890392e-02,   1.38401734e-01,  -8.04070645e-02,
         -3.77529940e-02],
       [  6.86678809e-02,   1.18288011e-01,   1.48692353e-01,
         -9.01359735e-03,   5.09360425e-02,   1.57404900e-01,
          4.82679383e-02,   1.02119257e-01,   6.63505744e-02,
          3.03698815e-02,   1.36575076e-01,   1.05128734e-01,
          1.08540718e-01,  -7.98832093e-03,   1.99974162e-02,
         -2.81803301e-02,   6.70808878e-02,   4.16888657e-02,
         -3.92581884e-02,   2.32333015e-03,   6.90178339e-02,
          1.09047579e-01,   1.18573314e-02,   7.16567890e-02,
          1.75494698e-01,   6.38458602e-02,  -5.20899067e-02,
          7.12765717e-02,   1.30804740e-01,   1.09865488e-01,
          1.50896438e-01,   8.94434279e-02,   1.77752908e-01,
          2.83615709e-02,   1.15973337e-01,  -1.82657351e-02,
          1.34158228e-01,   6.27161681e-02,  -3.62082794e-02,
          1.10733411e-01],
       [  5.17927959e-02,  -5.03694917e-02,   3.61605983e-03,
         -1.46007725e-02,  -8.83104150e-02,  -5.08354049e-02,
         -4.99686511e-02,   8.92483476e-04,  -9.36529093e-02,
          3.02700492e-02,  -3.82450868e-02,   2.24477470e-02,
          5.76733603e-02,  -3.63703050e-02,  -3.79458026e-02,
         -7.06596206e-02,  -5.29898209e-02,  -8.54265887e-02,
          8.27803287e-02,   1.45695314e-02,   6.53756853e-02,
          6.65660939e-02,  -2.68066412e-02,  -6.75566516e-02,
         -4.31757990e-02,   7.43663465e-02,   8.30532746e-03,
          5.01204040e-02,  -3.22040493e-02,   2.04350229e-03,
         -7.48645767e-02,  -1.39984262e-02,  -8.70272701e-02,
         -5.49851330e-02,   9.19778637e-02,   8.62226777e-02,
          2.65243938e-02,   1.26213184e-01,   2.39409897e-02,
         -3.68485451e-02],
       [ -8.72173289e-03,  -2.18712142e-01,  -1.28651167e-01,
         -4.37063026e-02,  -6.20332638e-02,   3.49280558e-02,
          7.63602997e-03,   3.25089377e-02,   1.07043425e-01,
         -1.70328098e-01,   5.75322251e-02,  -9.56050361e-02,
         -1.68179673e-01,  -7.83938614e-02,  -1.92555378e-02,
          2.56569977e-02,   1.04582753e-02,  -8.91141444e-02,
         -1.20203020e-01,   5.70437236e-02,   8.42223735e-03,
          9.09130224e-02,   4.42375102e-02,  -8.83827118e-02,
         -1.47569818e-01,  -8.09384036e-02,  -1.22446595e-02,
         -8.88085310e-02,  -1.17565391e-01,  -2.43552415e-03,
         -1.54030277e-01,  -1.09416510e-01,  -1.95731306e-01,
          5.74480960e-02,  -2.07450928e-01,  -8.26378030e-02,
         -1.70636032e-02,  -1.21856620e-01,   6.04453816e-02,
          7.16371778e-02],
       [  6.87225232e-03,   1.33849487e-02,  -4.15776523e-02,
          8.66401825e-02,   3.88943825e-02,  -2.80227425e-02,
         -2.08823895e-02,  -6.86916616e-02,   9.03344964e-02,
         -5.85401913e-03,   6.17559503e-02,  -1.77078946e-02,
         -6.95831560e-02,  -9.34490720e-02,   1.52627106e-02,
          9.88759080e-02,  -7.26592206e-02,   2.84602389e-02,
          5.68371170e-03,  -3.56470279e-02,  -1.04216680e-01,
         -1.52531947e-02,  -1.04637893e-01,  -5.78425224e-02,
          7.35610499e-02,   8.77623424e-02,  -5.51360442e-02,
         -1.71986829e-02,  -8.77893852e-02,  -2.06036918e-02,
         -8.64444344e-02,  -3.06409496e-02,   5.45584488e-02,
          2.50423424e-02,  -1.47523182e-02,   6.12603640e-02,
         -8.93376224e-02,  -1.00803142e-01,   2.16439294e-02,
         -1.14557367e-02],
       [  2.11105587e-02,   3.13077217e-02,  -1.04079266e-01,
         -1.28563506e-02,  -6.48269810e-02,   1.11263477e-01,
          6.23289103e-02,   6.95163250e-03,   8.51773963e-02,
         -2.25549495e-02,   5.62168868e-02,   6.71697309e-02,
         -9.69101814e-02,   4.75135489e-03,   4.46173219e-02,
          8.05658779e-02,   1.91589463e-02,  -1.47049318e-02,
          1.32779286e-02,  -4.62320524e-02,   1.62652941e-01,
         -1.17976870e-01,  -6.12759192e-02,  -4.92002172e-02,
         -7.02853402e-02,  -4.84290407e-02,   9.60043624e-02,
         -4.81478077e-02,   2.70593156e-02,   1.01303721e-01,
          1.15244904e-01,  -1.95367076e-02,   4.19240043e-02,
          3.44989788e-02,   8.04353060e-02,  -7.12825918e-03,
          5.99911604e-02,   1.14819258e-01,   1.28192453e-01,
         -4.12590327e-02],
       [ -1.20589059e-02,   4.30557560e-02,   6.18524921e-02,
          5.72812021e-02,   9.00686710e-02,  -1.92330120e-02,
          2.50536645e-02,   4.70264962e-02,   6.07692105e-03,
         -4.50802171e-03,  -4.89130760e-02,  -6.64611620e-03,
          5.06354474e-02,  -4.76599742e-02,   9.93295736e-02,
          5.72356310e-03,   1.42641302e-02,  -8.69136059e-02,
         -8.40515994e-02,  -9.35831766e-03,  -5.03890607e-02,
         -3.27744832e-02,  -5.43398138e-02,  -5.45622582e-02,
         -9.44588955e-02,  -2.89846850e-02,  -5.48965653e-02,
         -5.71299524e-02,   8.32399396e-02,  -9.75929488e-02,
          7.58882293e-02,  -9.41791331e-02,   5.95663779e-03,
         -9.62724650e-02,   3.69943310e-02,  -8.86676865e-02,
          6.70929427e-02,   1.01926048e-01,  -5.80141464e-02,
         -3.99019394e-02],
       [  7.51854314e-02,  -9.55022303e-02,  -2.88814087e-03,
          3.05328249e-02,   9.97288309e-02,   5.15540867e-02,
          1.13908347e-03,  -2.45775545e-02,   7.44178996e-02,
         -7.68279929e-02,   5.68809481e-02,   9.41677177e-02,
         -8.18018741e-02,   2.13447210e-02,   5.84831222e-02,
         -4.47317912e-02,  -3.27819583e-02,  -7.42574742e-02,
          5.58269903e-02,  -3.57439693e-02,   6.40754458e-02,
         -9.04080239e-02,  -4.36214749e-02,  -5.76153894e-02,
         -4.70746813e-02,  -8.52070040e-02,  -8.16342297e-02,
         -4.23904569e-02,   4.93427581e-02,  -1.21773419e-02,
         -3.27701475e-02,  -4.92977279e-02,  -9.01181535e-02,
         -3.99689791e-02,   8.84200647e-02,  -5.54056596e-02,
          3.63973807e-02,   8.68453569e-02,  -4.46115740e-02,
          2.52859883e-02]])]Hidden bias: [array([-0.922234  , -0.89621365, -0.90281492, -0.93170028, -0.91748833,
       -0.91751052, -0.92401715, -0.92336139, -0.91484099, -0.90994788,
       -0.91523854, -0.91430349, -0.90000447, -0.92148302, -0.92150167,
       -0.9236093 , -0.92597226, -0.91504309, -0.92257928, -0.9282912 ,
       -0.91328416, -0.91316222, -0.92912721, -0.91644869, -0.89581411,
       -0.9236945 , -0.92382973, -0.91535311, -0.90844309, -0.91770503,
       -0.89785094, -0.91865202, -0.90231961, -0.92445533, -0.89510509,
       -0.9231654 , -0.9167066 , -0.90356458, -0.9271483 , -0.91415002])]Output weights: [[-0.03637596  0.0968323 ]
 [ 0.18368096  0.07021167]
 [ 0.1491497  -0.07956315]
 [ 0.01377438  0.09034834]
 [-0.00243208 -0.05015408]
 [ 0.01172349  0.0500577 ]
 [-0.01343044  0.08023448]
 [ 0.0383895  -0.00271568]
 [-0.12995783  0.00593089]
 [ 0.15190641  0.02981039]
 [-0.09827145  0.01952506]
 [ 0.02150999  0.15122389]
 [ 0.13039829 -0.08715838]
 [ 0.07904869  0.02189081]
 [-0.029328    0.10769701]
 [-0.08294284  0.01379525]
 [ 0.04994876  0.05048605]
 [ 0.12880479 -0.06486793]
 [ 0.01321261 -0.01191307]
 [ 0.01010332 -0.02987636]
 [-0.03581968  0.1520856 ]
 [-0.04876999 -0.09932071]
 [-0.00964241  0.02539531]
 [ 0.02714399 -0.02862647]
 [ 0.17398148 -0.09906239]
 [ 0.09194745  0.04413299]
 [-0.04945336  0.11391992]
 [ 0.07753207 -0.01484743]
 [ 0.11722456  0.02128677]
 [-0.05527051  0.01056391]
 [ 0.1607201   0.13125151]
 [ 0.0175899   0.00815947]
 [ 0.16347634  0.12145224]
 [-0.0217678   0.00623568]
 [ 0.176464    0.05566399]
 [ 0.08325288  0.02284765]
 [-0.04379342 -0.01836502]
 [-0.00624301  0.19111063]
 [-0.02091116  0.11538304]
 [-0.06020878 -0.07929397]]Output bias: [ 0.98745015  0.94989126]
Value MLP:Hidden weights: [array([[ -6.98179288,   6.98104832,  -1.15825571,  -1.82932126,
          2.34480728,  20.65134185,  -5.53445185, -13.7725729 ,
          0.83339275,  -0.6919835 ,  -1.89257719,  -2.35618239,
        -23.22048239,   3.30686825,  -2.21601429,  12.94199523,
          3.43841397,  -5.61872097,   9.07965635,   1.30788891],
       [ -0.37610314,  -9.4137442 ,  -0.5314319 ,  -0.94291264,
         -2.70934093,  11.3249911 ,  -2.03418568,   1.68261607,
         -1.07643511,  -4.17414137,   9.40098276,   0.0997173 ,
          1.91838904,   6.69981888,   6.08167265, -10.91471773,
          0.92614633,   1.29197826,   0.58986407, -14.17829299],
       [  4.98053552,  13.46671143,  -7.1128278 ,  15.69694784,
         21.82241421,  21.52820184,  13.1938214 , -19.42607532,
         -7.36913549, -11.55720596,  -4.77471929, -10.94224565,
        -20.52478472,   7.17212457,  11.66716873,  -0.97218667,
        -30.9070835 ,   2.8724891 ,  10.27486223,  43.8737535 ],
       [ -2.55078539,  -6.77461538,  -2.52593317,  -2.63490392,
          3.18662149,   2.65751179,  -4.29031915,  -4.18226332,
         -7.93483667,  -3.47181343,  -1.83267831,   1.01953473,
         -3.80607122,   1.59071953,  -0.98769647,  -3.65039503,
         -1.66757649,  -2.69256192,   0.06565848,  -3.93768365],
       [-30.44018263,  -0.18590059,   8.6333504 , -24.11063904,
        -28.7087327 ,  -2.05758601, -38.06791837,  -9.10060883,
         12.52174492,  10.56256735,  -8.15305467,  23.31487212,
         -9.69490046, -22.49719748, -34.02453036,  10.61552451,
         56.54198824, -22.20681934,   3.14378892, -54.69214216],
       [-14.71446471,  19.90732526,  17.92181016,   8.13903377,
        -16.72852849, -28.34898868,   0.57163593, -36.91702943,
         27.24247051,   9.92947845, -26.30323457,  -0.39166487,
        -24.89362879, -15.11804728,  -8.62145898,  -1.28654897,
         -0.23488048, -12.01454246,  25.33507276, -39.93970785],
       [ -0.15402797,   7.95525107,  -1.28143226,  -1.28331091,
         10.47125539,  -5.83945476,  13.63817367,   2.79465147,
         -3.89593724,  13.79999245,  -9.16773379,   3.78847543,
        -11.66887769, -14.55874716,   2.40473641, -20.34690962,
          9.03535557,  -2.32281875,  10.95294081,  19.39571431],
       [ 12.74291623,   3.77208169,   0.85048872,  -0.17766153,
          9.96027342, -17.22439033,   4.19695747,  14.27552272,
        -11.80766915,   2.02350128,   2.47350911,  -5.21056642,
          6.73229967,   4.96825471,   3.48901551,  -7.01594225,
         21.95097018,   5.87835839,   0.63293114,  11.12514879]])]Hidden bias: [array([ -3.0970561 ,   9.3629034 ,  -4.56595636,   5.47597708,
         3.22739833, -13.48980523,  -1.559935  ,   0.13594472,
         4.15886182,   3.9565887 ,   6.61760789,  -2.1138142 ,
        -3.0573509 ,  -6.09077225,  -0.13863595, -22.7607804 ,
         1.67266396,   0.3251772 ,   0.2636787 ,  16.48034516])]Output weights: [[ -3.30506036]
 [  9.3002263 ]
 [ -6.31290948]
 [  9.58278082]
 [-11.9111097 ]
 [  4.99630387]
 [ -6.45063153]
 [  3.91989848]
 [  7.51069254]
 [ 14.37915779]
 [-10.77392565]
 [-10.92274694]
 [  4.47021581]
 [-11.73183847]
 [  6.79705231]
 [ 29.57620854]
 [ 13.19927336]
 [ 11.22777904]
 [-14.61468031]
 [ 31.56916165]]Output bias: [-108.45264878]