Action MLP:Hidden weights: [array([[  3.67487112e-02,  -9.07858914e-05,   1.56209459e-02,
         -5.39608902e-02,   7.01220848e-02,  -2.98050538e-03,
         -7.27680812e-02,   1.33380747e-02,   4.51724893e-02,
         -4.77673407e-02,   8.89638658e-02,   8.01406783e-02,
         -1.14153130e-01,   1.77077305e-02,   6.04406714e-02,
         -7.55093328e-02,   6.62236805e-03,  -1.10110398e-01,
          4.79036346e-02,  -6.82129640e-03,  -4.07286535e-02,
         -1.04694211e-01,   1.35160628e-03,  -4.20107995e-02,
         -9.07962738e-02,  -6.97864378e-02,  -6.17108989e-02,
         -1.25880387e-02,  -1.20794435e-02,  -6.35543049e-02,
          5.82741599e-02,  -6.91480431e-02,   2.78372139e-02,
          2.87446902e-02,  -5.38615203e-03,  -8.35594544e-02,
         -5.38746802e-02,   1.38383888e-01,  -8.04099585e-02,
         -3.77288508e-02],
       [  6.86597404e-02,   1.18288135e-01,   1.48699230e-01,
         -9.01922642e-03,   5.09402171e-02,   1.57400997e-01,
          4.82620495e-02,   1.02119069e-01,   6.63450423e-02,
          3.03686869e-02,   1.36573915e-01,   1.05111822e-01,
          1.08549765e-01,  -7.98936292e-03,   1.99886974e-02,
         -2.81868363e-02,   6.70778768e-02,   4.17040782e-02,
         -3.92573672e-02,   2.32573948e-03,   6.90047645e-02,
          1.09056734e-01,   1.18556838e-02,   7.16603095e-02,
          1.75515151e-01,   6.38422282e-02,  -5.20981760e-02,
          7.12767672e-02,   1.30804263e-01,   1.09863864e-01,
          1.50885404e-01,   8.94434842e-02,   1.77749194e-01,
          2.83608741e-02,   1.15960442e-01,  -1.82673685e-02,
          1.34160582e-01,   6.26921083e-02,  -3.62162578e-02,
          1.10738366e-01],
       [  5.18084465e-02,  -5.04756137e-02,   3.53440996e-03,
         -1.46075428e-02,  -8.83081181e-02,  -5.08431588e-02,
         -4.99625294e-02,   8.73879466e-04,  -9.35897495e-02,
          3.01948031e-02,  -3.81969231e-02,   2.24341488e-02,
          5.75996985e-02,  -3.64060600e-02,  -3.79338684e-02,
         -7.06201998e-02,  -5.30142914e-02,  -8.54953688e-02,
          8.27745402e-02,   1.45650102e-02,   6.53925202e-02,
          6.65901154e-02,  -2.68021192e-02,  -6.75707249e-02,
         -4.32784828e-02,   7.43216902e-02,   8.32815701e-03,
          5.00824024e-02,  -3.22682858e-02,   2.07139669e-03,
         -7.49586686e-02,  -1.40075869e-02,  -8.71291288e-02,
         -5.49753423e-02,   9.18832946e-02,   8.61860635e-02,
          2.65472926e-02,   1.26217184e-01,   2.39501371e-02,
         -3.68165373e-02],
       [ -8.72169618e-03,  -2.18720492e-01,  -1.28654856e-01,
         -4.37074265e-02,  -6.20328857e-02,   3.49277336e-02,
          7.63650038e-03,   3.25077979e-02,   1.07049906e-01,
         -1.70332704e-01,   5.75362401e-02,  -9.56068645e-02,
         -1.68181865e-01,  -7.83964041e-02,  -1.92550745e-02,
          2.56610843e-02,   1.04563212e-02,  -8.91208280e-02,
         -1.20202976e-01,   5.70436277e-02,   8.42193466e-03,
          9.09148301e-02,   4.42375844e-02,  -8.83837118e-02,
         -1.47579001e-01,  -8.09414357e-02,  -1.22441658e-02,
         -8.88102373e-02,  -1.17569643e-01,  -2.43344143e-03,
         -1.54036974e-01,  -1.09417279e-01,  -1.95740010e-01,
          5.74489399e-02,  -2.07454777e-01,  -8.26400772e-02,
         -1.70622918e-02,  -1.21860143e-01,   6.04457423e-02,
          7.16396916e-02],
       [  6.86154405e-03,   1.34175286e-02,  -4.15437754e-02,
          8.66390419e-02,   3.88957972e-02,  -2.80224341e-02,
         -2.08878375e-02,  -6.86849118e-02,   9.03132380e-02,
         -5.82866356e-03,   6.17389562e-02,  -1.77113482e-02,
         -6.95505832e-02,  -9.34372161e-02,   1.52539749e-02,
          9.88621137e-02,  -7.26529942e-02,   2.84862714e-02,
          5.68646071e-03,  -3.56439182e-02,  -1.04231201e-01,
         -1.52561037e-02,  -1.04640844e-01,  -5.78362114e-02,
          7.36005908e-02,   8.77759602e-02,  -5.51489340e-02,
         -1.71841593e-02,  -8.77680069e-02,  -2.06139032e-02,
         -8.64191366e-02,  -3.06381246e-02,   5.45866800e-02,
          2.50387537e-02,  -1.47220140e-02,   6.12725835e-02,
         -8.93447635e-02,  -1.00817574e-01,   2.16364488e-02,
         -1.14630572e-02],
       [  2.11017750e-02,   3.13056269e-02,  -1.04066429e-01,
         -1.28627308e-02,  -6.48224072e-02,   1.11260752e-01,
          6.23238006e-02,   6.95266658e-03,   8.51741859e-02,
         -2.25543644e-02,   5.62131627e-02,   6.71586094e-02,
         -9.68982510e-02,   4.75170347e-03,   4.46089843e-02,
          8.05642773e-02,   1.91564450e-02,  -1.46981725e-02,
          1.32793247e-02,  -4.62294231e-02,   1.62643121e-01,
         -1.17969114e-01,  -6.12783390e-02,  -4.91972431e-02,
         -7.02726851e-02,  -4.84306555e-02,   9.59978865e-02,
         -4.81444963e-02,   2.70606155e-02,   1.01302190e-01,
          1.15239366e-01,  -1.95369302e-02,   4.19188895e-02,
          3.44982056e-02,   8.04356398e-02,  -7.12830338e-03,
          5.99914976e-02,   1.14803119e-01,   1.28187134e-01,
         -4.12542156e-02],
       [ -1.20560393e-02,   4.30557966e-02,   6.18488217e-02,
          5.72834951e-02,   9.00673414e-02,  -1.92318844e-02,
          2.50559375e-02,   4.70260442e-02,   6.07809723e-03,
         -4.50874965e-03,  -4.89117478e-02,  -6.64277128e-03,
          5.06316319e-02,  -4.76601902e-02,   9.93328928e-02,
          5.72441161e-03,   1.42650305e-02,  -8.69155180e-02,
         -8.40520266e-02,  -9.35913804e-03,  -5.03847284e-02,
         -3.27768476e-02,  -5.43391582e-02,  -5.45630572e-02,
         -9.44619323e-02,  -2.89843715e-02,  -5.48934551e-02,
         -5.71310148e-02,   8.32390332e-02,  -9.75921672e-02,
          7.58896713e-02,  -9.41790745e-02,   5.95819923e-03,
         -9.62722078e-02,   3.69924390e-02,  -8.86679442e-02,
          6.70930202e-02,   1.01931731e-01,  -5.80112670e-02,
         -3.99035369e-02],
       [  7.51855715e-02,  -9.55008812e-02,  -2.89028424e-03,
          3.05338174e-02,   9.97280577e-02,   5.15541311e-02,
          1.13933271e-03,  -2.45774388e-02,   7.44165579e-02,
         -7.68272542e-02,   5.68800578e-02,   9.41680197e-02,
         -8.18038792e-02,   2.13452311e-02,   5.84834027e-02,
         -4.47325908e-02,  -3.27814239e-02,  -7.42577306e-02,
          5.58270174e-02,  -3.57442670e-02,   6.40738854e-02,
         -9.04095081e-02,  -4.36211474e-02,  -5.76157860e-02,
         -4.70760134e-02,  -8.52062836e-02,  -8.16346825e-02,
         -4.23904633e-02,   4.93434537e-02,  -1.21781244e-02,
         -3.27686579e-02,  -4.92975545e-02,  -9.01166079e-02,
         -3.99691108e-02,   8.84221782e-02,  -5.54049254e-02,
          3.63969372e-02,   8.68445398e-02,  -4.46122599e-02,
          2.52849317e-02]])]Hidden bias: [array([-0.92223583, -0.8961987 , -0.9028105 , -0.93169913, -0.91748772,
       -0.91751126, -0.92401904, -0.92336052, -0.91485414, -0.90994134,
       -0.9152436 , -0.91430866, -0.90000081, -0.92147985, -0.92150477,
       -0.92362022, -0.92597002, -0.91502335, -0.9225792 , -0.9282907 ,
       -0.91328726, -0.91316313, -0.92912723, -0.91644582, -0.89578905,
       -0.9236912 , -0.92383236, -0.91535199, -0.90843717, -0.91770851,
       -0.89784605, -0.91865055, -0.90230562, -0.92445673, -0.89510853,
       -0.92316263, -0.91670704, -0.9035699 , -0.92715079, -0.91415303])]Output weights: [[-0.03646728  0.09683489]
 [ 0.18366069  0.0702142 ]
 [ 0.14907696 -0.07955047]
 [ 0.01374904  0.09036596]
 [-0.00246231 -0.05014102]
 [ 0.01168835  0.0500527 ]
 [-0.01344905  0.08024733]
 [ 0.0383125  -0.00270797]
 [-0.12997203  0.0059293 ]
 [ 0.15184892  0.02982802]
 [-0.09832754  0.0195131 ]
 [ 0.02141857  0.15121746]
 [ 0.1303318  -0.08713035]
 [ 0.07898872  0.02190757]
 [-0.02938295  0.10770401]
 [-0.08293607  0.01380764]
 [ 0.04990019  0.05049621]
 [ 0.12882826 -0.06485206]
 [ 0.01311087 -0.01190038]
 [ 0.01003053 -0.02985797]
 [-0.03591206  0.15208948]
 [-0.0488411  -0.09929978]
 [-0.00970995  0.02541586]
 [ 0.02712281 -0.02861014]
 [ 0.17399817 -0.09905595]
 [ 0.09188749  0.04414504]
 [-0.04950896  0.11393656]
 [ 0.07745069 -0.01483525]
 [ 0.11717411  0.02129577]
 [-0.05531317  0.01056541]
 [ 0.16067486  0.13124599]
 [ 0.01755605  0.008172  ]
 [ 0.16347742  0.12144464]
 [-0.02180698  0.00623982]
 [ 0.17636363  0.05566431]
 [ 0.08318797  0.0228651 ]
 [-0.04386548 -0.0183565 ]
 [-0.00641359  0.19110674]
 [-0.02095861  0.11539479]
 [-0.06024375 -0.07928309]]Output bias: [ 0.98753222  0.94987245]
Value MLP:Hidden weights: [array([[ -9.76307028,   9.39983167,   4.72400562,  -5.75425534,
         -4.88432142,  19.77047377,  -4.34143985, -13.49350311,
          8.0219621 ,   3.72194098,   7.94431441,  -3.89884907,
        -23.19544759,   1.41029911,  -7.42923226,  13.3538443 ,
         10.83571643, -19.32961126,   1.54947091, -12.62385622],
       [  2.18931138,  -6.47064717,   1.3452661 ,   2.86021031,
         -8.16788299,  12.18051135,  -4.39223198,   1.47955072,
          3.03825479,  -4.91777761,   8.71451063,   3.48890155,
          2.0770311 ,   1.22929497,   3.593479  , -10.99085363,
         -6.884839  ,   0.20163393,   1.82826964, -16.02890096],
       [ -0.38605602,  24.63488341,  -1.33146041,  12.95765875,
         14.68225627,  21.03347548,  15.32754307, -21.46053103,
          7.02731318,  -9.80762327,   8.34194491,  -9.88121326,
        -21.87740369,   8.00187173,   5.41381284,  -0.97495301,
        -21.85383987,  -7.9151549 ,  17.63264008,  34.02804722],
       [  2.87999188,  -5.24989979,   0.5258891 ,  -0.34380886,
          1.32100445,   3.57792756,  -3.45364653,  -3.62545893,
         -6.65692064,  -2.39957771,  -0.52908956,   2.35465279,
         -4.37444834,   3.90044837,  -1.63144376,  -3.64985543,
         -6.3218071 ,  -4.02418149,   5.05388149,  -7.89161461],
       [-28.88617303,  -9.42018538,   7.81585392, -27.48286686,
        -27.64702435,  -1.99028687, -39.30229345,  -8.09176567,
          8.30190831,  13.39231865, -12.74227295,  21.87429488,
         -8.11906138, -23.85921484, -34.16241409,  10.97965174,
         57.01778855, -14.75385783,  -4.03956091, -58.09099506],
       [-22.22465625,  12.0982827 ,  20.47008275,  -1.97711076,
        -20.29662664, -29.42490252,   0.24773136, -36.31058526,
         28.2007711 ,  17.11100148, -26.88784727,   6.73111059,
        -24.17888817, -20.18811081, -18.40013967,  -1.27909594,
          4.20422726, -12.56513733,  23.54159909, -39.14471555],
       [  4.95740736,  12.74864536,  -1.84572813,  -9.85027936,
         14.40761409,  -7.33083031,   9.78756101,   4.9789519 ,
         -4.17054396,  15.62215537, -10.09794844,   3.91148314,
        -12.24682297,  -6.60213596,  -0.91506163, -20.34690962,
         15.86009466,  -9.65190543,  19.23748587,  21.75003396],
       [ 15.06157646,  -0.56021067,  -1.79858823,  -0.25455156,
         13.43612357, -16.12868591,   3.9529199 ,  13.21056262,
        -14.95150311,  -0.64039213,  -2.08123215, -14.62468335,
          6.6644994 ,  15.92735901,   2.80135651,  -7.01593429,
         23.69380037,  18.71713108,   2.17820124,  22.25507204]])]Hidden bias: [array([ -3.67560091,   7.08763827, -14.27376719,  -1.50532664,
         4.05393768, -13.01170152,  -0.70036465,   0.25167467,
         5.5945335 ,   4.84411822,  -3.1974027 ,  -4.05485463,
        -1.9641205 ,  -4.484392  ,   0.39450376, -22.26523725,
         6.80740231,  -1.76470102,  -3.99024989,  21.53195374])]Output weights: [[ -7.96946709]
 [ 11.28514107]
 [ -6.25178742]
 [  5.52889021]
 [-10.17319277]
 [ -4.61457748]
 [ -6.90635426]
 [ -0.24850721]
 [ -6.8159397 ]
 [ 14.34620668]
 [  6.48196839]
 [-13.7559589 ]
 [ -1.98313796]
 [-10.81970714]
 [ 11.64119911]
 [ 31.53413557]
 [  8.3161556 ]
 [  3.54348361]
 [ -7.7184631 ]
 [ 17.55298348]]Output bias: [-110.40230074]