Action MLP:Hidden weights: [array([[-0.00874387, -0.00389594, -0.00497236, ..., -0.00731538,
         0.00515939,  0.00637111],
       [ 0.00090312, -0.00937614,  0.00647945, ..., -0.00802115,
         0.00960146,  0.00569339],
       [-0.0091384 , -0.00273369,  0.00832251, ..., -0.00738509,
        -0.00471058, -0.00407012],
       ..., 
       [-0.00635899,  0.00297049,  0.00836186, ...,  0.00262056,
         0.0081399 , -0.00060341],
       [-0.00273825, -0.00368347, -0.00626163, ..., -0.00885452,
        -0.00837474,  0.00508106],
       [-0.00318854, -0.00763221, -0.00697685, ...,  0.00879112,
        -0.00488121, -0.00776677]]), array([[  1.19938961e-03,   7.52504678e-03,   4.20110147e-03,
          4.11913367e-03,   6.26292855e-03,  -3.22598503e-03,
          7.55583444e-03,   1.79659535e-03,  -5.80056780e-03,
          2.81012314e-03,  -4.67046727e-03,  -7.96308681e-03,
         -5.33814832e-03,   5.14279769e-03,   5.02534239e-03,
          8.23057946e-03,   7.77319438e-03,   5.57724402e-03,
         -1.73336805e-03,   1.36943387e-03],
       [  7.92920651e-03,  -7.68791815e-03,  -4.12500150e-03,
          7.18146033e-03,   2.68166708e-03,  -9.95822180e-03,
         -1.10623145e-02,   8.10273965e-03,  -8.47328939e-03,
          6.83769413e-04,  -6.40319245e-03,  -3.01136537e-03,
          6.39743737e-04,  -6.20657560e-04,  -3.19766123e-05,
          8.37333046e-03,   1.76167387e-03,   4.84696266e-03,
          4.90437322e-03,   1.79730879e-03],
       [  8.25975746e-03,   6.23179911e-03,  -9.08122650e-04,
          2.41576371e-03,   1.73447725e-03,  -2.78595747e-03,
          3.98008659e-03,  -9.30634683e-03,   8.88468602e-03,
          7.88570966e-03,  -8.29417009e-03,  -8.12708806e-03,
         -9.89271319e-03,  -5.02504007e-03,  -1.01304473e-02,
         -5.04471360e-03,   8.13782440e-03,  -5.82986688e-03,
          6.32279400e-03,  -6.47744284e-03],
       [ -5.34100901e-03,   5.18231551e-03,  -1.59299431e-03,
          7.57846596e-03,  -4.86846179e-03,  -7.71410392e-03,
          3.15726854e-03,  -3.67077424e-03,  -2.01332587e-03,
          2.32329618e-03,   7.16705222e-03,  -9.57957206e-03,
         -3.61878587e-03,   1.47596788e-03,  -8.05375685e-03,
          2.48062185e-03,  -2.98360273e-04,   2.19090488e-03,
         -4.86752372e-03,   1.34023216e-03],
       [  3.16978709e-03,   1.83188109e-03,  -2.54723105e-03,
         -1.60183077e-03,  -1.07986028e-02,  -3.76724279e-03,
         -2.20937386e-03,  -6.37476034e-04,   4.40537401e-03,
         -9.50192968e-03,  -3.54474450e-04,  -9.68071434e-03,
         -9.63849683e-03,   2.16852663e-03,  -4.81778208e-03,
         -1.34092882e-03,   1.68334234e-03,  -3.93029015e-03,
          7.63259781e-03,   6.70754275e-03],
       [ -2.50054735e-03,   5.71591015e-03,   3.30054030e-03,
         -7.79318011e-03,   4.22833457e-03,  -1.42151014e-03,
          4.05124510e-03,  -8.95548394e-03,  -4.67314456e-03,
          2.73734432e-03,  -9.55143631e-03,   2.35977098e-03,
         -4.11840333e-04,  -5.34165126e-03,   7.63878194e-03,
         -3.44157923e-03,   8.09871241e-03,  -4.77644211e-03,
         -9.14481406e-03,  -4.34483285e-03],
       [ -6.49352657e-03,   2.44560687e-03,   6.95136592e-03,
         -3.69897477e-03,   1.42496900e-03,  -1.08389106e-02,
         -1.03815739e-02,  -2.07251277e-03,   4.44868065e-03,
         -5.90965627e-03,   5.04959414e-03,  -9.73669587e-03,
         -5.25684565e-03,   4.08056773e-03,  -9.53356390e-03,
         -3.33339514e-03,  -4.80764230e-03,  -1.22019754e-04,
         -2.49203013e-03,  -7.00639017e-03],
       [  1.77655438e-03,  -6.41158977e-03,  -3.50718436e-03,
          5.32501120e-03,  -4.51849113e-03,  -4.82995418e-03,
         -9.61058951e-03,  -9.50206682e-03,  -7.58366846e-03,
         -6.50991712e-03,  -8.55699931e-03,   1.96850054e-03,
         -6.14302369e-03,   9.37463421e-04,  -1.80206096e-03,
          7.95571530e-04,  -9.71943875e-03,  -1.67491324e-03,
          8.14018308e-03,  -1.27207835e-03],
       [  8.10489259e-03,   5.31407977e-03,   4.06761580e-03,
          8.36030532e-03,  -1.02551034e-02,  -1.06658335e-02,
         -9.55570850e-03,  -3.64335814e-03,   5.10916081e-03,
          7.70042144e-03,   4.24523766e-03,  -3.63602723e-03,
          5.11972883e-03,  -5.51876515e-03,  -8.43092387e-03,
          2.06323644e-03,   8.29838529e-03,  -1.01246311e-02,
          8.40240451e-03,   6.36231057e-03],
       [  7.12014635e-03,  -7.63751866e-03,   6.30835796e-03,
          5.15471955e-03,  -4.20344234e-03,   6.56494866e-03,
         -7.07122484e-03,  -5.30466904e-03,  -8.48896656e-03,
         -3.12219693e-03,   2.01040962e-03,  -1.01993972e-02,
         -7.28032560e-03,   8.78584202e-03,   6.15599899e-03,
          6.01012510e-04,  -6.65764977e-03,   8.69959734e-03,
          3.87790676e-03,  -9.44067906e-03],
       [  4.57892402e-03,  -5.52272779e-03,  -8.38925621e-03,
         -1.03170181e-02,  -1.01011255e-02,  -1.09531811e-02,
         -9.17680996e-03,  -6.13177239e-03,   7.31435300e-03,
          5.95616374e-03,  -5.36329603e-03,   5.38612924e-03,
          6.18691134e-03,  -9.77928425e-03,   8.58914786e-04,
          1.15179049e-03,   3.35287624e-03,  -8.64887851e-03,
         -3.63719583e-03,  -1.48297582e-03],
       [ -3.74527680e-03,   4.18410021e-03,   7.56056692e-03,
         -4.67269739e-03,   2.85374993e-03,  -5.19868303e-03,
         -8.14449935e-03,   4.59681699e-03,  -8.11142121e-03,
         -5.68005459e-03,   6.56628968e-03,   9.54593758e-04,
         -1.48937501e-03,   9.93196371e-04,   3.57886238e-03,
          9.01880031e-03,   1.28873546e-04,  -6.47988068e-03,
          4.37656038e-03,  -2.06529632e-03],
       [ -1.09941283e-03,  -1.04328154e-02,   3.55570271e-04,
          9.12315481e-03,  -8.87779230e-03,   2.34657580e-03,
         -9.92321807e-03,   6.03151037e-03,  -1.76776363e-03,
          3.10360855e-03,   3.47334554e-03,   2.59943557e-03,
         -2.28753872e-03,  -5.57252790e-03,   9.08550018e-03,
         -5.41685985e-03,  -1.62504196e-04,  -5.93317764e-03,
         -3.15792615e-03,  -2.12613541e-03],
       [  7.44772948e-03,   3.92133809e-03,   4.44020732e-03,
          1.99221820e-04,   8.30165977e-03,   4.11085541e-03,
          8.32946139e-03,  -1.02980139e-02,   9.01874141e-03,
         -4.45756603e-04,  -9.03531233e-05,  -7.84058217e-03,
         -7.34656851e-03,   4.17633259e-03,  -3.23925610e-03,
          5.42125297e-03,   3.11439354e-03,   8.33058424e-03,
         -1.03137844e-02,   6.13584975e-03],
       [ -2.39709025e-03,   8.59254829e-03,  -1.06677469e-03,
          7.25687174e-03,  -9.80186738e-03,  -1.00956186e-02,
          6.45130928e-04,  -4.84815310e-03,  -1.16883452e-04,
         -1.05780342e-02,  -8.04413180e-03,   2.21363865e-03,
         -8.42475286e-03,  -3.93671558e-03,   8.41261746e-03,
         -1.05579813e-02,  -9.69112421e-03,  -2.57453211e-03,
          5.99215711e-03,  -2.36944842e-03],
       [ -6.91228857e-03,   6.86224716e-03,   4.43648814e-03,
          2.44758494e-03,  -6.20042102e-03,  -2.82349352e-03,
         -6.11034158e-03,   7.13294300e-03,  -7.43183731e-03,
          6.00203634e-03,   8.67249014e-03,  -3.74886117e-03,
          6.38368430e-03,  -7.15958636e-03,   3.76847202e-03,
         -4.73631644e-04,  -8.44650144e-03,  -2.45219540e-03,
          1.89166372e-03,  -4.47628009e-03],
       [  9.95922427e-04,  -3.63313942e-03,   3.73669303e-03,
         -3.85434462e-03,   1.02231573e-03,  -1.04811124e-02,
         -9.24325403e-03,  -1.00782063e-02,   5.13858124e-04,
         -4.19417862e-03,  -6.90898693e-04,   4.30591286e-03,
          2.55376297e-03,  -7.18654065e-03,  -1.07428059e-02,
         -1.32359629e-04,  -9.51963985e-03,  -8.66827076e-03,
         -1.69891734e-03,   1.96242197e-05],
       [ -7.33246891e-03,   8.72279241e-03,   5.73340748e-04,
         -8.97247943e-03,  -6.81374168e-04,   2.65985457e-03,
          4.27595089e-03,   9.20827877e-03,  -1.21753357e-03,
         -6.57663045e-03,  -5.46954039e-03,  -4.66855666e-03,
         -7.79924473e-03,   3.23573552e-03,  -7.53085866e-03,
         -9.66621678e-03,   6.20470108e-03,  -8.78172451e-03,
          7.30539473e-03,   4.59439717e-04],
       [ -8.78829758e-04,   6.30545229e-03,  -3.76998813e-03,
         -3.05551433e-03,   2.62001801e-04,   7.28436010e-03,
         -6.33410174e-03,  -4.33053367e-03,  -1.60993693e-03,
          4.74134286e-03,   8.80978824e-03,   4.87891840e-03,
         -5.61932993e-03,  -9.73898432e-03,   4.09397407e-03,
         -1.09248592e-02,   7.57992698e-03,  -6.36802848e-03,
          6.46293137e-03,   4.57334167e-04],
       [ -6.70947727e-03,   8.26756054e-03,   8.30585566e-03,
          1.38434093e-03,  -9.06349740e-03,  -1.04796321e-03,
          8.30781620e-03,   3.76953619e-03,   9.37567037e-04,
          5.72022853e-03,   6.09633955e-03,  -2.94560816e-03,
         -7.64366718e-03,   3.71034385e-03,  -6.47319608e-03,
         -5.14644700e-03,   1.73169432e-03,   3.71125073e-05,
          5.63726468e-03,   7.02123735e-03]])]Hidden bias: [array([-0.99994405, -0.99996374, -0.99996562, -0.99996714, -0.99997461,
       -0.99996919, -0.99999161, -0.99997994, -0.99994554, -0.99996317,
       -0.9999893 , -0.99995313, -0.99996405, -0.99993462, -0.99998665,
       -0.99995138, -0.99997702, -0.99997651, -0.99995192, -0.99993841]), array([-0.99848322, -0.99891359, -0.99889151, -0.99864134, -0.99862335,
       -0.99829876, -0.99880619, -0.99935607, -0.99872967, -0.99844177,
       -0.99845667, -0.99874533, -0.99804508, -0.99888885, -0.99875333,
       -0.99857366, -0.99911989, -0.99907702, -0.99828268, -0.99833673])]Output weights: [[ 0.05691934  0.05819216]
 [ 0.05604564  0.07219305]
 [ 0.06563088  0.06255247]
 [ 0.04999022  0.06914276]
 [ 0.05811396  0.05973002]
 [ 0.05490862  0.05444644]
 [ 0.06470401  0.05836792]
 [ 0.06553973  0.07255025]
 [ 0.04864486  0.07206428]
 [ 0.05103481  0.06293445]
 [ 0.05279947  0.06200803]
 [ 0.05023475  0.0700077 ]
 [ 0.04880255  0.05373374]
 [ 0.05374409  0.07116703]
 [ 0.05155152  0.07014946]
 [ 0.05307887  0.0638558 ]
 [ 0.06193866  0.07123864]
 [ 0.05789991  0.07136488]
 [ 0.05181553  0.05793059]
 [ 0.05098072  0.05981362]]Output bias: [ 0.92371359  0.91523921]
Value MLP:Hidden weights: [array([[  2.32385429e-02,   3.51236085e-02,   2.68433947e-02, ...,
          3.45118406e-02,   2.21350608e-02,   3.21190542e-02],
       [  1.73960347e-03,   2.76644512e-03,   5.35457992e-03, ...,
         -1.56367494e-03,   1.98115955e-03,  -6.03852671e-03],
       [ -2.87531497e-02,  -3.05475036e-02,  -1.23805743e-03, ...,
         -3.94099727e-02,  -2.12729434e-02,  -3.88941245e-02],
       ..., 
       [  8.05631923e-03,  -6.56317705e-03,   1.00768395e-03, ...,
         -9.90373325e-07,   5.02298950e-03,  -2.22367976e-04],
       [ -1.04449630e-02,  -2.24608453e-04,  -3.91275603e-03, ...,
          2.89820704e-03,   5.16923957e-03,  -3.42103178e-04],
       [ -1.71523247e-04,  -9.56155225e-03,  -7.87442653e-03, ...,
         -5.99148968e-03,   3.16536561e-04,   1.80154952e-03]]), array([[ 0.17601528,  0.21545292,  0.17436838,  0.18173075,  0.1912698 ,
         0.17060388,  0.17922541,  0.18735956,  0.17805572,  0.1630193 ,
         0.17800297,  0.24367375,  0.43642524,  0.18319391,  0.60832738,
         0.16742542,  0.17571316,  0.22323068,  0.16792392,  0.36814499],
       [ 0.18142607,  0.21216454,  0.17341719,  0.17607721,  0.19942787,
         0.17995434,  0.18836458,  0.18554768,  0.1758212 ,  0.17246404,
         0.19012418,  0.26353693,  0.43304692,  0.17436503,  0.6136102 ,
         0.18485559,  0.17796096,  0.2308544 ,  0.18379223,  0.37889486],
       [ 0.11170951,  0.15472159,  0.10381638,  0.11777798,  0.12005095,
         0.11224076,  0.10734543,  0.1298161 ,  0.10585742,  0.11281068,
         0.13006354,  0.1887979 ,  0.36684045,  0.11785175,  0.53893516,
         0.12017934,  0.11382551,  0.16074   ,  0.11683682,  0.3189069 ],
       [ 0.22411647,  0.25821225,  0.22504133,  0.23614447,  0.23936886,
         0.231542  ,  0.23266405,  0.22190133,  0.22003658,  0.2301058 ,
         0.22970933,  0.29802282,  0.47774755,  0.23283623,  0.65331351,
         0.22042319,  0.2176926 ,  0.27613187,  0.23487401,  0.42681367],
       [ 0.21271324,  0.24781904,  0.20735443,  0.20898557,  0.20628376,
         0.20915493,  0.20058697,  0.20617562,  0.21253454,  0.20438218,
         0.22220765,  0.28413475,  0.46750584,  0.20243387,  0.62892038,
         0.19740242,  0.20512732,  0.2544435 ,  0.19607333,  0.41019621],
       [ 0.25472952,  0.29083341,  0.24272772,  0.25160901,  0.25680582,
         0.25411088,  0.2495663 ,  0.25351486,  0.25714292,  0.24133188,
         0.26289874,  0.33163051,  0.5084763 ,  0.24958537,  0.68826503,
         0.25557109,  0.25599844,  0.29114556,  0.24581789,  0.45368594],
       [ 0.21794128,  0.24761095,  0.20988272,  0.20898944,  0.23291101,
         0.21896227,  0.20381245,  0.22028469,  0.22217571,  0.20296534,
         0.23484304,  0.27919941,  0.47722209,  0.21036086,  0.65219588,
         0.21399404,  0.20865187,  0.25979555,  0.21003498,  0.41409146],
       [ 0.20439509,  0.22778731,  0.1898929 ,  0.2002914 ,  0.20425193,
         0.20358241,  0.18834962,  0.20636484,  0.18542581,  0.18890852,
         0.20495614,  0.26368696,  0.45663672,  0.20036822,  0.6179834 ,
         0.19006732,  0.19738442,  0.22895639,  0.19474666,  0.39652325],
       [ 0.23024988,  0.25865686,  0.22725306,  0.23595702,  0.2422186 ,
         0.22769155,  0.21971632,  0.2376987 ,  0.23372605,  0.22832651,
         0.24948383,  0.29740619,  0.47817608,  0.23906445,  0.65216671,
         0.24099466,  0.23438504,  0.26254256,  0.23979401,  0.42657575],
       [ 0.13687861,  0.15535455,  0.1106206 ,  0.13250786,  0.13945869,
         0.11540122,  0.11243788,  0.13241944,  0.12421539,  0.11914998,
         0.1425255 ,  0.20079065,  0.36862089,  0.12068736,  0.54840805,
         0.11577263,  0.11042025,  0.16726039,  0.11606875,  0.31815213],
       [ 0.21315037,  0.24129071,  0.20692095,  0.1984686 ,  0.22570541,
         0.21456881,  0.20108243,  0.21154924,  0.20247664,  0.20319956,
         0.21458759,  0.27695971,  0.45633154,  0.203925  ,  0.62613783,
         0.21089976,  0.21045455,  0.25029043,  0.21292384,  0.41366141],
       [ 0.24882123,  0.26294716,  0.23888594,  0.24859942,  0.25293977,
         0.23327484,  0.22556635,  0.24031327,  0.24582903,  0.22491104,
         0.25856547,  0.30945175,  0.48423251,  0.23140769,  0.65649074,
         0.24850017,  0.23195566,  0.28724295,  0.24651031,  0.43210179],
       [ 0.2026144 ,  0.2141826 ,  0.18115564,  0.20152085,  0.20853863,
         0.195451  ,  0.18611246,  0.19858114,  0.18906614,  0.1964894 ,
         0.20899088,  0.25645223,  0.43895679,  0.19213415,  0.61783462,
         0.18402722,  0.19408636,  0.23683292,  0.19378826,  0.40180372],
       [ 0.168205  ,  0.20465241,  0.16183563,  0.17342458,  0.17061871,
         0.17530557,  0.16196447,  0.18068087,  0.17212573,  0.15997043,
         0.16992419,  0.23078279,  0.4284944 ,  0.16959535,  0.58551018,
         0.1757502 ,  0.16487069,  0.20268592,  0.15904082,  0.37563218],
       [ 0.29578474,  0.31805019,  0.29684394,  0.29477772,  0.31004694,
         0.29414391,  0.29260751,  0.29514799,  0.29129176,  0.29818538,
         0.31017699,  0.35718586,  0.53745544,  0.29350643,  0.7150196 ,
         0.29622609,  0.28840634,  0.32755592,  0.29068581,  0.49229509],
       [ 0.1908849 ,  0.2183339 ,  0.16889296,  0.18842746,  0.18230723,
         0.17409418,  0.16771584,  0.18656151,  0.17044917,  0.17993871,
         0.19578333,  0.23967393,  0.44189117,  0.1846846 ,  0.6038761 ,
         0.17125612,  0.17721934,  0.21936957,  0.18377897,  0.38856735],
       [ 0.20513056,  0.2267673 ,  0.19421621,  0.20364195,  0.21034827,
         0.20427263,  0.19252065,  0.20765709,  0.20108391,  0.19112928,
         0.20690026,  0.26431359,  0.46337842,  0.19948372,  0.6226464 ,
         0.19372958,  0.19870826,  0.24165298,  0.20545193,  0.39999888],
       [ 0.21655711,  0.25166723,  0.2125059 ,  0.2152115 ,  0.2288817 ,
         0.21226779,  0.21013859,  0.21782378,  0.21776364,  0.19921857,
         0.21336037,  0.28405071,  0.45442162,  0.20482902,  0.64627465,
         0.21630625,  0.19719211,  0.24861263,  0.20172201,  0.40495601],
       [ 0.18602861,  0.2219835 ,  0.17185242,  0.19609919,  0.18902585,
         0.18947637,  0.18915987,  0.19439377,  0.19088491,  0.17612854,
         0.19311455,  0.25323633,  0.44486131,  0.18067047,  0.62167418,
         0.19533501,  0.18612632,  0.21972514,  0.19272363,  0.39342457],
       [ 0.2335461 ,  0.26774068,  0.22639278,  0.23412389,  0.23495257,
         0.22140378,  0.22296155,  0.23901515,  0.23630188,  0.22725337,
         0.24636955,  0.30585539,  0.48698007,  0.23324201,  0.65387948,
         0.22869039,  0.2218633 ,  0.26574131,  0.22433635,  0.4365407 ]])]Hidden bias: [array([-1.66812387, -1.66689507, -1.56295213, -1.71027623, -1.70189424,
       -1.72816195, -1.68598262, -1.6929722 , -1.71810816, -1.57578965,
       -1.7105433 , -1.72213313, -1.68506994, -1.65419037, -1.6411397 ,
       -1.67587559, -1.68613137, -1.7054702 , -1.67152779, -1.71365396]), array([-1.739145  , -1.76885433, -1.72738489, -1.73876695, -1.74480662,
       -1.7352252 , -1.7314443 , -1.74165093, -1.73258325, -1.73185267,
       -1.74619203, -1.80505814, -1.99173454, -1.73345472, -2.16517778,
       -1.73423338, -1.73323142, -1.77580223, -1.73430882, -1.93661484])]Output weights: [[ 5.8500477 ]
 [ 5.87527301]
 [ 5.85191445]
 [ 5.86111481]
 [ 5.84520213]
 [ 5.83917619]
 [ 5.84919589]
 [ 5.86956709]
 [ 5.84697089]
 [ 5.85645881]
 [ 5.84910414]
 [ 5.85947852]
 [ 5.86662818]
 [ 5.842761  ]
 [ 5.89033257]
 [ 5.84702228]
 [ 5.8578133 ]
 [ 5.85555477]
 [ 5.84805601]
 [ 5.8534812 ]]Output bias: [-5.96208176]