Action MLP:Hidden weights: [array([[-0.0087438 , -0.00389595, -0.00497238, ..., -0.0073154 ,
         0.00515938,  0.00637115],
       [ 0.00090317, -0.00937615,  0.00647943, ..., -0.00802117,
         0.00960146,  0.00569341],
       [-0.00913841, -0.00273369,  0.00832252, ..., -0.00738508,
        -0.00471058, -0.00407012],
       ..., 
       [-0.00635899,  0.00297049,  0.00836186, ...,  0.00262056,
         0.0081399 , -0.00060341],
       [-0.00273825, -0.00368347, -0.00626163, ..., -0.00885452,
        -0.00837474,  0.00508106],
       [-0.00318854, -0.00763221, -0.00697685, ...,  0.00879112,
        -0.00488121, -0.00776677]]), array([[  1.20256876e-03,   7.52892474e-03,   4.20440590e-03,
          4.12297349e-03,   6.26641752e-03,  -3.22273204e-03,
          7.55922100e-03,   1.80078962e-03,  -5.79639343e-03,
          2.81366790e-03,  -4.66697776e-03,  -7.95886478e-03,
         -5.33491987e-03,   5.14692500e-03,   5.02940557e-03,
          8.23422357e-03,   7.77711216e-03,   5.58145856e-03,
         -1.73026330e-03,   1.37281346e-03],
       [  7.93231893e-03,  -7.68410317e-03,  -4.12177221e-03,
          7.18524249e-03,   2.68508323e-03,  -9.95503946e-03,
         -1.10590099e-02,   8.10685315e-03,  -8.46917318e-03,
          6.87253795e-04,  -6.39976567e-03,  -3.00720629e-03,
          6.42909895e-04,  -6.16595304e-04,  -2.79755991e-05,
          8.37691076e-03,   1.76551936e-03,   4.85110524e-03,
          4.90741913e-03,   1.80062755e-03],
       [  8.26286248e-03,   6.23557925e-03,  -9.04893041e-04,
          2.41950479e-03,   1.73788467e-03,  -2.78277931e-03,
          3.98339850e-03,  -9.30225362e-03,   8.88875111e-03,
          7.88916618e-03,  -8.29076607e-03,  -8.12297503e-03,
         -9.88956204e-03,  -5.02101777e-03,  -1.01264884e-02,
         -5.04115960e-03,   8.14164649e-03,  -5.82575742e-03,
          6.32582407e-03,  -6.47414604e-03],
       [ -5.33786391e-03,   5.18614261e-03,  -1.58972239e-03,
          7.58225303e-03,  -4.86501040e-03,  -7.71088457e-03,
          3.16062422e-03,  -3.66662884e-03,  -2.00921116e-03,
          2.32679585e-03,   7.17049906e-03,  -9.57540833e-03,
         -3.61559475e-03,   1.48004001e-03,  -8.04974900e-03,
          2.48422049e-03,  -2.94489661e-04,   2.19506578e-03,
         -4.86445529e-03,   1.34357044e-03],
       [  3.17295665e-03,   1.83574952e-03,  -2.54393735e-03,
         -1.59799975e-03,  -1.07951243e-02,  -3.76399990e-03,
         -2.20599892e-03,  -6.33293657e-04,   4.40953938e-03,
         -9.49839395e-03,  -3.50994183e-04,  -9.67650193e-03,
         -9.63527746e-03,   2.17264412e-03,  -4.81372835e-03,
         -1.33729415e-03,   1.68724944e-03,  -3.92608634e-03,
          7.63569393e-03,   6.71091338e-03],
       [ -2.49734365e-03,   5.71980874e-03,   3.30387316e-03,
         -7.78932218e-03,   4.23185030e-03,  -1.41823085e-03,
          4.05466324e-03,  -8.95126096e-03,  -4.66895276e-03,
          2.74090935e-03,  -9.54792518e-03,   2.36401275e-03,
         -4.08589758e-04,  -5.33750288e-03,   7.64286489e-03,
         -3.43791331e-03,   8.10265548e-03,  -4.77220332e-03,
         -9.14168859e-03,  -4.34143227e-03],
       [ -6.49047174e-03,   2.44935402e-03,   6.95453455e-03,
         -3.69525911e-03,   1.42832202e-03,  -1.08357875e-02,
         -1.03783321e-02,  -2.06847439e-03,   4.45272509e-03,
         -5.90623422e-03,   5.05295917e-03,  -9.73260994e-03,
         -5.25373716e-03,   4.08455805e-03,  -9.52963349e-03,
         -3.32987920e-03,  -4.80386660e-03,  -1.17951367e-04,
         -2.48903951e-03,  -7.00313127e-03],
       [  1.77975255e-03,  -6.40770821e-03,  -3.50385411e-03,
          5.32884967e-03,  -4.51498174e-03,  -4.82667924e-03,
         -9.60717128e-03,  -9.49785541e-03,  -7.57950034e-03,
         -6.50636607e-03,  -8.55350009e-03,   1.97272059e-03,
         -6.13978169e-03,   9.41592523e-04,  -1.79799802e-03,
          7.99224027e-04,  -9.71550823e-03,  -1.67069109e-03,
          8.14329974e-03,  -1.26868925e-03],
       [  8.10819093e-03,   5.31808365e-03,   4.07105018e-03,
          8.36426488e-03,  -1.02514841e-02,  -1.06624562e-02,
         -9.55218360e-03,  -3.63901435e-03,   5.11346068e-03,
          7.70408423e-03,   4.24884684e-03,  -3.63167388e-03,
          5.12307248e-03,  -5.51450581e-03,  -8.42673272e-03,
          2.06700386e-03,   8.30243952e-03,  -1.01202760e-02,
          8.40561888e-03,   6.36580619e-03],
       [  7.12331620e-03,  -7.63366079e-03,   6.31165537e-03,
          5.15853726e-03,  -4.19996379e-03,   6.56819327e-03,
         -7.06784314e-03,  -5.30049074e-03,  -8.48481835e-03,
         -3.11866917e-03,   2.01388399e-03,  -1.01951998e-02,
         -7.27710910e-03,   8.78994699e-03,   6.16003927e-03,
          6.04639959e-04,  -6.65374835e-03,   8.70379162e-03,
          3.88099955e-03,  -9.43731411e-03],
       [  4.58218793e-03,  -5.51874435e-03,  -8.38586437e-03,
         -1.03130733e-02,  -1.00975434e-02,  -1.09498417e-02,
         -9.17333442e-03,  -6.12746536e-03,   7.31864215e-03,
          5.95980457e-03,  -5.35971234e-03,   5.39046696e-03,
          6.19022643e-03,  -9.77504432e-03,   8.63089069e-04,
          1.15553328e-03,   3.35689971e-03,  -8.64454960e-03,
         -3.63400768e-03,  -1.47950499e-03],
       [ -3.74205056e-03,   4.18801446e-03,   7.56392690e-03,
         -4.66882704e-03,   2.85729011e-03,  -5.19537914e-03,
         -8.14105017e-03,   4.60106490e-03,  -8.10721880e-03,
         -5.67647346e-03,   6.56981882e-03,   9.58848825e-04,
         -1.48610498e-03,   9.97360081e-04,   3.58295915e-03,
          9.02248388e-03,   1.32837826e-04,  -6.47562270e-03,
          4.37970390e-03,  -2.06187822e-03],
       [ -1.09610834e-03,  -1.04288093e-02,   3.59012772e-04,
          9.12711523e-03,  -8.87416630e-03,   2.34996018e-03,
         -9.91968338e-03,   6.03586029e-03,  -1.76346412e-03,
          3.10727416e-03,   3.47695842e-03,   2.60378974e-03,
         -2.28419046e-03,  -5.56826671e-03,   9.08969260e-03,
         -5.41308902e-03,  -1.58445170e-04,  -5.92881903e-03,
         -3.15470761e-03,  -2.12263614e-03],
       [  7.45096430e-03,   3.92526397e-03,   4.44357584e-03,
          2.03104025e-04,   8.30520940e-03,   4.11416792e-03,
          8.33291899e-03,  -1.02937541e-02,   9.02295705e-03,
         -4.42165025e-04,  -8.68139409e-05,  -7.83631392e-03,
         -7.34328954e-03,   4.18050888e-03,  -3.23514677e-03,
          5.42494722e-03,   3.11836918e-03,   8.33485473e-03,
         -1.03106322e-02,   6.13927758e-03],
       [ -2.39395256e-03,   8.59639085e-03,  -1.06351816e-03,
          7.26068042e-03,  -9.79842357e-03,  -1.00924099e-02,
          6.48464312e-04,  -4.84400762e-03,  -1.12739242e-04,
         -1.05745241e-02,  -8.04067909e-03,   2.21782679e-03,
         -8.42156197e-03,  -3.93262433e-03,   8.41664671e-03,
         -1.05543742e-02,  -9.68724941e-03,  -2.57035895e-03,
          5.99522665e-03,  -2.36610456e-03],
       [ -6.90925790e-03,   6.86596013e-03,   4.43963317e-03,
          2.45126545e-03,  -6.19709460e-03,  -2.82039444e-03,
         -6.10712267e-03,   7.13694758e-03,  -7.42783227e-03,
          6.00542783e-03,   8.67582593e-03,  -3.74481406e-03,
          6.38676684e-03,  -7.15563304e-03,   3.77236552e-03,
         -4.70146720e-04,  -8.44275813e-03,  -2.44816338e-03,
          1.89462921e-03,  -4.47304948e-03],
       [  9.99135072e-04,  -3.62925269e-03,   3.74004219e-03,
         -3.85050422e-03,   1.02584068e-03,  -1.04778210e-02,
         -9.23981309e-03,  -1.00739809e-02,   5.18025227e-04,
         -4.19062092e-03,  -6.87390647e-04,   4.31013465e-03,
          2.55701602e-03,  -7.18240746e-03,  -1.07387403e-02,
         -1.28699157e-04,  -9.51569840e-03,  -8.66404074e-03,
         -1.69579073e-03,   2.30218843e-05],
       [ -7.32926260e-03,   8.72670946e-03,   5.76671541e-04,
         -8.96859940e-03,  -6.77855246e-04,   2.66313457e-03,
          4.27936282e-03,   9.21251126e-03,  -1.21331401e-03,
         -6.57305090e-03,  -5.46601768e-03,  -4.66429020e-03,
         -7.79598699e-03,   3.23990505e-03,  -7.52675325e-03,
         -9.66253743e-03,   6.20865561e-03,  -8.77746864e-03,
          7.30852800e-03,   4.62851416e-04],
       [ -8.75724466e-04,   6.30921981e-03,  -3.76675415e-03,
         -3.05178908e-03,   2.65409253e-04,   7.28754020e-03,
         -6.33078187e-03,  -4.32644520e-03,  -1.60589216e-03,
          4.74478978e-03,   8.81318515e-03,   4.88301379e-03,
         -5.61618240e-03,  -9.73497681e-03,   4.09791714e-03,
         -1.09213138e-02,   7.58374244e-03,  -6.36393027e-03,
          6.46595724e-03,   4.60624136e-04],
       [ -6.70637619e-03,   8.27136064e-03,   8.30907348e-03,
          1.38810816e-03,  -9.06009369e-03,  -1.04479231e-03,
          8.31110928e-03,   3.77363428e-03,   9.41666715e-04,
          5.72369952e-03,   6.09975335e-03,  -2.94146555e-03,
         -7.64051285e-03,   3.71439016e-03,  -6.46921082e-03,
         -5.14288040e-03,   1.73552528e-03,   4.12391511e-05,
          5.64029914e-03,   7.02454348e-03]])]Hidden bias: [array([-0.99994413, -0.99996374, -0.99996557, -0.99996711, -0.99997455,
       -0.99996914, -0.99999149, -0.99997981, -0.99994555, -0.99996314,
       -0.9999892 , -0.99995313, -0.99996402, -0.99993468, -0.99998655,
       -0.99995136, -0.99997688, -0.99997646, -0.99995192, -0.99993846]), array([-0.9984874 , -0.99891869, -0.99889585, -0.99864639, -0.99862793,
       -0.99830303, -0.99881064, -0.99936158, -0.99873515, -0.99844643,
       -0.99846126, -0.99875088, -0.99804932, -0.99889428, -0.99875867,
       -0.99857845, -0.99912504, -0.99908256, -0.99828676, -0.99834117])]Output weights: [[ 0.05690406  0.0583361 ]
 [ 0.05603009  0.07233889]
 [ 0.06561543  0.06269766]
 [ 0.04997485  0.06928725]
 [ 0.05809903  0.05987036]
 [ 0.05489385  0.05458533]
 [ 0.06468907  0.05850782]
 [ 0.06552462  0.07269153]
 [ 0.04862969  0.07220682]
 [ 0.05101956  0.06307776]
 [ 0.05278425  0.06215116]
 [ 0.05021987  0.07014774]
 [ 0.04878771  0.05387303]
 [ 0.05372894  0.07130904]
 [ 0.05153638  0.07029166]
 [ 0.05306372  0.06399827]
 [ 0.06192334  0.07138273]
 [ 0.05788489  0.07150554]
 [ 0.05180003  0.05807605]
 [ 0.05096551  0.05995657]]Output bias: [ 0.92373368  0.91505067]
Value MLP:Hidden weights: [array([[  2.28009844e-02,   3.46939256e-02,   2.65009535e-02, ...,
          3.40539342e-02,   2.16463663e-02,   3.15778223e-02],
       [  2.13930046e-03,   3.14698449e-03,   5.76747240e-03, ...,
         -1.19490475e-03,   2.43010079e-03,  -5.64097664e-03],
       [ -2.79880049e-02,  -2.98122549e-02,  -5.04789492e-04, ...,
         -3.86732751e-02,  -2.04150292e-02,  -3.80709624e-02],
       ..., 
       [  8.05631923e-03,  -6.56317705e-03,   1.00768395e-03, ...,
         -9.90373325e-07,   5.02298950e-03,  -2.22367976e-04],
       [ -1.04449630e-02,  -2.24608453e-04,  -3.91275603e-03, ...,
          2.89820704e-03,   5.16923957e-03,  -3.42103178e-04],
       [ -1.71523247e-04,  -9.56155225e-03,  -7.87442653e-03, ...,
         -5.99148968e-03,   3.16536561e-04,   1.80154952e-03]]), array([[ 0.17551786,  0.21522291,  0.17377636,  0.1812247 ,  0.19086657,
         0.17006735,  0.17862237,  0.18687512,  0.17750902,  0.16242065,
         0.17760546,  0.24359523,  0.43642493,  0.18264122,  0.60832738,
         0.16688525,  0.17511916,  0.22304899,  0.16736623,  0.36814348],
       [ 0.18089826,  0.2119234 ,  0.17278301,  0.17554033,  0.19900054,
         0.17938339,  0.18772019,  0.1850348 ,  0.17523959,  0.17182309,
         0.18970325,  0.26345518,  0.43304661,  0.17377693,  0.6136102 ,
         0.18428028,  0.17732807,  0.23066423,  0.18319883,  0.37889331],
       [ 0.11137366,  0.1545488 ,  0.1034517 ,  0.11743574,  0.11977533,
         0.11188812,  0.10696473,  0.12948212,  0.10549714,  0.11244001,
         0.12978993,  0.18873532,  0.36684018,  0.11748822,  0.53893516,
         0.11982713,  0.11343971,  0.16060156,  0.11646996,  0.31890559],
       [ 0.22349369,  0.25793635,  0.22427458,  0.23551138,  0.23886577,
         0.23086332,  0.23189014,  0.22129988,  0.21934587,  0.22933195,
         0.22921479,  0.29793095,  0.4777472 ,  0.23213744,  0.65331351,
         0.21973779,  0.21693833,  0.27591517,  0.23416906,  0.42681197],
       [ 0.21212456,  0.24755543,  0.20663588,  0.20838699,  0.20580799,
         0.20851506,  0.1998599 ,  0.20560582,  0.21188309,  0.2036566 ,
         0.22173962,  0.28404641,  0.46750551,  0.20177493,  0.62892038,
         0.19675676,  0.20441673,  0.25423617,  0.19540851,  0.41019456],
       [ 0.25409231,  0.29055312,  0.24193937,  0.2509613 ,  0.25629143,
         0.2534154 ,  0.24877155,  0.25290025,  0.25643522,  0.24053642,
         0.2623933 ,  0.33153766,  0.50847596,  0.24886932,  0.68826503,
         0.25486843,  0.25522502,  0.29092565,  0.24509552,  0.45368425],
       [ 0.21738502,  0.24736088,  0.20920588,  0.20842383,  0.23246096,
         0.21835825,  0.20312722,  0.21974596,  0.22156072,  0.20228179,
         0.2344002 ,  0.27911554,  0.47722177,  0.20973889,  0.65219588,
         0.21338468,  0.2079816 ,  0.25959877,  0.20940745,  0.41408991],
       [ 0.20389607,  0.22755843,  0.18929617,  0.19978372,  0.203848  ,
         0.20304332,  0.18774235,  0.20587939,  0.18487648,  0.18830525,
         0.20455811,  0.26360937,  0.45663642,  0.19981287,  0.6179834 ,
         0.18952439,  0.196787  ,  0.22877587,  0.1941862 ,  0.39652179],
       [ 0.22965232,  0.2583907 ,  0.22652083,  0.23534946,  0.24173586,
         0.22704126,  0.21897617,  0.23712088,  0.23306407,  0.22758726,
         0.2490091 ,  0.29731733,  0.47817575,  0.2383948 ,  0.65216671,
         0.24033824,  0.23366255,  0.26233339,  0.2391184 ,  0.4265741 ],
       [ 0.13657331,  0.15519393,  0.11029702,  0.13219658,  0.13920773,
         0.11508278,  0.11209762,  0.13211427,  0.12388975,  0.1188206 ,
         0.14227594,  0.20073195,  0.36862064,  0.12035896,  0.54840805,
         0.11545527,  0.1100727 ,  0.16713141,  0.11573726,  0.31815089],
       [ 0.21257753,  0.24103312,  0.20622398,  0.19788609,  0.22524225,
         0.21394679,  0.20037662,  0.21099433,  0.20184328,  0.20249564,
         0.21413184,  0.27687319,  0.45633121,  0.20328441,  0.62613783,
         0.21027228,  0.20976405,  0.25008772,  0.21227752,  0.41365979],
       [ 0.24820252,  0.26267272,  0.23812494,  0.24797045,  0.25243995,
         0.23260079,  0.22479802,  0.2397156 ,  0.24514301,  0.22414293,
         0.25807409,  0.30936029,  0.48423217,  0.23071366,  0.65649074,
         0.24781951,  0.23120659,  0.28702736,  0.24581014,  0.4321001 ],
       [ 0.20207426,  0.21393691,  0.18050395,  0.20097152,  0.2081012 ,
         0.19486601,  0.18545119,  0.19805687,  0.18847037,  0.19583094,
         0.20856015,  0.25636913,  0.43895647,  0.19153169,  0.61783462,
         0.18343751,  0.19343782,  0.23663925,  0.19318042,  0.40180215],
       [ 0.16775097,  0.20443906,  0.16130326,  0.17296245,  0.1702505 ,
         0.17481794,  0.16141972,  0.18023703,  0.1716285 ,  0.1594316 ,
         0.16956078,  0.23070942,  0.42849411,  0.16909286,  0.58551018,
         0.17525998,  0.16433145,  0.2025171 ,  0.15853365,  0.37563077],
       [ 0.29425149,  0.31749781,  0.29471626,  0.29322257,  0.30883545,
         0.29240612,  0.29051907,  0.29371473,  0.28952838,  0.29605121,
         0.30899947,  0.35703207,  0.53745515,  0.29171878,  0.7150196 ,
         0.29445247,  0.28644141,  0.32713806,  0.28888124,  0.49229336],
       [ 0.19038544,  0.21810349,  0.16829764,  0.18791934,  0.18190249,
         0.17355518,  0.16710965,  0.18607525,  0.16989996,  0.17933679,
         0.19538439,  0.23959542,  0.44189087,  0.18412938,  0.6038761 ,
         0.17071342,  0.17662246,  0.21918763,  0.18321871,  0.38856586],
       [ 0.20456201,  0.22651136,  0.19352486,  0.2030638 ,  0.2098884 ,
         0.20365538,  0.19182049,  0.20710628,  0.20045543,  0.19043102,
         0.20644773,  0.26422756,  0.4633781 ,  0.19884806,  0.6226464 ,
         0.19310693,  0.19802322,  0.24145153,  0.20481062,  0.39999727],
       [ 0.21596235,  0.2514011 ,  0.21177916,  0.21460676,  0.22840092,
         0.21162113,  0.20940353,  0.21724825,  0.21710534,  0.19848476,
         0.21288744,  0.28396153,  0.45442128,  0.20416311,  0.64627464,
         0.21565365,  0.19647399,  0.24840332,  0.2010502 ,  0.40495434],
       [ 0.18554747,  0.22176034,  0.1712815 ,  0.19560967,  0.18863568,
         0.18895785,  0.18857786,  0.19392487,  0.19035649,  0.17555113,
         0.19272983,  0.25316009,  0.44486101,  0.18013633,  0.62167418,
         0.19481312,  0.18555248,  0.21954881,  0.19218463,  0.39342311],
       [ 0.23295078,  0.26747604,  0.22566246,  0.23351864,  0.2344717 ,
         0.2207557 ,  0.22222359,  0.23843971,  0.23564217,  0.22651612,
         0.24589671,  0.30576722,  0.48697975,  0.23257466,  0.65387948,
         0.22803613,  0.2211432 ,  0.26553342,  0.22366305,  0.43653908]])]Hidden bias: [array([-1.66623114, -1.66509846, -1.56119662, -1.70862497, -1.70019545,
       -1.7264567 , -1.68406043, -1.69091267, -1.7162619 , -1.57385231,
       -1.7087383 , -1.72037051, -1.68321816, -1.65219512, -1.64316475,
       -1.67396667, -1.68437969, -1.7037667 , -1.66945804, -1.71183221]), array([-1.7382811 , -1.76848542, -1.72629095, -1.73788925, -1.74411117,
       -1.7342755 , -1.73034802, -1.7408224 , -1.73161772, -1.73075021,
       -1.74551004, -1.80493764, -1.99173409, -1.73247718, -2.16517778,
       -1.73327184, -1.73217222, -1.77551387, -1.73332288, -1.93661264])]Output weights: [[ 6.15082377]
 [ 6.17600472]
 [ 6.15271155]
 [ 6.16189193]
 [ 6.14596331]
 [ 6.13996021]
 [ 6.14999305]
 [ 6.17033963]
 [ 6.14775617]
 [ 6.15725656]
 [ 6.14986404]
 [ 6.16018843]
 [ 6.1673276 ]
 [ 6.14354743]
 [ 6.19103195]
 [ 6.14780729]
 [ 6.1586068 ]
 [ 6.15627947]
 [ 6.14884309]
 [ 6.15418077]]Output bias: [-6.26278114]