Action MLP:Hidden weights: [array([[ -5.46915352e-02,   4.34640954e-02,   4.81220897e-02,
         -5.41864515e-01,  -8.70603904e-02,  -2.66396121e-03,
          6.27487603e-02,  -7.35113204e-03,   1.47529699e-01,
         -2.35520617e-02,  -5.23442946e-02,   6.59299311e-02,
          7.52459580e-02,   1.29492196e-01,  -2.55064754e-02,
         -7.16068833e-02,  -1.39286892e-02,  -1.40466672e-02,
          2.61872700e-02,   1.76387998e-03],
       [  3.24873761e-01,   3.45170368e-01,   3.45975200e-01,
         -1.93788149e-02,   3.48116900e-01,   3.06476305e-01,
          3.62584258e-01,   3.02870979e-01,   7.05657047e-01,
          3.10489487e-01,   3.14703825e-01,   3.33418938e-01,
          3.86923215e-01,   4.82036845e-01,   2.99644844e-01,
          3.15629366e-01,   3.07422976e-01,   3.02193087e-01,
          3.11429920e-01,   3.07790967e-01],
       [  3.95485575e-02,  -3.13934389e-02,  -3.53239681e-02,
         -8.80072435e-02,   5.99466026e-02,   1.13189390e-03,
         -4.49832792e-02,   6.68763376e-03,   1.08800636e-01,
          1.69221477e-02,   4.13709309e-02,  -3.92790373e-02,
         -5.11583487e-02,  -7.30516439e-02,   2.00674445e-02,
          5.70382055e-02,   7.24805415e-03,   1.39429166e-02,
         -1.96879233e-02,  -2.27486019e-03],
       [ -3.45082353e-01,  -4.26363880e-01,  -4.30770072e-01,
         -7.99440205e-01,  -3.65079073e-01,  -3.40689922e-01,
         -4.51412307e-01,  -3.34909346e-01,  -1.17794397e+00,
         -3.36397836e-01,  -3.34390023e-01,  -4.27350491e-01,
         -4.95680498e-01,  -6.53558826e-01,  -3.17417341e-01,
         -3.28221538e-01,  -3.39914502e-01,  -3.23752982e-01,
         -3.73940633e-01,  -3.45907751e-01],
       [  6.03393333e-02,   5.06979630e-02,   4.94264396e-02,
         -7.34120516e-01,   5.78345050e-02,   6.58873593e-02,
          4.03221764e-02,   7.18121596e-02,   4.77211800e-02,
          6.25335623e-02,   6.56124496e-02,   6.63311249e-02,
          2.87132884e-02,  -9.05289445e-02,   6.61753430e-02,
          6.04467389e-02,   6.24181600e-02,   7.32570411e-02,
          6.92627738e-02,   6.78480234e-02],
       [  4.91938630e-02,   5.11040483e-02,   5.13016214e-02,
         -1.70125632e+00,   6.89084693e-02,   1.44054097e-02,
          6.51487886e-02,   1.07614190e-02,   1.50589097e+00,
          2.95001121e-02,   4.36080481e-02,   3.28000649e-02,
          1.07806138e-01,   5.35661759e-01,   1.87768212e-02,
          6.10216257e-02,   2.11706010e-02,   9.69029874e-03,
          1.05748839e-02,   1.03834663e-02],
       [  1.32710197e-01,   7.55511394e-02,   6.76082092e-02,
         -1.24417014e-01,   1.36399130e-01,   1.06914578e-01,
          5.13335189e-02,   1.15699924e-01,   3.90902555e-02,
          1.28960177e-01,   1.33522125e-01,   5.19053238e-02,
          5.47705085e-02,   4.50788065e-02,   1.14569754e-01,
          1.38963551e-01,   1.08801868e-01,   1.17995082e-01,
          7.82921300e-02,   9.53324127e-02],
       [  6.18153733e-02,   1.57630003e-02,   1.27166610e-02,
          4.16849911e-03,   7.49302280e-02,   4.10313836e-02,
          1.45391067e-02,   3.77839037e-02,  -4.17792418e-02,
          5.36632256e-02,   5.79292888e-02,  -1.70891806e-03,
          3.57146341e-04,  -4.26732057e-02,   6.07280528e-02,
          7.95959522e-02,   4.75452559e-02,   4.99898061e-02,
          1.42749854e-02,   3.73537043e-02]])]Hidden bias: [array([-0.33545025, -0.35953829, -0.36077707, -1.5440781 , -0.35879806,
       -0.32079406, -0.37595643, -0.31657737, -0.588594  , -0.32265329,
       -0.3240479 , -0.34677   , -0.39629137, -0.43474163, -0.31089013,
       -0.3216855 , -0.32183346, -0.31396586, -0.32840311, -0.32289212])]Output weights: [[ 0.03113044  0.05847091]
 [ 0.05068116  0.05707548]
 [ 0.05182937  0.05665116]
 [ 0.21311041 -0.29240136]
 [ 0.02922444  0.06702112]
 [ 0.03876347  0.04230965]
 [ 0.05358525  0.05797401]
 [ 0.0372869   0.04221914]
 [-0.14944496  0.18295354]
 [ 0.03462591  0.04957881]
 [ 0.0298707   0.05695321]
 [ 0.05359568  0.05211038]
 [ 0.05388379  0.06907203]
 [ 0.00426676  0.08375133]
 [ 0.03267055  0.04319726]
 [ 0.02548257  0.06286775]
 [ 0.03759212  0.04517769]
 [ 0.03456923  0.04071839]
 [ 0.04676965  0.04250634]
 [ 0.04040085  0.04055706]]Output bias: [ 0.33840907  0.62532676]
Value MLP:Hidden weights: [array([[ -8.73593589e+02,   5.49569272e+03,   3.23982557e+03,
         -6.43376850e+01,  -3.07816390e+01,   3.00256831e+03,
         -6.13654130e+03,  -6.45231703e+03,   3.15631790e+04,
          1.18986830e+04,  -1.31428407e+04,   7.88368485e+05,
         -3.53314413e+05,   1.74259865e+02,  -7.52778969e+01,
          1.77643828e+05,   1.98035429e+00,   5.77282616e+01,
         -1.64085615e+03,  -5.14676876e+03],
       [  8.35284444e+01,  -3.88859637e+02,  -6.91498031e+03,
         -1.30154177e+02,  -3.67808958e+03,   1.07898616e+04,
         -1.27832859e+03,   1.17909233e+04,  -5.58952006e+04,
          7.99082361e+03,  -2.75367415e+04,  -1.20546960e+05,
         -4.18649248e+06,   3.44613763e+03,   2.08743709e+02,
         -2.43199422e+05,  -3.58781416e+01,   9.53540334e+02,
         -1.31920453e+04,   6.65325660e+03],
       [  2.55939419e+03,   6.81121113e+03,   9.89010932e+03,
         -1.06240528e+02,   5.06858358e+02,   1.38099421e+04,
         -1.40254207e+04,   4.08825351e+04,  -2.27358645e+04,
         -5.69366383e+03,  -4.17995228e+04,   1.77708010e+06,
         -1.94608992e+06,   7.99045974e+02,  -1.09751298e+02,
          5.06532154e+05,   2.31059530e+00,   7.27454746e+02,
         -8.08013401e+03,  -6.55918530e+03],
       [  3.78581260e+03,   2.84425960e+03,   1.83592370e+03,
          1.38324592e+02,   2.52534657e+03,  -1.95849348e+03,
          5.16784238e+03,  -3.24223410e+04,   1.63195425e+03,
         -3.48437444e+04,   1.69722929e+04,   9.92009910e+05,
         -1.28433067e+06,  -1.54525169e+03,  -6.35056660e+01,
          1.68880778e+05,   1.68012477e+01,  -2.10395885e+01,
         -4.82719827e+03,  -1.02722219e+03],
       [ -5.01944317e+03,  -1.85736563e+03,  -6.44473458e+03,
          2.45845370e+01,  -1.19031716e+03,  -1.00633333e+04,
          6.09145813e+03,  -6.31017469e+04,   5.57674260e+04,
         -1.83219321e+04,   3.95886378e+04,  -1.54082560e+05,
          2.37577852e+05,  -1.28833554e+03,  -5.54968909e+01,
         -4.15662779e+05,  -1.17833214e+01,  -1.34131205e+02,
          2.88917784e+03,  -3.62472672e+02],
       [ -1.72870039e+03,   1.76857123e+03,  -4.60470161e+03,
         -5.16788338e+01,  -1.10376303e+03,  -3.90897107e+03,
          9.70457762e+02,  -2.43604370e+04,   3.73256399e+04,
         -4.71846709e+04,   1.19369687e+04,   3.77234078e+05,
         -2.71832291e+05,  -1.12967100e+03,  -5.45091552e+00,
         -1.47244529e+05,   2.05342497e+00,  -1.84438379e+02,
          2.90997380e+03,  -1.06824332e+03],
       [ -4.64055419e-02,  -3.75885135e+02,   1.28001677e+02,
         -3.22811905e-03,  -9.28866663e-03,  -5.91945144e+00,
         -4.29274557e-02,   2.09157094e+02,   9.58944805e+00,
          4.79671920e-02,  -2.32450964e-03,  -2.30319858e-02,
         -3.63303243e-03,   2.47062610e-02,  -4.14490054e-01,
          6.91438609e-03,  -4.68003510e-03,   8.84121761e-03,
          3.95074391e-03,  -8.80320476e-03],
       [ -4.96411482e+00,  -9.81415843e+03,  -5.66454171e+00,
         -1.15634407e+00,  -2.97124669e+00,  -6.64740196e+00,
         -5.31105224e+00,  -1.11866567e+01,   9.63428473e-01,
         -5.40320426e+00,  -6.56166634e+00,  -5.25580507e+00,
         -4.77843054e+00,  -5.14285563e+00,  -4.99742903e+00,
          1.06080216e+02,  -9.05657855e+00,  -4.75697619e+00,
         -4.81452042e+00,  -5.02489934e+00]])]Hidden bias: [array([ -2.95104618e+03,  -1.01994748e+04,  -7.74653694e+03,
        -2.16578733e+02,  -4.89113297e+03,   1.20328613e+04,
        -5.74315779e+03,   1.53616485e+04,  -4.78760510e+04,
         4.90093610e+04,  -3.38833300e+04,  -1.74400883e+06,
        -4.08149524e+06,   4.28433048e+03,   2.73817800e+02,
        -2.59601296e+05,  -5.64302206e+01,   9.50062711e+02,
        -1.27914201e+04,   6.69240191e+03])]Output weights: [[ -4709.54327596]
 [ -8637.33892358]
 [ -6836.99528609]
 [  7033.2677195 ]
 [  6527.87423439]
 [  7871.25279482]
 [-11921.67139352]
 [  2530.57752675]
 [  2770.17657821]
 [-26843.47630283]
 [ -1022.92350141]
 [  -849.92452004]
 [-26687.32275702]
 [ -9058.17210748]
 [ -8518.92582634]
 [ -6279.85355926]
 [  8610.64985882]
 [  1629.60043054]
 [  2865.97428463]
 [  8993.30711417]]Output bias: [-8590.26137136]