Action MLP:Hidden weights: [array([[ 0.00959418,  0.00868553,  0.00802812, ...,  0.00917715,
        -0.00557408,  0.00156306],
       [-0.00076511, -0.00880308, -0.00521813, ...,  0.00639756,
         0.00668293, -0.00545635],
       [ 0.0008476 , -0.00706854, -0.00742849, ...,  0.00044442,
         0.00159611,  0.00101381],
       ..., 
       [-0.00373692,  0.00578682,  0.00663654, ..., -0.00735369,
         0.0020774 , -0.00608982],
       [-0.00567521, -0.00857148, -0.00316649, ...,  0.00120952,
        -0.00290181, -0.00516068],
       [-0.00644877,  0.002553  ,  0.00317057, ...,  0.00290086,
         0.00700126,  0.00212399]])]Hidden bias: [array([-0.99357765, -0.99552482, -0.99386506, -0.99364697, -0.99497938,
       -0.99453472, -0.99357974, -0.99333114, -0.99440467, -0.99481223,
       -0.99456515, -0.99367062, -0.99346352, -0.99348718, -0.99576893,
       -0.99391694, -0.99348341, -0.99659087, -0.99503287, -0.99567092])]Output weights: [[ 0.05020989  0.07186659]
 [ 0.06410634  0.05323242]
 [ 0.05702821  0.06376561]
 [ 0.05364544  0.06198828]
 [ 0.05930088  0.06811309]
 [ 0.05778397  0.06047967]
 [ 0.05701356  0.06841473]
 [ 0.04614933  0.07476751]
 [ 0.07032813  0.06435162]
 [ 0.0540271   0.05437968]
 [ 0.04623948  0.0662564 ]
 [ 0.05763988  0.07047609]
 [ 0.04889238  0.07640282]
 [ 0.05842246  0.06842651]
 [ 0.06383958  0.04207437]
 [ 0.04873675  0.07324259]
 [ 0.07102389  0.07322162]
 [ 0.06383473  0.03395912]
 [ 0.07277323  0.05662175]
 [ 0.04724693  0.05925794]]Output bias: [ 0.93470593  0.9459235 ]
Value MLP:Hidden weights: [array([[  1.29853922e+00,   5.41954643e-01,  -8.67617243e-02, ...,
          6.73615140e-01,  -2.25300774e-01,   5.26854499e-01],
       [  7.06430235e-01,   3.55109334e-06,  -1.61766264e-01, ...,
          1.36686785e-01,  -4.95142248e-01,   1.49667823e-01],
       [  3.19504707e-01,  -3.76088330e-01,  -1.01999622e-01, ...,
         -3.43966179e-01,  -4.04197383e-01,  -1.67545672e-01],
       ..., 
       [ -5.52400432e-03,   6.35777269e-03,  -9.11490687e-03, ...,
          5.60948605e-04,  -4.69622162e-03,  -5.81682606e-03],
       [  6.75618580e-03,  -3.04412321e-04,   7.50026797e-05, ...,
         -7.01723648e-03,   2.72216821e-03,   3.65314924e-03],
       [  6.85016066e-01,   3.38461548e-01,  -3.72848656e-03, ...,
          3.69145786e-01,  -5.11643008e-03,   2.94460410e-01]])]Hidden bias: [array([-2.74725303, -2.43484475, -2.47639002, -3.03167142, -0.05239875,
        1.77940037, -2.52342259, -2.19845566, -2.43939084,  0.47375272,
        0.99373377,  1.43151108, -1.96587521, -2.22605418, -2.41357194,
        1.28920238, -3.71046026, -2.55666769, -2.15881738, -1.10424064])]Output weights: [[ 11.99974519]
 [ 12.45742891]
 [ 12.82532413]
 [ 13.03748207]
 [  8.91082913]
 [  7.29986366]
 [ 12.62245512]
 [ 12.6954775 ]
 [ 13.00199722]
 [  9.19657643]
 [  8.56162698]
 [  9.24208386]
 [ 12.10009906]
 [ 12.80710044]
 [ 12.58782427]
 [  9.42226291]
 [ 11.73171194]
 [ 12.39000012]
 [ 12.39436096]
 [ 12.51746102]]Output bias: [-12.38382447]