Action MLP:Hidden weights: [array([[-0.00339519,  0.04662194,  0.01080956,  0.03459215,  0.06753986,
         0.06709673,  0.06235277,  0.00658381,  0.04167532,  0.02008848,
         0.02387043, -0.01062056,  0.05587361,  0.08113988,  0.07044382,
         0.01009749,  0.05336273,  0.04996729,  0.03959548,  0.03763728],
       [ 0.22529316,  0.20370915,  0.23725516,  0.19273451,  0.23179876,
         0.2505483 ,  0.25458011,  0.18750377,  0.23357911,  0.24065391,
         0.18346211,  0.20562684,  0.23557811,  0.27051992,  0.23105679,
         0.18374126,  0.24312322,  0.23034509,  0.22720892,  0.21106357],
       [-0.11434662, -0.13940812, -0.10775373, -0.12351905, -0.13010324,
        -0.11587441, -0.10143084, -0.13107672, -0.11534436, -0.11110437,
        -0.13032804, -0.11181341, -0.11415673, -0.11309047, -0.13609142,
        -0.13975741, -0.14022469, -0.12856691, -0.12377622, -0.14013152],
       [-0.3287518 , -0.36974306, -0.32619709, -0.33880151, -0.32600601,
        -0.31741714, -0.30598753, -0.350508  , -0.30276727, -0.31616228,
        -0.36982833, -0.35874139, -0.32180262, -0.30654604, -0.33749308,
        -0.38695929, -0.31582007, -0.32214115, -0.34095961, -0.34736833],
       [ 0.00573801,  0.08458401, -0.00987088,  0.09150112, -0.00321358,
         0.02371159, -0.00836165,  0.08942451,  0.05319606,  0.03776073,
         0.10381499, -0.00983821,  0.05783065, -0.01679876, -0.00047324,
         0.02406063,  0.06719315, -0.02498204, -0.01987808,  0.01323304],
       [ 0.03915413,  0.13786567,  0.0445862 ,  0.0924151 ,  0.09903953,
         0.10532077,  0.06920138,  0.06682234,  0.09029101,  0.06053422,
         0.09225373,  0.02045856,  0.09060055,  0.10091896,  0.11672838,
         0.05566588,  0.13170431,  0.08760937,  0.07031721,  0.0781922 ],
       [ 0.00160293,  0.01181973, -0.00219078,  0.00522553,  0.00573993,
         0.01106975,  0.00689046,  0.00555079,  0.01591279,  0.0041608 ,
         0.01166614,  0.00669966,  0.00724817,  0.00575709,  0.01209952,
         0.00604061,  0.00862557,  0.00221822,  0.00673559,  0.00946698],
       [ 0.01071924,  0.01891527,  0.00413325,  0.01283463,  0.00604992,
         0.0174483 ,  0.01838919,  0.00069222,  0.01769205,  0.0164777 ,
         0.00410468, -0.00379536,  0.01384749,  0.00840608,  0.02184902,
        -0.00152902,  0.01211527,  0.0120879 ,  0.01078259,  0.01703023]])]Hidden bias: [array([-0.61324882, -0.61309116, -0.61230521, -0.61441536, -0.6065774 ,
       -0.60612013, -0.60807646, -0.61537821, -0.61029288, -0.6123149 ,
       -0.61656343, -0.61186882, -0.60993494, -0.60251295, -0.60572785,
       -0.61207606, -0.60716492, -0.60857313, -0.61253272, -0.6127416 ])]Output weights: [[ 0.10517863  0.07560054]
 [ 0.15763029  0.13767254]
 [ 0.10046483  0.08267043]
 [ 0.14160152  0.11541537]
 [ 0.11843626  0.12916343]
 [ 0.0942521   0.14227829]
 [ 0.08384078  0.1226832 ]
 [ 0.14474012  0.09441697]
 [ 0.09074277  0.13154882]
 [ 0.08603522  0.10714261]
 [ 0.16483116  0.10806693]
 [ 0.13523037  0.06005605]
 [ 0.09770749  0.13671965]
 [ 0.08613312  0.14627714]
 [ 0.1284938   0.13671523]
 [ 0.16143466  0.08385618]
 [ 0.1106675   0.15709855]
 [ 0.11820739  0.11451009]
 [ 0.125322    0.10284835]
 [ 0.135499    0.10845223]]Output bias: [ 0.94793897  0.89043423]
Value MLP:Hidden weights: [array([[  2.69514057e+01,  -2.88790694e+01,   1.49982526e+01,
         -3.08021589e+01,   3.68574647e+01,  -2.69440297e+01,
         -1.77355271e+00,   2.82592488e+00,   4.25288333e+01,
         -1.28801451e+00,  -1.14391886e+01,   3.38979719e+01,
         -4.97519344e+00,   1.94654132e+00,   2.79677310e+00,
          1.65546501e+01,   8.60372169e+00,   4.72114964e+00,
          2.44789923e+01,  -2.08427751e+01],
       [  8.62969372e+00,   3.81093185e+00,   5.31203513e-01,
          1.27852014e+01,   1.14850831e+01,   2.10031996e+01,
          6.65270301e+00,   1.36135351e+01,  -5.78533096e-01,
          1.07213931e+00,   7.01397920e+00,  -9.62440366e-01,
          5.67129252e-01,  -5.91666456e+00,  -7.41379103e+00,
          2.66253397e+00,  -1.26883085e+01,   6.54028802e+00,
          1.36788966e+01,   8.39819346e+00],
       [ -2.33130278e+01,  -2.82713991e+01,   2.97781747e+01,
         -2.76418750e+00,   4.42719330e+01,  -1.55175645e+01,
         -1.75836861e+01,   2.63510629e-01,   3.40717406e+01,
         -5.21437910e-01,  -4.00039387e+01,   2.54035188e+01,
          1.50187139e+01,   6.58385924e-01,   3.10097607e+01,
         -3.77829117e+01,   4.57117222e+01,   3.76839755e+01,
         -3.44825408e+01,  -3.05726762e+01],
       [ -1.37424315e+00,   4.54001947e+00,  -1.22990979e+00,
         -4.63162292e+00,  -6.49699105e+00,   5.29259651e+00,
          1.83446645e+00,   4.88159400e+00,  -6.13951943e+00,
         -4.69646706e+00,   5.25812685e+00,  -5.92614373e+00,
          2.22187360e+00,   1.61752288e+00,  -6.68241599e+00,
         -1.23224602e+00,  -9.10370519e+00,   2.03065537e+00,
          3.86104728e+00,   6.80743154e+00],
       [  4.93768077e+01,  -2.86913956e+01,  -2.04748532e+01,
         -5.10298928e+01,   4.05028328e+01,  -3.45156003e+00,
          1.83707903e+01,   3.02491880e+00,   3.34011947e+00,
         -1.05437509e+00,   1.92309182e+01,   2.45012943e+01,
         -1.70655400e+01,   1.16229364e+00,  -2.28117564e+01,
          3.73638877e+01,   2.34824798e+01,  -2.95033775e+00,
          6.53571545e+01,  -1.00426503e+01],
       [ -1.90277149e+01,  -3.73245374e+01,   2.30878143e+01,
          1.91333866e+01,   1.74980651e+01,  -4.96803846e+01,
          5.67697715e+01,  -2.91612239e+01,   2.01935077e+01,
          4.63740600e-02,  -2.81570869e+01,   3.57358850e+01,
         -2.59809816e+01,  -3.14048674e-01,   1.47749733e+01,
         -3.11589578e+01,   3.73810009e+01,   2.20479416e+01,
         -1.60157900e+01,  -3.62644010e+01],
       [ -1.26084602e+01,  -1.03423223e+01,  -9.45859065e+00,
         -8.79734239e-01,  -3.04080263e+01,  -4.94213552e+01,
         -2.52423965e+00,  -9.27922815e-01,  -2.72744240e+01,
          3.70526877e+00,  -2.36559960e+01,  -3.10722754e+01,
         -2.44026524e+01,  -1.96072650e-02,   1.36972608e+01,
         -9.76416418e+00,   2.22874687e+01,  -5.41604031e-01,
         -3.22720753e+01,  -4.88522807e+00],
       [ -5.96958991e+00,  -5.73339512e+00,  -9.24887655e+00,
         -1.14092333e+01,  -3.51165365e+01,  -2.03702097e+00,
         -2.13754100e+01,  -4.93266771e+01,  -8.44744841e+00,
          1.26304232e+00,  -6.99877771e-01,  -2.81827926e+01,
         -2.58165145e-01,   1.68579331e-01,   7.12642663e-01,
         -5.09469015e+00,   2.76340616e+00,   1.07013083e+00,
         -1.33772499e+01,  -6.77521155e+00]])]Hidden bias: [array([-13.24435558,   0.5204033 ,   0.71760057,   9.49031495,
        -5.20583559, -17.51101541, -11.44653239, -26.98933907,
        -8.02178519,   5.84253618,  -1.7073522 ,   2.83071588,
        -6.76778159,  -8.71499335,   8.69819128,   0.06520242,
         9.88486065, -11.72985488,  -7.02785172,  -3.91086173])]Output weights: [[-10.71808668]
 [ -2.05422098]
 [  1.90043248]
 [ -2.35674956]
 [  7.29364911]
 [  4.05466031]
 [-13.47285687]
 [ -6.24496567]
 [ -0.58957421]
 [-31.97910668]
 [  7.10490892]
 [ -5.27274299]
 [-14.72569994]
 [ 45.97114938]
 [ 12.68324582]
 [  6.26617539]
 [  4.79055443]
 [ -5.01307953]
 [  7.43147503]
 [ -4.90013706]]Output bias: [-50.08155349]