Action MLP:Hidden weights: [array([[ -5.63211533e-03,   4.43089181e-02,   8.50708411e-03,
          3.22968019e-02,   6.47066895e-02,   6.43950549e-02,
          5.98166469e-02,   4.36864654e-03,   3.92711173e-02,
          1.77995026e-02,   2.16154341e-02,  -1.31207115e-02,
          5.33504858e-02,   7.83833443e-02,   6.75081859e-02,
          7.40495029e-03,   5.09190421e-02,   4.72543744e-02,
          3.68608409e-02,   3.49111169e-02],
       [  2.40708866e-01,   2.29655721e-01,   2.51630291e-01,
          2.15585968e-01,   2.51044868e-01,   2.67287220e-01,
          2.68073945e-01,   2.09662841e-01,   2.50412874e-01,
          2.55260333e-01,   2.08378501e-01,   2.23726514e-01,
          2.53510927e-01,   2.84878180e-01,   2.52099984e-01,
          2.07519434e-01,   2.64242663e-01,   2.48613422e-01,
          2.45703260e-01,   2.32277659e-01],
       [ -1.12568882e-01,  -1.34094388e-01,  -1.06566006e-01,
         -1.19377282e-01,  -1.27350106e-01,  -1.13378259e-01,
         -1.00484915e-01,  -1.27127781e-01,  -1.12409145e-01,
         -1.09038220e-01,  -1.25809308e-01,  -1.09942363e-01,
         -1.11014680e-01,  -1.12105372e-01,  -1.32744320e-01,
         -1.35805798e-01,  -1.35832381e-01,  -1.26383944e-01,
         -1.21743360e-01,  -1.36719398e-01],
       [ -3.32575316e-01,  -3.75611693e-01,  -3.29828946e-01,
         -3.44069403e-01,  -3.30594095e-01,  -3.21346230e-01,
         -3.09346149e-01,  -3.55661715e-01,  -3.06609429e-01,
         -3.19633629e-01,  -3.75581733e-01,  -3.63298609e-01,
         -3.25905773e-01,  -3.10118864e-01,  -3.42474048e-01,
         -3.92716693e-01,  -3.20469928e-01,  -3.26566763e-01,
         -3.45502603e-01,  -3.52436812e-01],
       [  7.05590602e-03,   8.21693383e-02,  -7.77915716e-03,
          8.99932109e-02,  -1.35340849e-05,   2.82347644e-02,
         -4.02061302e-03,   8.75677451e-02,   5.62326062e-02,
          4.08043593e-02,   1.00769411e-01,  -9.59184879e-03,
          6.08541122e-02,  -1.14653270e-02,   2.53763696e-03,
          2.30078637e-02,   6.88053021e-02,  -2.23650219e-02,
         -1.77131219e-02,   1.44492076e-02],
       [  4.20510146e-02,   1.37813861e-01,   4.79690990e-02,
          9.34562474e-02,   1.02625523e-01,   1.09208777e-01,
          7.37125512e-02,   6.79563165e-02,   9.33727696e-02,
          6.38947111e-02,   9.26823762e-02,   2.34626133e-02,
          9.37678291e-02,   1.05693937e-01,   1.19958593e-01,
          5.77375489e-02,   1.33478355e-01,   9.11351540e-02,
          7.38908461e-02,   8.09709593e-02],
       [  1.07878437e-03,   1.14781164e-02,  -2.73070904e-03,
          4.80338966e-03,   5.23814124e-03,   1.06298795e-02,
          6.34271662e-03,   5.09311976e-03,   1.54936334e-02,
          3.70518591e-03,   1.12384366e-02,   6.02681949e-03,
          6.80865869e-03,   5.25601572e-03,   1.16306715e-02,
          5.44922233e-03,   8.28573151e-03,   1.69028992e-03,
          6.15514376e-03,   8.94091952e-03],
       [  1.12208385e-02,   1.96133817e-02,   4.63199043e-03,
          1.35243337e-02,   6.71781905e-03,   1.80582593e-02,
          1.89311138e-02,   1.36557096e-03,   1.82678605e-02,
          1.69949835e-02,   4.84638278e-03,  -3.25732299e-03,
          1.44575418e-02,   9.01049791e-03,   2.25455411e-02,
         -8.15248519e-04,   1.27383219e-02,   1.27297478e-02,
          1.14206946e-02,   1.77113248e-02]])]Hidden bias: [array([-0.60657182, -0.60217357, -0.60587341, -0.60481365, -0.59793901,
       -0.59838714, -0.60170281, -0.60618926, -0.60285959, -0.60579644,
       -0.60617036, -0.6042628 , -0.60202028, -0.59544239, -0.59630832,
       -0.6021977 , -0.59800244, -0.60038568, -0.60432795, -0.60361372])]Output weights: [[ 0.1146566   0.07878491]
 [ 0.16232144  0.14657807]
 [ 0.1114152   0.08543508]
 [ 0.14441146  0.12305092]
 [ 0.12809866  0.13360371]
 [ 0.10517269  0.14866087]
 [ 0.09565185  0.12618392]
 [ 0.14753701  0.10143285]
 [ 0.09835638  0.13853879]
 [ 0.09574361  0.11277699]
 [ 0.167143    0.11599011]
 [ 0.14398254  0.06171819]
 [ 0.10601625  0.14406814]
 [ 0.0998562   0.15077251]
 [ 0.13832267  0.14197835]
 [ 0.16719692  0.08795558]
 [ 0.11882618  0.16621865]
 [ 0.12830479  0.11760262]
 [ 0.13554441  0.10571858]
 [ 0.14300229  0.11288307]]Output bias: [ 0.99514341  0.90477529]
Value MLP:Hidden weights: [array([[ -1.77363728e+00,   1.15054760e+01,   1.65481967e+01,
          5.39926337e+00,   2.84302055e+00,   1.47453730e+01,
         -1.30454182e+01,  -1.42892378e+01,  -6.10248823e+00,
         -1.30221412e+00,  -9.26322121e+00,  -3.09804427e+00,
         -1.34296736e+00,   1.94347004e+00,   9.97161933e+00,
         -1.70512694e+01,   1.51462640e+01,   1.34165252e+01,
         -5.14286937e+00,  -1.28762481e+01],
       [  6.81663662e+00,   3.80380271e+00,   2.73162272e+00,
          1.68622960e+00,   8.80127754e+00,   9.17993074e+00,
          1.80914865e+01,   9.16838608e+00,   1.37474494e+01,
          1.22889460e+00,   2.19186948e+00,   5.36969133e+00,
          1.22248756e+00,  -5.91695777e+00,  -7.70139924e+00,
         -3.37494291e-01,  -1.46960931e+01,  -1.73413784e+00,
          1.78504213e+01,   5.29415611e+00],
       [ -2.76364777e+01,   3.20766856e+01,   1.95491572e+01,
          1.86128031e+01,  -1.51606129e+01,   1.30614848e+01,
          1.07008642e+01,  -2.15025024e+01,  -2.51551546e+01,
         -4.46420568e-01,  -2.41705215e+01,  -2.15573475e+01,
         -6.23136371e-01,   6.51812323e-01,   3.02241931e+01,
         -2.43027909e+01,   3.59917117e+01,   2.33420699e+01,
         -4.93351165e+01,   9.35330268e+00],
       [  1.00943325e+01,  -7.73821264e+00,  -3.96048205e+00,
          2.62486037e+00,   1.02702357e+00,   8.76586260e+00,
          8.94927294e+00,   6.22745642e+00,   1.48918765e+01,
         -4.60613675e+00,   9.48995482e+00,  -1.49839401e+00,
         -4.50842105e+00,   1.62250198e+00,  -1.16289385e+01,
         -6.35939562e+00,  -9.38140836e+00,  -2.65967777e+00,
          1.49842395e+01,  -4.41485061e+00],
       [ -8.14377901e+00,  -3.87199723e+01,   7.08874586e+00,
         -9.48954094e+00,   2.04871112e+01,   2.83765253e+01,
         -1.96889585e+01,  -9.58632529e+00,   1.52628194e+01,
         -1.02567639e+00,  -6.16588564e+00,   2.57606205e+01,
         -8.79790644e-01,   1.16440776e+00,  -8.10791497e+00,
         -1.05092918e+01,   3.33149992e+01,   1.12514300e+01,
          4.40858110e+01,  -3.46943948e+01],
       [ -2.66787207e+01,   1.82700853e+00,   2.77654607e+01,
          3.20736331e+01,   5.78954320e+00,   1.10963191e+01,
          4.03390848e+01,  -2.29537139e+01,  -5.72005433e+00,
          8.51530695e-02,  -4.33506810e+01,  -2.46845156e+00,
          1.35812535e-02,  -3.08512237e-01,   1.49877666e+01,
         -2.21335971e+01,   3.34787604e+01,   2.70055373e+01,
         -3.51824859e+01,  -1.98935741e+01],
       [  2.92993210e+00,   2.50778930e+00,  -5.88782526e+00,
          6.62301012e+00,  -1.38874552e+01,  -1.86981874e+01,
         -5.16824068e+00,  -1.09378124e+00,  -2.65688990e+01,
          3.70524365e+00,  -1.70212818e+01,  -2.31208708e+01,
          3.53657132e+00,  -1.84154721e-02,   5.84965377e+00,
          5.78385413e-01,   2.57191675e+01,  -1.03838342e+00,
         -2.11031217e+01,  -8.72440776e-01],
       [  2.26396797e-01,  -1.38335347e+01,  -5.12602058e+00,
         -6.37454019e-01,  -1.35071821e+01,  -2.15015521e+01,
         -1.61482590e+01,  -1.98269736e+01,  -9.55937311e+00,
          1.26386196e+00,   4.67563832e+00,   2.21774058e+00,
          1.24866931e+00,   1.70010790e-01,  -6.99378159e-01,
          5.18291480e-01,   2.30643358e+00,   3.88867121e+00,
         -2.29980957e+01,  -9.34109552e+00]])]Hidden bias: [array([ -6.6923915 ,  -0.56497976,   4.32027048,   3.41044038,
        -9.5209994 , -22.74146278, -22.46560904, -14.40811414,
       -18.21858969,   6.03148012,  -1.42030045,   0.3486921 ,
         5.68482702,  -8.71741595,  11.91006811,  -0.24467392,
         9.76577625,   0.64393362, -15.29887854,  -3.98373835])]Output weights: [[  6.36647777]
 [  8.35504664]
 [  3.01522406]
 [  4.41943875]
 [-18.46051348]
 [ -6.05355892]
 [ -2.27977023]
 [ -1.80089617]
 [ -8.04756622]
 [-25.0968669 ]
 [ -6.00267265]
 [ 20.62763585]
 [-25.09443111]
 [ 39.09263966]
 [  1.45925877]
 [  1.07848953]
 [ -1.34388728]
 [-11.01617843]
 [  2.2654628 ]
 [-18.58169353]]Output bias: [-43.20305833]