Action MLP:Hidden weights: [array([[  2.28571155e-04,   5.10240695e-02,   1.44240302e-02,
          3.89477887e-02,   7.22257971e-02,   7.13444165e-02,
          6.61911367e-02,   1.07900636e-02,   4.55777292e-02,
          2.36768354e-02,   2.83149414e-02,  -6.55308287e-03,
          5.99919094e-02,   8.53797901e-02,   7.53802802e-02,
          1.50158621e-02,   5.74619302e-02,   5.44615616e-02,
          4.40873215e-02,   4.23507221e-02],
       [  2.24637925e-01,   2.02860884e-01,   2.36605914e-01,
          1.91909537e-01,   2.30939081e-01,   2.49765888e-01,
          2.53890457e-01,   1.86709424e-01,   2.32857615e-01,
          2.39997611e-01,   1.82610744e-01,   2.04891080e-01,
          2.34813028e-01,   2.69752759e-01,   2.30143696e-01,
          1.82826052e-01,   2.42350703e-01,   2.29528321e-01,
          2.26392002e-01,   2.10193912e-01],
       [ -1.04649234e-01,  -1.27459534e-01,  -9.80901156e-02,
         -1.11735683e-01,  -1.17536347e-01,  -1.04477579e-01,
         -9.11706608e-02,  -1.19695175e-01,  -1.04855954e-01,
         -1.01483199e-01,  -1.18256151e-01,  -1.00947919e-01,
         -1.03084424e-01,  -1.01738763e-01,  -1.22842134e-01,
         -1.26539344e-01,  -1.29150928e-01,  -1.16520803e-01,
         -1.11742883e-01,  -1.27475217e-01],
       [ -3.26352189e-01,  -3.66784536e-01,  -3.23791429e-01,
         -3.35924265e-01,  -3.22876290e-01,  -3.14561934e-01,
         -3.03408165e-01,  -3.47751855e-01,  -3.00155088e-01,
         -3.13769869e-01,  -3.66905495e-01,  -3.56060233e-01,
         -3.19048442e-01,  -3.03684968e-01,  -3.34189028e-01,
         -3.83736231e-01,  -3.13038210e-01,  -3.19145427e-01,
         -3.37976634e-01,  -3.44246634e-01],
       [ -7.22022909e-03,   6.87597403e-02,  -2.28110704e-02,
          7.59231952e-02,  -2.00346328e-02,   8.43774465e-03,
         -2.21401234e-02,   7.44201004e-02,   3.91850441e-02,
          2.48991235e-02,   8.79468632e-02,  -2.43502483e-02,
          4.30499990e-02,  -3.20554357e-02,  -1.82134026e-02,
          6.51290165e-03,   5.24125936e-02,  -4.11007115e-02,
         -3.59607300e-02,  -3.64147532e-03],
       [  2.81326197e-02,   1.24449933e-01,   3.35972750e-02,
          7.91241530e-02,   8.49492496e-02,   9.25521614e-02,
          5.75752934e-02,   5.39182605e-02,   7.84941983e-02,
          4.96545096e-02,   7.85861643e-02,   8.03199467e-03,
          7.81484504e-02,   8.81633704e-02,   1.01933751e-01,
          4.07253944e-02,   1.19302729e-01,   7.40564353e-02,
          5.67230891e-02,   6.39519770e-02],
       [  1.70989660e-03,   1.18721636e-02,  -2.08179761e-03,
          5.30208950e-03,   5.82902265e-03,   1.11476182e-02,
          6.99699503e-03,   5.63919253e-03,   1.59906567e-02,
          4.25100613e-03,   1.17430095e-02,   6.84165680e-03,
          7.32931123e-03,   5.84679337e-03,   1.21782005e-02,
          6.15627608e-03,   8.67976508e-03,   2.31451307e-03,
          6.84591519e-03,   9.56470174e-03],
       [  1.04483440e-02,   1.85285857e-02,   3.86674032e-03,
          1.24582754e-02,   5.69664417e-03,   1.71290586e-02,
          1.81088788e-02,   3.23797187e-04,   1.73888744e-02,
          1.62058179e-02,   3.69590346e-03,  -4.09407022e-03,
          1.35257094e-02,   8.09533608e-03,   2.14775629e-02,
         -1.92063619e-03,   1.17803779e-02,   1.17480827e-02,
          1.04420243e-02,   1.66638564e-02]])]Hidden bias: [array([-0.61730781, -0.61831344, -0.61634712, -0.61948134, -0.61193068,
       -0.61099145, -0.61239039, -0.62024047, -0.61476995, -0.61638063,
       -0.62177247, -0.616379  , -0.61466587, -0.60733632, -0.61140465,
       -0.61766889, -0.611979  , -0.61367951, -0.61760955, -0.61811932])]Output weights: [[ 0.10543678  0.0753581 ]
 [ 0.14480985  0.12859405]
 [ 0.10231765  0.08352229]
 [ 0.13204196  0.10850068]
 [ 0.11607818  0.12721001]
 [ 0.09000684  0.13902961]
 [ 0.08558218  0.12348887]
 [ 0.13582451  0.08791251]
 [ 0.08491648  0.12720333]
 [ 0.08298571  0.10465317]
 [ 0.15358553  0.09999072]
 [ 0.13784496  0.06139699]
 [ 0.09166391  0.13220937]
 [ 0.08598696  0.14583878]
 [ 0.12425384  0.13350044]
 [ 0.15752191  0.08075858]
 [ 0.0997677   0.14935536]
 [ 0.1181653   0.11413679]
 [ 0.12597323  0.10291309]
 [ 0.13187699  0.10560708]]Output bias: [ 0.92277586  0.87387532]
Value MLP:Hidden weights: [array([[ -1.28680344e+01,  -2.71159984e+01,  -4.30949715e+01,
         -1.34676544e+01,   2.04272480e+01,  -2.49665433e+00,
          2.22265480e+01,   2.17580142e+01,   2.09613620e+01,
          3.91877780e+01,  -1.58906272e+00,   2.64062040e+01,
          1.97306421e+01,   1.98390354e+00,  -4.03188111e+01,
          5.23227670e+01,  -5.73649977e+01,  -4.23276071e+01,
          1.54929014e+01,   1.32343486e+01],
       [  3.28992483e+01,   5.38646377e+00,  -2.25195122e+00,
         -7.87106715e+00,   1.73151325e+01,   1.21909357e+01,
         -2.08801302e-02,   2.84489626e+00,   4.79083986e+00,
          7.58772861e+00,   2.01126228e+01,   5.39177514e+00,
          1.15022056e+01,  -5.92065256e+00,  -7.39693600e+00,
          5.90039897e+00,  -1.80341146e+01,  -3.38023601e+00,
          8.91292255e+00,   1.37143457e+00],
       [  1.55993331e+01,  -5.52028779e+01,  -4.47765718e+01,
         -4.76933263e+01,   6.07405926e+01,  -3.92120195e+01,
          4.23390083e+01,   5.25748308e+01,   5.41162157e+01,
          4.60388865e+01,   2.01962890e+01,   4.89819878e+01,
          3.75461603e+01,   7.02592874e-01,  -3.39056979e+01,
          4.76097549e+01,  -1.88981579e+01,  -3.35234739e+01,
          9.54803090e+00,  -3.80689026e+01],
       [  1.10388843e+01,   5.70538192e+00,   2.32716207e+00,
         -7.39467605e+00,  -1.82056259e+00,   1.06363455e+00,
         -3.90277156e+00,   1.89249142e+00,   8.93030446e-01,
          2.09251964e-01,   3.88260493e+00,   2.28050234e+00,
         -2.84304796e+00,   1.58938910e+00,  -2.14289048e+00,
         -1.22254090e+00,   5.04824798e+00,   4.34047858e+00,
          1.79084015e+01,  -5.17437196e+00],
       [  9.09354153e+00,   7.72716630e+00,  -2.49096238e+01,
         -5.55264876e+00,   1.41103152e+01,   5.07719129e+01,
         -1.85710214e+01,   3.44748017e+00,  -5.22884865e+01,
          8.91877999e+00,  -1.31909150e+01,  -2.02234602e+01,
          1.90677464e+01,   1.16744150e+00,  -2.64084315e+00,
          1.43442620e+01,  -3.33419106e+01,  -2.01805710e+01,
          5.49252599e+01,   5.00716158e+01],
       [ -1.44006426e+01,  -1.23262425e+01,  -3.03092547e+01,
          5.90435866e+01,   3.08641270e+01,  -1.36761819e+01,
          6.04507002e+01,   3.86351204e+01,  -7.62543875e+00,
          1.30724419e+01,  -6.27217538e+01,   3.74569359e+01,
          5.12147804e+01,  -3.62214161e-01,  -3.15852812e+01,
          2.95294705e+01,  -1.70480492e+01,  -2.80371189e+01,
         -3.67624882e+01,   1.13767838e+01],
       [ -5.93803043e+01,  -2.60916529e+01,  -4.28504033e+00,
          2.94007372e+01,  -1.99398224e+01,  -5.40171295e+01,
         -8.19824019e+00,   1.52867164e+01,  -1.22603881e+01,
         -1.60523956e+01,  -6.50785907e+01,  -3.47661773e+01,
         -7.83889168e+00,  -2.90894574e-02,   1.24043301e+01,
         -3.12346777e+01,   3.66799934e+01,   1.88256567e+01,
         -7.83254497e+01,  -8.52958095e+00],
       [ -2.44952520e+01,  -9.37085133e+00,  -2.67634819e+00,
         -6.51714048e-01,  -4.40563337e+01,   2.05343652e+00,
         -2.84212497e+01,  -5.23631568e+01,  -8.46049127e+00,
         -1.06495022e+00,  -1.30959301e+01,  -2.42639085e+01,
         -1.93007711e+01,   1.83923580e-01,   1.32744737e+01,
         -1.95460505e+01,   3.57432364e+01,   1.18268005e+01,
         -7.21382344e+00,  -1.77021734e+01]])]Hidden bias: [array([-62.89917948,  -6.8525796 ,   3.3451517 ,   6.24032194,
       -12.23806186,  -8.92268313,  -8.31637851,  -4.41943422,
        -8.80727332,  -9.36722746, -28.24729084,  -7.01517968,
        -5.34200631,  -8.67505712,  14.25010734,  -6.61291919,
        16.23661168,   7.6096019 , -40.30977322,  -2.74675747])]Output weights: [[ -8.65339899]
 [-12.64446667]
 [  2.4862529 ]
 [-10.08072119]
 [  3.54813755]
 [  6.23232881]
 [ -3.47880667]
 [  4.64679455]
 [ -1.45741616]
 [ -3.36607934]
 [-22.36857565]
 [ -0.47342779]
 [  9.08681616]
 [ 64.28574163]
 [  1.15816806]
 [  4.00861039]
 [ -0.72832847]
 [  4.02056405]
 [  5.6628747 ]
 [-12.01002199]]Output bias: [-68.3958494]