Action MLP:Hidden weights: [array([[  2.04493261e-04,   5.09950444e-02,   1.44010912e-02,
          3.89193986e-02,   7.21991493e-02,   7.13236570e-02,
          6.61721011e-02,   1.07607731e-02,   4.55583355e-02,
          2.36576967e-02,   2.82835405e-02,  -6.58388701e-03,
          5.99710219e-02,   8.53604200e-02,   7.53516203e-02,
          1.49795831e-02,   5.74406107e-02,   5.44349411e-02,
          4.40589970e-02,   4.23202990e-02],
       [  2.24640909e-01,   2.02864481e-01,   2.36608757e-01,
          1.91913055e-01,   2.30942383e-01,   2.49768461e-01,
          2.53892816e-01,   1.86713054e-01,   2.32860018e-01,
          2.39999983e-01,   1.82614636e-01,   2.04894897e-01,
          2.34815616e-01,   2.69755160e-01,   2.30147248e-01,
          1.82830547e-01,   2.42353345e-01,   2.29531620e-01,
          2.26395512e-01,   2.10197683e-01],
       [ -1.04699072e-01,  -1.27519612e-01,  -9.81375963e-02,
         -1.11794446e-01,  -1.17591504e-01,  -1.04520548e-01,
         -9.12100619e-02,  -1.19755803e-01,  -1.04896096e-01,
         -1.01522813e-01,  -1.18321147e-01,  -1.01011679e-01,
         -1.03127658e-01,  -1.01778857e-01,  -1.22901456e-01,
         -1.26614436e-01,  -1.29195057e-01,  -1.16575904e-01,
         -1.11801511e-01,  -1.27538189e-01],
       [ -3.26372055e-01,  -3.66808483e-01,  -3.23810355e-01,
         -3.35947689e-01,  -3.22898276e-01,  -3.14579062e-01,
         -3.03423871e-01,  -3.47776022e-01,  -3.00171089e-01,
         -3.13785659e-01,  -3.66931403e-01,  -3.56085649e-01,
         -3.19065675e-01,  -3.03700950e-01,  -3.34212674e-01,
         -3.83766164e-01,  -3.13055800e-01,  -3.19167390e-01,
         -3.38000004e-01,  -3.44271735e-01],
       [ -7.13255097e-03,   6.88654334e-02,  -2.27275397e-02,
          7.60265759e-02,  -1.99375964e-02,   8.51333887e-03,
         -2.20708066e-02,   7.45267599e-02,   3.92556650e-02,
          2.49688158e-02,   8.80612077e-02,  -2.42380770e-02,
          4.31260593e-02,  -3.19849006e-02,  -1.81090395e-02,
          6.64500925e-03,   5.24902271e-02,  -4.10037746e-02,
         -3.58575884e-02,  -3.53069130e-03],
       [  2.81838462e-02,   1.24511685e-01,   3.36460783e-02,
          7.91845538e-02,   8.50059437e-02,   9.25963277e-02,
          5.76157921e-02,   5.39805769e-02,   7.85354590e-02,
          4.96952278e-02,   7.86529708e-02,   8.09753140e-03,
          7.81928891e-02,   8.82045809e-02,   1.01994726e-01,
          4.08025791e-02,   1.19348087e-01,   7.41130712e-02,
          5.67833502e-02,   6.40167032e-02],
       [  1.70989660e-03,   1.18721636e-02,  -2.08179761e-03,
          5.30208950e-03,   5.82902265e-03,   1.11476182e-02,
          6.99699503e-03,   5.63919253e-03,   1.59906567e-02,
          4.25100613e-03,   1.17430095e-02,   6.84165680e-03,
          7.32931123e-03,   5.84679337e-03,   1.21782005e-02,
          6.15627608e-03,   8.67976508e-03,   2.31451307e-03,
          6.84591519e-03,   9.56470174e-03],
       [  1.04483440e-02,   1.85285857e-02,   3.86674032e-03,
          1.24582754e-02,   5.69664417e-03,   1.71290586e-02,
          1.81088788e-02,   3.23797187e-04,   1.73888744e-02,
          1.62058179e-02,   3.69590346e-03,  -4.09407022e-03,
          1.35257094e-02,   8.09533608e-03,   2.14775629e-02,
         -1.92063619e-03,   1.17803779e-02,   1.17480827e-02,
          1.04420243e-02,   1.66638564e-02]])]Hidden bias: [array([-0.61728233, -0.61828273, -0.61632285, -0.61945131, -0.61190249,
       -0.61096949, -0.61237025, -0.62020948, -0.61474943, -0.61636038,
       -0.62173925, -0.6163464 , -0.61464377, -0.60731583, -0.61137432,
       -0.61763051, -0.61195644, -0.61365135, -0.61757958, -0.61808713])]Output weights: [[ 0.10541253  0.0753581 ]
 [ 0.14489843  0.12859405]
 [ 0.10227696  0.08352229]
 [ 0.13210581  0.10850068]
 [ 0.11606138  0.12721001]
 [ 0.09001079  0.13902961]
 [ 0.08553631  0.12348887]
 [ 0.13588705  0.08791251]
 [ 0.08494125  0.12720333]
 [ 0.08299025  0.10465317]
 [ 0.15366802  0.09999072]
 [ 0.13780198  0.06139699]
 [ 0.09169124  0.13220937]
 [ 0.08594987  0.14583878]
 [ 0.12425096  0.13350044]
 [ 0.15753204  0.08075858]
 [ 0.09983424  0.14935536]
 [ 0.11812816  0.11413679]
 [ 0.12593459  0.10291309]
 [ 0.13187726  0.10560708]]Output bias: [ 0.92301993  0.87387532]
Value MLP:Hidden weights: [array([[ -1.13444845e+01,  -2.87722294e+01,  -4.55207239e+01,
         -2.73087841e+01,   3.87096721e+01,  -2.97990913e+01,
          3.31125479e+01,   2.41608891e+01,   3.60025712e+01,
         -7.34667643e-01,   2.70427034e+01,   3.58819366e+01,
         -2.32828278e+01,   1.95741011e+00,  -4.68069589e+01,
          4.98271500e+01,   1.25740662e+01,  -3.37955468e+01,
          4.63544410e+01,  -1.83633525e+01],
       [  3.24616275e+01,  -4.57005229e-01,   3.79012726e+00,
         -3.86074797e+00,   7.26906367e+00,   1.49412707e+01,
          1.84443900e+00,   4.42126079e+00,   1.74800944e+00,
         -3.21032399e-01,   1.11770484e+01,  -1.67944104e+00,
          3.62095558e+00,  -5.91778307e+00,  -5.67853605e+00,
          3.62988042e+00,  -1.16465526e+01,  -3.36844659e-01,
          1.49007500e+01,  -3.94532489e-01],
       [  1.68342581e+01,  -3.37732857e+01,  -1.36990018e+01,
         -3.89917344e+01,   6.04500450e+01,  -4.06590496e+01,
          3.54387768e+01,   3.48518306e+01,   4.69840536e+01,
         -2.45388766e+01,  -8.93512216e+00,   4.14836202e+01,
         -2.90151224e+01,   6.70753848e-01,  -1.88135300e+01,
          1.24462021e+01,   6.19126053e+01,   3.61351356e+00,
          2.25667168e+01,  -3.81824110e+01],
       [  1.05400274e+01,   4.46950137e+00,   3.54584453e+00,
         -2.41969142e+00,  -9.73208805e+00,   3.74951693e+00,
         -6.77981888e+00,  -7.20825136e+00,  -6.91433859e+00,
          2.55447866e+00,  -6.95381841e-01,  -4.46391540e+00,
         -1.30884971e+00,   1.60709081e+00,   5.72951873e+00,
         -4.92885893e+00,  -5.61959481e+00,   2.24508429e+00,
          9.60762669e-01,   3.61039645e+00],
       [  6.78727242e+00,  -2.33581997e+01,  -4.52471158e+01,
         -3.66536325e+01,   2.30875557e+01,   2.10782919e+01,
          2.83336114e+00,   3.04532840e+01,  -1.14612581e+01,
          2.84968426e+01,   4.83559168e+01,   4.34255276e+00,
          2.28046929e+01,   1.18158174e+00,  -2.38597814e+01,
          4.78072364e+01,  -5.21076419e+00,  -3.71234348e+01,
          5.00314333e+01,   2.78102054e+00],
       [ -1.81523463e+01,  -3.69599686e+01,  -1.58888200e+01,
          4.66329270e+01,   1.49548583e+01,  -4.46662235e+01,
          6.05620389e+01,   3.44254350e+01,   1.87240632e+01,
         -1.94612728e+01,  -2.66993701e+00,   3.42365328e+01,
         -4.29154919e+00,  -3.02300648e-01,  -2.46378208e+01,
          5.31842965e+00,   2.94114522e+00,   1.63480589e+00,
         -2.87338900e+01,  -3.47230540e+01],
       [ -5.93816638e+01,  -1.29569969e+01,  -1.31205005e+01,
          9.38816363e+00,  -2.22494819e+01,  -3.93505398e+01,
         -1.96246468e+00,   1.90164538e+01,  -2.35609722e+01,
         -1.52987310e+01,  -3.88930898e+01,  -2.43958214e+01,
         -2.64123201e+01,  -3.11185216e-02,   7.58807260e+00,
         -2.39103634e+01,   2.89850338e+01,   2.58807128e+01,
         -5.39602240e+01,  -1.38931376e+00],
       [ -2.44952520e+01,  -4.59087900e+00,  -6.88841427e+00,
         -9.43102527e+00,  -3.51320670e+01,   7.82767965e+00,
         -2.99634397e+01,  -5.15312290e+01,  -8.04777564e+00,
          1.16500346e+01,  -2.43877271e+01,  -2.79764981e+01,
         -2.61123247e+00,   1.79836369e-01,   3.21910964e+00,
         -1.67187352e+01,   1.46462455e+01,   6.66390756e+00,
         -2.31025283e+01,  -1.93757500e+00]])]Hidden bias: [array([-62.16610678,  -5.44473335,  -0.33909172,  -0.17722828,
        -4.13181294, -12.82777304,  -1.0247326 ,  -1.85827961,
        -4.62290277,  -4.89281553, -14.12155995,   5.89144638,
        -7.14570612,  -8.70167171,   0.193013  ,  -5.58630669,
        18.83717528,   0.21030745, -20.88152305,  -3.57785415])]Output weights: [[ -6.48148408]
 [ -5.36701869]
 [  4.76534027]
 [ -0.99435581]
 [  0.48502117]
 [  6.53291617]
 [ -2.16466048]
 [  1.46849676]
 [-11.5148225 ]
 [ -3.90593404]
 [-21.55064638]
 [  6.0446967 ]
 [ -4.2563708 ]
 [ 69.7037822 ]
 [ -2.65541046]
 [ -4.21632873]
 [  1.41361369]
 [ -9.13130368]
 [-12.60424805]
 [  1.48402572]]Output bias: [-73.81409591]