Action MLP:Hidden weights: [array([[  2.04493261e-04,   5.09950444e-02,   1.44010912e-02,
          3.89193986e-02,   7.21991493e-02,   7.13236570e-02,
          6.61721011e-02,   1.07607731e-02,   4.55583355e-02,
          2.36576967e-02,   2.82835405e-02,  -6.58388701e-03,
          5.99710219e-02,   8.53604200e-02,   7.53516203e-02,
          1.49795831e-02,   5.74406107e-02,   5.44349411e-02,
          4.40589970e-02,   4.23202990e-02],
       [  2.24640909e-01,   2.02864481e-01,   2.36608757e-01,
          1.91913055e-01,   2.30942383e-01,   2.49768461e-01,
          2.53892816e-01,   1.86713054e-01,   2.32860018e-01,
          2.39999983e-01,   1.82614636e-01,   2.04894897e-01,
          2.34815616e-01,   2.69755160e-01,   2.30147248e-01,
          1.82830547e-01,   2.42353345e-01,   2.29531620e-01,
          2.26395512e-01,   2.10197683e-01],
       [ -1.04699072e-01,  -1.27519612e-01,  -9.81375963e-02,
         -1.11794446e-01,  -1.17591504e-01,  -1.04520548e-01,
         -9.12100619e-02,  -1.19755803e-01,  -1.04896096e-01,
         -1.01522813e-01,  -1.18321147e-01,  -1.01011679e-01,
         -1.03127658e-01,  -1.01778857e-01,  -1.22901456e-01,
         -1.26614436e-01,  -1.29195057e-01,  -1.16575904e-01,
         -1.11801511e-01,  -1.27538189e-01],
       [ -3.26372055e-01,  -3.66808483e-01,  -3.23810355e-01,
         -3.35947689e-01,  -3.22898276e-01,  -3.14579062e-01,
         -3.03423871e-01,  -3.47776022e-01,  -3.00171089e-01,
         -3.13785659e-01,  -3.66931403e-01,  -3.56085649e-01,
         -3.19065675e-01,  -3.03700950e-01,  -3.34212674e-01,
         -3.83766164e-01,  -3.13055800e-01,  -3.19167390e-01,
         -3.38000004e-01,  -3.44271735e-01],
       [ -7.13255097e-03,   6.88654334e-02,  -2.27275397e-02,
          7.60265759e-02,  -1.99375964e-02,   8.51333887e-03,
         -2.20708066e-02,   7.45267599e-02,   3.92556650e-02,
          2.49688158e-02,   8.80612077e-02,  -2.42380770e-02,
          4.31260593e-02,  -3.19849006e-02,  -1.81090395e-02,
          6.64500925e-03,   5.24902271e-02,  -4.10037746e-02,
         -3.58575884e-02,  -3.53069130e-03],
       [  2.81838462e-02,   1.24511685e-01,   3.36460783e-02,
          7.91845538e-02,   8.50059437e-02,   9.25963277e-02,
          5.76157921e-02,   5.39805769e-02,   7.85354590e-02,
          4.96952278e-02,   7.86529708e-02,   8.09753140e-03,
          7.81928891e-02,   8.82045809e-02,   1.01994726e-01,
          4.08025791e-02,   1.19348087e-01,   7.41130712e-02,
          5.67833502e-02,   6.40167032e-02],
       [  1.70989660e-03,   1.18721636e-02,  -2.08179761e-03,
          5.30208950e-03,   5.82902265e-03,   1.11476182e-02,
          6.99699503e-03,   5.63919253e-03,   1.59906567e-02,
          4.25100613e-03,   1.17430095e-02,   6.84165680e-03,
          7.32931123e-03,   5.84679337e-03,   1.21782005e-02,
          6.15627608e-03,   8.67976508e-03,   2.31451307e-03,
          6.84591519e-03,   9.56470174e-03],
       [  1.04483440e-02,   1.85285857e-02,   3.86674032e-03,
          1.24582754e-02,   5.69664417e-03,   1.71290586e-02,
          1.81088788e-02,   3.23797187e-04,   1.73888744e-02,
          1.62058179e-02,   3.69590346e-03,  -4.09407022e-03,
          1.35257094e-02,   8.09533608e-03,   2.14775629e-02,
         -1.92063619e-03,   1.17803779e-02,   1.17480827e-02,
          1.04420243e-02,   1.66638564e-02]])]Hidden bias: [array([-0.61728233, -0.61828273, -0.61632285, -0.61945131, -0.61190249,
       -0.61096949, -0.61237025, -0.62020948, -0.61474943, -0.61636038,
       -0.62173925, -0.6163464 , -0.61464377, -0.60731583, -0.61137432,
       -0.61763051, -0.61195644, -0.61365135, -0.61757958, -0.61808713])]Output weights: [[ 0.10541253  0.0753581 ]
 [ 0.14489843  0.12859405]
 [ 0.10227696  0.08352229]
 [ 0.13210581  0.10850068]
 [ 0.11606138  0.12721001]
 [ 0.09001079  0.13902961]
 [ 0.08553631  0.12348887]
 [ 0.13588705  0.08791251]
 [ 0.08494125  0.12720333]
 [ 0.08299025  0.10465317]
 [ 0.15366802  0.09999072]
 [ 0.13780198  0.06139699]
 [ 0.09169124  0.13220937]
 [ 0.08594987  0.14583878]
 [ 0.12425096  0.13350044]
 [ 0.15753204  0.08075858]
 [ 0.09983424  0.14935536]
 [ 0.11812816  0.11413679]
 [ 0.12593459  0.10291309]
 [ 0.13187726  0.10560708]]Output bias: [ 0.92301993  0.87387532]
Value MLP:Hidden weights: [array([[  2.41105907e+01,  -2.84048891e+01,  -3.30217549e+00,
         -3.16694736e+01,   3.63677025e+01,  -3.32660752e+01,
          3.35659538e+01,   2.62038380e+01,   3.97426625e+01,
         -1.21743332e+01,  -4.75587313e+00,   3.69426490e+01,
         -2.74788395e+01,   1.95423902e+00,  -4.79576597e+01,
          1.84557406e+01,   1.06335990e+01,  -1.57916416e+00,
          3.31438775e+01,  -1.77091177e+01],
       [  3.04141462e+01,  -8.57968490e-01,   2.95009107e+00,
          3.44403710e+00,   6.43947943e+00,   1.59294388e+01,
          2.50063661e+00,   1.31222539e+00,   3.21642373e+00,
          3.09056771e+00,  -6.53203938e-01,  -9.79742073e-01,
          1.59663799e+00,  -5.91769170e+00,  -3.93169193e+00,
          6.62690321e+00,  -1.09238785e+01,  -2.47098709e+00,
          9.00153839e+00,   3.20733401e+00],
       [  3.63572813e+01,  -3.35610409e+01,   2.56903546e+01,
         -3.62340744e+01,   5.49815889e+01,  -2.64834202e+01,
          2.80018091e+01,   3.11659177e+01,   4.18708050e+01,
         -1.48344534e+01,  -4.08312731e+01,   3.57444819e+01,
         -2.80625642e+01,   6.58147843e-01,  -2.15892663e+01,
         -3.36011871e+01,   5.33697082e+01,   3.98979151e+01,
         -1.79984750e+01,  -3.76419683e+01],
       [ -8.93037984e-01,   5.14126824e+00,   2.75406692e+00,
          3.06156848e+00,  -9.59112894e+00,   2.89391438e+00,
         -4.04720572e+00,  -7.13313117e+00,  -7.65065524e+00,
          3.00400835e+00,   4.84789139e+00,  -6.60610455e+00,
          8.73053165e-01,   1.61337124e+00,   7.87073627e+00,
         -2.40544069e+00,  -1.02504792e+01,  -1.26712947e+00,
          5.30252867e-01,   3.35527024e+00],
       [  1.80987818e+01,  -2.36301261e+01,  -4.02646004e+01,
         -4.21507722e+01,   2.88386712e+01,   5.69527639e+00,
          1.56530723e+01,   3.46537106e+01,  -2.93536501e+00,
          1.03901356e+00,   2.99790489e+01,   1.54261763e+01,
          1.35094849e+01,   1.19099865e+00,  -2.11530272e+01,
          4.93811843e+01,   1.17822881e+01,  -2.51818793e+01,
          6.89474966e+01,  -1.39161403e-01],
       [ -5.11508636e+00,  -3.68609835e+01,   6.94181131e+00,
          3.92878945e+01,   1.80306048e+01,  -4.95249030e+01,
          5.99829452e+01,   3.22131347e+01,   2.33490136e+01,
         -2.55326196e+01,  -2.43118986e+01,   3.18773199e+01,
         -1.05469120e+01,  -2.78613443e-01,  -1.69789498e+01,
         -7.77342443e+00,   2.91946401e+01,   1.27325471e+01,
         -1.46366854e+01,  -3.54192243e+01],
       [ -5.51803049e+01,  -1.14137742e+01,  -1.20335990e+01,
          1.00098145e+00,  -2.66661144e+01,  -4.48430850e+01,
         -6.84905880e+00,   1.53570490e+01,  -2.48673333e+01,
         -1.85990099e+01,  -1.87327851e+01,  -2.68287808e+01,
         -2.57779835e+01,  -2.92655235e-02,   1.03161038e+01,
         -2.19335129e+01,   2.33508181e+01,   1.72730743e+01,
         -3.43086317e+01,  -3.27701181e+00],
       [ -2.59935466e+01,  -5.02633956e+00,  -1.52295046e+01,
         -1.40689659e+01,  -3.68892215e+01,   1.75887657e+00,
         -3.23380757e+01,  -5.18086784e+01,  -5.45667427e+00,
          4.29812711e+00,   2.43187168e+00,  -2.97081376e+01,
         -9.94170370e-01,   1.82617594e-01,   4.48367524e+00,
         -1.18759321e+01,   1.11037654e+01,   1.09622332e+01,
         -1.48969799e+01,  -1.26920860e+00]])]Hidden bias: [array([ -4.23808048e+01,  -3.08255395e+00,   3.75898778e-01,
         6.88227415e-03,  -6.62547262e+00,  -1.27523456e+01,
        -8.35419375e+00,  -6.17218793e+00,  -1.16284181e+00,
        -7.83999719e+00,  -9.02976570e+00,   3.81750325e+00,
        -4.94857301e+00,  -8.70449985e+00,   4.68313001e+00,
        -5.08659771e+00,   1.57795577e+01,   1.36359607e+00,
        -1.26362948e+01,   2.14854749e-01])]Output weights: [[-12.00379652]
 [ -0.92286049]
 [ 11.09360528]
 [ -7.47716603]
 [  3.52409255]
 [  3.2666759 ]
 [ -3.58020181]
 [  4.62948089]
 [ -3.17734176]
 [ -8.34651259]
 [ -7.67729248]
 [  3.0975243 ]
 [ -5.98598402]
 [ 58.34418574]
 [  1.15960405]
 [  8.15324566]
 [  4.92870676]
 [ -9.36551739]
 [ -7.16459031]
 [  2.44360408]]Output bias: [-62.45451746]