Action MLP:Hidden weights: [array([[  2.55228576e-03,   5.35982147e-02,   1.67606233e-02,
          4.15909415e-02,   7.52245833e-02,   7.40324283e-02,
          6.86807017e-02,   1.33491753e-02,   4.80062357e-02,
          2.59430554e-02,   3.09717994e-02,  -3.95038464e-03,
          6.25577044e-02,   8.81242812e-02,   7.85222084e-02,
          1.81260148e-02,   5.99105436e-02,   5.73576791e-02,
          4.69752171e-02,   4.53425028e-02],
       [  2.24376164e-01,   2.02552152e-01,   2.36340629e-01,
          1.91603372e-01,   2.30598294e-01,   2.49458015e-01,
          2.53604215e-01,   1.86415216e-01,   2.32579472e-01,
          2.39740044e-01,   1.82298646e-01,   2.04597481e-01,
          2.34518280e-01,   2.69436747e-01,   2.29786310e-01,
          1.82476629e-01,   2.42061711e-01,   2.29199095e-01,
          2.26063992e-01,   2.09856326e-01],
       [ -9.80238612e-02,  -1.20079250e-01,  -9.14284718e-02,
         -1.04169628e-01,  -1.08983137e-01,  -9.68099086e-02,
         -8.40721151e-02,  -1.12368357e-01,  -9.79236200e-02,
         -9.50183477e-02,  -1.10636621e-01,  -9.35272309e-02,
         -9.57585764e-02,  -9.39119282e-02,  -1.13879844e-01,
         -1.17661175e-01,  -1.22148439e-01,  -1.08259641e-01,
         -1.03505191e-01,  -1.18939335e-01],
       [ -3.24480837e-01,  -3.64704421e-01,  -3.21903896e-01,
         -3.33802771e-01,  -3.20455689e-01,  -3.12388169e-01,
         -3.01388604e-01,  -3.45704756e-01,  -2.98196669e-01,
         -3.11943162e-01,  -3.64775362e-01,  -3.53961495e-01,
         -3.16977988e-01,  -3.01459032e-01,  -3.31652884e-01,
         -3.81241688e-01,  -3.11056441e-01,  -3.16808066e-01,
         -3.35646175e-01,  -3.41840337e-01],
       [ -1.61037291e-02,   5.89064508e-02,  -3.17518309e-02,
          6.58260070e-02,  -3.15070419e-02,  -1.85090181e-03,
         -3.16779399e-02,   6.46533846e-02,   2.98970606e-02,
          1.62332396e-02,   7.77993580e-02,  -3.43045986e-02,
          3.32348388e-02,  -4.25692732e-02,  -3.02334219e-02,
         -5.36453397e-03,   4.30375691e-02,  -5.21799909e-02,
         -4.70083527e-02,  -1.50753774e-02],
       [  2.01616040e-02,   1.15527792e-01,   2.55789816e-02,
          7.00003772e-02,   7.46537303e-02,   8.33199035e-02,
          4.90263370e-02,   4.50864687e-02,   7.01471237e-02,
          4.18742471e-02,   6.93858857e-02,  -8.99172238e-04,
          6.93249780e-02,   7.87370439e-02,   9.11446402e-02,
          3.00411778e-02,   1.10852973e-01,   6.41117122e-02,
          4.68061591e-02,   5.36800353e-02],
       [  1.70691669e-03,   1.18682711e-02,  -2.08495669e-03,
          5.29857208e-03,   5.82499429e-03,   1.11439578e-02,
          6.99337776e-03,   5.63594690e-03,   1.59874553e-02,
          4.24809858e-03,   1.17393251e-02,   6.83810762e-03,
          7.32587387e-03,   5.84286009e-03,   1.21739773e-02,
          6.15237717e-03,   8.67629774e-03,   2.31060214e-03,
          6.84197067e-03,   9.56087205e-03],
       [  1.04483440e-02,   1.85285857e-02,   3.86674032e-03,
          1.24582754e-02,   5.69664417e-03,   1.71290586e-02,
          1.81088788e-02,   3.23797187e-04,   1.73888744e-02,
          1.62058179e-02,   3.69590346e-03,  -4.09407022e-03,
          1.35257094e-02,   8.09533608e-03,   2.14775629e-02,
         -1.92063619e-03,   1.17803779e-02,   1.17480827e-02,
          1.04420243e-02,   1.66638564e-02]])]Hidden bias: [array([-0.61998675, -0.62133135, -0.61904741, -0.62254951, -0.61539672,
       -0.61410402, -0.61527769, -0.62320417, -0.61758048, -0.61899824,
       -0.62486826, -0.61938283, -0.61763834, -0.61051995, -0.61503709,
       -0.62125217, -0.61483558, -0.61702734, -0.62094766, -0.62156988])]Output weights: [[ 0.1068534   0.07637811]
 [ 0.13723045  0.12340758]
 [ 0.10480485  0.08528391]
 [ 0.1267808   0.10490771]
 [ 0.11596309  0.12718647]
 [ 0.08842437  0.13798601]
 [ 0.08805269  0.12524322]
 [ 0.13099027  0.0846098 ]
 [ 0.08215062  0.1253389 ]
 [ 0.08208377  0.10406974]
 [ 0.14714676  0.09558124]
 [ 0.14100451  0.0636173 ]
 [ 0.08879667  0.1302706 ]
 [ 0.08726326  0.14677567]
 [ 0.12289812  0.13262181]
 [ 0.15642791  0.08004231]
 [ 0.09349002  0.145073  ]
 [ 0.1196171   0.1151982 ]
 [ 0.12790682  0.1043001 ]
 [ 0.13093455  0.10500598]]Output bias: [ 0.90573436  0.86195581]
Value MLP:Hidden weights: [array([[ -1.28680344e+01,  -2.48632751e+01,  -4.25658097e+01,
         -1.00402347e+01,   1.45379601e+01,   9.89588993e+00,
          2.26698345e+01,   1.97477264e+01,   1.66329093e+01,
          3.63148160e+01,  -1.29179734e+01,   2.63477270e+01,
          1.77978303e+01,   1.98499285e+00,  -4.05116248e+01,
          4.80783432e+01,  -5.88341370e+01,  -4.22236521e+01,
          1.69354130e+01,   2.50420659e+01],
       [  3.28992483e+01,   3.89663959e+00,  -1.22067589e+00,
         -1.20078502e+01,   1.79093765e+01,   1.30364024e+01,
          5.94089167e+00,   7.25782660e+00,   5.87134931e+00,
          8.21128805e+00,   1.41772388e+01,   9.40688557e+00,
          7.34040253e+00,  -5.92061581e+00,  -1.28528336e+01,
          4.26350228e+00,  -1.59084949e+01,  -6.91185705e+00,
          9.88302574e+00,   5.30025450e+00],
       [  1.55993331e+01,  -5.61181391e+01,  -4.66376290e+01,
         -4.76453508e+01,   5.72327155e+01,  -3.06558547e+01,
          4.31018203e+01,   5.30357473e+01,   5.09961709e+01,
          4.61961314e+01,   7.44076177e+00,   4.88466976e+01,
          4.29750992e+01,   7.04948897e-01,  -3.87617924e+01,
          4.98376806e+01,  -2.26400547e+01,  -3.46644171e+01,
          9.10259239e+00,   5.19438407e+00],
       [  1.10388843e+01,   4.32543451e+00,   1.84725681e+00,
         -7.48982767e+00,  -1.34488019e-01,   9.13515744e-02,
         -8.67320883e-01,   3.45857665e+00,   3.28009618e+00,
         -8.20789491e-02,  -6.86943211e-01,   2.22928965e+00,
         -4.77770637e-01,   1.58738177e+00,  -3.06851979e+00,
         -1.07904949e+01,   5.62852682e+00,   4.03616897e+00,
          1.63823892e+01,  -6.41070300e+00],
       [  9.09354153e+00,   1.89511054e+01,  -1.98341212e+01,
         -2.48966422e+00,   1.02355624e+01,   5.48836475e+01,
         -2.64976963e+01,  -2.87200876e-01,  -5.67838909e+01,
          8.60700976e+00,  -1.84938456e+01,  -2.72642471e+01,
          9.93893125e+00,   1.16707788e+00,   1.30513282e+01,
          1.27193900e+01,  -3.01713649e+01,  -1.74733445e+01,
          5.19484889e+01,   4.73018113e+01],
       [ -1.44006426e+01,   6.12268921e+00,  -3.16516992e+01,
          6.00437199e+01,   3.07372039e+01,  -4.41827862e+00,
          5.62081693e+01,   3.85320123e+01,  -1.83561163e+01,
          1.82217961e+01,  -7.65767064e+01,   3.43775366e+01,
          5.00317828e+01,  -3.61729898e-01,  -2.55698024e+01,
          4.16628791e+01,  -1.57306192e+01,  -2.85290329e+01,
         -4.98591108e+01,   4.20159673e+01],
       [ -5.93803043e+01,  -2.71357769e+01,  -8.94629765e+00,
          3.00082855e+01,  -2.40868431e+01,  -5.64632209e+01,
         -9.98196179e+00,   1.41820931e+01,  -6.96704119e+00,
         -1.78977522e+01,  -6.51630988e+01,  -3.28887981e+01,
         -4.64833619e+00,  -2.95851729e-02,   1.59486651e+01,
         -2.56552576e+01,   3.53076450e+01,   1.90771028e+01,
         -7.86371708e+01,  -7.82457154e+00],
       [ -2.44952520e+01,  -1.68425469e+01,  -4.51145927e+00,
         -1.91259358e-01,  -4.90492059e+01,   5.20926337e-01,
         -3.05813234e+01,  -5.33443611e+01,  -3.81685784e-01,
         -1.68650532e+00,   2.30274002e+01,  -2.55030777e+01,
         -2.21148682e+01,   1.84567028e-01,   1.41612882e+01,
         -1.79378132e+01,   3.64607654e+01,   1.16149226e+01,
         -4.81744925e+00,  -3.93619720e+01]])]Hidden bias: [array([-62.89917948, -13.35948228,   1.90016697,   0.08149936,
       -18.05944131, -10.18733481, -11.19447315,  -6.24156507,
        -7.86630615,  -9.68490653, -21.45341276,  -0.88442259,
       -11.55391368,  -8.67369548,  10.9901255 ,   8.4093038 ,
        17.52643276,   6.42814894, -32.28167175,  -4.68788378])]Output weights: [[-10.43299328]
 [-14.97648252]
 [  1.60460836]
 [ -7.30255834]
 [  3.87379358]
 [ -0.71655678]
 [ -5.85078974]
 [  0.93032369]
 [ -5.33502492]
 [  0.3743227 ]
 [-15.04749097]
 [  4.4831482 ]
 [  2.02956859]
 [ 62.26137509]
 [  7.92742721]
 [ 10.65076513]
 [  5.83894203]
 [ -1.29323059]
 [  1.39274079]
 [-13.37482921]]Output bias: [-66.37147241]