Action MLP:Hidden weights: [array([[  2.04493261e-04,   5.09950444e-02,   1.44010912e-02,
          3.89193986e-02,   7.21991493e-02,   7.13236570e-02,
          6.61721011e-02,   1.07607731e-02,   4.55583355e-02,
          2.36576967e-02,   2.82835405e-02,  -6.58388701e-03,
          5.99710219e-02,   8.53604200e-02,   7.53516203e-02,
          1.49795831e-02,   5.74406107e-02,   5.44349411e-02,
          4.40589970e-02,   4.23202990e-02],
       [  2.24640909e-01,   2.02864481e-01,   2.36608757e-01,
          1.91913055e-01,   2.30942383e-01,   2.49768461e-01,
          2.53892816e-01,   1.86713054e-01,   2.32860018e-01,
          2.39999983e-01,   1.82614636e-01,   2.04894897e-01,
          2.34815616e-01,   2.69755160e-01,   2.30147248e-01,
          1.82830547e-01,   2.42353345e-01,   2.29531620e-01,
          2.26395512e-01,   2.10197683e-01],
       [ -1.04699072e-01,  -1.27519612e-01,  -9.81375963e-02,
         -1.11794446e-01,  -1.17591504e-01,  -1.04520548e-01,
         -9.12100619e-02,  -1.19755803e-01,  -1.04896096e-01,
         -1.01522813e-01,  -1.18321147e-01,  -1.01011679e-01,
         -1.03127658e-01,  -1.01778857e-01,  -1.22901456e-01,
         -1.26614436e-01,  -1.29195057e-01,  -1.16575904e-01,
         -1.11801511e-01,  -1.27538189e-01],
       [ -3.26372055e-01,  -3.66808483e-01,  -3.23810355e-01,
         -3.35947689e-01,  -3.22898276e-01,  -3.14579062e-01,
         -3.03423871e-01,  -3.47776022e-01,  -3.00171089e-01,
         -3.13785659e-01,  -3.66931403e-01,  -3.56085649e-01,
         -3.19065675e-01,  -3.03700950e-01,  -3.34212674e-01,
         -3.83766164e-01,  -3.13055800e-01,  -3.19167390e-01,
         -3.38000004e-01,  -3.44271735e-01],
       [ -7.13255097e-03,   6.88654334e-02,  -2.27275397e-02,
          7.60265759e-02,  -1.99375964e-02,   8.51333887e-03,
         -2.20708066e-02,   7.45267599e-02,   3.92556650e-02,
          2.49688158e-02,   8.80612077e-02,  -2.42380770e-02,
          4.31260593e-02,  -3.19849006e-02,  -1.81090395e-02,
          6.64500925e-03,   5.24902271e-02,  -4.10037746e-02,
         -3.58575884e-02,  -3.53069130e-03],
       [  2.81838462e-02,   1.24511685e-01,   3.36460783e-02,
          7.91845538e-02,   8.50059437e-02,   9.25963277e-02,
          5.76157921e-02,   5.39805769e-02,   7.85354590e-02,
          4.96952278e-02,   7.86529708e-02,   8.09753140e-03,
          7.81928891e-02,   8.82045809e-02,   1.01994726e-01,
          4.08025791e-02,   1.19348087e-01,   7.41130712e-02,
          5.67833502e-02,   6.40167032e-02],
       [  1.70989660e-03,   1.18721636e-02,  -2.08179761e-03,
          5.30208950e-03,   5.82902265e-03,   1.11476182e-02,
          6.99699503e-03,   5.63919253e-03,   1.59906567e-02,
          4.25100613e-03,   1.17430095e-02,   6.84165680e-03,
          7.32931123e-03,   5.84679337e-03,   1.21782005e-02,
          6.15627608e-03,   8.67976508e-03,   2.31451307e-03,
          6.84591519e-03,   9.56470174e-03],
       [  1.04483440e-02,   1.85285857e-02,   3.86674032e-03,
          1.24582754e-02,   5.69664417e-03,   1.71290586e-02,
          1.81088788e-02,   3.23797187e-04,   1.73888744e-02,
          1.62058179e-02,   3.69590346e-03,  -4.09407022e-03,
          1.35257094e-02,   8.09533608e-03,   2.14775629e-02,
         -1.92063619e-03,   1.17803779e-02,   1.17480827e-02,
          1.04420243e-02,   1.66638564e-02]])]Hidden bias: [array([-0.61728233, -0.61828273, -0.61632285, -0.61945131, -0.61190249,
       -0.61096949, -0.61237025, -0.62020948, -0.61474943, -0.61636038,
       -0.62173925, -0.6163464 , -0.61464377, -0.60731583, -0.61137432,
       -0.61763051, -0.61195644, -0.61365135, -0.61757958, -0.61808713])]Output weights: [[ 0.10541253  0.0753581 ]
 [ 0.14489843  0.12859405]
 [ 0.10227696  0.08352229]
 [ 0.13210581  0.10850068]
 [ 0.11606138  0.12721001]
 [ 0.09001079  0.13902961]
 [ 0.08553631  0.12348887]
 [ 0.13588705  0.08791251]
 [ 0.08494125  0.12720333]
 [ 0.08299025  0.10465317]
 [ 0.15366802  0.09999072]
 [ 0.13780198  0.06139699]
 [ 0.09169124  0.13220937]
 [ 0.08594987  0.14583878]
 [ 0.12425096  0.13350044]
 [ 0.15753204  0.08075858]
 [ 0.09983424  0.14935536]
 [ 0.11812816  0.11413679]
 [ 0.12593459  0.10291309]
 [ 0.13187726  0.10560708]]Output bias: [ 0.92301993  0.87387532]
Value MLP:Hidden weights: [array([[ -1.15808786e+01,  -3.03686735e+01,  -4.69937482e+01,
         -1.77528193e+01,   3.30394444e+01,  -2.58934178e+01,
          2.93193977e+01,   2.46679339e+01,   3.93405213e+01,
          4.05406025e+01,   5.34628218e+01,   2.97929756e+01,
         -1.76947609e+01,   1.97216185e+00,  -4.81445241e+01,
          5.56947338e+01,   2.57771771e-01,  -4.56681402e+01,
          3.88714866e+01,  -1.37225244e+01],
       [  3.24668628e+01,   6.42946001e+00,   1.71312305e+00,
         -7.82292471e+00,   9.65596007e+00,   1.95714480e+01,
         -5.07285895e+00,   4.34805902e-01,  -3.05693604e+00,
          8.09964045e+00,   1.21638083e+01,  -1.74725739e+00,
          3.14465396e+00,  -5.91995989e+00,  -1.14478393e+01,
          4.45430108e+00,  -1.65290606e+01,  -7.06054629e+00,
          1.24516339e+01,   5.89577768e-02],
       [  1.67570146e+01,  -4.25942019e+01,  -2.60455122e+01,
         -3.45949482e+01,   5.73998684e+01,  -4.13024454e+01,
          4.11403492e+01,   4.19603368e+01,   5.63801418e+01,
          2.40502919e+01,   4.53127752e+01,   3.85542862e+01,
         -2.64859556e+01,   6.83225841e-01,  -2.39379713e+01,
          2.02408059e+01,   5.35463421e+01,  -2.94560241e+01,
          4.21348780e+01,  -3.90562902e+01],
       [  1.06710856e+01,   5.54290197e+00,   3.87967199e+00,
         -4.61768471e+00,  -5.49539852e+00,   6.80625979e+00,
         -4.53498886e+00,  -6.51029720e+00,  -6.86816083e+00,
         -2.76160218e+00,  -2.75824037e+00,   3.49862851e+00,
         -1.91558471e+00,   1.59878927e+00,  -4.65482955e-01,
         -5.74925296e+00,   5.01360128e-01,   4.43667391e+00,
          1.10875187e-01,   8.64707639e-01],
       [  7.67584515e+00,  -1.29778464e+01,  -3.54455912e+01,
         -2.51785141e+01,   2.60389477e+01,   3.16456610e+01,
         -6.26888244e+00,   1.90227474e+01,  -3.46623219e+01,
          3.40784707e+01,   1.91504745e+01,   2.11144068e-01,
          3.39012824e+01,   1.18069142e+00,  -2.02538468e+01,
          3.11999216e+01,  -2.16230206e+01,  -2.68292404e+01,
          3.01818810e+01,   5.52855281e+00],
       [ -1.78453376e+01,  -3.18177599e+01,  -2.57011592e+01,
          5.92753786e+01,   2.51712871e+01,  -3.02462066e+01,
          6.02554481e+01,   4.32459668e+01,   1.33814598e+00,
          1.17009835e+01,  -8.27363004e+00,   4.44837632e+01,
          5.88124593e+00,  -3.08784740e-01,  -2.29564683e+01,
          3.87908864e+00,  -1.43546184e+01,  -1.63481733e+01,
         -5.48417300e+01,  -3.66025664e+01],
       [ -5.93803043e+01,  -1.36118456e+01,  -1.05610291e+01,
          2.13974359e+01,  -2.40154433e+01,  -4.60308150e+01,
         -1.14731922e+00,   2.56034575e+01,  -9.78237339e+00,
         -1.43166687e+01,  -3.51294994e+01,  -3.53079710e+01,
         -2.58921552e+01,  -3.07853252e-02,   1.03853637e+01,
         -4.12218960e+01,   3.26867361e+01,   1.84794842e+01,
         -6.30953228e+01,   1.75302931e+00],
       [ -2.44952520e+01,  -3.98849124e+00,  -3.76738838e+00,
         -7.07177764e+00,  -3.69264058e+01,   3.23771297e+00,
         -2.73626309e+01,  -4.40607384e+01,  -6.01767911e+00,
          7.65139450e-01,  -2.22176386e+01,  -2.89816127e+01,
          5.97234511e-02,   1.88849927e-01,   5.64431918e+00,
         -1.67605256e+01,   2.70359861e+01,   7.44389964e+00,
         -7.48261343e+00,  -5.46572819e+00]])]Hidden bias: [array([-62.3486543 ,  -0.14227673,  -0.13975889,  -0.36017277,
        -8.29522693, -17.98507511,  -4.38157954,   3.82484069,
        -2.56645656,  -3.89174359, -15.12232103,  -6.52705595,
        -7.71108494,  -8.68582607,   4.37927634,  -2.17469531,
        19.82159842,  -2.96961734, -12.5432618 ,  -1.54949991])]Output weights: [[ -5.11351069]
 [  8.970257  ]
 [ -4.82331417]
 [ -7.19275309]
 [  4.3873713 ]
 [  6.29877672]
 [ -3.71863103]
 [  3.25922957]
 [ -9.33868057]
 [ -3.98841107]
 [ -2.37056981]
 [ -5.82993685]
 [-10.52523772]
 [ 66.4509007 ]
 [ -3.93229095]
 [ -1.41940997]
 [ 16.90635578]
 [ -6.1419077 ]
 [-14.13831519]
 [ -9.2348613 ]]Output bias: [-70.56108904]