Action MLP:Hidden weights: [array([[  2.04493261e-04,   5.09950444e-02,   1.44010912e-02,
          3.89193986e-02,   7.21991493e-02,   7.13236570e-02,
          6.61721011e-02,   1.07607731e-02,   4.55583355e-02,
          2.36576967e-02,   2.82835405e-02,  -6.58388701e-03,
          5.99710219e-02,   8.53604200e-02,   7.53516203e-02,
          1.49795831e-02,   5.74406107e-02,   5.44349411e-02,
          4.40589970e-02,   4.23202990e-02],
       [  2.24640909e-01,   2.02864481e-01,   2.36608757e-01,
          1.91913055e-01,   2.30942383e-01,   2.49768461e-01,
          2.53892816e-01,   1.86713054e-01,   2.32860018e-01,
          2.39999983e-01,   1.82614636e-01,   2.04894897e-01,
          2.34815616e-01,   2.69755160e-01,   2.30147248e-01,
          1.82830547e-01,   2.42353345e-01,   2.29531620e-01,
          2.26395512e-01,   2.10197683e-01],
       [ -1.04699072e-01,  -1.27519612e-01,  -9.81375963e-02,
         -1.11794446e-01,  -1.17591504e-01,  -1.04520548e-01,
         -9.12100619e-02,  -1.19755803e-01,  -1.04896096e-01,
         -1.01522813e-01,  -1.18321147e-01,  -1.01011679e-01,
         -1.03127658e-01,  -1.01778857e-01,  -1.22901456e-01,
         -1.26614436e-01,  -1.29195057e-01,  -1.16575904e-01,
         -1.11801511e-01,  -1.27538189e-01],
       [ -3.26372055e-01,  -3.66808483e-01,  -3.23810355e-01,
         -3.35947689e-01,  -3.22898276e-01,  -3.14579062e-01,
         -3.03423871e-01,  -3.47776022e-01,  -3.00171089e-01,
         -3.13785659e-01,  -3.66931403e-01,  -3.56085649e-01,
         -3.19065675e-01,  -3.03700950e-01,  -3.34212674e-01,
         -3.83766164e-01,  -3.13055800e-01,  -3.19167390e-01,
         -3.38000004e-01,  -3.44271735e-01],
       [ -7.13255097e-03,   6.88654334e-02,  -2.27275397e-02,
          7.60265759e-02,  -1.99375964e-02,   8.51333887e-03,
         -2.20708066e-02,   7.45267599e-02,   3.92556650e-02,
          2.49688158e-02,   8.80612077e-02,  -2.42380770e-02,
          4.31260593e-02,  -3.19849006e-02,  -1.81090395e-02,
          6.64500925e-03,   5.24902271e-02,  -4.10037746e-02,
         -3.58575884e-02,  -3.53069130e-03],
       [  2.81838462e-02,   1.24511685e-01,   3.36460783e-02,
          7.91845538e-02,   8.50059437e-02,   9.25963277e-02,
          5.76157921e-02,   5.39805769e-02,   7.85354590e-02,
          4.96952278e-02,   7.86529708e-02,   8.09753140e-03,
          7.81928891e-02,   8.82045809e-02,   1.01994726e-01,
          4.08025791e-02,   1.19348087e-01,   7.41130712e-02,
          5.67833502e-02,   6.40167032e-02],
       [  1.70989660e-03,   1.18721636e-02,  -2.08179761e-03,
          5.30208950e-03,   5.82902265e-03,   1.11476182e-02,
          6.99699503e-03,   5.63919253e-03,   1.59906567e-02,
          4.25100613e-03,   1.17430095e-02,   6.84165680e-03,
          7.32931123e-03,   5.84679337e-03,   1.21782005e-02,
          6.15627608e-03,   8.67976508e-03,   2.31451307e-03,
          6.84591519e-03,   9.56470174e-03],
       [  1.04483440e-02,   1.85285857e-02,   3.86674032e-03,
          1.24582754e-02,   5.69664417e-03,   1.71290586e-02,
          1.81088788e-02,   3.23797187e-04,   1.73888744e-02,
          1.62058179e-02,   3.69590346e-03,  -4.09407022e-03,
          1.35257094e-02,   8.09533608e-03,   2.14775629e-02,
         -1.92063619e-03,   1.17803779e-02,   1.17480827e-02,
          1.04420243e-02,   1.66638564e-02]])]Hidden bias: [array([-0.61728233, -0.61828273, -0.61632285, -0.61945131, -0.61190249,
       -0.61096949, -0.61237025, -0.62020948, -0.61474943, -0.61636038,
       -0.62173925, -0.6163464 , -0.61464377, -0.60731583, -0.61137432,
       -0.61763051, -0.61195644, -0.61365135, -0.61757958, -0.61808713])]Output weights: [[ 0.10541253  0.0753581 ]
 [ 0.14489843  0.12859405]
 [ 0.10227696  0.08352229]
 [ 0.13210581  0.10850068]
 [ 0.11606138  0.12721001]
 [ 0.09001079  0.13902961]
 [ 0.08553631  0.12348887]
 [ 0.13588705  0.08791251]
 [ 0.08494125  0.12720333]
 [ 0.08299025  0.10465317]
 [ 0.15366802  0.09999072]
 [ 0.13780198  0.06139699]
 [ 0.09169124  0.13220937]
 [ 0.08594987  0.14583878]
 [ 0.12425096  0.13350044]
 [ 0.15753204  0.08075858]
 [ 0.09983424  0.14935536]
 [ 0.11812816  0.11413679]
 [ 0.12593459  0.10291309]
 [ 0.13187726  0.10560708]]Output bias: [ 0.92301993  0.87387532]
Value MLP:Hidden weights: [array([[  2.91472261e+01,  -2.83686717e+01,   4.11424408e+00,
         -3.37825395e+01,   3.63071134e+01,  -3.09940982e+01,
          3.24372144e+01,   9.56172641e+00,   4.09994956e+01,
         -1.37259247e+01,  -5.54056018e+00,   3.64033588e+01,
         -2.59929236e+01,   1.94379562e+00,  -4.85011768e+01,
          1.70403922e+01,   1.01360776e+01,  -3.14500591e+00,
          3.14207039e+01,  -1.70529718e+01],
       [  3.29566846e+01,   2.42588394e+00,   1.72161395e+00,
          5.04280160e+00,   5.60737129e+00,   1.93279986e+01,
          2.62284747e+00,   7.87421319e+00,   3.31626911e+00,
          3.47773568e-01,   1.50349331e+00,  -1.31717152e+00,
          1.50336048e+00,  -5.91547164e+00,  -4.20522173e+00,
          9.99481126e+00,  -8.66082129e+00,  -1.25851917e+00,
          1.30116053e+01,   5.76388345e+00],
       [  3.41098083e+01,  -3.26263257e+01,   2.71910179e+01,
         -3.48412934e+01,   5.47752443e+01,  -2.33307513e+01,
          2.51404252e+01,   2.25202144e+00,   4.23808194e+01,
         -1.17845155e+01,  -3.93426245e+01,   3.52592621e+01,
         -2.73058019e+01,   6.57942758e-01,  -2.12991649e+01,
         -3.50418729e+01,   5.04495997e+01,   3.66920711e+01,
         -2.04203345e+01,  -3.63678872e+01],
       [ -2.81302820e+00,   5.18142484e+00,   1.21187962e+00,
          2.42734937e+00,  -9.18382077e+00,   3.13377787e+00,
         -3.84913585e+00,  -3.20900627e+00,  -8.28752935e+00,
          6.46091540e-01,   5.42439980e+00,  -7.82283769e+00,
          5.88348310e-01,   1.61251957e+00,   7.57517979e+00,
         -8.04246758e-01,  -1.16756560e+01,  -5.94185378e-01,
          4.04325601e-01,   3.44763608e+00],
       [  2.01408939e+01,  -2.47090204e+01,  -3.81336980e+01,
         -4.38691086e+01,   2.94126847e+01,   4.28317612e+00,
          1.79947946e+01,   4.38365459e+01,  -1.91006000e+00,
         -3.58032232e+00,   2.56372594e+01,   1.58663545e+01,
          1.21414905e+01,   1.16908756e+00,  -2.04605551e+01,
          4.77831399e+01,   1.49918734e+01,  -1.59019656e+01,
          6.86178209e+01,  -1.86866826e+00],
       [ -1.78521995e+01,  -3.73491683e+01,   5.37256654e+00,
          3.30998043e+01,   1.93065996e+01,  -4.88836501e+01,
          6.07118938e+01,   3.39297769e+01,   1.69977255e+01,
         -2.50654583e+01,  -2.93788637e+01,   3.17674151e+01,
         -1.41613809e+01,  -2.81489624e-01,  -1.61554239e+01,
         -1.05511392e+01,   3.09416628e+01,   2.63010507e+01,
         -1.59378639e+01,  -3.65492071e+01],
       [ -5.07275640e+01,  -1.07524007e+01,  -1.16631202e+01,
         -4.23473381e+00,  -2.70498037e+01,  -4.74293380e+01,
         -7.59669943e+00,   1.21399902e+01,  -2.41659802e+01,
         -1.09143714e+01,  -2.00791725e+01,  -2.64290747e+01,
         -2.63726756e+01,  -2.77850180e-02,   1.02493928e+01,
         -2.10347997e+01,   2.30786562e+01,   1.30984730e+01,
         -3.44457130e+01,  -2.54551929e+00],
       [ -2.06190026e+01,  -4.42840814e+00,  -1.56193564e+01,
         -1.81124041e+01,  -3.58599710e+01,   1.22220837e+00,
         -3.31028733e+01,  -5.19527937e+01,  -4.42352713e+00,
          1.40407794e+01,   8.82872948e-01,  -3.04572965e+01,
          1.82904473e+00,   1.69634962e-01,   4.75922328e+00,
         -1.29592477e+01,   1.03318576e+01,   1.08856511e+01,
         -1.51113097e+01,  -1.33412623e+00]])]Hidden bias: [array([-34.13333498,   0.41859612,   3.30844843,  -1.24555113,
        -7.55582399, -12.70432325,  -8.05752916, -10.69251558,
        -0.99454994,  -1.90151896,  -8.08583114,   4.27036818,
        -4.22658886,  -8.71839827,   5.07213647,  -3.46203512,
        20.01810826,  -5.11280972,  -8.61728535,   3.22936798])]Output weights: [[-11.08364893]
 [ -2.27892927]
 [ 12.28775288]
 [  1.53803838]
 [  2.8850829 ]
 [ -1.61532979]
 [ -1.6260573 ]
 [-16.62253222]
 [ -2.80913658]
 [ -7.70007022]
 [ -7.19269755]
 [  3.0109044 ]
 [ -5.16867273]
 [ 61.12687212]
 [  2.30648491]
 [  4.56979532]
 [ 10.37889428]
 [ -5.71151122]
 [  4.06490651]
 [  0.14327045]]Output bias: [-65.23732652]