Action MLP:Hidden weights: [array([[-0.0038557 ,  0.04615789,  0.0103529 ,  0.03409146,  0.0670309 ,
         0.06665744,  0.06190347,  0.00606631,  0.04125573,  0.01967309,
         0.02333963, -0.01118364,  0.05542931,  0.08069112,  0.06993109,
         0.00948548,  0.05295708,  0.0494564 ,  0.03905608,  0.03709232],
       [ 0.22583948,  0.20458421,  0.23780671,  0.193496  ,  0.23253629,
         0.25124148,  0.25518299,  0.18822097,  0.23422242,  0.24122005,
         0.18427979,  0.20622894,  0.23626125,  0.2712022 ,  0.23184965,
         0.18449075,  0.24390339,  0.23104219,  0.22789796,  0.21179603],
       [-0.11567353, -0.14098965, -0.10907088, -0.12514886, -0.13172136,
        -0.11731532, -0.10279667, -0.13270795, -0.11671438, -0.11238891,
        -0.13206084, -0.11333834, -0.11560602, -0.1145365 , -0.13775195,
        -0.14158248, -0.14163258, -0.13015216, -0.12539661, -0.14181898],
       [-0.32898024, -0.37006221, -0.32642231, -0.33909517, -0.32628614,
        -0.31766471, -0.30621007, -0.35079657, -0.30299924, -0.31637633,
        -0.37014745, -0.35901324, -0.32205008, -0.30678598, -0.33779202,
        -0.3872826 , -0.31608713, -0.32241252, -0.34123773, -0.34766278],
       [ 0.00716691,  0.0862889 , -0.00845697,  0.09322517, -0.00150782,
         0.02521208, -0.00693679,  0.09115606,  0.05461868,  0.03910635,
         0.10565607, -0.0081568 ,  0.05933806, -0.01530125,  0.00128868,
         0.02602983,  0.06867887, -0.02330433, -0.01815057,  0.01502898],
       [ 0.04241961,  0.14155401,  0.04786711,  0.09625881,  0.10295358,
         0.10885862,  0.07267765,  0.07067442,  0.09365304,  0.06372212,
         0.09630697,  0.02422115,  0.09415138,  0.10454824,  0.12068986,
         0.05998461,  0.13508974,  0.09146219,  0.07427108,  0.082224  ],
       [ 0.00142112,  0.01170748, -0.00237647,  0.00508086,  0.00557259,
         0.01092353,  0.00670522,  0.00539084,  0.01577101,  0.00400441,
         0.01151903,  0.00646263,  0.00709919,  0.00559193,  0.01194527,
         0.00583509,  0.00851443,  0.00204167,  0.00653844,  0.00928781],
       [ 0.01111107,  0.01946957,  0.004525  ,  0.01338672,  0.00658825,
         0.01794947,  0.01883217,  0.00122572,  0.0181671 ,  0.01689819,
         0.00469138, -0.00338723,  0.01434933,  0.00890419,  0.02240811,
        -0.00097456,  0.01262593,  0.01260073,  0.01128722,  0.01757111]])]Hidden bias: [array([-0.61231327, -0.61147582, -0.61138   , -0.61298253, -0.60524222,
       -0.60487703, -0.60706566, -0.61402831, -0.60913087, -0.61132027,
       -0.61501256, -0.61088176, -0.60869986, -0.60132819, -0.60427609,
       -0.61069372, -0.60575264, -0.60732681, -0.61131834, -0.61139738])]Output weights: [[ 0.10570293  0.07614385]
 [ 0.16072637  0.13980751]
 [ 0.10087008  0.08318479]
 [ 0.14384044  0.11697138]
 [ 0.12003196  0.1305068 ]
 [ 0.09617146  0.14381118]
 [ 0.08462301  0.12352063]
 [ 0.1466095   0.09568012]
 [ 0.09261326  0.13297156]
 [ 0.08725476  0.10813045]
 [ 0.16723791  0.10967828]
 [ 0.13516863  0.06019662]
 [ 0.09961845  0.13816086]
 [ 0.08758034  0.14759158]
 [ 0.13053534  0.13835226]
 [ 0.16260758  0.08474878]
 [ 0.11359741  0.15918551]
 [ 0.11940533  0.11562005]
 [ 0.12620869  0.10371839]
 [ 0.13698072  0.10963648]]Output bias: [ 0.95284749  0.89300669]
Value MLP:Hidden weights: [array([[  3.74851067e+00,  -1.24148159e+01,   1.54057593e+01,
         -4.80961759e+00,   1.11728434e+01,   1.46570412e+01,
         -2.12325298e+01,  -1.35376704e+01,   1.06692283e+01,
         -1.31848128e+00,  -1.28487496e+01,   1.08346376e+01,
         -1.38390384e+00,   1.94416693e+00,   1.06667319e+01,
         -8.55789797e+00,   1.11642258e+01,   4.94131053e+00,
          5.90297567e+00,  -2.26142346e+01],
       [  3.19975827e+00,   1.08292166e+00,  -2.55615492e+00,
          3.75790461e+00,   1.11233891e+01,   1.50349455e+01,
          1.26550977e+01,   9.47462512e+00,   8.49935744e+00,
          1.18633169e+00,   2.05953130e+00,   2.84712444e+00,
          1.09829842e+00,  -5.91688813e+00,  -9.90525681e+00,
          5.65578354e+00,  -1.14512255e+01,   4.66731229e+00,
          1.48164524e+01,   1.13075301e+01],
       [ -3.99933762e+01,   9.00724674e+00,   2.88497020e+01,
          1.81631088e+01,  -1.33153161e+01,   3.94450626e+01,
         -2.65174184e+01,  -3.38983299e+01,  -1.59781208e+01,
         -4.95420243e-01,  -2.93186339e+01,  -5.56960316e+00,
         -7.33361822e-01,   6.52354923e-01,   3.20046556e+01,
         -3.39012650e+01,   3.64260531e+01,   3.15635204e+01,
         -4.58519625e+01,  -2.43767102e+01],
       [  4.29139237e+00,  -2.18977948e+00,  -2.33009001e+00,
         -1.63721295e-01,  -1.61035718e+00,   1.73395111e+00,
          8.56333043e+00,   4.92223284e+00,   2.13700130e-01,
         -4.63044367e+00,   1.06717188e+01,   1.66579323e+00,
         -4.57359986e+00,   1.62174506e+00,  -9.12339758e+00,
         -1.55737883e+00,  -7.75102082e+00,  -2.34634549e+00,
          7.17551337e+00,   3.44908377e+00],
       [  2.31589257e+01,  -4.89861154e+01,  -1.24291827e+01,
         -1.65503634e+01,   5.65325134e+01,   2.91157321e+00,
          6.34870818e-01,   2.92833232e+00,   3.72860216e+01,
         -9.98175779e-01,  -7.65953625e-01,   3.56290247e+01,
         -8.15979498e-01,   1.16445710e+00,  -1.16303479e+01,
          8.03536784e+00,   3.27014771e+01,   4.26454582e+00,
          5.49337008e+01,  -2.05653059e+01],
       [ -1.64850712e+01,  -2.62766351e+01,   2.37157629e+01,
          3.93180991e+01,  -4.88892508e+00,  -1.43293589e+01,
          4.60350102e+01,  -1.04232682e+01,   8.88374004e+00,
          1.13345061e-01,  -3.97955673e+01,   8.18343789e+00,
          5.98207963e-02,  -3.08733264e-01,   1.22597367e+01,
         -1.70709407e+01,   3.93174672e+01,   2.92575093e+01,
         -2.54767267e+01,  -3.21353063e+01],
       [  4.61697478e-01,   3.38970905e+00,  -6.97755252e+00,
          4.88189402e+00,  -3.48580194e+01,  -3.16260775e+01,
         -4.77983227e+00,   3.06732270e-01,  -2.71795350e+01,
          3.70521953e+00,  -1.77607786e+01,  -3.47838476e+01,
          3.53647733e+00,  -1.91027161e-02,   4.82366591e+00,
         -6.40930710e+00,   2.30524311e+01,   4.83015713e-01,
         -2.45928974e+01,  -2.71942368e+00],
       [  1.42739496e+00,  -4.74539099e+00,  -2.24687450e+00,
          9.84692196e-01,  -2.34943677e+01,  -2.21571986e+01,
         -1.72877593e+01,  -2.24767237e+01,  -1.09879650e+01,
          1.26339803e+00,  -1.15563643e-01,  -2.31602077e+01,
          1.24895198e+00,   1.69456594e-01,  -2.65137229e+00,
          2.12780167e+00,   1.87366636e+00,   2.69906703e+00,
         -2.46648640e+01,  -1.19442118e+01]])]Hidden bias: [array([ -8.61847093,   4.3195173 ,   5.32819273,  -0.5177158 ,
       -13.69219406, -16.32994683, -15.6993971 , -11.95223587,
       -12.70551665,   5.97869119,  -4.29316272,   1.35058641,
         5.51649763,  -8.71677612,   7.70340489,   2.94788373,
        10.34741558,   0.64441771, -13.71030726,  -2.25403463])]Output weights: [[  0.98925201]
 [ 10.72674827]
 [  2.32420747]
 [  4.13700976]
 [-13.90072884]
 [-14.99763564]
 [ -2.30551842]
 [ -7.69533428]
 [-13.59737851]
 [-24.05543319]
 [ -7.07883423]
 [ 17.45945643]
 [-24.05536911]
 [ 38.05010228]
 [ -0.44127626]
 [  9.51939507]
 [  2.22835841]
 [ -3.22133202]
 [  4.48452921]
 [  2.73572664]]Output bias: [-42.16051286]