Action MLP:Hidden weights: [array([[  2.04493261e-04,   5.09950444e-02,   1.44010912e-02,
          3.89193986e-02,   7.21991493e-02,   7.13236570e-02,
          6.61721011e-02,   1.07607731e-02,   4.55583355e-02,
          2.36576967e-02,   2.82835405e-02,  -6.58388701e-03,
          5.99710219e-02,   8.53604200e-02,   7.53516203e-02,
          1.49795831e-02,   5.74406107e-02,   5.44349411e-02,
          4.40589970e-02,   4.23202990e-02],
       [  2.24640909e-01,   2.02864481e-01,   2.36608757e-01,
          1.91913055e-01,   2.30942383e-01,   2.49768461e-01,
          2.53892816e-01,   1.86713054e-01,   2.32860018e-01,
          2.39999983e-01,   1.82614636e-01,   2.04894897e-01,
          2.34815616e-01,   2.69755160e-01,   2.30147248e-01,
          1.82830547e-01,   2.42353345e-01,   2.29531620e-01,
          2.26395512e-01,   2.10197683e-01],
       [ -1.04699072e-01,  -1.27519612e-01,  -9.81375963e-02,
         -1.11794446e-01,  -1.17591504e-01,  -1.04520548e-01,
         -9.12100619e-02,  -1.19755803e-01,  -1.04896096e-01,
         -1.01522813e-01,  -1.18321147e-01,  -1.01011679e-01,
         -1.03127658e-01,  -1.01778857e-01,  -1.22901456e-01,
         -1.26614436e-01,  -1.29195057e-01,  -1.16575904e-01,
         -1.11801511e-01,  -1.27538189e-01],
       [ -3.26372055e-01,  -3.66808483e-01,  -3.23810355e-01,
         -3.35947689e-01,  -3.22898276e-01,  -3.14579062e-01,
         -3.03423871e-01,  -3.47776022e-01,  -3.00171089e-01,
         -3.13785659e-01,  -3.66931403e-01,  -3.56085649e-01,
         -3.19065675e-01,  -3.03700950e-01,  -3.34212674e-01,
         -3.83766164e-01,  -3.13055800e-01,  -3.19167390e-01,
         -3.38000004e-01,  -3.44271735e-01],
       [ -7.13255097e-03,   6.88654334e-02,  -2.27275397e-02,
          7.60265759e-02,  -1.99375964e-02,   8.51333887e-03,
         -2.20708066e-02,   7.45267599e-02,   3.92556650e-02,
          2.49688158e-02,   8.80612077e-02,  -2.42380770e-02,
          4.31260593e-02,  -3.19849006e-02,  -1.81090395e-02,
          6.64500925e-03,   5.24902271e-02,  -4.10037746e-02,
         -3.58575884e-02,  -3.53069130e-03],
       [  2.81838462e-02,   1.24511685e-01,   3.36460783e-02,
          7.91845538e-02,   8.50059437e-02,   9.25963277e-02,
          5.76157921e-02,   5.39805769e-02,   7.85354590e-02,
          4.96952278e-02,   7.86529708e-02,   8.09753140e-03,
          7.81928891e-02,   8.82045809e-02,   1.01994726e-01,
          4.08025791e-02,   1.19348087e-01,   7.41130712e-02,
          5.67833502e-02,   6.40167032e-02],
       [  1.70989660e-03,   1.18721636e-02,  -2.08179761e-03,
          5.30208950e-03,   5.82902265e-03,   1.11476182e-02,
          6.99699503e-03,   5.63919253e-03,   1.59906567e-02,
          4.25100613e-03,   1.17430095e-02,   6.84165680e-03,
          7.32931123e-03,   5.84679337e-03,   1.21782005e-02,
          6.15627608e-03,   8.67976508e-03,   2.31451307e-03,
          6.84591519e-03,   9.56470174e-03],
       [  1.04483440e-02,   1.85285857e-02,   3.86674032e-03,
          1.24582754e-02,   5.69664417e-03,   1.71290586e-02,
          1.81088788e-02,   3.23797187e-04,   1.73888744e-02,
          1.62058179e-02,   3.69590346e-03,  -4.09407022e-03,
          1.35257094e-02,   8.09533608e-03,   2.14775629e-02,
         -1.92063619e-03,   1.17803779e-02,   1.17480827e-02,
          1.04420243e-02,   1.66638564e-02]])]Hidden bias: [array([-0.61728233, -0.61828273, -0.61632285, -0.61945131, -0.61190249,
       -0.61096949, -0.61237025, -0.62020948, -0.61474943, -0.61636038,
       -0.62173925, -0.6163464 , -0.61464377, -0.60731583, -0.61137432,
       -0.61763051, -0.61195644, -0.61365135, -0.61757958, -0.61808713])]Output weights: [[ 0.10541253  0.0753581 ]
 [ 0.14489843  0.12859405]
 [ 0.10227696  0.08352229]
 [ 0.13210581  0.10850068]
 [ 0.11606138  0.12721001]
 [ 0.09001079  0.13902961]
 [ 0.08553631  0.12348887]
 [ 0.13588705  0.08791251]
 [ 0.08494125  0.12720333]
 [ 0.08299025  0.10465317]
 [ 0.15366802  0.09999072]
 [ 0.13780198  0.06139699]
 [ 0.09169124  0.13220937]
 [ 0.08594987  0.14583878]
 [ 0.12425096  0.13350044]
 [ 0.15753204  0.08075858]
 [ 0.09983424  0.14935536]
 [ 0.11812816  0.11413679]
 [ 0.12593459  0.10291309]
 [ 0.13187726  0.10560708]]Output bias: [ 0.92301993  0.87387532]
Value MLP:Hidden weights: [array([[ -1.13764138e+01,  -2.83492722e+01,  -4.10932715e+01,
         -2.90665554e+01,   3.78246691e+01,  -3.41596710e+01,
          3.29261761e+01,   2.41454075e+01,   4.06433354e+01,
         -1.58118544e+00,   2.63606215e+01,   3.74781908e+01,
         -2.38436989e+01,   1.95666967e+00,  -4.87154849e+01,
          4.02494740e+01,   1.33368119e+01,  -2.15508931e+01,
          5.37649033e+01,  -1.86479658e+01],
       [  3.24551830e+01,   2.89711489e+00,   6.68959970e+00,
         -2.77537828e+00,   7.94304343e+00,   1.21787981e+01,
         -5.03373986e-01,   4.53502854e+00,   1.15562727e+00,
         -1.88308474e+00,   4.79888077e+00,  -1.34919820e+00,
          4.24335605e+00,  -5.91776202e+00,  -4.43407092e+00,
          6.58821958e+00,  -9.80058079e+00,  -1.13572948e+00,
          1.30365923e+01,   9.73998646e-01],
       [  1.57858934e+01,  -3.26178951e+01,  -4.25962572e+00,
         -3.90785847e+01,   5.77704326e+01,  -4.01947721e+01,
          3.31445273e+01,   3.46562075e+01,   4.46349167e+01,
         -2.44876467e+01,  -1.47804891e+01,   4.03180125e+01,
         -2.74145433e+01,   6.69777375e-01,  -2.16982042e+01,
         -4.72938968e+00,   6.14347807e+01,   2.32460564e+01,
          2.81670638e+01,  -3.79388790e+01],
       [  1.11223480e+01,   6.52117245e+00,  -1.22678338e+00,
          3.69591515e-02,  -1.02873567e+01,   4.03745699e+00,
         -5.64249223e+00,  -7.77156840e+00,  -6.92157134e+00,
          1.37525076e+00,  -4.55114937e+00,  -4.05951033e+00,
         -1.87051283e-01,   1.60787024e+00,   6.78425958e+00,
         -6.24218158e+00,  -6.50933301e+00,   1.60286717e-02,
         -5.44456481e+00,   4.58997876e+00],
       [  7.71271879e+00,  -2.46064676e+01,  -4.97240018e+01,
         -3.71977435e+01,   2.52051310e+01,   1.87474721e+01,
          5.39863437e+00,   3.05610082e+01,  -6.57612157e+00,
          2.41673956e+01,   4.47417553e+01,   5.56540464e+00,
          2.04060371e+01,   1.18166722e+00,  -1.96243931e+01,
          5.53265063e+01,  -3.85277387e+00,  -3.71311770e+01,
          5.11229675e+01,   2.18731339e+00],
       [ -1.56809095e+01,  -3.75228993e+01,  -1.59330788e+01,
          4.48473215e+01,   1.66206199e+01,  -4.30026810e+01,
          6.20243966e+01,   3.44200446e+01,   1.78558102e+01,
         -1.86891385e+01,   9.55826284e+00,   3.35462280e+01,
         -4.58435921e+00,  -3.01925393e-01,  -1.76022591e+01,
          7.62895487e+00,   3.93379195e+00,  -1.54344537e+00,
         -2.75871681e+01,  -3.46763523e+01],
       [ -5.93816638e+01,  -1.23631664e+01,  -1.29399967e+01,
          7.30800414e+00,  -2.45163292e+01,  -4.02775872e+01,
         -2.28438634e+00,   1.88871777e+01,  -2.29202188e+01,
         -1.80908904e+01,  -2.76272569e+01,  -2.43315954e+01,
         -2.78977276e+01,  -3.11231212e-02,   9.66103865e+00,
         -2.14722821e+01,   2.90160796e+01,   2.30506554e+01,
         -4.37442929e+01,  -1.57028807e+00],
       [ -2.44952520e+01,  -4.07645955e+00,  -6.99400484e+00,
         -1.10524906e+01,  -3.64158086e+01,   6.45865134e+00,
         -2.94973158e+01,  -5.15560844e+01,  -6.53617062e+00,
          1.02545477e+01,  -1.61001417e+01,  -2.76064374e+01,
         -3.49146815e+00,   1.79576711e-01,   5.02545670e+00,
         -1.10933446e+01,   1.41030478e+01,   8.28612597e+00,
         -1.95828635e+01,  -2.94904338e+00]])]Hidden bias: [array([-62.84632733,  -3.80067796,   8.57390947,  -2.82812091,
        -3.48106183, -11.99649336,  -4.10197418,  -1.21771071,
        -3.89588454,  -5.82498638,  -7.4040129 ,   7.38935212,
        -9.13159155,  -8.70255076,   6.17613896,   1.51613552,
        20.99378306,  -0.928815  , -12.32213672,  -3.22478431])]Output weights: [[ -7.80955416]
 [ -5.08749844]
 [ -0.09226624]
 [  0.4312354 ]
 [ -1.02586159]
 [  1.07773984]
 [ -4.67481369]
 [  0.92016529]
 [ -6.33764719]
 [ -6.90955841]
 [-17.54276532]
 [  3.55080573]
 [ -6.46679235]
 [ 70.04112242]
 [ -0.40085202]
 [  3.05356324]
 [  8.52821588]
 [-12.96222362]
 [ -9.4909901 ]
 [ -1.53081444]]Output bias: [-74.15144289]