Action MLP:Hidden weights: [array([[  2.28571155e-04,   5.10240695e-02,   1.44240302e-02,
          3.89477887e-02,   7.22257971e-02,   7.13444165e-02,
          6.61911367e-02,   1.07900636e-02,   4.55777292e-02,
          2.36768354e-02,   2.83149414e-02,  -6.55308287e-03,
          5.99919094e-02,   8.53797901e-02,   7.53802802e-02,
          1.50158621e-02,   5.74619302e-02,   5.44615616e-02,
          4.40873215e-02,   4.23507221e-02],
       [  2.24637925e-01,   2.02860884e-01,   2.36605914e-01,
          1.91909537e-01,   2.30939081e-01,   2.49765888e-01,
          2.53890457e-01,   1.86709424e-01,   2.32857615e-01,
          2.39997611e-01,   1.82610744e-01,   2.04891080e-01,
          2.34813028e-01,   2.69752759e-01,   2.30143696e-01,
          1.82826052e-01,   2.42350703e-01,   2.29528321e-01,
          2.26392002e-01,   2.10193912e-01],
       [ -1.04649234e-01,  -1.27459534e-01,  -9.80901156e-02,
         -1.11735683e-01,  -1.17536347e-01,  -1.04477579e-01,
         -9.11706608e-02,  -1.19695175e-01,  -1.04855954e-01,
         -1.01483199e-01,  -1.18256151e-01,  -1.00947919e-01,
         -1.03084424e-01,  -1.01738763e-01,  -1.22842134e-01,
         -1.26539344e-01,  -1.29150928e-01,  -1.16520803e-01,
         -1.11742883e-01,  -1.27475217e-01],
       [ -3.26352189e-01,  -3.66784536e-01,  -3.23791429e-01,
         -3.35924265e-01,  -3.22876290e-01,  -3.14561934e-01,
         -3.03408165e-01,  -3.47751855e-01,  -3.00155088e-01,
         -3.13769869e-01,  -3.66905495e-01,  -3.56060233e-01,
         -3.19048442e-01,  -3.03684968e-01,  -3.34189028e-01,
         -3.83736231e-01,  -3.13038210e-01,  -3.19145427e-01,
         -3.37976634e-01,  -3.44246634e-01],
       [ -7.22022909e-03,   6.87597403e-02,  -2.28110704e-02,
          7.59231952e-02,  -2.00346328e-02,   8.43774465e-03,
         -2.21401234e-02,   7.44201004e-02,   3.91850441e-02,
          2.48991235e-02,   8.79468632e-02,  -2.43502483e-02,
          4.30499990e-02,  -3.20554357e-02,  -1.82134026e-02,
          6.51290165e-03,   5.24125936e-02,  -4.11007115e-02,
         -3.59607300e-02,  -3.64147532e-03],
       [  2.81326197e-02,   1.24449933e-01,   3.35972750e-02,
          7.91241530e-02,   8.49492496e-02,   9.25521614e-02,
          5.75752934e-02,   5.39182605e-02,   7.84941983e-02,
          4.96545096e-02,   7.85861643e-02,   8.03199467e-03,
          7.81484504e-02,   8.81633704e-02,   1.01933751e-01,
          4.07253944e-02,   1.19302729e-01,   7.40564353e-02,
          5.67230891e-02,   6.39519770e-02],
       [  1.70989660e-03,   1.18721636e-02,  -2.08179761e-03,
          5.30208950e-03,   5.82902265e-03,   1.11476182e-02,
          6.99699503e-03,   5.63919253e-03,   1.59906567e-02,
          4.25100613e-03,   1.17430095e-02,   6.84165680e-03,
          7.32931123e-03,   5.84679337e-03,   1.21782005e-02,
          6.15627608e-03,   8.67976508e-03,   2.31451307e-03,
          6.84591519e-03,   9.56470174e-03],
       [  1.04483440e-02,   1.85285857e-02,   3.86674032e-03,
          1.24582754e-02,   5.69664417e-03,   1.71290586e-02,
          1.81088788e-02,   3.23797187e-04,   1.73888744e-02,
          1.62058179e-02,   3.69590346e-03,  -4.09407022e-03,
          1.35257094e-02,   8.09533608e-03,   2.14775629e-02,
         -1.92063619e-03,   1.17803779e-02,   1.17480827e-02,
          1.04420243e-02,   1.66638564e-02]])]Hidden bias: [array([-0.61730781, -0.61831344, -0.61634712, -0.61948134, -0.61193068,
       -0.61099145, -0.61239039, -0.62024047, -0.61476995, -0.61638063,
       -0.62177247, -0.616379  , -0.61466587, -0.60733632, -0.61140465,
       -0.61766889, -0.611979  , -0.61367951, -0.61760955, -0.61811932])]Output weights: [[ 0.10543678  0.0753581 ]
 [ 0.14480985  0.12859405]
 [ 0.10231765  0.08352229]
 [ 0.13204196  0.10850068]
 [ 0.11607818  0.12721001]
 [ 0.09000684  0.13902961]
 [ 0.08558218  0.12348887]
 [ 0.13582451  0.08791251]
 [ 0.08491648  0.12720333]
 [ 0.08298571  0.10465317]
 [ 0.15358553  0.09999072]
 [ 0.13784496  0.06139699]
 [ 0.09166391  0.13220937]
 [ 0.08598696  0.14583878]
 [ 0.12425384  0.13350044]
 [ 0.15752191  0.08075858]
 [ 0.0997677   0.14935536]
 [ 0.1181653   0.11413679]
 [ 0.12597323  0.10291309]
 [ 0.13187699  0.10560708]]Output bias: [ 0.92277586  0.87387532]
Value MLP:Hidden weights: [array([[ -1.28680344e+01,  -2.95352057e+01,  -4.14755901e+01,
         -9.77133808e+00,   1.75947271e+01,   5.02404115e+00,
          2.02701043e+01,   2.03942734e+01,   2.04003124e+01,
          3.82614028e+01,   2.05543465e+00,   2.66883900e+01,
          1.84769066e+01,   1.98287640e+00,  -4.12005282e+01,
          5.37036273e+01,  -5.74024832e+01,  -4.25910759e+01,
          1.53444290e+01,   1.66083437e+01],
       [  3.28992483e+01,   6.40101130e+00,  -2.23962539e+00,
         -1.29529576e+01,   1.79395648e+01,   1.33641408e+01,
         -1.14755058e+00,   4.57369638e+00,   3.83286969e+00,
          7.16751210e+00,   2.26358167e+01,   5.91224009e+00,
          7.78308670e+00,  -5.92054684e+00,  -8.85519951e+00,
          6.60451440e+00,  -1.73427964e+01,  -4.83028784e+00,
          8.92296552e+00,   3.12413237e+00],
       [  1.55993331e+01,  -5.44020284e+01,  -4.48984271e+01,
         -4.51100659e+01,   5.86320726e+01,  -3.38494247e+01,
          4.06136014e+01,   5.32335966e+01,   5.37381848e+01,
          4.64305866e+01,   2.88961274e+01,   4.79649587e+01,
          4.13734948e+01,   7.01857427e-01,  -4.13183084e+01,
          4.93193312e+01,  -1.93291454e+01,  -3.32731836e+01,
          9.25076357e+00,  -2.38057336e+01],
       [  1.10388843e+01,   6.42470981e+00,   1.61589857e+00,
         -7.80212845e+00,   8.27229975e-01,   1.03959576e+00,
         -4.78102033e+00,   2.14382400e+00,   2.12470216e+00,
          7.12872908e-01,  -2.58736113e-01,   2.80727147e+00,
         -6.80956912e-01,   1.58885090e+00,  -2.08871024e+00,
         -4.46042608e+00,   4.97378819e+00,   4.17170141e+00,
          1.77939521e+01,  -4.87403413e+00],
       [  9.09354153e+00,   1.26810451e+01,  -2.47597987e+01,
         -3.37489421e+00,   1.34113357e+01,   5.29056676e+01,
         -1.71011612e+01,   2.16733599e+00,  -5.29506711e+01,
          8.61601198e+00,  -2.21542272e+01,  -2.25591505e+01,
          1.22952536e+01,   1.16803609e+00,   5.67592645e+00,
          1.28213153e+01,  -3.31511491e+01,  -1.99064302e+01,
          5.49990831e+01,   4.97530055e+01],
       [ -1.44006426e+01,   4.46993203e+00,  -3.25776139e+01,
          6.17771477e+01,   3.21133858e+01,  -6.22277987e+00,
          6.26139470e+01,   3.70235547e+01,  -8.52657752e+00,
          1.36961263e+01,  -6.35519058e+01,   3.62983928e+01,
          5.15367047e+01,  -3.60771670e-01,  -2.04626400e+01,
          2.80639997e+01,  -1.66570951e+01,  -2.80108752e+01,
         -3.72219300e+01,   2.38857354e+01],
       [ -5.93803043e+01,  -2.81976542e+01,  -4.17214249e+00,
          2.86190618e+01,  -2.11447001e+01,  -5.65277985e+01,
         -8.13042194e+00,   1.42267010e+01,  -1.14366100e+01,
         -1.65477692e+01,  -6.81696123e+01,  -3.49124911e+01,
         -5.47026826e+00,  -3.03866783e-02,   1.50105456e+01,
         -2.89210888e+01,   3.65146976e+01,   1.89563045e+01,
         -7.83426498e+01,  -4.35534253e+00],
       [ -2.44952520e+01,  -1.63443927e+01,  -1.64712876e+00,
         -2.41780827e+00,  -4.56567484e+01,   3.84760847e-01,
         -2.82412140e+01,  -5.36528957e+01,  -6.88100149e+00,
         -1.05854753e+00,   3.99945649e+00,  -2.54846547e+01,
         -2.04139929e+01,   1.83397098e-01,   1.07398499e+01,
         -1.89446134e+01,   3.59817867e+01,   1.22712225e+01,
         -7.09186305e+00,  -3.96178805e+01]])]Hidden bias: [array([-62.89917948, -12.68091093,   4.10790551,   1.14749036,
       -15.99016827, -11.74428866,  -9.16109999,  -4.31553182,
       -10.81100755, -10.64122594, -24.79975518,  -7.46616774,
        -9.43061111,  -8.67643642,  14.22105357,  -2.07155569,
        17.05747632,   6.60074848, -39.93429763, -10.31958094])]Output weights: [[ -6.23551483]
 [-10.44082944]
 [ -1.08447603]
 [-11.16163389]
 [  4.13821643]
 [  2.62227532]
 [ -2.84501335]
 [  4.41157594]
 [ -5.58977715]
 [ -2.65513965]
 [-19.56799282]
 [  1.13283779]
 [  5.27950758]
 [ 66.45883163]
 [  5.89584837]
 [  6.22598865]
 [  2.30475561]
 [  0.82393319]
 [  5.79139479]
 [-17.17220999]]Output bias: [-70.56895086]