Action MLP:Hidden weights: [array([[  2.28571155e-04,   5.10240695e-02,   1.44240302e-02,
          3.89477887e-02,   7.22257971e-02,   7.13444165e-02,
          6.61911367e-02,   1.07900636e-02,   4.55777292e-02,
          2.36768354e-02,   2.83149414e-02,  -6.55308287e-03,
          5.99919094e-02,   8.53797901e-02,   7.53802802e-02,
          1.50158621e-02,   5.74619302e-02,   5.44615616e-02,
          4.40873215e-02,   4.23507221e-02],
       [  2.24637925e-01,   2.02860884e-01,   2.36605914e-01,
          1.91909537e-01,   2.30939081e-01,   2.49765888e-01,
          2.53890457e-01,   1.86709424e-01,   2.32857615e-01,
          2.39997611e-01,   1.82610744e-01,   2.04891080e-01,
          2.34813028e-01,   2.69752759e-01,   2.30143696e-01,
          1.82826052e-01,   2.42350703e-01,   2.29528321e-01,
          2.26392002e-01,   2.10193912e-01],
       [ -1.04649234e-01,  -1.27459534e-01,  -9.80901156e-02,
         -1.11735683e-01,  -1.17536347e-01,  -1.04477579e-01,
         -9.11706608e-02,  -1.19695175e-01,  -1.04855954e-01,
         -1.01483199e-01,  -1.18256151e-01,  -1.00947919e-01,
         -1.03084424e-01,  -1.01738763e-01,  -1.22842134e-01,
         -1.26539344e-01,  -1.29150928e-01,  -1.16520803e-01,
         -1.11742883e-01,  -1.27475217e-01],
       [ -3.26352189e-01,  -3.66784536e-01,  -3.23791429e-01,
         -3.35924265e-01,  -3.22876290e-01,  -3.14561934e-01,
         -3.03408165e-01,  -3.47751855e-01,  -3.00155088e-01,
         -3.13769869e-01,  -3.66905495e-01,  -3.56060233e-01,
         -3.19048442e-01,  -3.03684968e-01,  -3.34189028e-01,
         -3.83736231e-01,  -3.13038210e-01,  -3.19145427e-01,
         -3.37976634e-01,  -3.44246634e-01],
       [ -7.22022909e-03,   6.87597403e-02,  -2.28110704e-02,
          7.59231952e-02,  -2.00346328e-02,   8.43774465e-03,
         -2.21401234e-02,   7.44201004e-02,   3.91850441e-02,
          2.48991235e-02,   8.79468632e-02,  -2.43502483e-02,
          4.30499990e-02,  -3.20554357e-02,  -1.82134026e-02,
          6.51290165e-03,   5.24125936e-02,  -4.11007115e-02,
         -3.59607300e-02,  -3.64147532e-03],
       [  2.81326197e-02,   1.24449933e-01,   3.35972750e-02,
          7.91241530e-02,   8.49492496e-02,   9.25521614e-02,
          5.75752934e-02,   5.39182605e-02,   7.84941983e-02,
          4.96545096e-02,   7.85861643e-02,   8.03199467e-03,
          7.81484504e-02,   8.81633704e-02,   1.01933751e-01,
          4.07253944e-02,   1.19302729e-01,   7.40564353e-02,
          5.67230891e-02,   6.39519770e-02],
       [  1.70989660e-03,   1.18721636e-02,  -2.08179761e-03,
          5.30208950e-03,   5.82902265e-03,   1.11476182e-02,
          6.99699503e-03,   5.63919253e-03,   1.59906567e-02,
          4.25100613e-03,   1.17430095e-02,   6.84165680e-03,
          7.32931123e-03,   5.84679337e-03,   1.21782005e-02,
          6.15627608e-03,   8.67976508e-03,   2.31451307e-03,
          6.84591519e-03,   9.56470174e-03],
       [  1.04483440e-02,   1.85285857e-02,   3.86674032e-03,
          1.24582754e-02,   5.69664417e-03,   1.71290586e-02,
          1.81088788e-02,   3.23797187e-04,   1.73888744e-02,
          1.62058179e-02,   3.69590346e-03,  -4.09407022e-03,
          1.35257094e-02,   8.09533608e-03,   2.14775629e-02,
         -1.92063619e-03,   1.17803779e-02,   1.17480827e-02,
          1.04420243e-02,   1.66638564e-02]])]Hidden bias: [array([-0.61730781, -0.61831344, -0.61634712, -0.61948134, -0.61193068,
       -0.61099145, -0.61239039, -0.62024047, -0.61476995, -0.61638063,
       -0.62177247, -0.616379  , -0.61466587, -0.60733632, -0.61140465,
       -0.61766889, -0.611979  , -0.61367951, -0.61760955, -0.61811932])]Output weights: [[ 0.10543678  0.0753581 ]
 [ 0.14480985  0.12859405]
 [ 0.10231765  0.08352229]
 [ 0.13204196  0.10850068]
 [ 0.11607818  0.12721001]
 [ 0.09000684  0.13902961]
 [ 0.08558218  0.12348887]
 [ 0.13582451  0.08791251]
 [ 0.08491648  0.12720333]
 [ 0.08298571  0.10465317]
 [ 0.15358553  0.09999072]
 [ 0.13784496  0.06139699]
 [ 0.09166391  0.13220937]
 [ 0.08598696  0.14583878]
 [ 0.12425384  0.13350044]
 [ 0.15752191  0.08075858]
 [ 0.0997677   0.14935536]
 [ 0.1181653   0.11413679]
 [ 0.12597323  0.10291309]
 [ 0.13187699  0.10560708]]Output bias: [ 0.92277586  0.87387532]
Value MLP:Hidden weights: [array([[ -1.28408045e+01,  -2.61773389e+01,  -4.47897526e+01,
         -1.34586031e+01,   2.01465550e+01,  -6.33605943e+00,
          2.27804031e+01,   2.67429496e+01,   2.12094103e+01,
          3.96568883e+01,   4.32734664e+00,   2.67451503e+01,
          1.61324931e+01,   1.98203939e+00,  -4.08299660e+01,
          5.53496516e+01,  -5.51594715e+01,  -4.42129663e+01,
          1.48824925e+01,  -2.84504927e+00],
       [  3.29046105e+01,   5.63623015e+00,  -1.78732406e+00,
         -4.39864150e+00,   1.22405420e+01,   1.52498734e+01,
          7.49507478e-03,   3.04465912e+00,   5.91662147e+00,
          5.98600683e+00,   2.28999826e+01,   2.66839965e+00,
          8.05440923e+00,  -5.92095815e+00,  -8.06092108e+00,
          4.78608156e+00,  -1.69565506e+01,  -6.00098457e+00,
          8.92174822e+00,   2.54616409e+00],
       [  1.56791232e+01,  -5.16192472e+01,  -4.11162061e+01,
         -4.50315329e+01,   6.00899384e+01,  -3.97738787e+01,
          4.20101090e+01,   5.16418214e+01,   5.38904831e+01,
          4.09255106e+01,   2.28264473e+01,   4.88190887e+01,
          3.03574621e+01,   6.97689878e-01,  -3.34786667e+01,
          4.19439886e+01,  -1.32389217e+01,  -3.38725296e+01,
          9.16531952e+00,  -4.82675447e+01],
       [  1.10192687e+01,   6.75286479e+00,   4.75378469e+00,
         -2.61294232e+00,  -1.11685033e+00,   1.74865000e+00,
         -4.83572199e+00,  -4.60072021e+00,   1.45169801e+00,
         -3.12228131e+00,   1.23007452e+00,   2.05156396e+00,
         -7.13182259e+00,   1.58983473e+00,  -1.40749605e+00,
          3.92433814e-01,   3.19663920e+00,   1.37271916e+00,
          1.89472063e+01,   1.21374746e-01],
       [  9.03050299e+00,   9.89340308e-01,  -2.61991583e+01,
         -7.64941263e+00,   1.46459991e+01,   4.71782121e+01,
         -1.71977452e+01,   1.00437483e+01,  -5.17731544e+01,
          1.59315570e+01,  -3.26263475e+00,  -1.91395827e+01,
          3.05857469e+01,   1.17210274e+00,  -4.48469303e+00,
          2.01678793e+01,  -3.65607286e+01,  -2.23148498e+01,
          5.39260869e+01,   4.01256873e+01],
       [ -1.45401283e+01,  -2.16083428e+01,  -2.89830091e+01,
          6.26493096e+01,   2.92156441e+01,  -1.81280970e+01,
          5.90608686e+01,   3.84286526e+01,  -7.29778826e+00,
          2.05236900e+01,  -5.79406869e+01,   3.85774985e+01,
          5.24569028e+01,  -3.30981691e-01,  -3.23967185e+01,
          2.73161804e+01,  -1.43280760e+01,  -1.48376371e+01,
         -3.63843324e+01,  -4.94927516e+00],
       [ -5.93803043e+01,  -2.07518797e+01,  -2.43678151e+00,
          2.04703776e+01,  -2.24411601e+01,  -5.39778245e+01,
         -1.00274821e+01,   1.94838044e+01,  -1.22712717e+01,
         -1.30462072e+01,  -6.47496884e+01,  -3.39162523e+01,
         -7.18385544e+00,  -2.96935510e-02,   1.06169625e+01,
         -3.15224504e+01,   3.60187502e+01,   2.17022765e+01,
         -7.87366991e+01,  -6.42077488e+00],
       [ -2.44952520e+01,  -9.74424639e+00,  -1.28728355e+00,
         -7.59768668e+00,  -4.45243781e+01,   4.82716089e+00,
         -3.00329977e+01,  -4.47250317e+01,  -1.01070347e+01,
          5.56485396e-01,  -1.74956726e+01,  -2.44270214e+01,
         -1.52481864e+01,   1.87333979e-01,   1.31179409e+01,
         -1.17797876e+01,   3.76699007e+01,   1.33218149e+01,
         -8.00926034e+00,  -1.35131783e+01]])]Hidden bias: [array([-62.86046632,  -4.69088741,   2.76120742,   0.78838872,
       -17.70021371,  -8.82691241,  -9.63983478,   4.52263327,
        -8.76685852,  -8.40926594, -28.36237647,  -8.74671048,
        -4.95338771,  -8.67701475,  12.66117684,  -5.31355631,
        21.32999145,   8.57688033, -40.69115047,  -5.10114878])]Output weights: [[ -9.50409086]
 [ -3.66945505]
 [  4.88465226]
 [-10.29897714]
 [  4.76749561]
 [  0.19438871]
 [ -2.9967108 ]
 [  9.71556524]
 [ -6.78707179]
 [ -5.68466338]
 [-16.75783762]
 [ -3.4880881 ]
 [  1.05338942]
 [ 63.43680754]
 [  2.99746678]
 [ 10.1387137 ]
 [  4.53232276]
 [  5.13410148]
 [  7.59214502]
 [-17.95959544]]Output bias: [-67.54693109]