Action MLP:Hidden weights: [array([[-0.00647934, -0.0069701 ,  0.00211378, ...,  0.01121452,
         0.00255211, -0.0066353 ],
       [ 0.00255318, -0.00248346, -0.00235698, ...,  0.0017638 ,
         0.01070269,  0.0009012 ],
       [-0.00533505,  0.01133016,  0.00896308, ...,  0.00715085,
         0.0023264 , -0.00162373],
       ..., 
       [ 0.00641631, -0.00394818, -0.00622207, ...,  0.00264093,
         0.00746144, -0.00913105],
       [ 0.00456678, -0.00545747, -0.00727851, ..., -0.00724898,
        -0.00010328, -0.00229571],
       [ 0.00365793, -0.00695079,  0.00271465, ...,  0.01016612,
        -0.00084122, -0.00110345]])]Hidden bias: [array([-0.9780414 , -0.96706552, -0.96128528, -0.95570848, -0.97699416,
       -0.96867635, -0.97990424, -0.93021653, -0.97553475, -0.95091438,
       -0.97744013, -0.97720211, -0.95083106, -0.98199485, -0.97664616,
       -0.9761867 , -0.96975754, -0.9624049 , -0.94554142, -0.95267298])]Output weights: [[ 0.06318675  0.05328056]
 [ 0.07770217  0.10427636]
 [ 0.0883944   0.12539587]
 [ 0.0669242   0.15866819]
 [ 0.05781081  0.06594405]
 [ 0.05011274  0.11184957]
 [ 0.06634445  0.04091608]
 [ 0.04615489  0.25875877]
 [ 0.07969137  0.05620543]
 [ 0.08578418  0.17155633]
 [ 0.09637146  0.02422915]
 [ 0.03248801  0.07583482]
 [ 0.01404814  0.19043431]
 [ 0.03357125  0.04352485]
 [ 0.07752381  0.05371092]
 [ 0.0912859   0.04497947]
 [ 0.1189936   0.05533132]
 [ 0.05476749  0.13475401]
 [ 0.00542117  0.21056874]
 [ 0.10803714  0.1516331 ]]Output bias: [ 0.9826795   1.05508884]
Value MLP:Hidden weights: [array([[-0.69426142,  2.70443696,  0.42283026, ..., -0.14841458,
         0.06536012,  0.30076539],
       [-0.72271242,  1.49917558,  0.23070938, ..., -0.2789542 ,
        -0.03936356,  0.05707849],
       [ 0.1462694 ,  0.71533522,  0.32093543, ..., -0.54563879,
         0.15367756, -0.14362072],
       ..., 
       [ 0.21996635,  0.04546386,  0.41935494, ...,  0.02423839,
         0.03671739,  0.02278334],
       [ 0.38561247,  0.02778101, -0.02627554, ...,  0.0272251 ,
         0.02502596,  0.02782614],
       [ 0.03824416,  1.48636466,  0.29457099, ...,  0.01186031,
         0.10800532,  0.21477973]])]Hidden bias: [array([-2.78561661, -0.42477566, -3.91426566, -0.12754204, -3.65710596,
       -2.03869719,  1.32068391,  2.85139698, -0.10780125, -2.3779646 ,
       -1.83363884,  2.47474419,  0.13016971, -1.89597466, -1.83741288,
       -1.97535386, -1.85780273, -3.60151014, -3.54600642, -1.87113453])]Output weights: [[ 13.23313154]
 [ 10.48194138]
 [ 14.40191788]
 [ 10.01193386]
 [ 11.83655778]
 [ 12.72230475]
 [ 12.74648494]
 [  9.00602292]
 [  9.88489122]
 [ 13.07511448]
 [ 12.91400039]
 [ 11.40954407]
 [  6.30853289]
 [ 12.90621582]
 [ 12.91250771]
 [ 12.88894733]
 [ 12.91532635]
 [ 13.60228571]
 [ 14.04261453]
 [ 12.89108515]]Output bias: [-12.19728256]