Action MLP:Hidden weights: [array([[  4.96390719e-02,  -8.41241574e-02,  -4.94319218e-03,
         -3.06795521e-02,   6.44856004e-02,   7.87728198e-02,
          9.75711763e-02,   3.62720636e-02,   3.43242335e-02,
          2.75635120e-02,   1.47335735e-02,   6.19206035e-02,
         -9.44706832e-02,   2.51368241e-02,  -5.34555754e-02,
          5.79186269e-02,  -6.21829509e-02,  -6.71044566e-04,
         -4.16611580e-03,  -9.98362804e-02,   6.40985916e-02,
          8.14595422e-02,   2.81824074e-02,   7.70405802e-02,
          1.03954045e-02,   4.71178335e-02,  -3.60539957e-02,
          6.61257258e-02,  -3.53385206e-02,   5.98403765e-02,
          9.40515900e-02,   3.06236100e-02,  -4.57981883e-02,
          1.19818116e-01,  -6.91254398e-02,  -2.78168173e-02,
          5.68559410e-02,  -4.68496474e-02,  -5.44940107e-02,
         -3.31101996e-02,  -2.19667865e-02,   6.93556684e-02,
          3.14296477e-03,   6.89386957e-02,  -5.13267970e-02,
         -4.15292474e-02,   1.13633102e-02,  -4.35811102e-02,
         -7.14780711e-02,  -1.93272741e-02,   1.00808963e-01,
          7.84282979e-03,  -6.80839079e-02,   6.29862292e-02,
         -2.71046390e-02,  -3.97485606e-03,   1.09457364e-01,
         -9.21373002e-02,   3.10499285e-02,   6.78039468e-02,
          2.11334824e-02,   9.26684454e-02,   8.16766820e-02,
         -5.27842778e-02,   9.84313341e-02,  -8.42305579e-02,
          8.19455667e-02,   1.00962254e-01,  -1.54761133e-02,
         -1.40651596e-02,   5.40361850e-02,  -1.13949322e-02,
          3.83318063e-02,  -3.98852960e-02,  -1.59490730e-02,
          4.15334623e-02,  -1.70696753e-02,   5.06907365e-02,
          4.87122957e-02,   1.85928785e-02,  -5.66637961e-02,
          8.24635140e-02,  -7.92182756e-02,  -4.76692732e-02,
         -5.95175790e-02,   8.06996062e-02,  -4.42332222e-02,
         -5.84321269e-03,   7.20610366e-03,   6.24612115e-02,
         -4.10016779e-03,  -1.04232384e-01,  -2.13167578e-02,
          5.53924759e-02,   4.59391233e-02,   1.30473137e-01,
          5.04990190e-02,  -6.76352878e-02,   9.54189415e-02,
         -8.98500673e-02],
       [  3.63438783e-01,   3.55371425e-01,   4.41292109e-01,
          4.52203817e-01,   3.91488039e-01,   3.32497822e-01,
          3.27654767e-01,   4.09855983e-01,   3.39086416e-01,
          3.57961882e-01,   4.06978014e-01,   4.79752973e-01,
          3.77370389e-01,   4.42848947e-01,   3.72903486e-01,
          4.30965119e-01,   3.66683440e-01,   4.93702880e-01,
          3.41685939e-01,   4.42534314e-01,   3.47213294e-01,
          3.91642169e-01,   3.31835622e-01,   4.21263909e-01,
          5.40190651e-01,   3.09069502e-01,   4.08298267e-01,
          4.45948138e-01,   4.46865607e-01,   3.97438240e-01,
          3.40645140e-01,   4.19003937e-01,   3.85399610e-01,
          3.75257577e-01,   4.51910831e-01,   4.43114843e-01,
          4.41752559e-01,   4.35993028e-01,   4.34644965e-01,
          4.26748547e-01,   4.72665226e-01,   3.94458652e-01,
          4.58914397e-01,   3.47015224e-01,   3.39707813e-01,
          5.14201139e-01,   3.39670980e-01,   3.96860309e-01,
          3.52090920e-01,   4.54667563e-01,   3.84632402e-01,
          4.09320196e-01,   3.75037149e-01,   3.64708458e-01,
          3.91447715e-01,   4.72674729e-01,   4.05679205e-01,
          4.82647865e-01,   4.62916746e-01,   4.36144047e-01,
          3.27455469e-01,   2.87348204e-01,   4.37151780e-01,
          3.67770905e-01,   3.93524847e-01,   3.97156583e-01,
          4.93041648e-01,   4.01827186e-01,   3.69530179e-01,
          4.13538492e-01,   4.95203113e-01,   4.12553270e-01,
          3.46720534e-01,   4.34449843e-01,   5.18206289e-01,
          3.06386536e-01,   4.21172076e-01,   3.94498607e-01,
          4.59523903e-01,   4.61659128e-01,   3.56853748e-01,
          4.03923031e-01,   4.40480217e-01,   4.21857769e-01,
          4.50592663e-01,   4.00194038e-01,   4.32177426e-01,
          4.01313318e-01,   4.99415531e-01,   4.33723245e-01,
          3.75621907e-01,   4.40652065e-01,   3.90523655e-01,
          3.77036676e-01,   3.56087616e-01,   3.10401568e-01,
          4.08582650e-01,   6.07819844e-01,   3.09090307e-01,
          5.61929468e-01],
       [ -8.93578129e-03,   5.05970134e-02,   8.41729033e-02,
          6.61277713e-02,   1.52266766e-03,  -5.01439646e-02,
         -1.59983207e-01,  -1.70753854e-01,   4.93854462e-02,
         -3.69265774e-02,   1.19377894e-03,  -5.84167141e-02,
          1.44654935e-01,   2.63276058e-02,   1.25816646e-02,
         -2.02531401e-01,  -1.40481617e-01,   2.22776168e-03,
         -8.97726132e-02,   5.38510514e-02,  -4.51937573e-02,
          4.20634787e-03,  -6.00120299e-02,  -1.20464813e-01,
          1.48620366e-01,  -7.05259858e-02,  -2.82711190e-02,
          3.60886929e-03,   9.56774416e-02,  -1.10491116e-02,
         -2.44525673e-02,  -8.01625261e-02,  -7.28447763e-02,
         -2.30060445e-01,   2.44563873e-01,  -2.73220376e-02,
         -3.77016161e-02,   5.02352170e-02,   9.58347567e-02,
         -3.89466223e-02,   3.86083138e-03,   5.46740017e-02,
          5.68332207e-02,  -1.10186979e-01,  -7.02329194e-02,
          5.93917053e-02,  -1.36616613e-01,   9.53020263e-02,
         -2.50530584e-03,  -2.53527306e-02,  -9.87647378e-02,
          1.81362459e-02,   1.94610236e-02,   2.38375823e-02,
          5.18015634e-02,  -1.41527936e-01,  -1.11282525e-01,
          1.05796750e-01,   1.44815893e-01,  -2.61060520e-01,
         -2.00925304e-02,  -1.22245058e-01,  -6.78333191e-02,
          8.61308162e-02,  -4.72282163e-02,   6.92171226e-02,
         -6.34066164e-02,  -1.39279063e-01,  -2.53704316e-02,
         -3.81397371e-02,   1.22726691e-01,   2.86791008e-02,
          4.75534877e-02,   7.00947790e-02,  -3.21371546e-03,
         -3.65485591e-02,   6.06542216e-02,  -4.75915534e-03,
         -2.89929081e-02,   3.29266159e-02,   1.27992108e-03,
         -6.74056303e-02,   1.78006862e-02,  -2.56622507e-02,
          1.47020981e-01,   3.73640781e-04,   9.74591308e-03,
          1.20115310e-01,   2.03523005e-02,  -2.32793947e-02,
          2.95086204e-03,   1.18385016e-01,   5.12737639e-02,
          3.34548296e-02,  -9.04133039e-02,  -1.40536370e-01,
         -7.55257051e-02,   3.53308940e-01,   2.44740910e-02,
          1.56879713e-01],
       [ -3.08915379e-01,  -2.76259804e-01,  -3.52020394e-01,
         -3.20834430e-01,  -3.80196253e-01,  -2.93176790e-01,
         -3.80119518e-01,  -3.24281054e-01,  -3.97745240e-01,
         -5.88777316e-02,  -9.47112783e-02,  -4.72607885e-02,
         -2.99894321e-01,  -1.35926418e-01,  -3.08801241e-01,
         -2.84407533e-01,  -2.40432535e-01,  -1.57876782e-01,
         -1.60140020e-01,  -2.70219638e-01,  -2.17406417e-01,
         -1.72659165e-01,  -4.38910124e-01,  -2.71891871e-01,
         -4.62311760e-02,  -2.35129575e-01,  -1.84902143e-01,
         -1.81465988e-01,  -2.97785288e-01,  -2.61166372e-01,
         -3.96536948e-01,  -2.63939829e-01,  -1.71219951e-01,
         -1.92920495e-01,  -4.30428650e-01,  -1.04104497e-01,
         -1.77193835e-01,  -3.33081298e-01,  -3.24028646e-01,
         -1.77169855e-01,  -1.73378362e-01,  -2.60423678e-01,
         -3.15058195e-01,  -1.76450846e-01,  -2.24426780e-01,
         -6.83612832e-02,  -5.83241662e-01,  -4.06031200e-01,
         -2.81598687e-01,  -5.94531127e-02,  -2.23072784e-01,
         -1.89268133e-01,  -2.46293416e-01,  -3.08657702e-01,
         -2.16645220e-01,   2.25956304e-03,  -1.40713124e-01,
         -2.35708660e-01,  -1.51742193e-01,  -2.60935340e-01,
         -2.70204894e-01,  -2.93268684e-01,  -6.62761211e-02,
         -5.06229732e-01,  -3.04825428e-01,  -2.97369665e-01,
         -7.74511751e-02,  -2.02009176e-01,  -1.69240719e-01,
         -2.82092103e-01,  -2.95254855e-01,  -2.10140105e-01,
         -2.43438020e-01,  -1.85469737e-01,  -6.83308357e-02,
         -4.17730918e-01,  -2.18951269e-01,  -3.55751015e-01,
         -2.20710672e-01,  -2.04459472e-01,  -4.42724435e-01,
         -1.00565044e-01,  -2.99120460e-01,  -2.77688154e-01,
         -1.10831013e-01,  -4.82604235e-01,  -1.11459740e-01,
         -2.13763677e-01,  -1.17640196e-01,  -1.17123827e-01,
         -3.66776958e-01,  -2.66944232e-01,  -2.29848314e-01,
         -3.05131684e-01,  -1.88113701e-01,  -2.93944332e-01,
         -1.14305646e-01,   1.33602574e-01,  -3.92780333e-01,
          1.90036313e-02],
       [  1.65233926e-02,   5.15477296e-02,  -1.49948632e-01,
         -1.84937370e-02,   2.19597236e-02,  -5.90057527e-03,
          1.11019479e-01,   1.25660638e-01,  -1.50705141e-01,
          1.55671428e-01,   6.60518638e-02,  -6.97366600e-02,
          1.37456102e-02,   2.19016486e-02,  -1.43422983e-02,
          2.13446408e-01,   1.36671407e-01,  -1.06343425e-02,
          1.03804810e-01,  -7.39820909e-02,   6.60753728e-02,
         -3.79493441e-02,   6.65369392e-02,   6.39313275e-02,
         -8.64138422e-02,  -5.85373490e-02,  -9.34062575e-02,
          7.80159241e-02,  -9.59422866e-02,   1.50382518e-02,
         -6.40162886e-02,  -6.27437455e-02,  -6.71893774e-02,
          1.05137196e-02,  -4.62374819e-02,  -1.96903897e-02,
          8.16713766e-02,  -1.32561726e-01,   7.17715920e-02,
          3.28568656e-02,  -5.57019469e-03,  -3.92606313e-02,
          4.27629644e-02,   5.31971454e-02,  -6.83135423e-02,
         -5.55742574e-02,   2.13294469e-01,   3.71664779e-02,
         -6.07308031e-02,  -4.01359300e-02,   8.95343617e-02,
         -3.22660576e-02,  -3.70387241e-02,   7.16919435e-02,
         -2.86325958e-02,   7.94451696e-02,   2.10741986e-02,
          2.12872704e-02,  -1.15851839e-01,   2.38891314e-01,
          3.17916080e-02,   4.53071482e-02,  -5.22636851e-02,
          3.69219976e-02,  -2.05543895e-02,  -4.55412531e-02,
         -2.15944429e-02,   7.35587165e-02,  -1.46117615e-02,
         -3.44283569e-02,  -5.22025573e-02,  -7.73687812e-02,
         -2.83103866e-02,   1.48555898e-02,  -7.77441826e-02,
         -1.13967192e-01,   1.01946396e-01,  -1.01829307e-01,
         -7.00019223e-02,   6.12067042e-02,   1.42417315e-03,
          5.23192801e-03,  -8.33296938e-02,  -8.90349225e-02,
         -9.57207438e-02,  -8.13760962e-02,  -1.23671602e-02,
         -5.65952410e-02,  -5.50139073e-03,   2.34912410e-02,
         -5.14336347e-02,  -1.18214899e-01,   2.75267790e-02,
          2.45291783e-03,  -1.11570654e-02,   1.56672834e-02,
         -2.24242840e-02,  -2.12117352e-01,   1.52487873e-02,
         -7.34067257e-02],
       [  1.40920475e-01,  -1.12636501e-01,  -1.26292256e-01,
          6.27236285e-02,   3.22435683e-02,   9.69255431e-02,
          1.86867052e-01,   2.02613862e-01,  -1.51736569e-01,
         -2.37899478e-03,  -4.65597849e-02,   3.19591785e-02,
         -1.60925193e-01,   5.65785538e-02,   4.20980694e-02,
          4.05747791e-01,   2.38725228e-01,   8.40408745e-02,
          6.16670390e-02,  -3.75039901e-02,  -9.19598016e-02,
          5.67924816e-02,   5.29846637e-02,   2.78578424e-02,
          3.94000819e-02,  -9.51890829e-02,  -3.04218257e-02,
          1.09588507e-01,  -5.60724424e-02,  -1.81505781e-02,
         -6.04600500e-02,   1.49994801e-01,   9.94412246e-02,
          2.31154473e-01,  -2.85008751e-01,  -1.28766773e-02,
          4.63681278e-02,  -7.90405614e-02,   1.10825504e-01,
          1.73790011e-03,   1.26348994e-01,   1.08059571e-01,
         -5.38086750e-03,   2.83670672e-02,   8.94483368e-03,
         -2.64045111e-02,   4.66260870e-01,  -9.12300904e-02,
          4.19557715e-02,  -1.31709161e-02,   5.69963588e-02,
         -1.14494196e-01,  -4.51585251e-02,  -5.47745017e-02,
          3.52404167e-02,   7.70985020e-02,  -3.88691146e-02,
          1.08243066e-02,  -1.13030178e-01,   3.94912604e-01,
          4.36444427e-02,  -7.39612130e-02,  -1.52624481e-03,
          9.01895190e-02,   7.91574416e-02,  -3.33151414e-02,
         -1.72847381e-02,   2.86987551e-02,   4.98988450e-02,
          1.21802407e-01,  -2.31773924e-01,  -2.64598641e-02,
          5.30368952e-02,   5.55937472e-02,   8.55316294e-02,
         -5.16504492e-02,   6.35016012e-02,  -5.93831613e-02,
         -8.04927692e-02,  -4.19229814e-02,  -4.05957207e-02,
         -7.14247788e-02,  -7.84185414e-02,   6.70872966e-02,
         -4.44108807e-02,  -7.45698755e-02,   1.78191419e-02,
         -1.10599087e-01,   4.40828273e-03,   1.16555258e-01,
         -2.18434484e-02,  -1.46366224e-01,   7.31370284e-02,
          1.89284044e-02,   3.20715202e-02,   3.89594053e-02,
         -1.16229082e-02,  -1.36294589e-01,   1.03588121e-01,
          6.84686143e-02],
       [  6.32963980e-02,  -2.08541246e-03,   4.79328160e-02,
          9.68700079e-02,   2.19388583e-02,   9.70111532e-02,
          1.61671104e-02,  -4.20790029e-02,   9.01068099e-02,
          9.43851094e-02,   7.66396637e-02,   1.03062726e-01,
          4.36547296e-02,   2.27906518e-02,  -7.31769194e-02,
          6.69762623e-02,   5.72612454e-02,  -3.40326272e-02,
         -7.79522355e-02,   8.21231678e-02,  -1.52213029e-02,
          5.53576116e-02,  -7.16782844e-02,  -6.49874813e-02,
          8.59913730e-02,   9.71977659e-02,   8.17973135e-02,
          9.61236638e-02,  -8.32852010e-02,   3.31545466e-02,
          8.27849259e-02,   3.30190787e-02,  -8.53923123e-02,
          6.32178512e-02,  -3.28981471e-02,  -8.02878994e-03,
          4.29840918e-03,   8.26064342e-02,   1.12739878e-01,
          8.72009630e-02,   1.14759370e-02,   9.72847977e-02,
          5.66980513e-02,  -2.41819334e-02,   9.65072118e-02,
          8.24491433e-02,  -4.29282232e-02,   1.15032150e-01,
         -7.13166753e-02,   8.97834155e-02,   3.71548430e-02,
          9.03896937e-02,  -4.64472350e-02,  -2.59603736e-02,
          5.21784389e-02,  -1.37275485e-02,  -7.09440644e-02,
          2.56510324e-04,   6.93275391e-02,  -7.21137220e-02,
         -4.05624751e-02,   1.00552542e-01,   5.55066353e-02,
          1.11789998e-01,  -4.86474324e-02,   1.65158707e-02,
         -4.97895404e-02,   3.62380965e-02,   4.10181105e-02,
          1.20097146e-03,   2.25769194e-02,  -2.41441708e-02,
          8.94669249e-02,  -5.16414476e-02,  -7.88015892e-02,
          1.09348997e-01,  -3.13941043e-02,   1.29203782e-02,
         -3.01861468e-02,  -1.31752558e-02,   2.87474657e-02,
          3.35158191e-02,   7.73113625e-02,   7.47243432e-02,
         -3.51794029e-02,   1.06394913e-01,   7.05624254e-02,
         -2.62481761e-02,  -7.21465886e-02,  -4.92439787e-02,
          4.59066518e-02,   6.71157510e-02,  -3.58804021e-02,
         -1.42272376e-03,  -3.97233326e-02,   2.92970669e-02,
          5.99165367e-04,   3.99034242e-03,  -3.10522521e-02,
          4.05607229e-02],
       [  5.21370810e-02,  -7.62931038e-02,  -1.95838697e-02,
          3.54134239e-02,   9.01887683e-02,  -4.02841061e-02,
         -8.57203122e-02,   3.67103472e-02,  -8.28927561e-02,
          5.63885358e-03,   4.23161376e-02,   1.12961325e-02,
          7.66977040e-03,   1.11339947e-01,   2.25657728e-02,
          2.12438009e-02,  -3.16023566e-02,  -6.63851781e-02,
          4.13566360e-02,  -5.21940446e-02,   8.05533016e-02,
         -4.92810473e-02,   4.76457884e-03,  -3.59585799e-02,
          3.48639897e-03,   3.35616662e-02,  -3.46519708e-02,
         -5.68684952e-03,  -4.54770835e-02,   7.05793289e-03,
          2.11623572e-03,   6.47585037e-02,  -3.75756273e-02,
         -1.06499415e-01,  -3.14785643e-03,   7.26997081e-02,
          4.33780879e-02,  -5.96893514e-02,  -5.49161354e-02,
          3.75583797e-02,   4.42928926e-02,   4.29713156e-02,
         -3.03212257e-03,   7.02569805e-02,   9.13976083e-03,
         -5.92876894e-03,  -7.08345974e-02,  -5.11871876e-02,
         -3.32726539e-02,  -5.59429113e-02,  -4.90735638e-02,
          3.89574594e-02,  -7.57063714e-02,   8.89259329e-03,
          1.43616016e-02,  -6.92629105e-02,  -1.05677873e-02,
         -4.06566668e-02,  -7.74450794e-02,  -1.09536520e-03,
          7.21492477e-02,   7.55799792e-02,   2.02548239e-02,
          6.65004525e-02,   1.18459312e-01,  -1.19652216e-02,
         -6.17997641e-02,  -7.80066735e-02,  -4.43177537e-02,
          3.83231818e-02,   3.72575684e-02,   1.67323600e-02,
         -3.48126786e-02,   2.56958810e-02,   9.26615981e-02,
         -7.09029425e-02,   9.49523415e-02,  -5.07040706e-02,
          6.23378986e-02,   8.70752828e-02,  -6.65998906e-02,
         -1.85754707e-02,  -1.26655471e-02,   2.54321215e-02,
         -7.44274680e-02,  -7.00756957e-02,   5.13165034e-02,
          3.61174898e-02,  -6.95178571e-02,  -5.81721250e-02,
          1.13156669e-01,  -5.86630858e-02,  -6.01193211e-02,
          1.28818290e-01,   8.47237948e-02,   7.07821584e-02,
          7.09914984e-02,  -4.20028616e-02,   9.68393577e-02,
          1.02393700e-01]])]Hidden bias: [array([-0.4103136 , -0.38936121, -0.45109286, -0.44551594, -0.44458463,
       -0.3941184 , -0.4217118 , -0.46724752, -0.40753303, -0.34549087,
       -0.36209048, -0.38234502, -0.40402711, -0.38088052, -0.40791887,
       -0.45220851, -0.42053618, -0.41494831, -0.36698438, -0.43054216,
       -0.38130446, -0.3679529 , -0.437783  , -0.45315781, -0.40736998,
       -0.3827295 , -0.39499302, -0.41030842, -0.43606634, -0.40890364,
       -0.43641663, -0.43849516, -0.38332945, -0.41523829, -0.47208667,
       -0.38521454, -0.41925487, -0.44842668, -0.43316912, -0.40596062,
       -0.41647812, -0.39647404, -0.45400752, -0.37598336, -0.38486772,
       -0.40156574, -0.44796556, -0.45414593, -0.382567  , -0.36658273,
       -0.40752246, -0.39988518, -0.38377435, -0.40871184, -0.38285072,
       -0.4187609 , -0.38795359, -0.42487534, -0.40179973, -0.45562929,
       -0.38034566, -0.39463551, -0.37139623, -0.45052166, -0.42717494,
       -0.41027121, -0.40014663, -0.42180683, -0.36463633, -0.43355411,
       -0.48785468, -0.39699115, -0.36448363, -0.38087958, -0.39679462,
       -0.41266932, -0.39331413, -0.44352038, -0.44100556, -0.42441753,
       -0.44730412, -0.36500281, -0.45353656, -0.43167227, -0.37360333,
       -0.48779   , -0.36758942, -0.3857651 , -0.4034126 , -0.38311713,
       -0.43271674, -0.42200625, -0.37498635, -0.40843762, -0.37611274,
       -0.40020429, -0.37313055, -0.4541073 , -0.39937669, -0.39632905])]Output weights: [[  3.29996117e-02  -4.54540130e-02]
 [  2.62067118e-02  -2.38315782e-02]
 [  5.42908195e-02  -4.51018244e-02]
 [  1.11482857e-02  -7.62750428e-02]
 [  4.18625778e-02  -4.47217455e-02]
 [  2.92355063e-02  -5.37358443e-03]
 [  7.65219559e-02   4.94428373e-02]
 [  6.07594277e-02   5.58530583e-02]
 [  8.69780919e-02  -1.48418049e-02]
 [ -6.14297355e-03   7.75102472e-03]
 [ -7.88546866e-03  -7.01618950e-03]
 [ -4.51870659e-02   1.47334333e-02]
 [  4.37895762e-02  -7.45689270e-02]
 [ -1.73838850e-02  -4.98899544e-02]
 [  1.49913998e-02  -3.73279962e-02]
 [  7.30289402e-02   1.28557023e-01]
 [  4.63651859e-02   5.20939423e-02]
 [ -4.26752951e-02  -2.96034964e-02]
 [  1.31609069e-02   1.93788495e-02]
 [  5.43781493e-03  -3.28514606e-02]
 [  3.04754429e-02   1.76792273e-02]
 [ -1.19648748e-02  -1.46683118e-02]
 [  6.53887524e-02  -1.24567943e-02]
 [  1.90562828e-02   3.45751317e-02]
 [ -5.00098547e-02  -9.23763737e-02]
 [  4.56127119e-02   5.32601991e-02]
 [ -5.07872003e-03   1.81828303e-02]
 [  3.51968836e-05  -4.14113931e-02]
 [  1.22103913e-02  -5.50038343e-02]
 [  1.14809502e-02  -1.16451849e-02]
 [  6.01733012e-02   1.30129840e-02]
 [  7.14387403e-03  -8.09099805e-03]
 [ -1.90903715e-02   1.72708849e-02]
 [  1.98292592e-02   1.01154779e-01]
 [  7.79108645e-02  -1.65532558e-01]
 [ -2.55861135e-02   6.04004095e-04]
 [ -7.92348169e-04  -1.34841802e-02]
 [  3.66967310e-02  -2.55112942e-02]
 [  2.30200917e-02  -9.87060754e-02]
 [ -3.45515512e-03  -7.57617664e-03]
 [ -2.35829991e-02  -4.58763640e-02]
 [  1.32988240e-02  -6.60531072e-02]
 [  1.40806989e-02  -5.90108536e-02]
 [  1.67124993e-02   2.92354936e-02]
 [  1.58598145e-02   2.55794434e-02]
 [ -4.05180775e-02  -3.38892746e-02]
 [  1.89686511e-01   9.41597791e-02]
 [  5.38140582e-02  -5.58406099e-02]
 [  4.74968919e-03  -1.98590288e-02]
 [ -4.15175078e-02   1.16821730e-02]
 [  1.81928160e-02   2.16347681e-02]
 [  1.70412898e-02  -1.85476757e-03]
 [  8.17579678e-04  -1.06360280e-02]
 [  3.75271831e-02  -2.44409684e-02]
 [  1.35268775e-03  -4.23997347e-02]
 [ -5.42213670e-02   6.57046528e-02]
 [ -1.34733985e-02   4.88879644e-02]
 [ -1.89646424e-02  -8.11867404e-02]
 [  1.64162209e-03  -6.90318334e-02]
 [  6.05408003e-02   1.77026681e-01]
 [  2.80719253e-02  -1.93726610e-02]
 [  6.49261236e-02   5.59406823e-02]
 [ -3.13556856e-02   3.02352326e-02]
 [  7.91539112e-02  -1.03411956e-01]
 [  1.91854080e-02  -2.18728926e-02]
 [  1.72682674e-02  -4.36510675e-02]
 [ -5.12062335e-02   2.53231193e-02]
 [  1.03287388e-02   5.10028530e-02]
 [ -7.51797600e-03  -2.19161668e-03]
 [  7.74813549e-03  -2.70791281e-02]
 [  4.38101052e-02  -8.34507780e-02]
 [ -1.72580101e-03  -1.65499989e-02]
 [  1.47424159e-02  -3.85787844e-02]
 [ -2.24579825e-02  -6.62317868e-02]
 [ -6.33607294e-02  -3.26765518e-02]
 [  6.72906668e-02   2.16319465e-02]
 [  9.76165539e-03  -7.78368930e-02]
 [  3.67698533e-02   2.34727961e-03]
 [  1.77315669e-03   8.71611868e-03]
 [  3.97219649e-04  -4.12773138e-02]
 [  5.26471027e-02  -2.00571390e-02]
 [ -1.30580099e-02   3.79985656e-02]
 [  2.23926754e-02  -1.23076053e-02]
 [  3.87358161e-03  -2.10810983e-02]
 [ -2.56896719e-02  -7.11816315e-02]
 [  6.93534779e-02  -6.82964628e-03]
 [ -2.52046472e-02  -2.54838793e-02]
 [  1.77095355e-02  -5.71827049e-02]
 [ -4.87748194e-02  -2.35466219e-02]
 [ -2.65783885e-02  -8.11510285e-03]
 [  4.20365357e-02  -2.67861119e-02]
 [  3.02902239e-02  -5.98059301e-02]
 [ -5.41222669e-03  -5.49525429e-02]
 [  2.90436522e-02  -4.79394696e-02]
 [  5.64081435e-03   1.98070885e-02]
 [  4.46799610e-02   4.18232678e-02]
 [ -1.72712828e-02   2.42718018e-02]
 [ -9.66760799e-02  -2.31120121e-01]
 [  5.85513870e-02  -5.70178069e-02]
 [ -6.80684044e-02  -1.12412872e-01]]Output bias: [ 0.29838731  0.15130398]
Value MLP:Hidden weights: [array([[  6.96979589e-01,  -4.95658976e+00,  -4.18567325e+00,
         -1.34654130e+00,   2.78190201e+00,  -7.19424495e+00,
          2.35605786e+01,  -1.84577819e+00,   2.23337430e+00,
         -2.75353549e+00,   1.81580964e+01,   7.15249038e-01,
         -4.65059636e+00,   1.04037264e+01,   5.12661673e+00,
          8.81866153e+00,  -6.02788234e+00,  -1.49769201e+00,
          6.16656165e+00,   8.06135428e+00,   1.25559972e+01,
         -4.48416663e+00,  -1.28087378e+00,  -7.52627384e-01,
          2.70236469e+00,  -2.63011619e+00,  -2.56930819e-01,
          5.47185201e+00,   2.90239604e+00,   1.26443906e+00,
          1.29490316e+00,  -1.34179362e+00,  -4.80396690e+00,
         -5.37143017e+00,   3.23679980e-01,  -3.36701590e-01,
          9.90885429e+00,  -2.56084404e-01,   1.99080002e+00,
         -1.87204358e+00,   5.46022278e+00,   1.33917239e+01,
         -1.01176216e+01,  -5.62511513e+00,  -1.36962547e+01,
         -6.41832914e+00,   9.01824667e+00,   1.43514409e-01,
          1.56808284e+01,   3.03436784e+01],
       [  4.77305474e+00,   4.24586193e+00,   6.88056923e+00,
          8.09091392e+00,   1.93993813e+00,  -1.21340309e+00,
          1.17908063e+00,   9.08306985e+00,   5.40340166e+00,
          6.92859180e+00,   5.03309573e+00,   8.04321316e+00,
         -3.47291771e+00,   5.96427992e+00,   4.39315457e+00,
          8.95745681e+00,   3.28079074e+00,   8.54521908e+00,
          6.38267444e+00,   6.28932327e+00,  -8.19533880e-01,
          8.24129875e+00,   7.35557791e+00,   5.06361033e+00,
         -3.73375551e+00,   7.91276002e+00,   4.55037059e+00,
          1.76172645e-01,   9.64182367e+00,   1.01238381e+01,
         -4.74048639e+00,   4.88968647e+00,   5.48096859e+00,
          3.46606597e+00,   7.17943051e+00,   1.63742566e+00,
          6.63400552e+00,  -8.49996148e+00,   7.29245859e+00,
          4.58504958e+00,   4.98154662e+00,  -1.39563866e+00,
         -6.75440298e+00,   2.24842158e+00,  -8.43827385e+00,
          4.88663878e+00,  -1.39877547e+00,   6.87625658e+00,
         -8.05654685e+00,   1.09221925e+01],
       [ -6.58327385e+00,  -1.79880441e+01,  -1.65941321e+01,
         -1.84404236e+01,  -1.59804048e+01,  -2.06175888e+01,
          5.05696179e+01,  -1.41265210e+01,  -2.33871241e+01,
         -1.84558944e+01,   2.14315547e+01,  -1.96733651e+01,
          2.88798205e+00,  -1.80586519e+01,  -1.40040298e+01,
         -9.09706626e+00,  -1.14643400e+01,  -2.38522431e+01,
         -9.14905896e+00,  -9.46964731e-01,  -3.12307529e+00,
         -2.09977257e+01,  -1.48467044e+01,   4.92829415e+01,
         -5.71317483e+00,  -1.90088831e+01,  -5.80073758e+00,
         -6.01694637e+00,  -1.74875903e+01,  -2.00153065e+01,
         -1.87383444e+01,  -1.72627794e+01,  -1.93940533e+01,
         -1.54573814e+01,  -1.61385895e+01,  -9.95981529e+00,
         -6.92547189e+00,  -1.13455234e+01,  -1.42770408e+01,
         -1.57958959e+01,  -8.32595905e+00,   1.92737675e-01,
          3.05838046e+01,  -2.18095849e+01,  -6.51961971e+00,
         -2.04619704e+01,  -9.96745428e+00,  -1.46256755e+01,
         -3.97659082e+01,   3.26596979e+01],
       [  2.41911849e+01,   8.09939325e+00,   7.50805775e+00,
          6.21752948e+00,   1.54150575e+01,   4.85329763e+00,
         -4.21905910e+00,   8.87078666e+00,   7.05549620e+00,
          7.41003377e+00,   5.47099284e+00,   2.94705711e+00,
          1.21307224e+01,   3.90649485e+00,   1.18422858e+01,
          3.29924231e+00,   9.83258660e+00,   7.83088812e-01,
          3.52720099e+00,   1.09969616e+01,   6.65557214e+00,
          7.11311885e+00,   1.21817988e+01,  -2.87263395e+00,
          8.70272085e+00,   7.95977448e+00,   1.67063486e+01,
          1.18277331e+01,   2.16056810e+00,   4.55900026e+00,
          7.22120185e+00,   3.50523182e+00,   1.05791753e+01,
          9.94810277e+00,   1.11390311e+01,   5.04366575e+00,
          7.64051758e+00,   3.68129072e+00,   6.07384301e+00,
          9.08228330e+00,   4.20250942e+00,   5.81237017e-01,
         -8.05278067e+00,   4.52345516e+00,   2.86071980e+00,
          6.02154937e+00,   3.15068738e+00,   8.87337547e+00,
         -2.61755572e+01,  -3.94598543e+00],
       [  4.26891851e+01,   3.86408337e+01,   4.01149754e+01,
          3.47544875e+01,   5.37785530e+01,   4.26190267e+01,
          3.53271257e+01,   4.60682025e+01,   5.81781659e+01,
          3.77265419e+01,   3.72067814e+01,   4.01120446e+01,
          2.48484548e+00,   5.07389254e+01,   3.75060295e+01,
          4.44946485e+01,   3.28226911e+01,   6.88321838e+01,
          6.86737141e+01,   7.16548427e+01,   4.21103214e+01,
          3.82544326e+01,   3.65444494e+01,   2.50820966e+01,
          3.65687470e+01,   4.26053725e+01,   2.20430343e+01,
          5.28969090e+01,   6.29778627e+01,   4.05032240e+01,
          3.49132848e+01,   3.88937200e+01,   2.54076441e+01,
          3.88255172e+01,   3.05467759e+01,   3.45847558e+01,
          7.50522636e+01,   3.87958643e+01,   3.95954033e+01,
          3.78218037e+01,   3.61178378e+01,   4.34700097e+01,
          1.22756309e+00,   3.55208455e+01,   2.90661715e+01,
          3.30736442e+01,   5.13902497e+01,   3.55581054e+01,
          1.39646444e+01,   6.11577089e+01],
       [ -5.72195099e+01,  -6.23464238e+01,  -6.38256170e+01,
         -6.95350955e+01,  -4.70301697e+01,  -6.53030447e+01,
         -4.13400877e+01,  -4.66312929e+01,  -4.63314922e+01,
         -6.55877396e+01,  -2.73722348e+01,  -5.91244609e+01,
          3.46367802e-01,  -5.70516822e+01,  -6.72396620e+01,
         -1.62890759e+01,  -6.26185218e+01,  -2.80467040e+01,
         -4.01844649e+01,  -4.30519051e+00,  -3.80117861e+01,
         -6.27868167e+01,  -6.06693354e+01,   2.01666339e+01,
         -5.24821039e+01,  -6.35436054e+01,  -7.19354718e+01,
         -1.37869208e+01,  -4.25744420e+01,  -6.14816008e+01,
         -6.13423422e+01,  -5.28207322e+01,  -7.10458919e+01,
         -6.50503590e+01,  -6.73240830e+01,  -4.81512150e+01,
         -1.96612746e+01,  -5.16075165e+01,  -4.87996165e+01,
         -6.21823163e+01,  -2.72554999e+01,  -3.97224344e+01,
          1.47035758e+01,  -6.62851156e+01,  -3.07775616e+01,
         -7.03115662e+01,  -1.11377839e+01,  -5.65193506e+01,
         -7.50946068e+01,   2.66357348e+00],
       [ -1.18825585e+01,  -7.27006024e-01,   6.32684165e-01,
          1.23231033e+00,  -2.91988935e+00,  -6.27620643e-01,
         -8.29211576e+00,   1.47413620e-01,   1.17740292e+00,
          5.51663371e-01,  -5.69522762e-01,  -1.24807630e-01,
         -1.16380834e+01,   3.95408601e+00,   2.03780155e+00,
         -2.79793050e+00,  -6.22234079e-01,   1.43943277e+00,
          7.96169130e-01,  -2.11831320e+00,   1.91051137e+00,
          2.82184910e-01,  -3.73537483e+00,   1.84119599e+00,
         -6.80589110e-01,  -2.35566487e-01,  -2.49685037e+00,
         -2.64031135e+00,  -4.28389892e+00,   1.01625530e+00,
          3.81277269e+00,   2.47114353e+00,   2.15817939e-01,
         -7.56053631e-01,  -4.49730947e-01,  -9.62219939e-01,
          6.79358372e+00,   1.21892112e+00,  -1.14892790e-02,
         -1.31059784e-01,   4.98361031e+00,   3.13883027e+00,
         -2.00875415e-02,   5.84432054e-01,  -7.32447948e+00,
         -4.66267256e-01,  -1.85491247e+00,   4.91888237e-01,
          1.70054986e+01,  -1.07455852e+01],
       [ -4.73803002e+00,  -1.06269791e+00,   9.67514682e-01,
         -2.00260982e+00,   2.06180569e+00,  -6.35233947e-01,
          1.01731820e+01,   4.41289913e-01,  -1.08740373e+00,
         -3.89648663e+00,  -1.55266507e+00,  -2.18874157e+00,
         -7.04743708e+00,   5.08696963e+00,   2.16466078e+00,
         -5.27030339e-01,   1.77670429e-01,  -3.57804847e+00,
          9.26896985e+00,  -2.13508567e+00,  -2.20062328e-01,
         -1.94103802e+00,  -3.89744510e+00,  -9.33999705e+00,
         -1.12299897e+00,  -1.67987823e+00,  -3.21577364e+00,
          2.00543095e+00,  -3.62143220e-01,  -2.28755156e+00,
          5.85966329e+00,  -5.02894267e+00,  -3.73695054e+00,
         -2.36040726e+00,   3.47289624e+00,  -7.31295418e-01,
          2.98341934e+00,   3.14928439e+00,   3.64750855e-01,
         -1.75711283e+00,  -1.15842250e+00,   4.49324126e+00,
          6.89200709e+00,   2.29404294e-01,  -8.61386529e+00,
          1.92692804e+00,   1.49252832e+00,  -1.80734075e+00,
          1.01077025e+01,  -4.31748441e+00]])]Hidden bias: [array([-27.2009792 ,  -9.84615766,  -5.40347218,  -5.40989065,
       -18.73264095, -11.83288001,  -1.65399424,  -9.83942922,
       -12.95410183,  -9.62751145,  -6.02104879,  -7.67208233,
       -25.52844376,  -2.63654435,  -8.07815925,  -8.59636672,
       -11.28112421, -12.80059341,  -9.13322146, -17.3303531 ,
       -14.3239768 ,  -8.48836538, -14.74884756,   3.60698662,
       -19.29053921,  -8.0639306 , -18.0818858 , -16.72754379,
        -8.14424142,  -6.64286487, -13.66273214,  -6.37089585,
       -10.33195996, -13.38640167,  -5.18078398, -11.61484238,
       -10.04324641, -16.3265666 ,  -8.56031728, -10.97629223,
        -3.42646685,  -8.83046579,  15.63375702,  -4.64554099,
       -26.28319764,  -7.34832218, -10.17009025,  -7.98652176,
         9.02333865,  -8.64814461])]Output weights: [[  2.15268084]
 [  0.27705759]
 [ -0.46196324]
 [  0.55055138]
 [  0.06374422]
 [  0.81131421]
 [  0.76740153]
 [ -0.23918346]
 [ -3.03711829]
 [  0.53095069]
 [-11.18120504]
 [  0.06366757]
 [  8.59717306]
 [ -0.15837882]
 [  1.28944428]
 [  1.75800584]
 [  1.86798778]
 [  1.57393009]
 [ -4.84003156]
 [ -4.75233693]
 [ -3.91878479]
 [ -0.25111284]
 [ -1.42215183]
 [  4.51400912]
 [  3.45570692]
 [  0.73398243]
 [  2.86380993]
 [ -0.69711739]
 [  5.53854693]
 [  5.24878289]
 [  1.21424375]
 [ -1.35115614]
 [  1.45395466]
 [  0.34254079]
 [ -0.55469333]
 [  3.13560718]
 [  2.74164137]
 [  1.98962045]
 [ -2.25498278]
 [ -0.59636602]
 [  2.41645371]
 [ -1.70055012]
 [  4.78048972]
 [ -1.46679944]
 [  0.02931768]
 [  0.6700489 ]
 [  2.36513824]
 [  1.97932524]
 [  3.90576706]
 [  4.18211518]]Output bias: [-67.06756475]