Action MLP:Hidden weights: [array([[  4.96352348e-02,  -8.41265183e-02,  -4.94781844e-03,
         -3.06827120e-02,   6.44815679e-02,   7.87705019e-02,
          9.75670891e-02,   3.62694472e-02,   3.43171780e-02,
          2.75641527e-02,   1.47339654e-02,   6.19242222e-02,
         -9.44748090e-02,   2.51368662e-02,  -5.34575920e-02,
          5.79169652e-02,  -6.21846313e-02,  -6.68653912e-04,
         -4.16660548e-03,  -9.98376272e-02,   6.40965745e-02,
          8.14599505e-02,   2.81771833e-02,   7.70398477e-02,
          1.03958984e-02,   4.71156025e-02,  -3.60531227e-02,
          6.61244625e-02,  -3.53401229e-02,   5.98392980e-02,
          9.40474881e-02,   3.06228145e-02,  -4.57962341e-02,
          1.19820549e-01,  -6.91290106e-02,  -2.78149495e-02,
          5.68556921e-02,  -4.68529636e-02,  -5.44987434e-02,
         -3.31101700e-02,  -2.19663272e-02,   6.93526719e-02,
          3.14056696e-03,   6.89381296e-02,  -5.13270861e-02,
         -4.15272129e-02,   1.13481944e-02,  -4.35863470e-02,
         -7.14789767e-02,  -1.93239809e-02,   1.00808271e-01,
          7.84154053e-03,  -6.80842090e-02,   6.29831853e-02,
         -2.71059980e-02,  -3.96897359e-03,   1.09458915e-01,
         -9.21380735e-02,   3.10487424e-02,   6.78072738e-02,
          2.11309386e-02,   9.26652375e-02,   8.16796099e-02,
         -5.27931679e-02,   9.84294344e-02,  -8.42328954e-02,
          8.19496840e-02,   1.00962979e-01,  -1.54756404e-02,
         -1.40665476e-02,   5.40339470e-02,  -1.13951292e-02,
          3.83295191e-02,  -3.98852641e-02,  -1.59449360e-02,
          4.15291890e-02,  -1.70721790e-02,   5.06880971e-02,
          4.87122106e-02,   1.85923547e-02,  -5.66681038e-02,
          8.24650845e-02,  -7.92202039e-02,  -4.76702350e-02,
         -5.95172526e-02,   8.06943929e-02,  -4.42321334e-02,
         -5.84493401e-03,   7.20924726e-03,   6.24630001e-02,
         -4.10380000e-03,  -1.04235658e-01,  -2.13179152e-02,
          5.53894245e-02,   4.59391299e-02,   1.30470957e-01,
          5.05007185e-02,  -6.76296288e-02,   9.54131502e-02,
         -8.98486350e-02],
       [  3.63426476e-01,   3.55363815e-01,   4.41277294e-01,
          4.52189348e-01,   3.91474705e-01,   3.32492833e-01,
          3.27652783e-01,   4.09857473e-01,   3.39072083e-01,
          3.57964060e-01,   4.06977946e-01,   4.79761745e-01,
          3.77352154e-01,   4.42842959e-01,   3.72895144e-01,
          4.30977237e-01,   3.66686361e-01,   4.93703751e-01,
          3.41687442e-01,   4.42528014e-01,   3.47211954e-01,
          3.91641354e-01,   3.31824514e-01,   4.21267080e-01,
          5.40181751e-01,   3.09072014e-01,   4.08302064e-01,
          4.45941089e-01,   4.46854865e-01,   3.97434690e-01,
          3.40638910e-01,   4.19001579e-01,   3.85405183e-01,
          3.75272135e-01,   4.51874603e-01,   4.43118499e-01,
          4.41750409e-01,   4.35983704e-01,   4.34624986e-01,
          4.26747742e-01,   4.72660679e-01,   3.94445589e-01,
          4.58902518e-01,   3.47017836e-01,   3.39709986e-01,
          5.14200999e-01,   3.39660763e-01,   3.96843509e-01,
          3.52086918e-01,   4.54675302e-01,   3.84633549e-01,
          4.09317517e-01,   3.75035261e-01,   3.64699154e-01,
          3.91440363e-01,   4.72693280e-01,   4.05689168e-01,
          4.82636803e-01,   4.62905064e-01,   4.36166706e-01,
          3.27448317e-01,   2.87348597e-01,   4.37161247e-01,
          3.67742458e-01,   3.93518524e-01,   3.97146880e-01,
          4.93052989e-01,   4.01834408e-01,   3.69530857e-01,
          4.13532830e-01,   4.95183824e-01,   4.12550758e-01,
          3.46711944e-01,   4.34441798e-01,   5.18209457e-01,
          3.06380808e-01,   4.21157614e-01,   3.94493882e-01,
          4.59525096e-01,   4.61652246e-01,   3.56843084e-01,
          4.03931203e-01,   4.40475052e-01,   4.21853652e-01,
          4.50584290e-01,   4.00183272e-01,   4.32176592e-01,
          4.01301532e-01,   4.99418343e-01,   4.33725578e-01,
          3.75611592e-01,   4.40638048e-01,   3.90515106e-01,
          3.77024625e-01,   3.56090164e-01,   3.10402395e-01,
          4.08589125e-01,   6.07794867e-01,   3.09072571e-01,
          5.61919665e-01],
       [ -8.93403403e-03,   5.05972181e-02,   8.41730762e-02,
          6.61341939e-02,   1.52374155e-03,  -5.01455654e-02,
         -1.59991601e-01,  -1.70761777e-01,   4.93806500e-02,
         -3.69267690e-02,   1.19512166e-03,  -5.84144114e-02,
          1.44658512e-01,   2.63335269e-02,   1.25839803e-02,
         -2.02545234e-01,  -1.40487980e-01,   2.23346109e-03,
         -8.97752168e-02,   5.38537856e-02,  -4.51980181e-02,
          4.20861675e-03,  -6.00153728e-02,  -1.20469237e-01,
          1.48632503e-01,  -7.05346117e-02,  -2.82724598e-02,
          3.61250561e-03,   9.56816544e-02,  -1.10489056e-02,
         -2.44585475e-02,  -8.01623190e-02,  -7.28449563e-02,
         -2.30069513e-01,   2.44571638e-01,  -2.73200048e-02,
         -3.77003466e-02,   5.02348580e-02,   9.58420675e-02,
         -3.89456391e-02,   3.86646229e-03,   5.46792141e-02,
          5.68377745e-02,  -1.10190887e-01,  -7.02365586e-02,
          5.93981468e-02,  -1.36631530e-01,   9.53033407e-02,
         -2.50381765e-03,  -2.53504200e-02,  -9.87680018e-02,
          1.81350964e-02,   1.94619691e-02,   2.38369943e-02,
          5.18055210e-02,  -1.41529117e-01,  -1.11286036e-01,
          1.05805958e-01,   1.44821826e-01,  -2.61077578e-01,
         -2.00928142e-02,  -1.22255589e-01,  -6.78336100e-02,
          8.61346075e-02,  -4.72275906e-02,   6.92199617e-02,
         -6.34047944e-02,  -1.39284354e-01,  -2.53696563e-02,
         -3.81379263e-02,   1.22730757e-01,   2.86808151e-02,
          4.75560895e-02,   7.01025709e-02,  -3.20613422e-03,
         -3.65559100e-02,   6.06605746e-02,  -4.76224634e-03,
         -2.89938871e-02,   3.29305323e-02,   1.27771144e-03,
         -6.74081940e-02,   1.78001227e-02,  -2.56605769e-02,
          1.47029460e-01,   3.68970714e-04,   9.75036424e-03,
          1.20119244e-01,   2.03582711e-02,  -2.32768654e-02,
          2.95011747e-03,   1.18388148e-01,   5.12791844e-02,
          3.34572038e-02,  -9.04155479e-02,  -1.40543439e-01,
         -7.55265885e-02,   3.53328996e-01,   2.44753064e-02,
          1.56895148e-01],
       [ -3.08916290e-01,  -2.76260063e-01,  -3.52020864e-01,
         -3.20836123e-01,  -3.80196875e-01,  -2.93176823e-01,
         -3.80118331e-01,  -3.24279709e-01,  -3.97745479e-01,
         -5.88776498e-02,  -9.47114694e-02,  -4.72608097e-02,
         -2.99895021e-01,  -1.35927413e-01,  -3.08801849e-01,
         -2.84404701e-01,  -2.40431532e-01,  -1.57877422e-01,
         -1.60139632e-01,  -2.70220303e-01,  -2.17406043e-01,
         -1.72659544e-01,  -4.38910287e-01,  -2.71891293e-01,
         -4.62332612e-02,  -2.35128642e-01,  -1.84901809e-01,
         -1.81466913e-01,  -2.97785887e-01,  -2.61166516e-01,
         -3.96536524e-01,  -2.63939990e-01,  -1.71219633e-01,
         -1.92918006e-01,  -4.30427773e-01,  -1.04104626e-01,
         -1.77194075e-01,  -3.33081693e-01,  -3.24030832e-01,
         -1.77170025e-01,  -1.73379300e-01,  -2.60425166e-01,
         -3.15059215e-01,  -1.76450266e-01,  -2.24426174e-01,
         -6.83620463e-02,  -5.83242540e-01,  -4.06032087e-01,
         -2.81599059e-01,  -5.94531241e-02,  -2.23072207e-01,
         -1.89268113e-01,  -2.46293589e-01,  -3.08657844e-01,
         -2.16646135e-01,   2.26025974e-03,  -1.40712682e-01,
         -2.35710277e-01,  -1.51743023e-01,  -2.60930093e-01,
         -2.70205155e-01,  -2.93267311e-01,  -6.62758208e-02,
         -5.06231810e-01,  -3.04825739e-01,  -2.97370416e-01,
         -7.74511660e-02,  -2.02008077e-01,  -1.69240798e-01,
         -2.82092625e-01,  -2.95254444e-01,  -2.10140357e-01,
         -2.43438890e-01,  -1.85470980e-01,  -6.83314022e-02,
         -4.17730233e-01,  -2.18952602e-01,  -3.55750892e-01,
         -2.20710615e-01,  -2.04459923e-01,  -4.42724637e-01,
         -1.00564617e-01,  -2.99120615e-01,  -2.77688605e-01,
         -1.10832174e-01,  -4.82604165e-01,  -1.11460381e-01,
         -2.13764099e-01,  -1.17640691e-01,  -1.17124064e-01,
         -3.66777247e-01,  -2.66945007e-01,  -2.29849461e-01,
         -3.05132352e-01,  -1.88113373e-01,  -2.93943345e-01,
         -1.14305408e-01,   1.33603268e-01,  -3.92781336e-01,
          1.90012689e-02],
       [  1.65192818e-02,   5.15451401e-02,  -1.49953745e-01,
         -1.84994544e-02,   2.19551877e-02,  -5.90215030e-03,
          1.11017371e-01,   1.25659731e-01,  -1.50710049e-01,
          1.55672102e-01,   6.60515820e-02,  -6.97341836e-02,
          1.37390472e-02,   2.18990581e-02,  -1.43453891e-02,
          2.13447522e-01,   1.36670879e-01,  -1.06343245e-02,
          1.03805340e-01,  -7.39846677e-02,   6.60757847e-02,
         -3.79498861e-02,   6.65331978e-02,   6.39325743e-02,
         -8.64186220e-02,  -5.85350822e-02,  -9.34047589e-02,
          7.80136023e-02,  -9.59465477e-02,   1.50370533e-02,
         -6.40173997e-02,  -6.27445507e-02,  -6.71874365e-02,
          1.05173607e-02,  -4.62486723e-02,  -1.96895188e-02,
          8.16705959e-02,  -1.32564905e-01,   7.17646430e-02,
          3.28564599e-02,  -5.57177621e-03,  -3.92654956e-02,
          4.27584113e-02,   5.31983408e-02,  -6.83122562e-02,
         -5.55753710e-02,   2.13283822e-01,   3.71605928e-02,
         -6.07323681e-02,  -4.01338048e-02,   8.95348832e-02,
         -3.22667895e-02,  -3.70395184e-02,   7.16890026e-02,
         -2.86356740e-02,   7.94507604e-02,   2.10780082e-02,
          2.12822252e-02,  -1.15856054e-01,   2.38896097e-01,
          3.17892200e-02,   4.53092090e-02,  -5.22605601e-02,
          3.69121826e-02,  -2.05565833e-02,  -4.55450297e-02,
         -2.15910676e-02,   7.35613825e-02,  -1.46116262e-02,
         -3.44303067e-02,  -5.22089964e-02,  -7.73699224e-02,
         -2.83136444e-02,   1.48521034e-02,  -7.77436202e-02,
         -1.13968044e-01,   1.01941295e-01,  -1.01830409e-01,
         -7.00013429e-02,   6.12037990e-02,   1.42094198e-03,
          5.23506684e-03,  -8.33313880e-02,  -8.90365400e-02,
         -9.57246939e-02,  -8.13790467e-02,  -1.23681291e-02,
         -5.65996982e-02,  -5.50124992e-03,   2.34920302e-02,
         -5.14370150e-02,  -1.18219826e-01,   2.75235162e-02,
          2.44855582e-03,  -1.11559776e-02,   1.56680965e-02,
         -2.24220088e-02,  -2.12121611e-01,   1.52427471e-02,
         -7.34121790e-02],
       [  1.40930431e-01,  -1.12632334e-01,  -1.26285054e-01,
          6.27388788e-02,   3.22520291e-02,   9.69266297e-02,
          1.86850812e-01,   2.02596356e-01,  -1.51734423e-01,
         -2.38049042e-03,  -4.65588399e-02,   3.19559390e-02,
         -1.60913734e-01,   5.65878586e-02,   4.21050850e-02,
          4.05712598e-01,   2.38709704e-01,   8.40471178e-02,
          6.16628400e-02,  -3.74979392e-02,  -9.19610667e-02,
          5.67952703e-02,   5.29867464e-02,   2.78514563e-02,
          3.94152526e-02,  -9.51959911e-02,  -3.04250882e-02,
          1.09597925e-01,  -5.60645427e-02,  -1.81484581e-02,
         -6.04606894e-02,   1.49996524e-01,   9.94377451e-02,
          2.31126879e-01,  -2.84991100e-01,  -1.28772192e-02,
          4.63707057e-02,  -7.90356731e-02,   1.10847300e-01,
          1.73923949e-03,   1.26359391e-01,   1.08073443e-01,
         -5.37037977e-03,   2.83616737e-02,   8.94031301e-03,
         -2.63999404e-02,   4.66230808e-01,  -9.12195204e-02,
          4.19595714e-02,  -1.31738348e-02,   5.69915115e-02,
         -1.14493586e-01,  -4.51567941e-02,  -5.47702179e-02,
          3.52484303e-02,   7.70858080e-02,  -3.88756176e-02,
          1.08384379e-02,  -1.13019336e-01,   3.94861742e-01,
          4.36481621e-02,  -7.39681780e-02,  -1.53163183e-03,
          9.02119465e-02,   7.91614322e-02,  -3.33073408e-02,
         -1.72890220e-02,   2.86884945e-02,   4.98992289e-02,
          1.21808277e-01,  -2.31766213e-01,  -2.64574123e-02,
          5.30447973e-02,   5.56059736e-02,   8.55375781e-02,
         -5.16532685e-02,   6.35169567e-02,  -5.93825988e-02,
         -8.04936230e-02,  -4.19174891e-02,  -4.05910189e-02,
         -7.14302022e-02,  -7.84161371e-02,   6.70915284e-02,
         -4.44002351e-02,  -7.45673364e-02,   1.78233747e-02,
         -1.10591444e-01,   4.41126626e-03,   1.16557601e-01,
         -2.18381871e-02,  -1.46356011e-01,   7.31483669e-02,
          1.89368182e-02,   3.20680780e-02,   3.89512310e-02,
         -1.16268193e-02,  -1.36264966e-01,   1.03599724e-01,
          6.84875447e-02],
       [  6.33018656e-02,  -2.08365610e-03,   4.79356688e-02,
          9.68817759e-02,   2.19430326e-02,   9.70103256e-02,
          1.61558612e-02,  -4.20902627e-02,   9.01043211e-02,
          9.43842815e-02,   7.66411699e-02,   1.03063213e-01,
          4.36619307e-02,   2.27991993e-02,  -7.31721561e-02,
          6.69556660e-02,   5.72512030e-02,  -3.40258497e-02,
         -7.79557307e-02,   8.21279823e-02,  -1.52252821e-02,
          5.53606519e-02,  -7.16799302e-02,  -6.49930335e-02,
          8.60088081e-02,   9.71875346e-02,   8.17948425e-02,
          9.61302231e-02,  -8.32786979e-02,   3.31555380e-02,
          8.27793472e-02,   3.30199773e-02,  -8.53939472e-02,
          6.32009055e-02,  -3.28874986e-02,  -8.02733805e-03,
          4.30038975e-03,   8.26080597e-02,   1.12754691e-01,
          8.72023473e-02,   1.14844156e-02,   9.72947814e-02,
          5.67060152e-02,  -2.41869901e-02,   9.65020560e-02,
          8.24566720e-02,  -4.29450473e-02,   1.15037303e-01,
         -7.13138563e-02,   8.97842076e-02,   3.71506286e-02,
          9.03889274e-02,  -4.64457331e-02,  -2.59593319e-02,
          5.21851508e-02,  -1.37346742e-02,  -7.09493272e-02,
          2.70138967e-04,   6.93363161e-02,  -7.21434613e-02,
         -4.05611778e-02,   1.00540568e-01,   5.55041587e-02,
          1.11802434e-01,  -4.86453189e-02,   1.65214659e-02,
         -4.97900227e-02,   3.62300807e-02,   4.10189182e-02,
          1.20481190e-03,   2.25816140e-02,  -2.41417310e-02,
          8.94723433e-02,  -5.16301137e-02,  -7.87934904e-02,
          1.09341433e-01,  -3.13829811e-02,   1.29178688e-02,
         -3.01872592e-02,  -1.31699447e-02,   2.87473156e-02,
          3.35115616e-02,   7.73118068e-02,   7.47275362e-02,
         -3.51678197e-02,   1.06391748e-01,   7.05680099e-02,
         -2.62422035e-02,  -7.21406923e-02,  -4.92414403e-02,
          4.59080149e-02,   6.71221467e-02,  -3.58714377e-02,
         -1.41747860e-03,  -3.97264862e-02,   2.92883954e-02,
          5.96826428e-04,   4.01736287e-03,  -3.10466783e-02,
          4.05824759e-02],
       [  5.21332099e-02,  -7.62946662e-02,  -1.95867978e-02,
          3.54075038e-02,   9.01850865e-02,  -4.02847642e-02,
         -8.57169615e-02,   3.67144416e-02,  -8.28942657e-02,
          5.63945333e-03,   4.23157315e-02,   1.12975253e-02,
          7.66499911e-03,   1.11336323e-01,   2.25629235e-02,
          2.12529444e-02,  -3.15984483e-02,  -6.63869090e-02,
          4.13579828e-02,  -5.21962811e-02,   8.05541782e-02,
         -4.92819792e-02,   4.76317625e-03,  -3.59565305e-02,
          3.48044972e-03,   3.35647239e-02,  -3.46507167e-02,
         -5.68998446e-03,  -4.54803004e-02,   7.05707111e-03,
          2.11656733e-03,   6.47578080e-02,  -3.75742226e-02,
         -1.06491523e-01,  -3.15486567e-03,   7.26999511e-02,
          4.33771415e-02,  -5.96911940e-02,  -5.49240005e-02,
          3.75578630e-02,   4.42895201e-02,   4.29660802e-02,
         -3.03626923e-03,   7.02589593e-02,   9.14153268e-03,
         -5.93064857e-03,  -7.08290878e-02,  -5.11911857e-02,
         -3.32741196e-02,  -5.59418259e-02,  -4.90721955e-02,
          3.89572144e-02,  -7.57070291e-02,   8.89078562e-03,
          1.43584471e-02,  -6.92582354e-02,  -1.05649589e-02,
         -4.06620952e-02,  -7.74485852e-02,  -1.08113266e-03,
          7.21475737e-02,   7.55832738e-02,   2.02570698e-02,
          6.64916590e-02,   1.18457505e-01,  -1.19683489e-02,
         -6.17980574e-02,  -7.80034858e-02,  -4.43178516e-02,
          3.83210088e-02,   3.72539046e-02,   1.67312945e-02,
         -3.48156688e-02,   2.56911950e-02,   9.26596775e-02,
         -7.09020873e-02,   9.49463229e-02,  -5.07042167e-02,
          6.23383929e-02,   8.70725686e-02,  -6.66016277e-02,
         -1.85731867e-02,  -1.26665012e-02,   2.54304833e-02,
         -7.44314333e-02,  -7.00766755e-02,   5.13148283e-02,
          3.61139996e-02,  -6.95189018e-02,  -5.81725036e-02,
          1.13154341e-01,  -5.86666098e-02,  -6.01232764e-02,
          1.28814470e-01,   8.47251976e-02,   7.07848705e-02,
          7.09932879e-02,  -4.20111941e-02,   9.68343865e-02,
          1.02385796e-01]])]Hidden bias: [array([-0.41031893, -0.38936553, -0.45110161, -0.44551891, -0.44459165,
       -0.39412233, -0.42171951, -0.46725258, -0.40754408, -0.34548975,
       -0.36208965, -0.38233855, -0.40403612, -0.38087987, -0.407922  ,
       -0.45221051, -0.42053929, -0.41494391, -0.36698517, -0.43054364,
       -0.38130748, -0.36795163, -0.43779155, -0.45315843, -0.40736582,
       -0.38273337, -0.39499185, -0.41030947, -0.43607043, -0.40890558,
       -0.43642413, -0.43849627, -0.38332655, -0.41523784, -0.47210985,
       -0.38521116, -0.4192553 , -0.44843208, -0.43317418, -0.40596039,
       -0.4164765 , -0.39647707, -0.45401125, -0.37598425, -0.38486922,
       -0.40156155, -0.44797823, -0.45415448, -0.38256813, -0.3665769 ,
       -0.40752412, -0.39988745, -0.38377481, -0.40871794, -0.38285181,
       -0.41875125, -0.38794897, -0.42487515, -0.40180312, -0.4556297 ,
       -0.38034992, -0.39464197, -0.37139092, -0.45053395, -0.42717823,
       -0.41027468, -0.4001387 , -0.42180629, -0.36463539, -0.43355584,
       -0.48786735, -0.39699156, -0.36448622, -0.38087882, -0.3967882 ,
       -0.41267773, -0.39331812, -0.44352502, -0.44100523, -0.42441974,
       -0.44731152, -0.36499928, -0.45353984, -0.43167322, -0.37360272,
       -0.48779924, -0.36758676, -0.38577047, -0.40340745, -0.38311404,
       -0.43272315, -0.42201244, -0.37498705, -0.40844319, -0.37611263,
       -0.40020861, -0.37312717, -0.45411499, -0.3993858 , -0.39632339])]Output weights: [[  3.29947709e-02  -4.54386991e-02]
 [  2.62063651e-02  -2.37745087e-02]
 [  5.42823286e-02  -4.50507965e-02]
 [  1.11356611e-02  -7.62472576e-02]
 [  4.18583148e-02  -4.46723306e-02]
 [  2.92338813e-02  -5.36234115e-03]
 [  7.65262899e-02   4.94541091e-02]
 [  6.07635642e-02   5.58922775e-02]
 [  8.69761327e-02  -1.48073330e-02]
 [ -6.15636850e-03   7.80478150e-03]
 [ -7.90343066e-03  -6.95261361e-03]
 [ -4.52063896e-02   1.47874205e-02]
 [  4.37794328e-02  -7.45143857e-02]
 [ -1.74018293e-02  -4.98316709e-02]
 [  1.50006679e-02  -3.72779286e-02]
 [  7.30084923e-02   1.28537161e-01]
 [  4.63691999e-02   5.20933156e-02]
 [ -4.26863901e-02  -2.95483973e-02]
 [  1.31684693e-02   1.94435411e-02]
 [  5.43227681e-03  -3.28140440e-02]
 [  3.04721156e-02   1.77566030e-02]
 [ -1.19782505e-02  -1.46363203e-02]
 [  6.54030609e-02  -1.24068798e-02]
 [  1.90614321e-02   3.46490020e-02]
 [ -5.00442904e-02  -9.23345092e-02]
 [  4.56153280e-02   5.33067729e-02]
 [ -5.08135216e-03   1.82253086e-02]
 [  1.34274506e-05  -4.13790617e-02]
 [  1.22072084e-02  -5.49431917e-02]
 [  1.14724381e-02  -1.15898197e-02]
 [  6.01730882e-02   1.30512837e-02]
 [  7.14634623e-03  -8.06123937e-03]
 [ -1.90767090e-02   1.73169345e-02]
 [  1.98312192e-02   1.01159486e-01]
 [  7.78980997e-02  -1.65458138e-01]
 [ -2.55925075e-02   6.77196785e-04]
 [ -8.03528442e-04  -1.34182493e-02]
 [  3.66922570e-02  -2.54722217e-02]
 [  2.30045310e-02  -9.86983670e-02]
 [ -3.46262615e-03  -7.52207857e-03]
 [ -2.35934041e-02  -4.58334661e-02]
 [  1.32828339e-02  -6.60387031e-02]
 [  1.40660902e-02  -5.89597502e-02]
 [  1.67160225e-02   2.93016940e-02]
 [  1.58682844e-02   2.56086837e-02]
 [ -4.05420735e-02  -3.38315923e-02]
 [  1.89678703e-01   9.41098629e-02]
 [  5.38033898e-02  -5.58041074e-02]
 [  4.76320873e-03  -1.98177945e-02]
 [ -4.15328504e-02   1.17342660e-02]
 [  1.81877069e-02   2.16841518e-02]
 [  1.70272659e-02  -1.79480514e-03]
 [  8.22415039e-04  -1.05821613e-02]
 [  3.75209094e-02  -2.43772205e-02]
 [  1.34433956e-03  -4.23669161e-02]
 [ -5.42215611e-02   6.57750622e-02]
 [ -1.34750025e-02   4.89739840e-02]
 [ -1.89782231e-02  -8.11347014e-02]
 [  1.61531593e-03  -6.89832818e-02]
 [  6.05276671e-02   1.77035468e-01]
 [  2.80768400e-02  -1.93223439e-02]
 [  6.49307035e-02   5.59947686e-02]
 [ -3.13695421e-02   3.02981048e-02]
 [  7.91500732e-02  -1.03407346e-01]
 [  1.91853840e-02  -2.18149755e-02]
 [  1.72667887e-02  -4.36081418e-02]
 [ -5.12191494e-02   2.54074651e-02]
 [  1.03275969e-02   5.10617452e-02]
 [ -7.51958335e-03  -2.15785478e-03]
 [  7.75227208e-03  -2.70445662e-02]
 [  4.37871142e-02  -8.33732227e-02]
 [ -1.72943523e-03  -1.64926350e-02]
 [  1.47317616e-02  -3.85645096e-02]
 [ -2.24680356e-02  -6.61769003e-02]
 [ -6.33716706e-02  -3.26015734e-02]
 [  6.72976911e-02   2.16507488e-02]
 [  9.74868414e-03  -7.77777142e-02]
 [  3.67707883e-02   2.39585782e-03]
 [  1.76713675e-03   8.79621453e-03]
 [  3.81666988e-04  -4.11976580e-02]
 [  5.26568605e-02  -2.00183620e-02]
 [ -1.30698945e-02   3.80707528e-02]
 [  2.23911700e-02  -1.22581096e-02]
 [  3.87582253e-03  -2.10520452e-02]
 [ -2.57051801e-02  -7.11303693e-02]
 [  6.93499571e-02  -6.79402528e-03]
 [ -2.52180578e-02  -2.54338504e-02]
 [  1.76960108e-02  -5.71207381e-02]
 [ -4.87885483e-02  -2.34708046e-02]
 [ -2.65892678e-02  -8.06641968e-03]
 [  4.20377927e-02  -2.67382580e-02]
 [  3.02814324e-02  -5.97564613e-02]
 [ -5.41769489e-03  -5.49148904e-02]
 [  2.90368123e-02  -4.78858441e-02]
 [  5.64641745e-03   1.98708014e-02]
 [  4.46872633e-02   4.18725432e-02]
 [ -1.72766302e-02   2.43439601e-02]
 [ -9.67129533e-02  -2.31059290e-01]
 [  5.85522396e-02  -5.69881859e-02]
 [ -6.80987012e-02  -1.12359477e-01]]Output bias: [ 0.29825361  0.15131679]
Value MLP:Hidden weights: [array([[  4.30226329e-01,  -4.88317658e+00,  -3.92382049e+00,
         -1.41991157e+00,   4.28034977e+00,  -7.26576269e+00,
          1.78019836e+01,  -1.60347385e+00,   4.72845940e+00,
         -2.63026697e+00,   1.87833690e+01,   1.38010402e+00,
         -4.65059636e+00,   1.07577900e+01,   5.21372563e+00,
          1.22390481e+01,  -5.03937965e+00,  -1.29345966e+00,
          7.44853589e+00,   9.66113029e+00,   1.25512217e+01,
         -4.19800104e+00,   1.25058595e+00,  -4.97598194e+00,
          2.19485713e+00,  -2.33562815e+00,  -4.96075586e-01,
          5.80237177e+00,   7.56263586e+00,   3.32007814e+00,
          1.55581242e+00,  -1.41762478e+00,  -4.34004119e+00,
         -4.98646699e+00,   4.45231102e-01,   3.91225149e-01,
          1.06986513e+01,  -1.34858683e-01,   3.12017688e-01,
         -1.57699637e+00,   5.39001582e+00,   1.43722134e+01,
         -9.52558574e+00,  -5.25055701e+00,  -1.35777365e+01,
         -6.20951524e+00,   1.19351290e+01,   6.94159773e-01,
          1.91645845e+01,   3.04707227e+01],
       [  4.98150917e+00,   4.34917271e+00,   7.21129727e+00,
          8.20469913e+00,   1.21325279e+00,  -6.95264358e-01,
          3.89602132e+00,   9.58749133e+00,   5.76123299e+00,
          7.45281361e+00,   3.45042203e+00,   7.73187844e+00,
         -3.47291771e+00,   5.37804233e+00,   4.58296094e+00,
          5.92032512e+00,   3.31616724e+00,   8.11029303e+00,
          6.82641564e+00,   8.08155767e+00,  -1.90648640e+00,
          8.39211845e+00,   5.79197759e+00,   4.47994314e+00,
         -3.13619952e+00,   8.46117325e+00,   5.00939948e+00,
         -8.79355351e-01,   1.04174543e+01,   1.11742876e+01,
         -4.61147302e+00,   5.20661472e+00,   5.13391596e+00,
          3.65641519e+00,   7.37339860e+00,   5.03845291e-01,
          9.36369192e+00,  -8.50406257e+00,   7.85917729e+00,
          4.49985952e+00,   4.05214282e+00,  -2.24044578e+00,
         -6.95724666e+00,   2.85988184e+00,  -8.82215390e+00,
          4.86052790e+00,  -4.01409200e+00,   6.86842696e+00,
         -8.77220309e+00,   1.02858842e+01],
       [ -6.77147574e+00,  -1.81228356e+01,  -1.69188438e+01,
         -1.86277880e+01,  -1.47955004e+01,  -2.09766406e+01,
          5.61126416e+01,  -1.45014856e+01,  -2.05052011e+01,
         -1.86504121e+01,   2.35852168e+01,  -1.92680032e+01,
          2.88798205e+00,  -1.76832722e+01,  -1.39909085e+01,
         -4.57866034e+00,  -1.13425570e+01,  -2.35537374e+01,
         -8.06706541e+00,   9.91856712e-01,  -3.09080721e+00,
         -2.12088607e+01,  -1.13088399e+01,   5.14947147e+01,
         -6.35355672e+00,  -1.91855100e+01,  -6.40519300e+00,
         -5.19520835e+00,  -1.56696445e+01,  -1.96160596e+01,
         -1.87868761e+01,  -1.79983928e+01,  -1.93002886e+01,
         -1.54510884e+01,  -1.62327995e+01,  -8.69428667e+00,
         -6.41803465e+00,  -1.10747475e+01,  -1.51559046e+01,
         -1.56084822e+01,  -8.36486913e+00,   1.65209742e+00,
          3.11310277e+01,  -2.23820707e+01,  -5.75616887e+00,
         -2.01839114e+01,  -6.38475337e+00,  -1.43687365e+01,
         -3.80599045e+01,   3.28409975e+01],
       [  2.40939611e+01,   8.11316514e+00,   7.41565380e+00,
          6.28280240e+00,   1.57530851e+01,   4.81283030e+00,
         -1.10507214e+01,   8.40593435e+00,   6.31132666e+00,
          7.37637211e+00,   4.50150319e+00,   3.14418535e+00,
          1.21307224e+01,   4.14702379e+00,   1.19283506e+01,
          3.81551615e+00,   1.01298726e+01,   8.84388815e-01,
          2.73460753e+00,   1.12486584e+01,   7.34206418e+00,
          6.90835706e+00,   1.31714825e+01,  -6.15604075e+00,
          8.68855173e+00,   7.84305011e+00,   1.66706918e+01,
          1.17806314e+01,   3.51533434e+00,   3.51617184e+00,
          7.35151956e+00,   3.02032529e+00,   1.06828545e+01,
          1.00906687e+01,   1.10189822e+01,   5.08828960e+00,
          7.26748389e+00,   3.74960478e+00,   5.46204408e+00,
          9.30201050e+00,   4.22337603e+00,   8.39158035e-01,
         -8.24559585e+00,   4.37001516e+00,   2.70342497e+00,
          6.22089290e+00,   2.77352865e+00,   9.01563492e+00,
         -2.50169888e+01,  -4.76903772e+00],
       [  4.31292047e+01,   3.88670838e+01,   4.02955039e+01,
          3.47079888e+01,   5.49369889e+01,   4.27450083e+01,
          2.82626339e+01,   4.62131038e+01,   5.80907398e+01,
          3.78947959e+01,   3.56719697e+01,   4.05060256e+01,
          2.48484548e+00,   5.07816130e+01,   3.75596816e+01,
          4.44656266e+01,   3.37516708e+01,   6.88855091e+01,
          6.87513814e+01,   7.17299555e+01,   4.39069893e+01,
          3.86490130e+01,   3.67918926e+01,   1.98272836e+01,
          3.67568829e+01,   4.29040023e+01,   2.25062001e+01,
          5.26724914e+01,   6.65310368e+01,   4.24840954e+01,
          3.53006394e+01,   3.96255477e+01,   2.56701716e+01,
          3.92079847e+01,   3.03732340e+01,   3.45797574e+01,
          7.53684392e+01,   3.94569613e+01,   3.84924986e+01,
          3.80186564e+01,   3.57117428e+01,   4.34967993e+01,
          9.42055069e-01,   3.60412042e+01,   2.85193193e+01,
          3.31109044e+01,   5.08995461e+01,   3.57156467e+01,
          1.57099636e+01,   6.11236686e+01],
       [ -5.70587966e+01,  -6.21548999e+01,  -6.36575143e+01,
         -6.94926859e+01,  -4.55664697e+01,  -6.52033812e+01,
         -4.26737342e+01,  -4.65944868e+01,  -4.78689681e+01,
         -6.54651237e+01,  -2.76394651e+01,  -5.89440628e+01,
          3.46367802e-01,  -5.70610693e+01,  -6.71911216e+01,
         -1.36798412e+01,  -6.20664863e+01,  -2.78298819e+01,
         -4.01714103e+01,  -2.51945159e+00,  -3.62957484e+01,
         -6.25175760e+01,  -6.11941531e+01,   1.78113822e+01,
         -5.24638543e+01,  -6.33014341e+01,  -7.18954548e+01,
         -1.37642954e+01,  -3.61429231e+01,  -6.01198905e+01,
         -6.10584226e+01,  -5.21814484e+01,  -7.09365023e+01,
         -6.47958718e+01,  -6.73973051e+01,  -4.80925608e+01,
         -1.85196650e+01,  -5.11111930e+01,  -4.97932022e+01,
         -6.20179519e+01,  -2.78061715e+01,  -3.89707476e+01,
          1.34599769e+01,  -6.58663731e+01,  -3.14466964e+01,
         -7.03672645e+01,  -9.75954201e+00,  -5.63954583e+01,
         -7.48543415e+01,   4.40547112e+00],
       [ -1.18869793e+01,  -7.27005955e-01,   6.39322129e-01,
          9.78735010e-01,  -2.55102228e+00,  -6.28025673e-01,
         -9.02106185e+00,   1.35866040e-01,   2.16034658e+00,
          5.51669480e-01,  -1.39265008e+00,   1.00702096e-02,
         -1.16380834e+01,   3.98441100e+00,   2.04062138e+00,
         -4.12577135e+00,  -6.22234640e-01,   1.12935147e+00,
          1.18128568e+00,  -2.01689370e+00,   4.09418801e+00,
          2.82191326e-01,  -1.47684157e+00,   3.86149106e+00,
         -9.58202497e-01,  -2.35574437e-01,  -2.16542683e+00,
         -2.64923412e+00,  -5.58652859e+00,   1.24931389e+00,
          3.81277306e+00,   2.45428913e+00,   2.23201489e-01,
         -7.56390051e-01,  -3.49087001e-01,  -8.01576728e-01,
          7.02934723e+00,   1.21922484e+00,   5.94297006e-01,
         -1.31059812e-01,   5.72545901e+00,   2.95742514e+00,
          2.51657502e-01,   6.43689086e-01,  -7.12987847e+00,
         -4.50747042e-01,  -2.55718925e+00,   4.91887708e-01,
          2.06778994e+01,  -9.97776360e+00],
       [ -4.73803003e+00,  -1.06315773e+00,   9.55067509e-01,
         -2.00135010e+00,   2.76570863e+00,  -6.30868022e-01,
          8.94133472e+00,   4.41049477e-01,  -1.08741602e+00,
         -3.89648657e+00,  -1.51938250e+00,  -2.18874251e+00,
         -7.04743708e+00,   5.07563577e+00,   2.16511990e+00,
         -1.85487111e+00,   1.79337892e-01,  -3.88812920e+00,
          9.26806013e+00,  -2.03366617e+00,   8.96654307e-01,
         -1.94125119e+00,  -3.21452205e+00,  -7.53314830e+00,
         -1.38225245e+00,  -1.67901427e+00,  -2.91390837e+00,
          1.99650817e+00,  -9.61670855e-02,  -2.28723301e+00,
          5.85906642e+00,  -5.02895184e+00,  -3.73695663e+00,
         -2.36074375e+00,   3.36090022e+00,  -7.31690523e-01,
          3.01875309e+00,   3.14928765e+00,   3.64471615e-01,
         -1.75711326e+00,  -1.15773048e+00,   4.49311988e+00,
          6.89200709e+00,   2.21486425e-01,  -8.61386529e+00,
          1.93712043e+00,   7.90261050e-01,  -1.80733189e+00,
          9.73892892e+00,  -5.15016376e+00]])]Hidden bias: [array([-26.95901691,  -9.88708874,  -5.06792557,  -5.49297786,
       -19.46340825, -11.25476478,   8.00295386,  -8.77937151,
       -12.19628714,  -9.06053503,  -6.98538078,  -8.17026656,
       -25.52844376,  -3.5322838 ,  -7.94068331, -13.6155077 ,
       -11.86608816, -13.73758934,  -8.84919811, -15.57451269,
       -14.63276   ,  -8.34694728, -15.98763571,  10.13973556,
       -18.91483869,  -7.56945353, -17.45875341, -17.71963855,
       -10.47708233,  -6.20259963, -13.81964028,  -6.17992715,
       -10.813157  , -13.51672605,  -4.91605021, -12.91983911,
        -7.30976261, -16.60921426,  -6.69572414, -11.35801007,
        -4.04351879, -10.14338093,  16.34367748,  -4.29276596,
       -26.30776646,  -7.41840131, -12.8342375 ,  -8.38409027,
         7.56303097,  -8.02949317])]Output weights: [[  2.70515746e+00]
 [ -5.40050630e-01]
 [ -8.49122935e-01]
 [ -2.81250790e-01]
 [  2.75674230e+00]
 [  1.45717888e-01]
 [  9.07676062e-02]
 [ -2.49525549e+00]
 [ -2.59939022e+00]
 [ -3.88331225e-01]
 [ -6.94170256e+00]
 [ -2.33894999e+00]
 [  1.31014602e+01]
 [ -3.42591489e-01]
 [  2.49109693e-01]
 [  3.32608191e+00]
 [  4.52745617e-02]
 [ -6.05523730e-01]
 [ -3.72063950e+00]
 [ -2.77027735e+00]
 [ -4.27705349e+00]
 [ -1.37045673e+00]
 [ -3.58619967e+00]
 [  5.21175699e+00]
 [  1.11825963e+00]
 [ -1.11982666e+00]
 [ -8.86144412e-01]
 [  4.01549299e+00]
 [  3.06975035e+00]
 [  3.08488087e+00]
 [ -5.77877518e-01]
 [ -3.63090770e+00]
 [  1.01805018e+00]
 [ -3.15589468e-03]
 [  7.89892502e-01]
 [ -6.54431099e-01]
 [ -4.20104586e-01]
 [  2.01448139e+00]
 [ -2.23183163e+00]
 [ -1.06566173e+00]
 [ -1.54261822e+00]
 [  1.56860873e-01]
 [ -2.12587623e+00]
 [ -1.85697093e+00]
 [ -9.62163064e-01]
 [  1.14961851e+00]
 [  5.01715974e+00]
 [ -3.70424311e-01]
 [  3.27171498e-01]
 [  1.15522818e-01]]Output bias: [-71.57185192]