Action MLP:Hidden weights: [array([[-0.0018815 , -0.00145604,  0.00847872, ...,  0.0090848 ,
        -0.00538668, -0.00476667],
       [-0.00573857,  0.00983127, -0.00816605, ...,  0.0035845 ,
         0.00820279,  0.00043936],
       [-0.00858487,  0.00952809, -0.00721675, ...,  0.00040124,
        -0.0067488 , -0.0010336 ],
       ..., 
       [ 0.00275018, -0.00374001, -0.00246063, ...,  0.00995005,
         0.00937081,  0.00284532],
       [ 0.0020384 ,  0.00403219, -0.00763828, ...,  0.00214446,
         0.00294175,  0.00703514],
       [-0.0065842 ,  0.00029741, -0.00251918, ..., -0.0091833 ,
         0.00205407, -0.00535295]])]Hidden bias: [array([-0.95558727, -0.95498912, -0.95633714, -0.95610693, -0.95591848,
       -0.95633201, -0.95656144, -0.95623065, -0.95641273, -0.95529435,
       -0.95540792, -0.9553864 , -0.95603282, -0.95467648, -0.95472976,
       -0.95585037, -0.95597616, -0.95612842, -0.95539716, -0.95589919])]Output weights: [[ 0.00374788 -0.00335969]
 [-0.00241898 -0.00548599]
 [ 0.00604785 -0.00205659]
 [ 0.00723406 -0.00603262]
 [ 0.00703622 -0.002669  ]
 [ 0.00219617 -0.00019178]
 [ 0.00153868  0.00480715]
 [ 0.00405922  0.0025171 ]
 [ 0.00345871  0.00408763]
 [ 0.00274032 -0.0013297 ]
 [ 0.00316938 -0.00123699]
 [ 0.00409727 -0.00093775]
 [ 0.00160224  0.00075127]
 [ 0.00133905 -0.00249711]
 [-0.00207938 -0.0031066 ]
 [ 0.00810087 -0.00034352]
 [-0.00345123  0.00606698]
 [ 0.00374306  0.00417231]
 [-0.00302122  0.00134711]
 [ 0.00194118  0.00694765]]Output bias: [ 1.00107231  1.0004659 ]
Value MLP:Hidden weights: [array([[-0.0068603 , -0.00660963,  0.00644382, ...,  0.0087409 ,
        -0.00149363,  0.00119523],
       [ 0.00634598,  0.00238265,  0.00057161, ...,  0.00301249,
         0.00731425, -0.00941913],
       [ 0.00287505,  0.00476537, -0.00521901, ...,  0.00946225,
        -0.00682723, -0.00631235],
       ..., 
       [-0.04141992, -0.03948674, -0.02820776, ..., -0.04017471,
        -0.02932763, -0.03591963],
       [ 0.00826092,  0.00327391, -0.00928798, ...,  0.00239704,
        -0.00996057,  0.00586974],
       [ 0.00384106, -0.00606112,  0.00717657, ..., -0.00602079,
        -0.00808496, -0.00350463]])]Hidden bias: [array([-1.26983244, -1.26817716, -1.26641612, -1.26863627, -1.27149992,
       -1.26795575, -1.27297412, -1.26975702, -1.27445271, -1.26780441,
       -1.27118589, -1.26796155, -1.26497037, -1.27108238, -1.27174106,
       -1.27077968, -1.27139269, -1.26926945, -1.27006289, -1.27047381])]Output weights: [[ 4.39090313]
 [ 4.3951096 ]
 [ 4.40914165]
 [ 4.38778416]
 [ 4.38489718]
 [ 4.42059843]
 [ 4.40395988]
 [ 4.38814215]
 [ 4.40203925]
 [ 4.40837057]
 [ 4.38049315]
 [ 4.396462  ]
 [ 4.41174834]
 [ 4.37760459]
 [ 4.40267045]
 [ 4.39228137]
 [ 4.38937818]
 [ 4.40521721]
 [ 4.40505144]
 [ 4.40284425]]Output bias: [-3.60019997]