Action MLP:Hidden weights: [array([[ 0.00418335, -0.01101754, -0.00409364, ...,  0.01444959,
        -0.01421618,  0.02147892],
       [ 0.01068809, -0.00611567, -0.00435399, ...,  0.00625451,
        -0.00033958,  0.01154995],
       [ 0.02487585,  0.00070996,  0.03244575, ...,  0.02870159,
         0.02296074,  0.03801763],
       ..., 
       [ 0.00466698, -0.00426491,  0.00393819, ...,  0.00897374,
        -0.00422579,  0.00106833],
       [-0.00469794,  0.0095431 , -0.00781715, ..., -0.00393839,
        -0.00445102,  0.00113384],
       [ 0.00667837, -0.01411188, -0.00824531, ...,  0.00342384,
        -0.00756307,  0.0148037 ]])]Hidden bias: [array([-0.77023618, -0.76556114, -0.75225662, -0.77068045, -0.76024407,
       -0.8005123 , -0.74991097, -0.75819245, -0.76567534, -0.76662997,
       -0.75873907, -0.82520966, -0.762144  , -0.75701797, -0.77116986,
       -0.79322758, -0.75447251, -0.77682137, -0.75981854, -0.78823043])]Output weights: [[ 0.06384173  0.00246292]
 [ 0.07040182  0.10763092]
 [ 0.07411256  0.03336599]
 [ 0.07027842 -0.00098762]
 [ 0.04766832  0.01744312]
 [ 0.14218878 -0.02394637]
 [ 0.05338515  0.03255771]
 [ 0.07230763  0.08813377]
 [ 0.08878327  0.01083244]
 [ 0.04685526  0.00810187]
 [ 0.09163674  0.02140565]
 [ 0.2319934  -0.04819432]
 [ 0.06324391  0.08810182]
 [ 0.0428265   0.04418436]
 [ 0.05270021  0.00282127]
 [ 0.08001889  0.1683708 ]
 [ 0.06319544  0.04301015]
 [ 0.09666503 -0.0060766 ]
 [ 0.05855753  0.05493498]
 [ 0.14285848 -0.02036031]]Output bias: [ 0.14048884 -0.00893899]
Value MLP:Hidden weights: [array([[ -2.22417365e+00,  -9.49054631e-01,  -5.28909926e+00, ...,
         -1.77301426e-01,  -2.44171682e-01,  -1.72106296e+00],
       [ -1.91286092e-01,  -4.82783005e-01,  -2.99684003e+00, ...,
         -1.11539009e-01,  -4.25503061e-02,  -3.52743387e+00],
       [  9.39174844e-01,  -1.01327478e-01,  -6.48491867e-01, ...,
         -1.85428409e-01,   8.75909287e-01,  -3.02689961e+00],
       ..., 
       [ -4.64581476e-04,  -3.84377003e-03,   5.61872682e-04, ...,
          1.99045901e-03,  -8.65453770e-03,  -6.39411721e-03],
       [  8.76160385e-03,   4.22977096e-03,  -8.64361594e-03, ...,
         -2.52111166e-03,  -7.70848870e-03,   6.79935454e-03],
       [ -1.51907774e+00,  -4.76003866e-01,  -2.50200008e+00, ...,
         -7.40809505e-02,  -1.34018986e-01,   1.33448643e-02]])]Hidden bias: [array([-3.76742617, -4.01250473, -6.60556302,  1.83960611,  2.23056918,
        3.67669036,  6.42662142, -4.62894092, -4.5945141 ,  2.91896458,
        3.60942078,  3.49433892,  2.48732939,  1.03545729, -3.11453189,
        0.83746285, -8.3417647 ,  3.86542853,  1.52587866,  6.97546501])]Output weights: [[  4.08801756e+00]
 [  8.60302180e+00]
 [  6.62910298e+00]
 [ -3.07515312e+00]
 [ -3.14470210e+00]
 [  4.68269658e+00]
 [  2.16804104e+00]
 [  6.39208989e+00]
 [  7.16975653e+00]
 [  1.13927825e-03]
 [  9.58631685e+00]
 [  7.77650709e-01]
 [  1.33769055e+00]
 [ -6.42700226e+00]
 [  7.23558133e+00]
 [ -4.41587455e+00]
 [  7.08126206e+00]
 [ -5.15393895e-02]
 [ -2.14204233e+00]
 [  5.17058343e+00]]Output bias: [-10.45553365]