Action MLP:Hidden weights: [array([[  1.35173335e-03,   4.61097181e-03,   1.53460034e-03, ...,
          4.85541473e-03,  -5.26448836e-03,   9.12541029e-03],
       [  6.11727205e-03,  -9.59031043e-05,  -4.85249231e-03, ...,
         -9.28093004e-04,   6.24611283e-05,   8.22166497e-03],
       [  5.64481645e-03,  -2.49747898e-03,   1.48380262e-02, ...,
          3.57075884e-03,   1.30450298e-02,   1.07824220e-02],
       ..., 
       [  4.89345515e-03,  -3.82600397e-03,   4.29913043e-03, ...,
          9.19351388e-03,  -3.85313707e-03,   1.23922464e-03],
       [ -4.68957403e-03,   9.65530431e-03,  -7.77685064e-03, ...,
         -3.93980999e-03,  -4.38798914e-03,   1.10696325e-03],
       [  4.88424863e-03,  -6.86365832e-03,  -5.89589084e-03, ...,
         -2.55419937e-03,  -3.01955783e-03,   5.78782827e-03]])]Hidden bias: [array([-0.84957989, -0.84892913, -0.85313647, -0.84837353, -0.84685205,
       -0.84641621, -0.84939588, -0.84733335, -0.84896986, -0.85189021,
       -0.84964513, -0.84882446, -0.84733949, -0.84889857, -0.84636169,
       -0.84940961, -0.85223285, -0.84629277, -0.85023803, -0.8455069 ])]Output weights: [[ 0.04478745  0.05262991]
 [ 0.00020039  0.1133845 ]
 [ 0.0373347   0.09811074]
 [ 0.04776892  0.04952198]
 [ 0.03488097  0.06923276]
 [ 0.09084611  0.02191898]
 [ 0.02149666  0.09489398]
 [ 0.02099646  0.10695848]
 [ 0.06189981  0.07281451]
 [ 0.03398796  0.06561265]
 [ 0.05899645  0.07761781]
 [ 0.10606673  0.01539835]
 [-0.00140219  0.09992876]
 [ 0.01456729  0.0842746 ]
 [ 0.04609608  0.05379761]
 [-0.00990632  0.10738207]
 [ 0.02693549  0.08885177]
 [ 0.07244207  0.03634193]
 [ 0.0154228   0.08251324]
 [ 0.09027348  0.02940517]]Output bias: [ 0.38247058  0.43392008]
Value MLP:Hidden weights: [array([[ -1.48181968e+00,  -9.48993272e-01,  -1.80641667e+00, ...,
         -3.03141138e-01,  -2.23213425e-01,  -1.07374689e+00],
       [ -8.69202579e-01,  -4.82568789e-01,  -1.23435277e+00, ...,
         -1.65610055e-01,  -9.41154096e-02,  -1.21160544e+00],
       [ -5.20047729e-01,  -1.01133361e-01,  -6.27679989e-01, ...,
         -1.99706941e-01,   8.32597083e-01,  -2.37008805e+00],
       ..., 
       [ -4.68972660e-04,  -3.84377003e-03,   5.61872682e-04, ...,
          1.99045901e-03,  -8.64878462e-03,  -6.39411721e-03],
       [  8.76160385e-03,   4.22977096e-03,  -8.64361594e-03, ...,
         -2.52111166e-03,  -7.70001260e-03,   6.79935454e-03],
       [ -7.93353110e-01,  -4.76000817e-01,  -7.63297007e-01, ...,
         -1.44929568e-01,  -1.03483807e-01,  -3.59636768e-01]])]Hidden bias: [array([ -7.70656162e-01,  -4.23002989e+00,   5.67688087e-01,
         9.55142141e-01,   6.29615313e-01,  -8.02233096e-01,
         3.49326149e-01,  -3.49027627e+00,  -2.64660465e+00,
         2.03237176e+00,   1.14588556e+00,  -9.32090585e-01,
        -3.30946980e-03,   6.69953200e-01,  -7.75932602e+00,
         8.83325554e-01,  -5.37720623e+00,  -1.15792969e+00,
         1.42679708e+00,  -2.34832927e+00])]Output weights: [[ 2.94581581]
 [ 5.64042724]
 [ 1.39668581]
 [-1.53993882]
 [-2.15747662]
 [ 0.25607311]
 [ 1.50674648]
 [ 5.29585413]
 [ 6.24493041]
 [ 3.15175208]
 [ 3.67531225]
 [ 2.17323012]
 [-0.71610866]
 [-3.53249484]
 [ 4.85934213]
 [-1.46181825]
 [ 2.8383078 ]
 [ 7.45916549]
 [ 1.28539312]
 [ 6.24562648]]Output bias: [-7.50462792]