Action MLP:Hidden weights: [array([[  1.82229579e-02,   6.80509984e-03,   2.87132408e-04,
          1.08315758e-02,   1.52250947e-02,   2.81586655e-02,
         -3.79628898e-03,  -2.03251927e-03,   1.78349276e-02,
         -7.03166357e-03,   2.09860188e-02,   2.85741469e-03,
         -1.12692871e-02,   7.21599326e-03,   2.79195604e-03,
         -6.78583648e-03,   9.64952885e-04,   1.50011534e-02,
          1.61355229e-03,   2.32373368e-02],
       [  2.85282766e-01,   2.83807180e-01,   2.65799169e-01,
          2.80323556e-01,   2.78937180e-01,   2.89250948e-01,
          2.85328778e-01,   2.89550764e-01,   2.83059137e-01,
          2.63572954e-01,   2.93483792e-01,   2.57446482e-01,
          3.04266453e-01,   2.74637053e-01,   2.80502006e-01,
          2.82759915e-01,   2.77511028e-01,   2.78936682e-01,
          2.73421898e-01,   3.02852240e-01],
       [ -4.67923717e-02,  -3.37713234e-02,  -3.37429704e-02,
         -3.44932215e-02,  -4.16380071e-02,  -6.06082562e-02,
         -1.93238994e-02,  -1.38126034e-02,  -4.27612277e-02,
         -2.28721216e-02,  -5.05997355e-02,  -3.54937339e-02,
         -9.97237220e-03,  -3.02369202e-02,  -2.23480137e-02,
         -1.87026455e-02,  -1.38420787e-02,  -4.31933552e-02,
         -3.71556750e-02,  -4.38079881e-02],
       [ -2.89156209e-01,  -3.16117248e-01,  -3.16464653e-01,
         -3.35942264e-01,  -3.18707559e-01,  -2.72894727e-01,
         -3.56837771e-01,  -3.68073212e-01,  -2.76475979e-01,
         -3.76375787e-01,  -2.74440099e-01,  -3.24279315e-01,
         -3.48057279e-01,  -3.26762423e-01,  -3.60653093e-01,
         -3.62286137e-01,  -3.65296924e-01,  -3.19955690e-01,
         -3.23167174e-01,  -2.69147008e-01],
       [  7.01357201e-02,   3.77854245e-02,   4.28312055e-02,
          8.50624673e-03,   4.05775913e-02,   1.08682173e-01,
         -1.29461455e-02,  -2.33674497e-02,   8.81934080e-02,
         -1.32212038e-02,   1.01890746e-01,   5.64309363e-02,
         -2.25681373e-02,   2.79906696e-02,  -4.87269689e-03,
         -8.99438336e-03,  -6.30893589e-03,   3.54445961e-02,
          3.63737388e-02,   9.83773406e-02],
       [  1.58742649e-01,   6.95011691e-02,   8.84678894e-02,
          1.93980815e-02,   9.65635585e-02,   2.44781602e-01,
         -2.05139060e-02,  -2.31995002e-02,   1.58780727e-01,
         -1.12584248e-02,   2.32190178e-01,   8.68429999e-02,
         -5.21494404e-02,   1.55470175e-02,  -1.88898277e-02,
         -1.56835893e-02,  -4.35355673e-02,   7.87821909e-02,
          8.24044611e-02,   1.83810381e-01],
       [ -1.29273330e-03,  -7.82435906e-03,  -1.05308073e-02,
         -9.46489564e-03,  -7.59373905e-03,  -3.70731851e-03,
          5.84705989e-03,  -6.43449660e-03,  -1.30043755e-02,
         -1.07365134e-02,  -3.47941187e-03,  -1.44248471e-02,
         -6.71193402e-03,  -8.14640581e-03,  -5.59014454e-03,
         -1.01259161e-02,   9.14272841e-03,  -5.25163562e-03,
         -1.03440591e-02,  -1.27241068e-02],
       [  3.14302855e-02,   3.86754144e-02,   3.27413337e-02,
          2.86232397e-02,   2.81488559e-02,   3.72760606e-02,
          2.95950473e-02,   3.03665964e-02,   2.51906509e-02,
          2.65596193e-02,   3.58948271e-02,   3.02557403e-02,
          1.91878308e-02,   3.82154862e-02,   2.27610794e-02,
          1.88143902e-02,   2.64245719e-02,   3.46565350e-02,
          3.41586482e-02,   3.77645670e-02]])]Hidden bias: [array([-0.52322735, -0.52047231, -0.51962512, -0.51564933, -0.52426064,
       -0.52325048, -0.51407264, -0.51765594, -0.51630793, -0.5220503 ,
       -0.52472573, -0.52422167, -0.5057689 , -0.512384  , -0.51661548,
       -0.51724314, -0.51250402, -0.52290089, -0.52338094, -0.51939189])]Output weights: [[ 0.00136614  0.13220373]
 [ 0.02153002  0.08269061]
 [ 0.02834179  0.09168571]
 [ 0.04433694  0.05451052]
 [ 0.02119044  0.09405243]
 [-0.00660818  0.18304657]
 [ 0.06390235  0.02994736]
 [ 0.07019519  0.02477172]
 [-0.00226765  0.13878411]
 [ 0.08072174  0.03450501]
 [-0.00909253  0.17349598]
 [ 0.03715646  0.09612235]
 [ 0.06499516  0.01619109]
 [ 0.04160806  0.06001817]
 [ 0.06601286  0.0336521 ]
 [ 0.06559768  0.03276133]
 [ 0.07619344  0.02309714]
 [ 0.02503885  0.08694183]
 [ 0.02864623  0.08764827]
 [-0.01732909  0.15214356]]Output bias: [ 0.45237956  0.48513841]
Value MLP:Hidden weights: [array([[  1.40691345e-01,   1.87986988e+00,   3.68508609e+01,
          2.56897487e+00,   2.55873051e+01,   1.17099439e+00,
          6.69881983e-02,  -6.25648076e+01,   2.08216714e+00,
         -2.93917742e+01,   5.20940857e+00,   1.20794823e+00,
          5.98320333e+01,   5.63259739e+00,   4.98845616e+01,
         -6.38751499e+01,   2.41507237e+01,  -3.74745757e+01,
          5.83799048e+01,   1.82638550e+00],
       [ -2.44622850e+01,  -5.01043927e+00,   8.77392632e+00,
          6.26933180e+00,   1.55677488e+01,  -1.25922234e+01,
         -6.02162324e+00,   8.72402629e+00,   1.37284379e+01,
          2.06082850e+01,   3.78113233e+00,   5.62847245e+00,
          2.07644869e+01,   1.62695453e+01,  -6.83944033e+00,
          2.43417329e+01,   1.80216301e+01,  -2.01940195e+01,
          1.92778880e+01,  -9.24107109e+00],
       [  2.28843101e+00,  -2.74001278e+00,   6.08609947e+00,
          9.06667594e-01,   2.75442491e+01,  -1.23081639e+00,
         -4.58605886e-01,  -5.41981711e+00,  -2.97098862e+00,
         -2.48465829e+01,  -4.97108074e-01,  -1.72672919e+00,
          2.99502158e+01,  -4.64856538e+00,   3.29143118e+01,
         -1.13900081e+01,   2.71690179e+01,  -2.95460900e+01,
          2.98975965e+01,  -4.61922010e-02],
       [  9.74205470e+00,   8.48106297e+00,  -1.40976653e+01,
         -4.15489816e+00,  -1.19088362e+01,  -1.08669485e-01,
          5.68268036e+00,  -2.46717117e+01,  -3.08780747e-01,
         -8.00529115e+00,  -4.62733407e+00,  -9.01145908e+00,
         -2.98307623e+01,  -5.31610283e-01,   6.62727138e+00,
         -1.71448101e+01,  -3.55016366e+00,   1.04225830e+01,
         -1.57965029e+01,   2.01310215e+00],
       [  2.94296244e+00,   7.19025974e+00,   3.46401248e+00,
         -9.65584652e-01,  -7.28773674e+00,  -2.84611085e-01,
          1.98447454e-01,  -1.73920820e+01,  -1.80688942e+00,
          1.02079150e+01,  -2.60457997e-01,  -9.35592758e-02,
          2.94267142e+00,   5.80048660e+00,   6.48779683e+00,
         -1.95948164e+01,  -6.70946665e+00,   1.56597325e+01,
          5.08395736e+00,  -7.74514020e-02],
       [ -1.29982865e+01,   7.82032959e+00,  -1.71169239e+00,
          2.65917306e+00,   2.16576937e+01,   2.03056125e+00,
         -4.27578148e+00,  -8.15127468e+00,  -1.29569842e+01,
          1.88847021e+01,   1.46374996e+00,   8.23510789e+00,
          1.77229092e+01,   1.69965950e+01,   9.19826426e+00,
         -1.81311196e+01,  -1.40752430e+00,   4.12505889e+00,
          2.08166241e+01,   6.79679955e+00],
       [ -1.08741695e-01,   6.99456941e-01,   2.23912729e+00,
          1.54141741e+00,   4.61311540e+00,   2.58671901e+01,
          6.86758072e-01,   6.61217303e+00,  -2.80487233e+00,
          1.07778945e-01,   1.52348582e+00,  -3.55905403e+00,
         -8.58255415e+00,  -7.36997416e+00,  -1.05226696e+01,
         -1.90010111e+01,   4.47675352e+00,   2.16919685e-01,
          5.11768803e+00,   7.21793599e-01],
       [ -3.16405215e+00,  -1.16571002e+00,   1.61600102e+00,
         -7.11360264e-01,  -2.24431468e+01,  -3.62474333e+00,
         -1.57668121e+00,  -1.55808426e-01,   2.77509222e+00,
         -5.78846674e+00,   1.02720168e+00,   2.65270479e+00,
         -3.74490485e+00,  -5.31206808e+00,  -9.96029491e+00,
         -7.32219603e+00,   4.86947525e+00,  -1.52423048e+00,
          3.41754190e+00,   1.44068743e+00]])]Hidden bias: [array([-16.20663442, -10.54736425,  49.48258278,  11.98199405,
        36.07915154,  -7.89687351,  -9.07165726,  77.15456175,
        19.84698666,  35.15761724,  11.98581027,   8.37011164,
        57.09091592,  20.5139722 , -81.07581274,  75.94607282,
        23.88830425, -40.22610631,  77.1861629 , -11.02780802])]Output weights: [[ 3.78443789]
 [ 8.39068318]
 [ 5.27995953]
 [-6.22530951]
 [ 0.47173533]
 [-1.11864285]
 [ 2.86839444]
 [ 7.04051896]
 [-1.80519524]
 [ 2.8185929 ]
 [-1.70490276]
 [ 4.4130213 ]
 [ 3.96936588]
 [ 6.23598844]
 [-6.04147105]
 [ 5.43565887]
 [-1.02850113]
 [ 0.52042094]
 [ 7.32250187]
 [ 2.43269677]]Output bias: [-30.11359166]