Action MLP:
Initial hidden weights: [array([[ 0.01418637,  0.09622138,  0.05460664, ...,  0.05155063,
        -0.00275974, -0.00278464],
       [-0.01413509,  0.03271835,  0.08251847, ..., -0.02763621,
        -0.00404959, -0.08058493],
       [-0.08199714, -0.08281628,  0.0657825 , ..., -0.00379681,
        -0.04226318,  0.00788258],
       ..., 
       [ 0.02753645,  0.05215094,  0.00173755, ...,  0.09307797,
         0.06216328, -0.03817887],
       [ 0.03123627,  0.02572828, -0.01651377, ..., -0.0845219 ,
        -0.05053085, -0.0254957 ],
       [-0.08997898, -0.09378238, -0.06136941, ...,  0.03987994,
        -0.00291644, -0.02663622]])]
Initial hidden bias: [array([-1., -1., -1., -1., -1., -1., -1., -1., -1., -1., -1., -1., -1.,
       -1., -1., -1., -1., -1., -1., -1.])]
Initial output weights: [[-0.04375879 -0.09673894]
 [ 0.01242151  0.07822786]
 [-0.06336376  0.00484266]
 [ 0.09844137  0.05245445]
 [ 0.03543366  0.09958119]
 [-0.07022616 -0.08421185]
 [ 0.02248608  0.09215303]
 [-0.06286637  0.07318635]
 [-0.03757082  0.05362507]
 [ 0.00713337 -0.02490616]
 [ 0.05829774 -0.09965592]
 [-0.07185629 -0.0501284 ]
 [ 0.02245831  0.02666031]
 [-0.07607989 -0.09671379]
 [ 0.09728202 -0.01485854]
 [ 0.00492323 -0.06574064]
 [ 0.04800014  0.07395934]
 [-0.03296235  0.0620567 ]
 [ 0.01020507  0.03717311]
 [-0.07348367 -0.08156406]]
Initial output bias: [ 1.  1.]
Value MLP:
Initial hidden weights: [array([[-0.09992081,  0.02391149,  0.0107994 , ..., -0.08250715,
         0.07586959, -0.08586882],
       [-0.09510251,  0.06424259,  0.02363315, ..., -0.091131  ,
        -0.08244486,  0.0902939 ],
       [ 0.06571815,  0.09858255, -0.02424833, ...,  0.05710346,
        -0.07200378,  0.03802678],
       ..., 
       [ 0.04992262, -0.00602097,  0.03391119, ..., -0.08591576,
         0.08202542,  0.02840831],
       [ 0.09155948,  0.04503177,  0.05601776, ...,  0.0859749 ,
         0.01441973,  0.08810686],
       [ 0.03612038,  0.03155785, -0.0395385 , ..., -0.00462519,
        -0.01308912,  0.08641244]])]
Initial hidden bias: [array([-1., -1., -1., -1., -1., -1., -1., -1., -1., -1., -1., -1., -1.,
       -1., -1., -1., -1., -1., -1., -1.])]
Initial output weights: [[ 0.0892127 ]
 [-0.02831209]
 [ 0.07111895]
 [-0.02990709]
 [-0.02714583]
 [ 0.09366888]
 [ 0.01137886]
 [-0.06902489]
 [-0.0892811 ]
 [ 0.06688565]
 [-0.0422486 ]
 [ 0.07525725]
 [-0.01954387]
 [-0.07995416]
 [-0.01093659]
 [ 0.04920213]
 [-0.07276691]
 [ 0.01945323]
 [ 0.09643127]
 [-0.02483198]]
Initial output bias: [ 1.]
