Action MLP:Hidden weights: [array([[-0.06150336,  0.12909316, -0.07206034, ...,  0.07718405,
         0.02940459,  0.03897007],
       [ 0.38655617,  0.37003376,  0.43956542, ...,  0.32817452,
         0.41566855,  0.39775758],
       [ 0.04846957, -0.20155232, -0.02280461, ..., -0.07904522,
        -0.00218465, -0.05042681],
       ..., 
       [-0.22294188,  0.17866013, -0.00740268, ..., -0.11071371,
         0.13841044,  0.07709769],
       [ 0.0932086 ,  0.11499512,  0.0397967 , ...,  0.04096145,
         0.09399146,  0.00769255],
       [ 0.0791492 , -0.00369897,  0.10537059, ...,  0.01239776,
         0.07325591,  0.03032802]])]Hidden bias: [array([-0.40212536, -0.35400664, -0.36407733, -0.3306121 , -0.36678462,
       -0.38323328, -0.37230609, -0.30928919, -0.3490935 , -0.32398347,
       -0.35696601, -0.33909065, -0.3292968 , -0.37921753, -0.35946618,
       -0.34678838, -0.36066088, -0.3786739 , -0.38245467, -0.34445794,
       -0.36174479, -0.39269608, -0.31741676, -0.31926559, -0.38329014,
       -0.35998569, -0.31479847, -0.3453885 , -0.34987263, -0.36319391,
       -0.3473778 , -0.33454439, -0.37041169, -0.30707252, -0.32287098,
       -0.33697658, -0.31064865, -0.31509262, -0.37246158, -0.35729279,
       -0.35958452, -0.34569955, -0.33186637, -0.34234283, -0.33395931,
       -0.33881712, -0.3542573 , -0.347566  , -0.31312576, -0.34742875,
       -0.36360572, -0.32318089, -0.35528755, -0.35223966, -0.33503563,
       -0.37025963, -0.36366257, -0.38886016, -0.37469048, -0.36103185,
       -0.36927783, -0.32362271, -0.34829717, -0.351556  , -0.36423136,
       -0.33159863, -0.35995864, -0.3563237 , -0.38888165, -0.31349154,
       -0.36236295, -0.31605685, -0.35737234, -0.35123634, -0.40075302,
       -0.32927082, -0.37598918, -0.40423628, -0.36203368, -0.35973922,
       -0.30552163, -0.37827738, -0.36346804, -0.32329564, -0.34178762,
       -0.33322741, -0.41050316, -0.3394924 , -0.34440619, -0.39052212,
       -0.39849013, -0.35489589, -0.32940557, -0.3775375 , -0.31678484,
       -0.3603022 , -0.34584621, -0.41963758, -0.32329813, -0.32299645,
       -0.3024466 , -0.37810517, -0.36097579, -0.37023445, -0.36158142,
       -0.36189417, -0.36651473, -0.36021287, -0.33113585, -0.36353454,
       -0.31068508, -0.33903462, -0.38581413, -0.38210563, -0.32917368,
       -0.34076777, -0.38901919, -0.34055469, -0.34667089, -0.35989826,
       -0.36909615, -0.32498483, -0.31093172, -0.32576297, -0.35685243,
       -0.31265821, -0.3132544 , -0.35633185, -0.38654591, -0.35451724,
       -0.39925404, -0.31377297, -0.38434289, -0.38860711, -0.33283583,
       -0.34890104, -0.32024718, -0.34653933, -0.32920296, -0.35175279,
       -0.35638769, -0.39764622, -0.3097366 , -0.31764064, -0.36034661,
       -0.32510945, -0.32691043, -0.33223654, -0.38138759, -0.32070681,
       -0.37359426, -0.34270389, -0.36216623, -0.30477002, -0.33490447,
       -0.32930523, -0.29671756, -0.35426088, -0.35050818, -0.30934647,
       -0.37245287, -0.32219574, -0.35902128, -0.34404102, -0.39731278,
       -0.36646482, -0.34206468, -0.34868819, -0.37347444, -0.3563097 ,
       -0.32525023, -0.32616434, -0.35918739, -0.37156511, -0.39304993,
       -0.35387514, -0.31986458, -0.34557571, -0.39257679, -0.32174011,
       -0.34732025, -0.35977438, -0.2965118 , -0.37318851, -0.34403286,
       -0.31731923, -0.35082803, -0.37464637, -0.3817709 , -0.34147065,
       -0.37204193, -0.31435294, -0.37439207, -0.35926448, -0.3238577 ,
       -0.38968103, -0.37740778, -0.33322389, -0.38740695, -0.39529441])]Output weights: [[  3.77548541e-02   2.01884234e-03]
 [ -4.10917757e-04   7.83385469e-02]
 [ -1.63964630e-04   2.05119653e-02]
 [  6.77523045e-03   1.00885729e-02]
 [  4.63953003e-03  -1.55705953e-03]
 [  1.51704462e-02  -2.96017299e-02]
 [  1.31537035e-02  -2.78787281e-02]
 [ -1.83353060e-02   5.92240287e-02]
 [  5.92644786e-02   2.93105747e-02]
 [  2.07178938e-02   1.62315764e-02]
 [  5.04649710e-02   2.62879651e-03]
 [ -2.31020752e-02   4.18827857e-03]
 [ -6.13403702e-03   8.89527241e-03]
 [ -1.92901889e-02   2.34993824e-02]
 [ -2.61900649e-02   2.65012369e-02]
 [  1.37921005e-02  -2.87493641e-03]
 [ -1.57487698e-03   1.85277284e-02]
 [  3.50202578e-02   2.96244589e-02]
 [ -1.93306717e-02   4.16835153e-02]
 [  4.92736133e-02  -3.25701195e-02]
 [  3.42205989e-02  -2.36681414e-02]
 [  3.79822707e-02   2.68113713e-02]
 [ -2.54141074e-02   1.27903142e-02]
 [ -4.04667793e-02   2.61575432e-03]
 [  1.34679819e-02   2.64268961e-02]
 [  1.42943985e-02  -7.49620796e-03]
 [ -6.76288806e-03   4.36244042e-02]
 [  3.90110313e-02  -1.54570406e-02]
 [  5.07805741e-02   1.54988353e-02]
 [ -6.25495433e-03   8.26201040e-03]
 [ -1.17162461e-03  -3.87743881e-03]
 [  2.28983495e-02   4.10896243e-03]
 [  1.49749024e-02  -1.70344219e-02]
 [ -1.00975056e-02   7.92717889e-03]
 [  1.16334029e-02  -4.15472060e-03]
 [ -1.39477061e-02   1.86611657e-02]
 [  1.72427939e-02  -5.23559975e-02]
 [ -4.08926267e-02   5.34517580e-02]
 [ -3.46981543e-02   7.79538717e-02]
 [  1.38442593e-02  -2.46586961e-02]
 [  1.99578376e-02  -2.75966510e-03]
 [ -6.47353317e-02  -1.33907861e-02]
 [  1.57142411e-02   3.69062415e-02]
 [  1.67821411e-02   8.67602739e-03]
 [  4.19509904e-02  -6.03271643e-03]
 [  1.40401952e-02   4.16897062e-02]
 [  4.21163401e-02   3.23742291e-02]
 [  4.96629022e-02   1.65823615e-02]
 [ -3.78254241e-02   4.66279633e-02]
 [  5.95914283e-02   7.49236341e-02]
 [  4.71044654e-02   1.71025273e-02]
 [ -3.85736989e-02  -8.85279958e-03]
 [ -9.97307359e-02   7.77802932e-02]
 [  4.09705307e-02  -2.32711531e-02]
 [  3.09585023e-02   2.03391909e-02]
 [ -2.64432905e-02   2.50102923e-02]
 [ -2.23731218e-03  -3.20336646e-03]
 [  1.52297726e-02  -1.86963257e-02]
 [ -4.89958913e-02   4.76787897e-02]
 [  3.03136567e-02  -3.48002653e-02]
 [  2.89116587e-02   1.31555051e-03]
 [  3.22230893e-02  -2.03578244e-02]
 [ -4.82238666e-02  -4.22983122e-02]
 [  6.97978372e-03   5.22614409e-02]
 [ -1.98336269e-02   1.39142070e-02]
 [ -5.79876882e-03   1.93717721e-02]
 [ -4.06413063e-03   5.90110515e-02]
 [ -1.21832851e-02   2.74818706e-02]
 [  5.67209831e-02   6.24294125e-02]
 [ -4.49246314e-03  -1.55442135e-02]
 [ -3.41463354e-02  -1.41358190e-02]
 [  2.52631840e-02  -5.76210171e-03]
 [  1.31750360e-02  -1.12595032e-03]
 [ -2.43020842e-02   1.38384515e-02]
 [  2.50099414e-02   4.80792582e-02]
 [ -5.14741789e-02  -8.42679449e-03]
 [  5.91957501e-02  -5.46995617e-02]
 [  3.74320550e-02   2.70260694e-02]
 [  2.17419776e-03  -9.31043422e-03]
 [  4.54610689e-02   2.03906612e-02]
 [ -2.67338041e-02   4.39695504e-02]
 [  3.04745084e-02   5.15668109e-02]
 [  4.60215501e-02   7.71892882e-02]
 [ -5.15694526e-02   5.86282927e-02]
 [  1.94687564e-02  -2.66273016e-02]
 [  1.03229181e-02   3.78150451e-02]
 [  8.31726980e-03   8.26045712e-03]
 [ -1.17277217e-02  -1.48592763e-02]
 [  1.66212803e-02  -3.28462591e-02]
 [  8.45058934e-02   6.93188955e-03]
 [  1.90175170e-01  -2.67257798e-01]
 [ -4.54569497e-02  -3.98734293e-02]
 [  9.99606233e-03   6.10652774e-02]
 [  2.17683390e-02   3.70215487e-02]
 [ -3.11023286e-02   1.54526193e-02]
 [  7.29287469e-02   8.71986916e-02]
 [ -3.53849369e-02   1.76393651e-02]
 [  5.59957143e-02   5.67831872e-03]
 [ -3.12438360e-02   2.56098681e-02]
 [  1.93543925e-02   1.05392455e-02]
 [ -1.45393696e-02   2.38072425e-02]
 [  5.28533630e-02   2.18633303e-03]
 [  6.69939544e-02  -5.54395293e-03]
 [  1.02577721e-02   1.29413933e-02]
 [ -1.99455031e-02   2.75456911e-02]
 [  4.62810788e-02   2.74599306e-02]
 [  1.71654326e-02  -1.22004185e-02]
 [ -4.42040183e-02   6.01425260e-02]
 [  2.02560161e-02  -1.63298832e-02]
 [ -3.88324122e-02   2.79127459e-02]
 [  1.87769929e-02   4.59336498e-02]
 [ -2.28393495e-02  -3.98890444e-03]
 [  5.69416610e-02  -1.73560556e-02]
 [  3.82383369e-02   4.83523881e-02]
 [ -2.10948197e-02   2.53666239e-02]
 [ -1.07397407e-02   1.00773073e-03]
 [  5.96634885e-02  -1.12444979e-03]
 [  2.31114244e-02   8.19119312e-02]
 [  3.39017814e-02   5.43910614e-02]
 [ -1.06930128e-02  -6.76509919e-03]
 [ -7.03688426e-04  -1.24619808e-03]
 [ -6.46913377e-02  -1.95828702e-02]
 [  7.16734072e-03  -2.16278978e-02]
 [ -8.40063482e-03   4.42197158e-02]
 [ -2.07943161e-02   3.73546170e-02]
 [ -9.78666505e-03   3.28479901e-02]
 [ -9.53289321e-03  -6.23884682e-03]
 [  2.43646192e-02   2.02124716e-02]
 [  2.90296399e-02  -3.00533100e-02]
 [ -2.32260019e-02   2.34524326e-02]
 [  2.45096428e-02   5.95041664e-03]
 [  3.99264401e-02  -1.81595067e-02]
 [  4.04422517e-02   6.16408189e-02]
 [  1.54237945e-02   3.17722517e-02]
 [ -6.26123530e-03  -4.45485325e-02]
 [ -4.51453475e-02  -7.39001475e-04]
 [ -5.72952106e-02   5.15749721e-02]
 [  3.82740901e-02   3.56577710e-02]
 [  2.42195713e-02  -1.39006417e-02]
 [  1.83936632e-02  -3.20427228e-02]
 [ -1.00523413e-02  -4.20663169e-02]
 [  1.31484935e-02   3.70992598e-02]
 [ -2.86742417e-02   6.28104424e-02]
 [ -4.73689926e-02   8.93522396e-02]
 [  1.50779868e-02   4.90862545e-02]
 [  3.26020754e-02   5.91079200e-03]
 [  3.86760158e-02   4.46062812e-02]
 [ -7.37832926e-03   6.06690017e-02]
 [  3.16565335e-03  -1.11398618e-02]
 [  1.43561903e-02  -1.39505967e-02]
 [  4.12388823e-02  -5.63330562e-02]
 [ -4.53859211e-02   1.14194745e-02]
 [ -3.70658022e-02   4.93029776e-03]
 [ -2.78347547e-02  -3.18514212e-02]
 [ -3.23545866e-04   4.02452894e-02]
 [  2.95773562e-04  -1.11380853e-03]
 [ -3.11805738e-02   7.06822674e-03]
 [  1.53249129e-02  -1.66411351e-03]
 [ -2.66017576e-02   2.59703479e-03]
 [ -2.44257470e-02   2.57167296e-02]
 [  3.48179029e-02   9.10633795e-03]
 [  1.04010353e-02   4.44570365e-02]
 [  5.18826897e-02  -5.30794698e-02]
 [  4.46377994e-02  -2.62500485e-02]
 [  1.24510674e-02  -8.02337076e-03]
 [ -1.98920861e-02   8.93338990e-03]
 [  9.40202808e-03   1.85641713e-02]
 [  1.92850680e-02  -5.25743676e-03]
 [ -4.71799671e-02   6.66422607e-02]
 [ -1.88337347e-02   8.53927031e-03]
 [  4.91941920e-03  -2.58144800e-02]
 [ -2.91745957e-02   2.46549595e-02]
 [  1.50322881e-02   4.37741686e-02]
 [ -4.62395509e-03  -1.85680284e-02]
 [  1.15549797e-02   1.70157226e-02]
 [  4.28304847e-02  -1.16649845e-02]
 [ -1.37051615e-02   1.28147388e-02]
 [  5.38063462e-02  -1.43542552e-02]
 [ -3.08984327e-02   3.45401722e-02]
 [  8.67373077e-03  -1.38045354e-02]
 [  3.14056825e-02   5.43528717e-02]
 [  1.03796339e-01  -1.27615556e-02]
 [ -3.18392648e-02   4.68140151e-02]
 [ -1.08296794e-03  -1.59639859e-02]
 [  4.03825763e-02   5.21376502e-02]
 [ -6.33062726e-02   2.84045576e-02]
 [ -2.17243805e-03   2.65433303e-02]
 [  4.06322448e-02  -3.61713261e-02]
 [ -1.49270281e-02   5.39307471e-03]
 [  5.81773227e-02  -8.66651388e-03]
 [  8.48700684e-03   2.30827704e-02]
 [ -3.51793562e-02   5.21200475e-02]
 [  4.55571729e-02  -2.36047032e-02]
 [ -4.29905518e-03  -2.31764705e-02]
 [  3.02294428e-03   6.69226604e-02]
 [  5.54213185e-02  -1.18094546e-02]
 [  2.46064797e-02  -3.91024568e-02]
 [  8.71321561e-03   6.73703881e-02]
 [  2.99006924e-02  -1.52036221e-02]
 [  4.83403522e-02   2.20579987e-02]]Output bias: [ 0.32899176  0.02825344]
Value MLP:Hidden weights: [array([[  2.37197891e+00,   6.91379064e+00,  -6.03708765e+00,
         -5.42355471e+00,   6.41377766e+00,   8.38385184e+00,
         -1.18089812e+01,   2.52570976e+00,  -2.56717555e+01,
          5.49001764e+00,   2.88680667e+00,  -1.14166494e+01,
         -1.28103339e+00,  -2.21930349e+00,  -7.67724971e+00,
         -3.92186775e+00,  -6.80406162e-01,  -1.09773248e+01,
         -7.08747771e+00,   3.50037789e+00,   6.27352533e+00,
          6.13266619e+00,   1.22528523e+01,  -4.09539794e+00,
         -3.46499577e+00,  -1.60753385e+01,  -1.16561164e+01,
         -1.72773530e+01,   3.91247579e+00,   3.46586550e+00,
          5.22830604e+00,   1.22152939e+01,   3.53217576e+00,
          2.85246015e+00,   2.39149440e+01,   1.18522156e+01,
         -1.41126792e+01,  -4.75846025e+00,  -1.80589062e+00,
         -9.38941421e+00,  -3.45002506e-01,   5.99039026e+00,
          2.03480942e+00,   1.90199283e+00,  -1.51645371e+01,
         -1.60107738e+01,   8.07765628e+00,   6.38103101e-01,
         -6.97508750e+00,   3.81847323e-01],
       [ -3.85086546e+00,   1.72066750e+01,   1.64345371e+00,
          1.21887336e+00,  -2.09262129e-01,   4.88554638e-01,
          3.01912092e+00,  -7.23188475e+00,   6.09644109e+00,
         -1.34280306e+00,  -8.42724075e+00,  -1.40528516e+01,
         -7.40074620e-01,  -3.59789973e+00,   9.36078165e+00,
          6.87695593e-01,   4.64294111e+00,  -2.21608566e+00,
         -4.09779266e+00,   2.97501832e+00,  -3.52575009e+00,
         -1.03953517e+00,  -1.03027024e+00,  -2.32507758e-02,
          2.93600707e+00,   4.97382928e+00,   7.44918880e+00,
         -9.43997862e+00,  -1.35903498e+01,  -8.13021017e+00,
         -4.48205926e+00,  -1.00150118e+00,  -6.76997427e+00,
          5.48450545e+00,   8.37983148e+00,  -9.72169675e+00,
         -6.50586303e+00,   5.54260808e-01,   8.61253368e+00,
          1.81286271e+00,  -4.29126135e+00,   2.89702632e+00,
          1.89730646e+00,  -6.51096144e+00,   6.77745578e+00,
          2.49783687e+00,   1.00576147e+01,  -5.28924343e+00,
         -1.65185215e+01,  -7.42626399e+00],
       [  2.78062116e+01,   2.93845669e+01,   1.94630023e+01,
          1.32458939e+01,  -1.86709949e+01,   2.18028548e+01,
         -1.17493957e+01,   4.89805799e+00,  -6.54420095e+00,
          2.37357436e+01,   3.22531431e+00,  -6.80198330e+00,
         -9.52067193e+00,   1.79071657e+01,  -2.64573481e+01,
          3.32743886e+01,  -1.56162724e+01,   1.47354184e+01,
         -7.83675726e+00,   3.13285546e+01,  -2.64711724e+01,
          2.28190180e+01,   3.49827501e+01,  -1.87934896e+01,
         -2.70385745e+01,  -2.44704715e+01,   2.72915081e+01,
         -1.18047349e+01,   6.77382675e+00,   4.23197805e+01,
         -1.44212596e+01,   1.14091891e+01,  -4.61221382e+00,
          3.70813776e+01,   4.34021173e+01,   1.92066165e+01,
         -1.67596531e+00,   3.16812365e+01,   4.54407390e+01,
         -2.20061510e+01,  -3.67330275e-01,   2.28728986e+01,
          1.01137060e+01,   4.51649856e-01,  -1.18186903e+01,
          6.21943693e+00,   6.62782625e-01,   2.71138533e-01,
          3.40003398e+00,  -1.03691907e+01],
       [  6.45911438e-01,   1.47541069e+01,   8.16290759e+00,
          7.85654188e+00,   1.86041418e+00,  -3.69855794e+00,
          5.92787172e+00,   7.88783928e+00,   6.10791678e+00,
         -1.16969403e+01,   6.81727996e+00,   8.80690780e+00,
         -2.32773602e+00,  -2.70285612e+00,   3.50007976e+00,
          1.18711723e+01,  -1.24595834e+00,   9.91618075e+00,
          2.31415288e+00,   2.02578310e+01,  -1.94197360e+01,
         -6.95215531e-01,   9.98624851e+00,   3.41560883e+00,
         -5.26222912e+00,   9.43081636e+00,  -1.22604403e+00,
         -3.10274981e+00,  -5.30198686e+00,   1.28095860e+01,
          6.23738761e+00,  -6.73736627e+00,  -9.90373201e-01,
          3.44612449e+00,   8.80283187e+00,   3.10410445e-03,
          1.69950113e+00,   7.57042324e+00,   2.17964032e+01,
         -4.47779876e+00,   5.46913843e+00,   9.83935866e+00,
          2.83577253e+00,   8.18394292e+00,   4.70609301e+00,
          8.75649465e+00,   2.69541917e+00,   8.54884448e+00,
          1.21973143e+00,   9.96779786e-01],
       [  6.63780163e+00,  -2.88932238e+01,  -1.10206027e+01,
         -1.74126223e+01,   2.19148263e+01,  -9.63424418e+00,
          1.07392113e+01,   2.37390219e+00,  -2.04996671e+01,
         -1.52222136e+01,   2.10906302e+00,  -6.98235675e+00,
          1.33961578e+01,   5.58462022e+00,  -2.06501189e+01,
         -1.85899348e+01,  -1.99039642e+00,  -1.41453800e+01,
          1.80464379e+01,  -2.72601801e+01,  -1.13743861e+01,
         -2.15427179e+01,  -2.27173858e+01,   2.23868464e+01,
         -8.70994898e+00,  -1.28132053e+01,   1.22941366e+01,
          6.86152080e+00,  -1.31772877e+01,   2.96450647e+01,
         -4.59930851e+01,   2.18722411e+01,   1.98748107e+01,
         -1.63112395e+01,  -1.07617644e+01,   9.18457590e+00,
          3.25942918e+00,  -1.81192866e+01,  -4.13583994e+01,
         -1.74106535e+01,  -2.86309251e+00,   1.26860429e-01,
          1.06653381e+01,   3.51687010e+00,  -9.37014146e+00,
         -2.53038152e+01,  -2.00699507e+01,   1.93643359e+00,
          1.35836159e+01,   1.36219103e+01],
       [  2.55847551e+01,   2.00088404e+01,   6.64395252e+00,
          2.34481717e+00,   1.03435097e+01,   9.43234524e-01,
          9.20927767e+00,   1.06860246e+00,  -2.18523507e+01,
         -1.68396453e+01,   1.31030265e+00,  -3.86803174e+00,
          1.32773966e+01,   3.01130645e+01,  -4.20292339e+01,
          9.16229558e+00,  -2.14344102e+01,  -1.85714072e-01,
          7.24386940e+00,  -4.91978831e+00,  -4.27718281e+01,
         -7.98695329e+00,   9.39533580e+00,   5.29378302e+00,
         -1.91152933e+01,  -1.91146717e+01,   3.46045614e+01,
          1.65263691e+01,  -2.33313771e+01,   7.42766319e+01,
         -6.41922311e+01,  -1.86311070e+00,   6.91695347e+00,
         -7.49715713e+00,   1.19231276e+01,   1.66240565e+01,
          1.51094064e+01,   1.22528836e+01,   9.58031424e+00,
         -8.92416330e+00,  -2.30072027e+00,   9.24825142e+00,
          2.07767617e+01,  -2.71208502e+00,  -9.62155708e+00,
          8.46741754e+00,  -2.18830611e+01,   1.28447692e+00,
          2.14249822e+01,   8.62941404e+00],
       [ -3.75855065e+00,   6.41669385e+00,   2.41975131e+00,
          6.77346232e+00,  -2.39520096e+00,   2.63620707e+00,
          2.85631517e+00,  -1.03940582e+00,  -8.18483110e+00,
          4.55042492e+00,  -3.64194942e-02,  -8.58501594e-01,
          5.67198612e+00,   3.68146505e+00,   9.04535115e-01,
          5.67911355e+00,  -6.12979830e+00,   1.18013389e+00,
          5.16471594e+00,   1.54100039e+00,   2.44870924e+01,
          1.07374315e+01,  -3.30829673e+00,  -2.71778745e+00,
         -7.24794805e-01,  -5.67096780e+00,   2.95208255e+00,
          4.35224070e+00,   1.40947480e+01,  -1.54989476e+00,
          1.75219901e+01,  -1.82957600e+00,   4.28543795e+00,
          4.20756019e+00,  -1.72516350e+00,   5.67311960e+00,
          1.19927777e+01,  -1.99464528e+00,  -8.06884282e+00,
         -2.41491638e+00,  -3.07915258e+00,   4.01207111e+00,
         -2.19185282e+00,  -3.82677148e-01,   2.75886394e-01,
         -5.43837028e+00,  -3.94494046e+00,  -2.89452786e+00,
          6.46871193e+00,   6.16292862e+00],
       [  3.14057226e+00,   8.15115601e-01,  -2.22467948e+00,
          4.29736883e+00,  -5.94634303e+00,  -2.13525687e+00,
         -1.24510620e+00,  -1.55063163e-01,  -9.36433587e+00,
         -3.85777080e+00,   2.41540024e-01,  -2.35921100e+00,
          6.48418576e+00,  -1.03453928e+01,   1.00172296e+00,
          9.46639879e+00,   6.27171272e+00,  -6.96113537e+00,
          3.17358849e+00,  -7.61826968e+00,   1.16217957e+01,
         -1.08410719e+00,   2.98015297e+00,  -4.55873779e+00,
          1.11419094e+01,  -5.80039697e-01,  -6.45474511e-01,
          1.49233392e+00,   6.77626947e+00,   1.93894616e+01,
         -2.47482372e+00,   4.95733859e-01,  -5.21468975e-01,
         -1.61276403e+00,  -3.71947123e+00,   3.02624218e+00,
         -8.44803596e-01,  -7.20737589e+00,  -2.03191850e+01,
         -4.27046042e+00,  -6.25288968e+00,  -3.98520395e+00,
         -1.70208592e+01,  -5.35350384e-01,  -3.81615245e+00,
         -6.63238748e+00,  -1.24046022e+01,  -2.58770174e+00,
          2.81334652e+00,   2.46295129e+00]])]Hidden bias: [array([  6.7014409 ,  -8.53048517,  -1.92648499,  -1.50993832,
        -3.49860503,   1.58779146,   1.14075445, -12.54637321,
        -4.98946927,  -2.515858  , -12.15154764, -31.17051788,
         9.49443606,   6.01377532,  -9.72170933,   0.83194294,
        -6.99643411, -14.47798774,   0.48016377, -10.44619861,
         5.03193623,   3.2646244 ,  -4.75450345,  -0.69581844,
         4.42143175,  -6.00020439,  -5.91143477,   5.52909563,
       -12.96222164,   5.54859272, -21.36933199,  10.54149519,
         4.48497806,  -1.11211511,  -2.15380924,   4.72957693,
         3.87466715,  -3.81974315, -19.1149388 ,  -1.17111624,
       -18.66840767,  -1.96345213,  -4.2679487 , -14.1024893 ,
        -8.43613814,  -9.07643477, -12.0306596 , -13.88458563,
        -7.79389808,   1.25022091])]Output weights: [[ -0.91400406]
 [  2.85119121]
 [  1.15239208]
 [ -5.86928921]
 [ -4.85913598]
 [  1.60275941]
 [  5.25474065]
 [ 12.54832837]
 [ -9.14331332]
 [ -3.15037458]
 [  6.22684109]
 [ 12.529161  ]
 [ -3.53638761]
 [ -6.00821736]
 [ -7.96384537]
 [ -1.83193176]
 [ -6.05271994]
 [  9.5945546 ]
 [ -5.93219577]
 [ -2.88380731]
 [ -1.79709219]
 [  2.02624499]
 [ -1.69422296]
 [ -1.66069968]
 [  4.80506174]
 [  4.0687255 ]
 [ -4.83791846]
 [ -4.88300036]
 [  1.12832259]
 [  1.64579914]
 [-10.88843205]
 [ -4.53106278]
 [ -2.53187605]
 [  1.56854331]
 [  3.60441573]
 [ -1.19495744]
 [ -9.9124095 ]
 [ -6.99714909]
 [ -2.00878304]
 [  8.16153602]
 [ 11.19610827]
 [  2.93058905]
 [  7.25897763]
 [  3.82899072]
 [ -8.54822402]
 [ -3.87868862]
 [-11.64341579]
 [  3.387915  ]
 [  3.14899894]
 [ -6.25813563]]Output bias: [-26.13365972]