Action MLP:Hidden weights: [array([[-0.06136672,  0.12942757, -0.0719574 , ...,  0.07743711,
         0.02939673,  0.03918862],
       [ 0.38645157,  0.37008123,  0.43961211, ...,  0.32825228,
         0.41552071,  0.39760521],
       [ 0.0487486 , -0.19812372, -0.02149629, ..., -0.07507167,
        -0.00331412, -0.04925975],
       ..., 
       [-0.22255435,  0.17868609, -0.00746596, ..., -0.11097722,
         0.13876383,  0.07753962],
       [ 0.09319724,  0.11473946,  0.03970525, ...,  0.04064826,
         0.09406713,  0.00760248],
       [ 0.07911559, -0.00388611,  0.10530409, ...,  0.01215564,
         0.07331126,  0.03021677]])]Hidden bias: [array([-0.40301898, -0.35354796, -0.36380539, -0.33063402, -0.3670126 ,
       -0.38389089, -0.37289712, -0.30854027, -0.3505272 , -0.32439427,
       -0.35829159, -0.33830351, -0.32907138, -0.37837471, -0.35856117,
       -0.34734834, -0.36050884, -0.37931527, -0.38158668, -0.34629852,
       -0.36289624, -0.39358675, -0.31665408, -0.31799441, -0.38337296,
       -0.36049055, -0.31424175, -0.34688025, -0.35112476, -0.3628474 ,
       -0.34730117, -0.33524458, -0.37100929, -0.30667232, -0.32325587,
       -0.33650467, -0.31156262, -0.31346843, -0.37115944, -0.35791068,
       -0.36023526, -0.34396494, -0.33194222, -0.34278718, -0.33529494,
       -0.33898856, -0.35534523, -0.34882756, -0.31181841, -0.34813288,
       -0.3649796 , -0.32211169, -0.35253772, -0.35351822, -0.33579826,
       -0.36934456, -0.3637528 , -0.3893995 , -0.37290178, -0.36229068,
       -0.37014398, -0.32467505, -0.34732029, -0.35131583, -0.36357929,
       -0.33115558, -0.35959946, -0.35578302, -0.38966091, -0.31364479,
       -0.36155131, -0.31686432, -0.35794115, -0.35042791, -0.40100267,
       -0.32782428, -0.37807843, -0.40505986, -0.36221346, -0.36102566,
       -0.30440263, -0.37856884, -0.36427588, -0.32132925, -0.34264773,
       -0.33317251, -0.41061063, -0.33918863, -0.34511636, -0.39249056,
       -0.40321238, -0.3540268 , -0.32915845, -0.37774756, -0.31585979,
       -0.3616425 , -0.3447735 , -0.42102468, -0.32199609, -0.32344599,
       -0.30174713, -0.37942859, -0.36266668, -0.37034434, -0.36093794,
       -0.36283838, -0.36728774, -0.35899102, -0.33198523, -0.36224868,
       -0.31092169, -0.33830974, -0.3873913 , -0.3826278 , -0.32816924,
       -0.3403662 , -0.39058208, -0.3406607 , -0.34704774, -0.3596104 ,
       -0.36911336, -0.3233721 , -0.31133073, -0.32518577, -0.35579319,
       -0.31217477, -0.3129764 , -0.35697051, -0.38762588, -0.35353289,
       -0.40000718, -0.31504442, -0.38498108, -0.38887591, -0.33304552,
       -0.34751801, -0.31845527, -0.34720525, -0.33001346, -0.3525418 ,
       -0.35652731, -0.39784227, -0.30847886, -0.31638984, -0.36026667,
       -0.32584793, -0.32754532, -0.33166206, -0.38155065, -0.32125318,
       -0.3754602 , -0.34111873, -0.36123179, -0.3043909 , -0.33439287,
       -0.32940073, -0.2958289 , -0.35464842, -0.34962242, -0.30856635,
       -0.37355663, -0.32220832, -0.36086665, -0.34568395, -0.3977878 ,
       -0.3658465 , -0.34209291, -0.34928225, -0.37178873, -0.35573111,
       -0.32569263, -0.32517412, -0.35920852, -0.37165256, -0.39315388,
       -0.35541785, -0.31928194, -0.34725113, -0.39147135, -0.32214455,
       -0.3478907 , -0.36299558, -0.29527262, -0.37330951, -0.34460822,
       -0.3152521 , -0.35055492, -0.37618139, -0.3811433 , -0.34322251,
       -0.37222967, -0.31292809, -0.37599219, -0.35941327, -0.3236006 ,
       -0.3911796 , -0.37842302, -0.33282015, -0.38851183, -0.39656727])]Output weights: [[  2.83496056e-02   6.54803900e-03]
 [  5.20478383e-03   6.31077099e-02]
 [ -3.98667931e-04   2.00315803e-02]
 [  2.85285617e-03   1.25514661e-02]
 [  3.23872985e-03  -4.30224315e-03]
 [  9.06215994e-03  -2.27031945e-02]
 [  9.96784691e-03  -2.05847006e-02]
 [ -1.07687042e-02   4.67460896e-02]
 [  5.32139615e-02   2.33472040e-02]
 [  1.87700954e-02   1.77759149e-02]
 [  4.07734530e-02   5.60459338e-03]
 [ -2.07192981e-02   4.70673495e-03]
 [ -4.24814952e-03   4.64126950e-03]
 [ -1.66237781e-02   2.12385029e-02]
 [ -2.17440980e-02   1.94299518e-02]
 [  1.83870011e-02  -4.77057565e-03]
 [  2.42648735e-03   1.42960349e-02]
 [  2.86116224e-02   3.08223690e-02]
 [ -1.69709982e-02   3.41020212e-02]
 [  4.42388909e-02  -3.33810124e-02]
 [  2.81149348e-02  -1.83553917e-02]
 [  3.23512585e-02   2.47450153e-02]
 [ -2.13575014e-02   6.93937536e-03]
 [ -3.51735315e-02   2.95589575e-03]
 [  1.08588291e-02   2.55403540e-02]
 [  9.96572126e-03  -7.82013045e-03]
 [ -6.38326584e-03   3.73450571e-02]
 [  3.88636707e-02  -2.01862961e-02]
 [  4.15420539e-02   1.57810457e-02]
 [ -7.99048422e-03   9.27571531e-03]
 [ -4.47112954e-03  -9.06514239e-04]
 [  2.02436885e-02   2.40214618e-03]
 [  1.29697585e-02  -1.47722910e-02]
 [ -8.35986773e-03   7.56370120e-03]
 [  7.75813723e-03  -3.27543004e-03]
 [ -1.07469803e-02   1.17631742e-02]
 [  1.56820735e-02  -4.65552053e-02]
 [ -3.57043426e-02   4.67268076e-02]
 [ -2.49326554e-02   6.63597219e-02]
 [  1.10417914e-02  -2.11454615e-02]
 [  1.72635991e-02  -3.58954222e-03]
 [ -5.67938830e-02  -1.31617422e-02]
 [  1.07519805e-02   3.46643944e-02]
 [  1.29511312e-02   6.32014706e-03]
 [  3.80450335e-02  -6.63521075e-03]
 [  1.71916472e-02   3.05542555e-02]
 [  4.16395186e-02   2.51038778e-02]
 [  4.23996447e-02   1.79976414e-02]
 [ -3.25329829e-02   3.74980273e-02]
 [  6.01702126e-02   6.06759827e-02]
 [  4.41155085e-02   1.04217305e-02]
 [ -3.38299385e-02  -9.11601750e-03]
 [ -8.89620195e-02   6.48736938e-02]
 [  3.55048991e-02  -1.60754783e-02]
 [  2.79333087e-02   1.96125335e-02]
 [ -2.06125198e-02   1.88611445e-02]
 [ -2.01884233e-04  -7.61136226e-03]
 [  9.98669495e-03  -1.28243776e-02]
 [ -4.54061426e-02   4.07556263e-02]
 [  2.65542159e-02  -3.30899831e-02]
 [  2.58977415e-02   2.03008491e-03]
 [  2.58649814e-02  -1.46030905e-02]
 [ -4.43453392e-02  -3.76260406e-02]
 [  3.60552430e-03   4.38437923e-02]
 [ -1.61710988e-02   9.06855597e-03]
 [ -7.63164840e-03   1.92753142e-02]
 [  2.52618932e-03   4.79870931e-02]
 [ -1.11388121e-02   2.11725862e-02]
 [  5.88993163e-02   4.95161695e-02]
 [  7.24611260e-04  -1.87579772e-02]
 [ -2.83247650e-02  -1.57161823e-02]
 [  2.37597666e-02  -4.54688498e-03]
 [  1.35896418e-02  -8.86890173e-03]
 [ -1.95653604e-02   9.81726213e-03]
 [  1.87247339e-02   4.38359523e-02]
 [ -4.54030013e-02  -6.72044797e-03]
 [  5.13772626e-02  -4.94212683e-02]
 [  3.17328885e-02   2.65971672e-02]
 [  1.94410946e-03  -9.92201623e-03]
 [  4.32817908e-02   1.51500566e-02]
 [ -2.42034327e-02   3.73408030e-02]
 [  2.34158344e-02   5.14873580e-02]
 [  4.84379494e-02   6.73487744e-02]
 [ -4.75379400e-02   5.11954414e-02]
 [  1.49945421e-02  -2.58485557e-02]
 [  7.72166081e-03   3.49025330e-02]
 [  2.52400498e-03   8.99077287e-03]
 [ -1.37578260e-02  -1.04625426e-02]
 [  1.21049488e-02  -2.60261550e-02]
 [  7.16784285e-02   1.27633497e-02]
 [  1.76003405e-01  -2.44792871e-01]
 [ -3.98692487e-02  -3.50875393e-02]
 [  7.00069982e-03   5.45568058e-02]
 [  1.59456112e-02   3.66523918e-02]
 [ -2.49398863e-02   9.08737447e-03]
 [  7.51727534e-02   7.58397188e-02]
 [ -2.65292181e-02   1.36306148e-02]
 [  4.58861320e-02   1.09125166e-02]
 [ -2.78026426e-02   2.56089469e-02]
 [  1.53231650e-02   1.16014371e-02]
 [ -1.31781352e-02   2.19706946e-02]
 [  4.17050682e-02   7.00121507e-03]
 [  5.57365532e-02   2.73187348e-03]
 [  8.63389026e-03   1.38646768e-02]
 [ -1.48362447e-02   1.80317721e-02]
 [  3.71015120e-02   2.91992402e-02]
 [  1.80101892e-02  -1.57278101e-02]
 [ -3.35563166e-02   4.58344660e-02]
 [  2.10162383e-02  -1.61235939e-02]
 [ -3.38294368e-02   2.09965258e-02]
 [  1.99693836e-02   4.09411642e-02]
 [ -2.09703456e-02  -1.68259095e-03]
 [  4.89150490e-02  -8.48673428e-03]
 [  2.94943532e-02   4.83288758e-02]
 [ -2.09867215e-02   2.55247610e-02]
 [ -1.20745335e-02   2.63825539e-03]
 [  4.96803810e-02   3.78430979e-03]
 [  3.02984140e-02   6.88201798e-02]
 [  2.82225160e-02   4.62379766e-02]
 [ -8.91113269e-03  -5.07200234e-03]
 [ -7.09455971e-04  -3.64383666e-03]
 [ -5.58628559e-02  -2.07438874e-02]
 [  4.79130047e-03  -1.76248933e-02]
 [ -7.75213973e-03   3.74987503e-02]
 [ -2.07166694e-02   3.52796577e-02]
 [ -4.88343849e-03   2.66146228e-02]
 [ -7.49705459e-03  -3.76113740e-03]
 [  2.31099346e-02   1.50998001e-02]
 [  2.62783683e-02  -2.64254093e-02]
 [ -2.26622745e-02   2.15556587e-02]
 [  2.17712407e-02   1.94838424e-03]
 [  3.59144453e-02  -1.21466949e-02]
 [  4.27494832e-02   4.95930439e-02]
 [  1.72409081e-02   2.69749198e-02]
 [ -5.98539779e-03  -4.04698275e-02]
 [ -4.01434758e-02  -4.01716804e-04]
 [ -4.85445395e-02   4.09819058e-02]
 [  2.93247968e-02   3.53885862e-02]
 [  2.09424093e-02  -9.40093586e-03]
 [  1.65010895e-02  -2.77881521e-02]
 [ -8.27790277e-03  -4.22822129e-02]
 [  1.55405041e-02   3.00671035e-02]
 [ -2.24062780e-02   5.46333696e-02]
 [ -3.59367451e-02   7.06672894e-02]
 [  1.11320436e-02   4.71687097e-02]
 [  2.58376952e-02   1.13422123e-02]
 [  3.26035967e-02   4.49507068e-02]
 [ -2.82946628e-03   5.08347081e-02]
 [  1.30664560e-03  -8.13755835e-03]
 [  1.15960967e-02  -1.19900617e-02]
 [  3.92773090e-02  -5.68062021e-02]
 [ -4.15184400e-02   1.27457914e-02]
 [ -2.92475859e-02  -2.47400355e-03]
 [ -2.23014487e-02  -3.53224703e-02]
 [ -3.21486060e-03   3.93019857e-02]
 [ -8.27762609e-05  -4.39215131e-03]
 [ -2.50823489e-02   1.74793276e-03]
 [  1.29392591e-02   1.62178447e-03]
 [ -2.39141124e-02   3.60179536e-03]
 [ -2.01147037e-02   1.79542545e-02]
 [  3.89394103e-02   1.11824907e-03]
 [  1.01978760e-02   3.42988030e-02]
 [  4.32756212e-02  -4.71597762e-02]
 [  4.04639487e-02  -2.54664181e-02]
 [  8.48801765e-03  -9.00240943e-03]
 [ -1.94046643e-02   4.41985004e-03]
 [  6.43118614e-03   1.89241660e-02]
 [  1.58820250e-02  -3.33765172e-03]
 [ -4.21768959e-02   5.51111930e-02]
 [ -1.71916098e-02   3.79010345e-03]
 [  5.77304450e-03  -2.48963133e-02]
 [ -2.72488435e-02   1.73184484e-02]
 [  1.09769340e-02   3.76322255e-02]
 [ -1.80933456e-03  -1.87392333e-02]
 [  7.93282243e-03   1.86908831e-02]
 [  4.31872710e-02  -1.50405287e-02]
 [ -1.44258045e-02   1.28387374e-02]
 [  4.59352021e-02  -1.21297904e-02]
 [ -2.88083529e-02   2.58428497e-02]
 [  8.61440946e-03  -1.27608653e-02]
 [  3.59689145e-02   4.17643556e-02]
 [  9.59364728e-02  -1.29996181e-02]
 [ -2.63168502e-02   3.94163659e-02]
 [ -3.30636695e-03  -1.58550352e-02]
 [  3.24626994e-02   4.75154950e-02]
 [ -5.76274110e-02   2.35334443e-02]
 [ -4.28765958e-03   2.11522769e-02]
 [  3.49710282e-02  -3.38330986e-02]
 [ -1.52140556e-02   7.26726215e-03]
 [  4.97172301e-02  -7.73890450e-03]
 [  1.28193249e-02   1.81859606e-02]
 [ -3.45045996e-02   4.49781246e-02]
 [  4.06798292e-02  -2.24730194e-02]
 [ -2.71461522e-03  -2.52078332e-02]
 [  7.38072803e-03   5.34421250e-02]
 [  4.68015501e-02  -3.85180397e-03]
 [  2.07809973e-02  -3.32553709e-02]
 [  4.11869625e-03   6.30081349e-02]
 [  2.92693273e-02  -1.51596103e-02]
 [  4.34092652e-02   2.11025464e-02]]Output bias: [ 0.29624205  0.03895836]
Value MLP:Hidden weights: [array([[  4.17331516,  -9.77203334, -32.78783834, -25.91158481,
         23.56136499, -18.05807628,   3.33362023,   2.54777767,
        -15.14324339,  10.4333011 , -13.12445029, -11.41208946,
          1.23219085, -11.75723922,   5.18208559,  -8.60538215,
          3.2733267 , -14.57163271,  14.04970214, -23.78299408,
         62.08089179,   0.75253775,  11.40746128,   3.40415607,
          6.56085283, -12.84500952,  -8.88636505,  10.06087836,
          5.63635553,   0.40889017,  -0.30964005,  12.11417982,
        -29.75313638,  -1.23377725,  21.2036142 ,   4.50499952,
        -10.78576124, -19.25958503, -29.99431725,  -2.72230852,
         -0.3450025 ,  -6.29491677,  22.14170252,   1.87668212,
         -7.36302897, -22.36566475,  14.90517682,   0.64143932,
          8.82086688,   2.21640764],
       [ -6.20057309,  17.61803382,   1.53681497,   8.94044414,
         -0.32287755,   0.08934259,  -0.52956507,  -7.23493769,
         16.17078283,   0.53263933,  -3.4583597 , -14.05374907,
          4.11259057,   3.09982753,  10.72919926,   1.04532583,
          0.19479597,  -4.08554463, -12.3784325 ,   8.32597624,
        -10.50400827,   3.88075541,   5.28899557,   3.87252139,
         -4.26089843,   0.96372942,  18.23392878,  -8.22551467,
         -4.66207869,  -7.93527065,   6.25994799,   4.7062202 ,
        -17.45537662,   5.03810686,   8.10837373,  -5.47831284,
        -14.20228582,   7.77109604,  14.34081813,   6.73362914,
         -4.29126135,   5.88137519,   0.81975819,  -6.50647744,
          3.9646296 ,   5.45980363,  10.65216362,  -5.28952536,
         -7.78943254,  -7.17959744],
       [ 33.05345449,  14.10879434, -18.8795489 , -18.04502972,
         30.17748103, -15.5325739 ,  20.6938561 ,   4.88081246,
        -33.71796318,  23.37031445, -12.75429607,  -6.79448924,
         -3.96090406,  29.6859251 , -34.07255828,  28.89197959,
        -24.51922024,  10.61466826,  30.54899835, -28.02747481,
          4.35394388,   9.96488741,  33.70625166,  27.12956072,
        -29.54932557, -35.62010497,  40.68706866,  31.67139515,
        -26.0182034 ,  48.83746048, -44.30638259,  30.66983253,
        -21.74023227,  24.52267087,  43.88481586,  27.28463214,
        -13.86046724,  15.92677811,  14.55541852, -39.49215281,
         -0.36733027,  20.65193802,  36.62125106,   0.45410983,
        -28.57194566, -22.4077031 , -37.53078561,   0.2633611 ,
         21.88742907,  24.26421289],
       [ -2.90297455,  10.98835358,   1.34808515,   4.98583939,
          6.47560387,  -1.97758523,   4.03748495,   7.89765152,
         -0.51945338,  -9.69282512,   2.06950926,   8.80704789,
         -3.44123624,  -0.18669618,   3.26621481,   9.81869316,
         -7.69812094,  10.92978246,  -0.57716199,   4.44831951,
        -12.97754211,   2.1630348 ,   9.52678576,   3.07376987,
         -4.07706322,   3.55216807,  19.10217635,   3.08435157,
        -14.28619956,  12.54655072,   0.96983881,   2.70981472,
          0.21632025,   4.38867592,   9.60043061,   0.94168669,
         -0.59658604,   6.11071879,  19.74809836,  -1.98572068,
          5.46913843,  12.81161156,   9.65201969,   8.18526764,
         -3.31285487,   2.87579719,  -0.67513792,   8.55288243,
         -1.37300349,   3.0286873 ],
       [  9.32569205, -42.93003406, -18.8133087 , -16.72721553,
         13.27988124, -10.10296981,  -3.28100118,   2.43347142,
         -2.23386038, -19.37248318,  11.07234067,  -6.98138497,
         11.07771388, -21.35154381,  -5.23007309, -26.03798502,
         17.85819221, -14.95285852,   2.48320106, -20.81243718,
         21.60563789, -30.71363748, -26.36523244,  14.21332128,
          0.76172835,  -0.49768912, -34.91790626,   0.89936592,
          9.74904834,  19.191785  , -24.46470959,  -3.10702117,
        -27.08837232, -25.7067319 , -14.93655787,   0.43175598,
         16.81588999, -30.50650162, -51.85914312,  -3.95976303,
         -2.86309251, -15.93095256,  24.49823406,   3.45635228,
         21.18454049, -18.24074835,  17.45959737,   1.947243  ,
          5.94224214,   1.25918827],
       [ 18.80299027,   6.17022595, -12.91927918,  -9.88831218,
         42.53890104, -26.36467236,  25.63420618,   1.1710835 ,
        -16.47923585, -19.17364449,  34.80204127,  -3.84916352,
          8.1929207 ,  21.38606077, -41.9884256 ,  -1.52177817,
        -14.94771393,  -0.97599908,  15.0373353 , -30.87983749,
        -33.59036065, -19.26480897,   5.94678584,  23.08391928,
        -19.07030871, -17.61988659,   5.57070664,  20.87975458,
        -26.1985419 ,  73.66134512, -68.32005909,  -6.5135819 ,
          0.09354017, -24.05260518,  11.06512416,  17.66857001,
         21.69458893,   1.92699958,  -7.53943791, -10.1429673 ,
         -2.30072026,  -0.18178485,  79.9698084 ,  -2.67273325,
          1.84434957,  -5.96263449, -16.95399736,   1.29517883,
         24.07785672,  27.19703839],
       [ -1.67332698,   7.07803049,  10.86638475,  -1.59418356,
         -0.68202158,  -5.66422919,   6.78018995,  -1.03940588,
        -18.49133503,  -0.65319684,  12.8685171 ,  -0.85849469,
          6.68635751,   2.83183736,  -4.23132553,   7.39121602,
          1.34616878,   2.02832037,  15.32870028,   6.22817727,
         22.82084028,   2.14233629,  -4.44678405,  -8.5860336 ,
         -0.97579503,   1.05767058,  -0.36974711,   5.67611984,
         14.15177373,  -0.62489658,  16.25834026, -18.52406804,
         24.57651577,   4.06652116,  -1.66740134,   2.62856439,
         25.89995195,  -2.61724563,  -7.51536506,  -6.60030316,
         -3.07915258,   3.508481  ,  -1.40568338,  -0.38267714,
        -10.70141544,  -2.4927092 ,   2.5060405 ,  -2.89452786,
          8.48690189,   7.80873073],
       [ 13.69060246,  -0.09359944,   0.72989716,   5.49776921,
        -11.05444497,  -2.58512261,  -2.21267345,  -0.12907861,
        -12.79435991,   2.01196827,  -8.37095209,  -2.35920401,
          8.18267669, -14.57284835,   0.88327503,  12.65703543,
         16.8725774 ,  -6.96114569,  -1.14797586,   6.59123245,
          9.62688842,   0.1590851 ,   1.56818373, -14.61080786,
         13.67287577,   4.19237647,  -7.89679961,  -4.26020908,
          7.69445245,  19.03764266,  -8.09957836, -10.60518566,
          8.80594171,  -3.67892615,  -3.10563198,  -9.6220211 ,
         -1.4146903 ,  -6.56517699, -20.31918505, -13.2935512 ,
         -6.25288968,  -3.63832933, -26.3392559 ,  -0.53388405,
        -13.30769334,  -8.46020039,  -5.57137694,  -2.58628515,
         13.32728048,  -4.93261394]])]Hidden bias: [array([ 10.50342665, -19.84592211,   0.30517064,  -2.70365556,
        -1.30945499,  -3.76398387,  -0.81039398, -12.51484012,
       -10.59275446,   1.10183218,   2.4024811 , -31.17672965,
        17.34103105,  -3.85086056, -10.57532354,   4.78059515,
         7.59431255, -19.0036769 ,   8.44197691,   4.33492819,
         7.6211927 ,  -1.90690419,  -1.74744023,  -0.53819176,
         1.05102757,   1.62618085, -19.67565004,   1.07576347,
        10.44178442,   7.54677846,  -6.65347601, -13.15630083,
        11.2647176 ,  -7.94280572,  -2.73453622,  -6.48233392,
        16.19542405,  -4.51346632, -23.27458978,  -8.27571964,
       -18.66840767,  -6.92816338,  -2.88939665, -14.13709105,
        -6.63099696,  -4.99846237,  -1.55869039, -13.87790467,
         7.51674498,   6.68968097])]Output weights: [[ -1.48619634]
 [ -5.79667836]
 [ 23.82268695]
 [  0.43636668]
 [  1.92779837]
 [ -5.7990238 ]
 [  1.62702134]
 [ 14.2961381 ]
 [  5.82875139]
 [  7.84173352]
 [-11.97864432]
 [ 14.27555191]
 [  0.90631165]
 [  3.4671773 ]
 [  1.58783113]
 [  2.29641292]
 [ -2.00396969]
 [  5.08945945]
 [ -3.70627997]
 [ -1.90073981]
 [ -1.12672585]
 [  3.71103543]
 [  5.45970046]
 [ -4.88597867]
 [ -2.61633749]
 [ -3.7278855 ]
 [  0.3395329 ]
 [ -0.71887952]
 [-20.44104212]
 [  5.21017193]
 [ -2.11544169]
 [  3.46903287]
 [ -8.4781599 ]
 [ -5.35019753]
 [  6.22721233]
 [ -2.86850717]
 [  0.3095058 ]
 [  4.43961735]
 [ -7.35195442]
 [  1.16898673]
 [ 12.94272459]
 [  2.25188284]
 [  1.10738498]
 [  5.57289807]
 [  9.0678146 ]
 [ -1.83192033]
 [  1.79563487]
 [  5.13644768]
 [  0.55255639]
 [ -8.14742235]]Output bias: [-27.88027605]