Action MLP:Hidden weights: [array([[ 0.01912176,  0.01322955,  0.00810262, ...,  0.00167028,
         0.00579559,  0.01637142],
       [ 0.15261106,  0.14516194,  0.14913293, ...,  0.15506355,
         0.15420198,  0.15812865],
       [ 0.01250009,  0.00362775,  0.00182607, ...,  0.00080123,
        -0.00513696,  0.00293219],
       ..., 
       [ 0.01791495,  0.0045804 ,  0.0119698 , ...,  0.00163619,
         0.00975397, -0.00277588],
       [-0.00119025,  0.01538788,  0.01380704, ...,  0.01396447,
         0.01280301,  0.00025188],
       [ 0.00936748,  0.01269285,  0.01314761, ..., -0.00053168,
         0.00675645,  0.01301882]])]Hidden bias: [array([-0.79879007, -0.79932529, -0.79942337, -0.79988248, -0.7984121 ,
       -0.79952939, -0.79881914, -0.80028223, -0.80054914, -0.79904015,
       -0.79837235, -0.79936452, -0.79890486, -0.79934829, -0.7997246 ,
       -0.79936116, -0.79973665, -0.79886299, -0.80007314, -0.79987953,
       -0.79959137, -0.79873007, -0.79932391, -0.79879702, -0.79837177,
       -0.79993249, -0.79839211, -0.79981848, -0.80008438, -0.80049993,
       -0.80000418, -0.79871646, -0.79887076, -0.79976307, -0.79816789,
       -0.79834452, -0.79772887, -0.7995145 , -0.79909698, -0.79913807,
       -0.79863816, -0.7971719 , -0.79884231, -0.79813377, -0.79893976,
       -0.8000342 , -0.7981619 , -0.79977626, -0.79816067, -0.79950732,
       -0.80013569, -0.80064082, -0.79855402, -0.79935742, -0.79957359,
       -0.79904591, -0.7990365 , -0.79942099, -0.79949545, -0.80003047,
       -0.79859613, -0.79847604, -0.79936155, -0.79933555, -0.80058132,
       -0.79867028, -0.79869148, -0.79801704, -0.79842866, -0.79918581,
       -0.79869589, -0.79876681, -0.79942378, -0.80000533, -0.79973692,
       -0.79931368, -0.79972677, -0.79830906, -0.79905752, -0.79845256,
       -0.79892476, -0.79880441, -0.80030772, -0.79934229, -0.80052321,
       -0.79934918, -0.79818013, -0.79967895, -0.7983303 , -0.7979675 ,
       -0.79874874, -0.79912031, -0.79988632, -0.79978591, -0.80021729,
       -0.7995187 , -0.80002116, -0.79845947, -0.79988179, -0.79968235,
       -0.79899706, -0.79923782, -0.79931944, -0.7997443 , -0.79920573,
       -0.7990827 , -0.79952166, -0.798492  , -0.79910501, -0.7985154 ,
       -0.80036435, -0.79892837, -0.8010188 , -0.79922206, -0.79827871,
       -0.79884622, -0.79836783, -0.7983249 , -0.79989666, -0.79863747,
       -0.79925413, -0.79928318, -0.79966462, -0.79916694, -0.80004212,
       -0.79975045, -0.79932591, -0.79931692, -0.80041237, -0.79878548,
       -0.80008506, -0.79896651, -0.79975025, -0.79977547, -0.79889751,
       -0.79954921, -0.79989827, -0.80039328, -0.79839704, -0.80003798,
       -0.79936873, -0.79932335, -0.79797288, -0.79945868, -0.79808741,
       -0.79849352, -0.79858457, -0.79905743, -0.7994678 , -0.79878519])]Output weights: [[  1.46297196e-02   1.39636635e-02]
 [  1.05957143e-02   5.88795555e-03]
 [  1.34225180e-02   1.23927627e-02]
 [  7.89859312e-03   1.91340595e-02]
 [  1.42696327e-02   6.31319359e-03]
 [  1.09589506e-02   2.21742232e-02]
 [  8.85333434e-03   9.66109455e-03]
 [ -3.04808368e-03   4.24686973e-03]
 [  8.12230451e-04   7.19314236e-03]
 [  1.77637097e-02   3.14993141e-02]
 [  1.66866063e-02   9.88298611e-03]
 [  1.53385270e-02   7.01949856e-03]
 [  1.62878795e-02   2.28371199e-02]
 [ -3.67052592e-03  -8.38672798e-03]
 [  1.33435243e-02   2.30291756e-02]
 [  7.18240882e-04   4.52145047e-03]
 [  3.87965484e-03   2.21406557e-02]
 [  2.01933584e-02   1.57726317e-02]
 [  1.33610754e-02   1.93625587e-02]
 [  1.88982338e-03   1.15140922e-02]
 [  3.47253373e-03   2.05264743e-02]
 [  3.14337351e-03   4.88431205e-03]
 [  3.30298496e-03   2.47456204e-03]
 [  7.14641668e-03   3.00548226e-02]
 [  1.89928600e-02   2.63067352e-02]
 [  1.40301530e-02   2.56151243e-02]
 [  1.50952325e-02   1.67989733e-02]
 [  6.53947556e-03   7.96192673e-03]
 [  1.45575339e-02   9.44435565e-03]
 [  5.77050300e-03   7.18668228e-03]
 [  1.26075620e-02   1.78597220e-02]
 [  1.00758231e-02   2.75981291e-02]
 [  2.33449057e-02   8.55164069e-03]
 [  7.92377473e-03   1.04977180e-02]
 [  1.31661093e-02  -3.95345578e-03]
 [  1.45194658e-02   2.68264909e-02]
 [  2.10859025e-02   1.22929491e-02]
 [  7.02507595e-03   1.57748666e-02]
 [  1.24237263e-03   2.99311902e-03]
 [  1.54851396e-02   2.77845463e-02]
 [  1.85618765e-02  -1.95307967e-03]
 [  2.47205125e-02   2.09981428e-02]
 [  7.53380641e-03  -6.67226917e-03]
 [  9.88630827e-03   2.45522500e-02]
 [  4.77991441e-03   3.04308382e-02]
 [ -1.15275546e-03   1.42956322e-02]
 [  1.92975856e-02   1.61816639e-02]
 [  6.28724757e-03   1.09776258e-02]
 [  1.40164984e-02  -7.06631566e-03]
 [  1.18029878e-02   1.76963066e-02]
 [  6.29652867e-03   1.43265479e-02]
 [ -4.26094500e-03   1.72996258e-02]
 [  1.97641338e-02   2.77650132e-04]
 [  1.67392309e-02   1.08117177e-02]
 [  4.11291069e-03  -2.64850822e-03]
 [  1.39456391e-02   1.15735477e-02]
 [  1.54261188e-02   2.89813599e-02]
 [  4.52107718e-03   2.25054268e-02]
 [  6.32064327e-03   1.68876518e-02]
 [  8.39357367e-03   2.31495917e-02]
 [  7.47854582e-03  -5.31067811e-03]
 [  9.49084668e-03   2.58059321e-02]
 [  1.30373252e-02   1.29281310e-02]
 [  8.59116079e-03   9.16239861e-03]
 [ -1.10574533e-03   1.16258722e-04]
 [  1.60283359e-02   3.39348140e-02]
 [  7.23534988e-03   4.74637325e-03]
 [  1.41930987e-02   8.16484207e-03]
 [  1.89201773e-02   2.22356826e-02]
 [  1.13985383e-02  -2.24424608e-03]
 [  1.83899983e-02   1.19942927e-02]
 [  1.66613259e-02   6.77617319e-03]
 [  1.33353907e-02   1.58334388e-02]
 [  9.78532700e-03   1.01925501e-02]
 [  1.33502291e-02   2.41430027e-02]
 [ -2.76356528e-03  -8.72188292e-03]
 [  1.44834082e-02   2.93314758e-02]
 [  1.02733149e-02  -2.26587544e-03]
 [  1.22292605e-02   1.24402330e-02]
 [  1.01956952e-02  -4.68829691e-03]
 [  1.19482264e-02   2.69069235e-03]
 [  1.29391577e-02   2.38334092e-02]
 [  2.39390717e-03   1.65855931e-02]
 [  2.10380662e-02   2.53599984e-02]
 [ -2.94479348e-03   4.17136768e-03]
 [  9.07777967e-03   6.39822632e-03]
 [  1.72782473e-02   1.97162989e-02]
 [ -6.38038327e-03   7.67789672e-03]
 [  9.06875294e-03   8.68875456e-03]
 [  1.84574944e-02   9.33791285e-04]
 [  1.24252733e-02   1.68339050e-02]
 [  5.21331724e-03   1.03330340e-02]
 [  9.22085582e-03   1.79093863e-02]
 [ -4.72860428e-03  -7.35070776e-04]
 [  4.99744532e-03   1.88915340e-02]
 [  1.83887822e-02   7.01039080e-03]
 [  9.57943120e-03   1.53575166e-02]
 [  1.46120023e-02  -8.37453274e-03]
 [ -4.54814629e-03   9.92190761e-03]
 [  1.22285573e-02   2.66076279e-02]
 [  1.71672549e-02   1.95261597e-02]
 [  4.93463347e-04   8.27750513e-04]
 [  6.47652988e-04   2.86891288e-02]
 [ -3.97831223e-03   3.89540812e-03]
 [  9.30641760e-03   2.68307493e-02]
 [  1.60796907e-02  -3.62727122e-03]
 [  6.88305026e-03   2.55681389e-02]
 [  1.43233522e-02   1.46432303e-02]
 [  9.73686978e-03   9.61242950e-03]
 [  1.51712257e-02   2.08798948e-02]
 [  5.32173218e-03   2.08477455e-02]
 [  9.28324218e-03   6.66164827e-03]
 [ -4.63760355e-03   1.15377131e-02]
 [ -4.07976722e-04   8.18316485e-03]
 [  1.16972750e-02   3.20206610e-03]
 [  1.62381970e-02   3.67201679e-03]
 [  1.60951601e-02   2.46314427e-02]
 [  8.18605457e-03  -8.77776522e-03]
 [  1.21516808e-02   1.19343464e-02]
 [  1.60561838e-02   1.79073105e-02]
 [  1.49981806e-02   2.49234261e-02]
 [  9.94345578e-03   8.73447457e-03]
 [ -4.68787837e-04   3.74147208e-04]
 [  6.22216580e-03   2.06494532e-02]
 [  7.90326026e-03   8.10574980e-03]
 [  7.97543273e-03   1.40276771e-02]
 [  1.48051135e-02   4.48016874e-03]
 [  1.70335651e-02   3.09564375e-02]
 [ -1.35881109e-03   5.64048114e-03]
 [  4.30197523e-03   2.14691823e-03]
 [  4.64336989e-05   1.05176978e-02]
 [  1.81810512e-03   4.55656745e-03]
 [  9.22883687e-03   1.79363238e-02]
 [  2.15444647e-03  -6.35970002e-03]
 [  1.88481717e-02   1.85450049e-02]
 [ -1.21651946e-03   3.89523974e-03]
 [  1.74393922e-03   6.79133789e-03]
 [  4.50458411e-03   1.74321212e-02]
 [  1.68271422e-02   2.29727427e-02]
 [  1.08683627e-02   1.54246610e-02]
 [  1.92788209e-02   2.67581630e-02]
 [ -4.81203584e-03   6.16961094e-03]
 [  1.59389917e-02  -5.76772940e-03]
 [  8.35991627e-03   1.28208735e-02]
 [  1.37176994e-02   2.51069542e-02]
 [  8.08818012e-03   1.33557946e-02]
 [  1.58447891e-02   1.05244251e-02]
 [  1.05159303e-02   2.12528058e-04]
 [  2.56665337e-03   4.81849337e-03]
 [  1.29617155e-02   1.48067477e-03]]Output bias: [ 1.02251072  0.97344293]
Value MLP:Hidden weights: [array([[ -4.60531384e+00,  -3.19010433e+00,   1.50880315e+00,
         -3.25301007e+00,  -2.97414029e+00,   2.55317833e-01,
         -6.05842895e+00,  -6.23505794e-01,  -2.45942897e-01,
         -9.48838825e+00,   6.15169242e-01,  -1.72134049e+00,
          4.57034408e-01,   8.84094732e-01,  -7.86989214e-02,
          3.23907340e+00,  -2.83948274e+00,   3.61894923e+00,
          5.02965347e-01,  -1.86860780e-01,  -1.21129840e+00,
          6.66746065e-01,  -1.77767891e+00,   5.23304853e-01,
          1.02069522e-01,   5.18459391e-01,  -9.54301775e-01,
          7.95388294e-01,   9.50780020e-02,  -9.36540968e-04,
          1.95609231e+00,   2.87004565e+00,   3.67276527e+00,
          3.43237882e+00,   1.92999990e+00,  -7.38351244e-01,
          5.09609825e-01,   1.18990789e+00,  -2.39814444e-01,
         -2.12191630e-02,   2.45328849e+00,   7.06976831e-01,
          2.89379484e+00,  -3.95950787e+00,   2.02821194e+00,
         -3.43840152e+00,   1.14510372e-01,   4.78715097e-01,
          1.57013742e+00,   4.83045995e-01],
       [  9.79987850e-01,   2.05083995e-01,  -4.55780360e+00,
          2.42049908e+00,   2.41748677e+00,   1.50392655e+01,
         -4.99752083e+00,   4.16319308e-01,   6.35329852e-01,
         -7.91620709e+00,   1.02659820e+01,   8.73613400e+00,
          5.72130701e-01,  -2.11645435e+00,  -8.66444114e-01,
          5.62371377e+00,  -2.42797782e-01,  -8.66571184e+00,
         -8.70703931e-01,  -2.60675180e+00,  -1.42013477e+00,
         -4.95209057e-01,  -4.22133223e+00,  -2.27458496e+00,
         -3.12557733e-01,  -1.62763973e-01,  -1.22297146e+00,
         -1.56745119e+00,  -3.59247559e-01,  -9.41295995e-01,
          2.61942274e+00,  -1.21987384e+00,  -8.08938140e-01,
         -3.71086351e-01,  -1.10317799e+00,   2.55634377e-01,
         -1.36326169e+00,   6.13733489e+00,  -3.37892389e+00,
         -3.29303259e+00,  -1.86569533e+00,   1.53153363e-01,
         -1.19501550e+00,  -1.76027227e+00,  -7.52483818e-01,
          4.72217440e+00,  -5.61343695e-01,  -8.75354648e-01,
         -1.92474220e+00,  -1.38427432e+00],
       [ -1.16970811e+01,  -2.20801785e+00,   2.47355328e+00,
          2.75813980e+00,   3.59611506e+00,   3.47094035e+00,
         -7.46721483e+00,  -2.42628959e-01,   1.48833127e+00,
         -1.54204352e+01,   1.75356904e+00,   3.54389258e+00,
          2.63694405e+00,   3.51490614e+00,   1.97524955e+00,
          9.02577412e+00,  -2.19017716e+00,   3.77511097e+00,
         -6.46718631e-01,  -7.39629523e+00,  -6.38236993e-02,
          1.90068138e+00,   6.55913258e-01,  -1.07151252e+00,
          3.68302238e+00,   2.37127130e+00,  -1.26297126e+00,
          2.88958115e+00,   2.35356890e+00,   2.19648569e+00,
         -1.15179906e+01,   9.23883219e+00,   8.83963698e+00,
          8.29920011e+00,   3.55348619e+00,  -4.46470443e-01,
         -1.23615417e+00,   9.76293114e+00,   2.32668679e-01,
         -2.44064902e+00,   4.76144104e+00,   2.27345393e+00,
          9.03400557e+00,  -1.00954058e+01,   5.34818888e+00,
         -1.11414605e+00,  -3.65855790e-01,  -6.16759678e-01,
          4.28754715e+00,  -1.08602854e+00],
       [  3.18475815e+00,   3.40313811e+00,   7.57821197e+00,
          4.76458017e-01,  -4.25909047e-01,  -4.77610253e+00,
         -6.13200992e+00,   2.20397399e+00,   5.93813238e-02,
         -1.20620898e+01,   6.55513303e-01,   7.64605400e+00,
          1.58775237e+00,   1.31023641e+00,   9.59453091e-01,
          8.64373658e+00,   4.05568008e+00,  -2.23191165e+00,
          2.04814553e+00,  -7.67393372e+00,  -1.15037753e+00,
          1.52041536e+00,  -2.31020900e+00,   3.07250002e+00,
         -4.55959492e-01,  -2.00702411e-02,   1.41835705e+00,
          9.74218194e-01,   1.51239656e+00,   1.09750608e+00,
         -1.24188384e+01,  -4.50913700e+00,  -5.08038508e+00,
         -4.76505600e+00,   1.65907670e+00,   2.18868010e+00,
          2.27844496e+00,   9.08378652e+00,   2.69597800e+00,
          5.07133222e+00,  -1.79221910e+00,  -2.04756483e-01,
         -4.75002048e+00,   4.82045441e+00,   6.72682851e-01,
          1.23951836e+00,   1.65622917e+00,   1.99277990e+00,
         -3.92815454e-01,   2.08416026e+00],
       [  8.33498380e+00,  -4.52491015e+00,  -6.14487022e+00,
         -1.36329350e+01,  -9.83577036e+00,  -7.51049942e+00,
          3.83986641e+00,  -4.73600625e+00,  -7.66986199e+00,
          8.50762324e+00,  -7.62732194e+00,  -8.85691116e+00,
         -6.44280175e+00,  -7.23486323e+00,  -6.09008395e+00,
         -1.19608582e+01,  -6.25064224e+00,   3.67520833e+00,
         -6.14012167e-01,   3.87195786e+00,  -6.06709490e+00,
         -1.91627178e+00,  -6.37948774e+00,  -6.61073583e-01,
         -9.97821240e+00,  -5.81373360e+00,  -7.74777999e-01,
         -6.92236959e+00,  -6.45230734e+00,  -6.04073772e+00,
          2.12896574e+01,  -1.27513482e+01,  -1.04646465e+01,
         -9.44601328e+00,  -6.71403360e+00,  -4.63717370e+00,
         -3.25003879e-01,  -1.31332449e+01,   3.07328307e-02,
         -4.54053071e+00,  -5.27563990e+00,  -5.73200027e+00,
         -1.26410786e+01,   4.62925230e+00,  -7.83454915e+00,
         -1.28826101e+01,  -3.30544659e+00,  -7.54066918e-01,
         -4.46454529e+00,  -5.12613105e-01],
       [  5.16865267e+00,  -7.41129440e+00,  -1.05517655e+01,
          1.05247893e+00,  -8.95518740e-01,  -6.08228238e+00,
          9.24300664e+00,  -9.85608115e+00,  -9.46926246e+00,
          3.85284454e+00,   1.48862461e-01,   5.55638087e+00,
         -3.48545706e+00,  -5.78433179e+00,  -4.03247621e+00,
          6.43171181e-01,  -5.71020576e+00,   1.27826075e+00,
          1.21401764e-01,   8.07758161e+00,   3.20262642e+00,
          1.97570588e+00,   7.27506141e+00,   6.01738908e-01,
         -1.01195083e+00,  -2.61012117e+00,   4.43551972e+00,
         -4.63063062e+00,  -3.48351098e+00,  -4.17511113e+00,
          7.17749199e+00,  -1.91329708e+00,   6.73680815e-01,
          3.42673147e-01,  -1.37735098e+00,  -1.01253626e+01,
         -4.14033195e-01,   1.43251165e+00,  -2.86647239e+00,
         -1.54212848e+01,   1.03065352e+00,  -2.50634734e+00,
         -1.93846199e+00,  -1.04165070e+01,  -1.60444474e+00,
         -3.68681905e+00,  -8.39326443e+00,   5.32725666e-02,
          1.50756990e+00,  -3.04037075e-01],
       [ -4.07974463e+00,   7.11925977e-01,   1.28662023e-01,
          2.11675296e+00,   2.89522236e+00,   2.41657556e+00,
          3.80326552e+00,  -6.13220784e-01,  -5.84662528e+00,
         -2.83268011e-01,   2.16771176e+00,   3.61827099e+00,
          1.29751046e+00,   2.13933151e+00,   1.04463901e+00,
         -3.05091459e-01,  -2.94854459e+00,  -4.70380329e-01,
         -1.40471823e+00,   2.19282037e+00,  -9.51823219e-01,
         -6.62895390e-01,   8.96607868e-01,  -1.03482643e+00,
         -1.74822637e-01,   1.01045400e+00,  -9.37259969e-01,
          4.27931811e+00,   1.30604159e+00,   9.42183535e-01,
         -4.67645700e-01,   6.06820119e+00,   5.37232739e+00,
          4.87843064e+00,  -3.72362632e-01,  -6.12200046e-01,
         -1.85716290e+00,  -1.13930943e-01,  -1.25018009e+00,
         -1.78564748e+00,   2.62531814e+00,   9.22214569e-01,
          5.91438843e+00,  -5.83916731e+00,   6.79588432e-01,
         -7.59836764e-01,  -6.15435496e-01,  -1.36020085e+00,
          1.64452791e+00,  -1.71272441e+00],
       [ -9.93901512e-01,   2.16148520e+00,  -4.19836323e+00,
         -7.55252766e-01,  -1.23596185e+00,   5.08255164e+00,
          5.95066287e+00,  -1.14503972e+00,  -1.39882907e+00,
          7.64643613e+00,  -4.23347611e+00,  -9.63672373e-01,
         -4.29158314e-02,   1.50272977e+00,  -1.45538896e-01,
         -7.12413226e+00,  -1.02156303e-01,  -3.46684788e-02,
         -3.62519988e-01,   4.68115291e+00,  -9.43419673e-01,
         -9.49399249e-01,  -9.22158510e-01,  -1.58900029e+00,
         -3.90918449e+00,   1.04747908e+00,   1.48308825e+00,
          1.20866470e+00,  -8.22011934e-02,  -8.87912749e-02,
          6.75047852e+00,   6.75181460e-01,   8.82788643e-01,
          6.13867176e-01,  -1.11149533e+00,  -1.12504625e+00,
         -8.56546894e-01,  -7.24183999e+00,  -1.94284326e+00,
         -1.23811473e+00,  -2.32602248e+00,   1.00854555e+00,
          8.43398571e-01,   2.12077147e-01,  -1.82599399e+00,
         -6.46005804e+00,   7.98243051e-01,  -3.63838029e-01,
         -1.61725740e+00,  -8.14608081e-01]])]Hidden bias: [array([ -5.33544463,  -3.94178226, -10.13718481,   1.69547372,
         2.8814257 ,  11.9436109 ,   4.26279833,  -1.93365788,
         0.95398405,   1.87237796,   3.47116248,   4.80436384,
         0.08708221,  -0.40607366,  -1.27714984,  -5.0814916 ,
        -7.58868197, -13.57912956,  -5.0708879 ,   2.16906057,
        -3.9438897 ,  -6.05024483,  -4.66999537,  -6.80159488,
        -8.00430277,   0.51300599,  -3.79487923,  -1.2778622 ,
        -0.63402837,  -1.28832381,   9.57301071,   1.69685067,
         0.32592016,   1.65391612,  -1.09132087,  -2.10978582,
        -6.54811182,   0.18954742,  -9.06373382, -12.07582444,
        -3.29219283,   0.62010812,   1.32679673,  -6.6262758 ,
        -1.99915974,   4.28713626,  -3.87530329,  -5.0035583 ,
        -4.36923556,  -6.26212996])]Output weights: [[ -7.55158712]
 [ -6.48010593]
 [  5.43957568]
 [  6.87350252]
 [  7.55777786]
 [ 12.4510733 ]
 [  3.69499374]
 [ -4.34481989]
 [ 12.26958674]
 [  5.08624708]
 [ -6.99507147]
 [-11.97029927]
 [  0.10058942]
 [ -5.01173738]
 [ -1.73246142]
 [ -3.54352136]
 [ -6.6474859 ]
 [  8.0458723 ]
 [ 13.7937355 ]
 [  5.60574639]
 [  3.47863409]
 [  3.02558166]
 [ -0.11250775]
 [ 11.10979996]
 [  6.45119118]
 [  1.22568444]
 [ -2.18765353]
 [ -3.81361517]
 [ -0.52594662]
 [ -1.92454603]
 [  9.96584615]
 [  7.0216369 ]
 [  4.02198471]
 [  3.7560909 ]
 [ -0.72966529]
 [ -4.37147688]
 [ 19.91539473]
 [ -5.9840985 ]
 [  6.6624617 ]
 [  6.00516846]
 [  3.74218396]
 [  1.65276118]
 [  6.86882835]
 [  5.60018876]
 [ -0.52424309]
 [  5.30987124]
 [ -3.84388007]
 [ 13.55316358]
 [  3.16729116]
 [ 19.7119404 ]]Output bias: [-22.03983618]