Action MLP:Hidden weights: [array([[ -1.18206968e-01,   3.59826647e-01,  -4.68267557e-01,
          3.30483855e-01,  -2.11595885e-01,  -2.46613141e-01,
         -3.09859097e-01,   5.99124931e-01,   2.50633738e-01,
         -1.75094505e-01,  -4.88891136e-02,  -2.91707559e-01,
         -4.72553070e-01,   5.12093520e-01,   3.01726336e-01,
          1.02780570e-01,   2.20140633e-02,  -2.16220336e-01,
          3.92125729e-01,   2.49744232e-01,   3.13806697e-01,
         -3.34739706e-01,   4.42603315e-01,  -3.20817091e-01,
          3.85553172e-01,  -2.73155935e-01,  -3.34546856e-01,
         -3.50836548e-01,   8.79530480e-02,  -1.76202151e-01,
          3.92892355e-01,  -1.38167190e-01,  -3.29795797e-01,
         -3.36663533e-01,   4.06706054e-01,   8.08854098e-02,
         -1.94789197e-01,   3.55653267e-01,  -3.19831865e-01,
          1.99895172e-03,  -2.15560441e-01,   1.82234267e-01,
          3.59242919e-01,   3.67148001e-01,   3.20602793e-01,
         -1.87559852e-01,   2.50547414e-01,  -9.40619623e-02,
          3.58153614e-01,  -2.30901823e-01],
       [  3.10022592e-04,   4.84034131e-01,  -2.84135878e-01,
          6.56632927e-01,  -6.68992251e-02,  -1.20814341e-02,
         -3.84831454e-01,   3.08997201e-01,   6.18581190e-01,
          1.09236422e-01,   6.20753505e-01,   6.05778603e-01,
          2.36259147e-01,  -1.00185309e-01,   3.20831859e-01,
          2.54009979e-01,   2.66854314e-01,  -6.07080308e-02,
          1.74826110e-01,   2.44418994e-01,   1.20280678e-01,
         -3.13698241e-01,  -6.49043551e-02,   4.53361302e-01,
          7.57025476e-02,   1.68116237e-01,  -3.17291698e-02,
          5.48007743e-01,   1.09762257e-01,   2.80161195e-01,
          5.09770108e-01,   5.48707288e-01,   1.36704052e-01,
          4.87890385e-01,  -1.33208396e-01,  -4.31174419e-02,
          5.97360273e-01,   4.41063319e-01,  -2.63987255e-02,
          6.85607824e-01,   8.05713707e-01,   6.66242843e-01,
          1.24021707e-01,   5.36657770e-01,  -1.33900407e-01,
          9.83200338e-02,   1.17475455e-02,   1.63117039e-01,
          1.13215750e-01,   6.79936349e-01],
       [ -2.72178615e-01,   1.66558502e-01,  -2.46369565e-01,
         -2.61170807e-01,  -2.19389139e-01,   5.57743486e-01,
         -1.77029247e-01,   3.53028792e-02,   8.89049169e-02,
         -1.34810645e-01,  -3.69469141e-02,   7.82787269e-02,
          1.62519782e-01,  -3.21786276e-01,  -1.43350114e-01,
          3.80285584e-01,  -1.06410094e-01,   9.33980604e-02,
          2.83053772e-02,   4.60485042e-02,   3.75738934e-01,
         -1.89392678e-01,   3.23316819e-01,   1.95308466e-01,
         -2.63580872e-01,   3.01054609e-01,  -9.94925077e-02,
         -1.70367074e-01,   6.77237326e-02,   6.28821258e-02,
          1.46916505e-02,  -3.16001599e-01,  -1.24571451e-01,
         -1.57635861e-01,  -1.95661226e-01,  -1.02444333e-01,
         -1.56315058e-01,  -2.38243435e-01,   3.62154520e-01,
         -1.31114251e-01,  -1.99504649e-01,  -1.49223642e-01,
          4.25008638e-03,  -1.78385389e-01,   4.22549237e-01,
          4.93013940e-01,  -3.22310831e-01,  -5.04710684e-01,
         -3.70106310e-01,   2.28393156e-01],
       [  3.92490355e-01,  -3.31231649e-01,  -2.33394470e-01,
          1.95608688e-01,   3.67726345e-01,   1.63088681e-01,
          4.28028135e-01,  -3.45996671e-02,  -3.40041319e-01,
         -4.16359237e-01,  -4.60227289e-01,  -5.40904770e-01,
         -3.09907690e-01,  -2.42440247e-01,  -5.61291179e-01,
         -2.71892272e-01,   3.38765436e-01,  -1.45285772e-01,
         -6.12953492e-02,  -4.72961842e-01,  -3.64756117e-01,
          2.80318460e-01,  -3.34807768e-01,   7.91522982e-02,
          1.49786501e-01,  -3.39545871e-01,  -5.24977597e-01,
         -8.28273723e-01,  -2.30981497e-01,  -4.48844499e-01,
         -6.57315648e-01,  -5.40839980e-01,   1.97219865e-01,
          1.13124505e-01,  -2.42488773e-01,   3.05700454e-01,
          4.82553024e-01,  -1.01192275e-01,  -6.73081838e-01,
         -2.32344218e-01,   1.22786578e-01,  -2.61000488e-01,
         -6.22124831e-01,   1.45621393e-01,   4.71179121e-01,
         -1.70246688e-01,   3.29105115e-01,  -3.39428477e-01,
          8.22134035e-02,   4.10075325e-02],
       [  1.12226408e-01,  -1.96742759e-01,   3.93473584e-01,
         -4.12973897e-01,   3.69735411e-01,  -4.06328800e-01,
         -6.88140044e-03,  -5.48116362e-01,  -3.29627212e-01,
          3.92083220e-01,  -4.22562421e-01,   2.77803347e-01,
         -2.41089396e-01,  -1.15985901e-01,  -2.73034429e-01,
          3.61997778e-01,  -3.73712967e-02,  -1.52068119e-01,
          3.60995184e-01,  -4.06841802e-01,  -1.65508229e-02,
          2.47268954e-01,   3.99318875e-01,   1.81955039e-01,
          2.41038140e-01,  -1.67937050e-02,   1.45867847e-04,
          3.32782774e-01,   1.22517028e-01,   3.97739604e-01,
         -1.37413067e-01,   3.88997393e-01,   8.70199105e-02,
          4.01976006e-03,   4.25928654e-01,  -1.16815649e-01,
          1.04834572e-01,  -2.15630480e-01,  -7.17048612e-02,
         -3.92651896e-01,   2.78441693e-01,   9.30332110e-02,
         -8.84283673e-02,   2.17362184e-01,   3.75553465e-01,
          1.28767483e-01,   4.56083900e-02,   2.15011915e-01,
          7.65751568e-03,   2.07593071e-01],
       [  2.91372155e-02,  -3.87131558e-01,   4.67278813e-01,
         -1.14973630e+00,  -3.97748176e-01,   4.21395920e-01,
         -4.73043940e-01,   4.78643484e-01,  -4.03668590e-01,
         -6.93701960e-02,  -1.12019544e-01,   4.34093824e-01,
         -1.67473795e-01,   3.76280680e-01,   4.24044196e-01,
         -2.79487824e-01,   4.48921815e-02,  -2.50970863e-01,
         -3.76458134e-02,  -4.12289760e-02,   4.24959516e-01,
         -5.52241935e-01,  -2.10088483e-01,   3.64544146e-01,
         -3.41115807e-01,   1.17755927e-01,  -4.92470589e-01,
          1.82064113e-01,   2.16201242e-01,  -1.25189675e-01,
         -1.15663555e-01,  -3.45899381e-01,   4.11876348e-01,
          3.67552494e-01,  -2.42096927e-01,   5.83784831e-01,
          3.13407882e-01,   1.09027592e+00,  -4.49438006e-02,
          4.21916879e-01,   1.27386738e+00,   8.04664044e-01,
          3.22206729e-02,  -4.54148007e-01,   3.74463241e-02,
          4.72446279e-01,  -4.33223883e-01,   5.36570932e-01,
          8.45600907e-02,  -3.10765262e-01],
       [ -2.75007228e-01,  -2.16991844e-01,   1.68170254e-01,
          1.06145062e-01,   2.11768479e-01,   4.51278728e-01,
          5.20971756e-01,  -5.70538940e-01,  -1.16797252e-01,
          7.48210180e-02,   3.05769197e-02,  -4.79628054e-01,
         -2.97615081e-01,   9.75360445e-02,   1.10721999e-01,
         -4.95844629e-02,  -3.62832829e-01,  -4.08980463e-01,
         -2.02074741e-01,  -1.10745739e-01,  -1.97330524e-01,
          3.96060020e-02,   8.94284223e-02,   4.70833468e-01,
         -3.48333542e-01,   6.70116404e-02,  -3.52577696e-01,
         -5.39715522e-02,  -2.14034261e-01,   1.23906532e-02,
          2.92194728e-01,  -3.62711204e-01,  -7.86798421e-02,
          2.88911282e-02,   1.99835686e-01,  -2.77822686e-01,
          4.71613493e-01,  -2.31433298e-01,   4.43870951e-01,
         -4.32037683e-01,  -4.35185927e-01,   4.21919077e-02,
         -2.16933847e-01,  -8.92626205e-02,  -2.21756456e-01,
         -5.37636806e-02,  -2.32368614e-01,  -1.89906390e-01,
         -4.52007352e-01,   4.67976760e-01],
       [ -2.77530218e-01,  -5.20985425e-01,   3.22616387e-01,
          4.71083603e-02,   4.25224328e-01,  -6.43978350e-02,
          5.02898074e-01,  -8.83958614e-02,  -4.98226738e-01,
         -3.17782995e-01,  -4.85705109e-01,   7.90690871e-03,
         -3.67284012e-01,   8.32497943e-02,   2.31461808e-01,
         -4.73664455e-01,   4.10102279e-01,  -4.16986965e-01,
         -3.69565461e-01,   3.48754889e-01,  -4.69305781e-01,
          4.60871898e-01,   1.11373637e-01,   1.56136172e-01,
          1.87687123e-01,   9.12264110e-02,  -1.09169923e-01,
         -6.21131167e-02,  -7.95025358e-02,   2.07460754e-01,
          1.24154828e-02,   3.33652739e-01,  -9.34943041e-02,
         -1.79291307e-01,  -1.14422926e-01,   1.90682042e-01,
         -2.29436531e-01,   2.48318657e-01,  -2.14980433e-01,
         -1.09862552e-01,   4.45720069e-01,  -2.24860718e-01,
         -1.32365762e-01,  -6.26624109e-02,  -3.72639782e-01,
          2.12979249e-01,  -4.24738066e-01,  -2.18566832e-01,
         -4.09599017e-01,   2.70400479e-01]])]Hidden bias: [array([-0.75549969, -0.70673993, -0.7620495 , -0.62729797, -0.81725137,
       -0.71288221, -0.78727035, -0.52364609, -0.81764956, -0.66276246,
       -0.71742852, -0.72279978, -0.74969527, -0.70217388, -0.65212563,
       -0.6270534 , -0.60597704, -0.80350523, -0.78239973, -0.63369192,
       -0.71685783, -0.87247525, -0.74076229, -0.72701817, -0.73646273,
       -0.64453458, -0.64342517, -0.70981569, -0.68603248, -0.66113053,
       -0.74490783, -0.71883602, -0.73140157, -0.6958535 , -0.71478245,
       -0.79539359, -0.70292437, -0.41308519, -0.64696533, -0.76054022,
       -0.62079154, -0.68028491, -0.63108423, -0.6506268 , -0.8244336 ,
       -0.78758755, -0.77364415, -0.75974172, -0.66900525, -0.73699609])]Output weights: [[ 0.14236284  0.03000779]
 [ 0.31591722 -0.22244857]
 [-0.22491454 -0.49463448]
 [-0.00972619 -0.43916745]
 [ 0.04154356  0.41529545]
 [-0.27139467 -0.24042151]
 [ 0.13056504  0.37395969]
 [ 0.12447648  0.37146897]
 [ 0.11464591 -0.16402524]
 [-0.08497868 -0.05688303]
 [ 0.33322993  0.02425442]
 [ 0.26663225  0.09507706]
 [-0.19192841 -0.20458282]
 [ 0.23264648 -0.2262309 ]
 [ 0.25398305  0.01096503]
 [ 0.1778226  -0.20005264]
 [-0.36170216 -0.01050523]
 [ 0.10297828  0.2591677 ]
 [-0.19352993  0.2366488 ]
 [ 0.19742844  0.11247633]
 [-0.06423335  0.06125181]
 [ 0.02592823  0.52080384]
 [ 0.08859686  0.24455673]
 [ 0.1985717  -0.17811472]
 [-0.00319593  0.39235061]
 [ 0.12446682 -0.08633266]
 [ 0.19062521 -0.16567715]
 [ 0.35615476 -0.05541556]
 [ 0.29400791 -0.14586752]
 [ 0.20622823  0.03023535]
 [ 0.26964366  0.31947211]
 [ 0.14269047 -0.10825924]
 [ 0.1573225  -0.1140523 ]
 [-0.20634203  0.00295651]
 [-0.12478603  0.17698988]
 [ 0.08125688 -0.45430578]
 [-0.23531489 -0.06023994]
 [ 0.30480328  0.5123957 ]
 [ 0.27857657 -0.02698211]
 [ 0.23749181  0.34500742]
 [-0.20550048  0.65005693]
 [ 0.02382737  0.34031995]
 [ 0.23828412  0.0212547 ]
 [-0.03365377 -0.09522651]
 [-0.33118711  0.19407168]
 [ 0.16862027 -0.4174477 ]
 [-0.07681851  0.36667162]
 [-0.18784385  0.02410351]
 [ 0.01106288 -0.01649756]
 [ 0.10854925 -0.16472905]]Output bias: [ 0.9860619   0.94742373]
Value MLP:Hidden weights: [array([[ -1.46185821e+01,   3.90691664e+00,   9.55529343e+00,
          1.27020040e-01,   5.54818176e+00,  -2.37935553e+00,
          1.61131596e-01,   5.29785602e+00,  -9.10262571e+00,
         -4.99155966e-01,   1.49243464e+01,  -9.78483913e-01,
         -6.50912177e+00,  -1.70304000e+00,   7.45847968e+00,
         -4.48084463e+00,  -8.66602104e+00,  -2.19105754e+00,
         -1.71172774e+00,   6.69440229e+00,   5.57582907e+00,
         -9.83893360e-01,   9.30429873e-01,   7.16155172e+00,
          1.99238689e+01,  -2.14589866e+00,   1.40984432e+01,
          9.74113301e+00,  -2.42652071e+00,  -2.34645913e+00,
          1.68622866e-01,  -2.68994660e-01,  -3.66856562e+00,
          7.70380927e+00,   8.84438095e+00,   1.36947049e+00,
          3.76416188e-01,   2.57045310e+00,   1.08535507e+00,
          1.88054506e+00,   7.55644143e+00,   1.91328902e-01,
          5.92553225e+00,  -5.48894929e-01,   2.09754728e+00,
         -2.53717177e+00,  -7.03588016e-01,   2.69254783e+00,
         -8.55228022e+00,  -9.95043218e+00],
       [ -9.02266071e+00,   6.07327238e+00,   1.07174185e+01,
         -9.21763084e+00,   8.60226313e+00,   9.65513875e-02,
         -1.40014746e+01,   8.67201176e+00,  -3.21670976e+00,
         -3.59791749e+00,   6.30766482e+00,  -9.93204276e-01,
         -4.97662258e+00,  -7.70402746e+00,   5.75068057e+00,
         -5.14430341e+00,  -1.12345335e+01,  -4.95531393e+00,
          7.66574457e+00,   8.24850963e+00,   2.34048522e+00,
         -4.45760077e+00,  -1.66175190e+00,   3.77244350e+00,
          1.66100788e+01,  -5.22562524e+00,  -2.10109702e+00,
          1.32004160e+01,  -1.87734770e+00,   5.73806048e+00,
         -3.10148130e+00,  -4.47217877e+00,   9.85165608e-01,
          4.78720124e+00,   4.79066361e+00,   5.27117087e+00,
         -7.92865954e+00,   3.62143000e+00,   5.04525511e+00,
          9.80590023e+00,   1.19855538e+01,  -3.19111753e+00,
         -4.10779442e-01,   3.90254539e+00,  -1.52316360e-01,
         -1.12734530e+00,   5.78713382e-01,   1.15254561e+01,
         -6.20739310e+00,  -8.49139519e-01],
       [ -8.94603387e+00,   2.00755737e+01,   1.24659294e+01,
         -8.23308575e+00,   2.00536481e+01,   1.87002709e+00,
         -6.48118385e+00,   1.05953649e+01,  -1.48942245e+00,
         -9.21581692e+00,   9.98702988e+00,  -8.31536494e-01,
         -2.09105251e+01,  -1.30588127e+01,   1.73852959e+01,
         -8.64834492e+00,  -1.08745152e+01,  -1.97633307e+00,
          2.25743410e+01,   2.34228409e+01,   8.28480685e+00,
         -5.70647051e-01,   2.42472970e-02,   2.83970497e+01,
          3.67921423e+00,   8.29644344e-01,   1.97031311e+01,
          7.99747263e+00,  -8.29002032e+00,  -2.13915295e+01,
         -1.00502392e+01,  -1.72474208e+01,   1.31058319e+01,
          2.02034934e+01,   6.58584260e+00,   4.96644808e+00,
          5.47806492e-01,   3.18220241e+00,   1.20294865e+01,
          6.04167915e+00,  -3.00435528e+00,  -1.65450744e+00,
          1.51063308e+00,  -1.90596023e+01,   1.06312090e+01,
         -2.74050071e-01,   1.69937034e+01,   2.01936429e+01,
         -1.09963987e+01,  -3.40641991e-01],
       [ -4.49138457e+00,   9.16054966e+00,  -1.66655707e+00,
         -5.69400193e+00,   6.10569864e+00,   7.83677035e+00,
         -1.18880342e+01,   4.17974495e+00,  -8.62734118e+00,
         -7.58020508e+00,  -2.10345707e+00,   3.59762905e+00,
         -4.22022886e+00,  -3.41878188e+00,   3.77625222e+00,
         -3.14861953e+00,  -1.30771170e+01,  -6.22491943e+00,
          1.01194299e+00,  -1.44523302e+00,  -4.34129953e+00,
          4.19966200e+00,   3.21992558e+00,  -1.31912253e+01,
          5.98949828e+00,   1.79381983e+00,  -2.84578897e+00,
          1.65054600e+00,  -4.43303674e-01,   1.36407676e+00,
          2.26489638e+00,  -5.28923977e+00,  -2.71688429e-01,
         -1.57342737e+00,  -3.71413710e+00,   1.82934123e+00,
          1.18496694e+01,   7.64885083e-01,   3.27766743e+00,
         -1.49075941e+00,   4.98501469e+00,   3.09814100e+00,
         -3.02047926e-01,   1.19642200e+00,  -1.01111190e+01,
         -3.52561658e-02,  -1.59883580e+00,   1.26542695e+01,
         -6.23678450e+00,  -1.87262028e+00],
       [  1.56943533e+01,  -1.18874172e+01,  -2.53290378e+01,
          1.61208774e+01,  -8.87825988e+00,  -4.88474461e+00,
          2.74511109e+01,  -9.32599406e+00,   1.07193650e+01,
          1.16698794e+01,  -3.57913515e+01,  -1.20970825e+00,
          3.57959193e+01,   1.61837547e+01,  -4.15078897e+00,
          9.95791063e+00,  -1.51431705e+01,   1.68494888e+01,
         -6.05355870e+00,  -3.37277090e+01,  -1.68468701e+01,
         -3.18980815e+00,  -1.20184894e+00,   2.04677431e+01,
         -1.47452201e+01,  -4.13890320e+00,   3.28879280e+01,
         -2.10804657e+01,   7.27081875e+00,  -2.74924517e+00,
          8.47433020e+00,   1.45289707e+01,  -3.52653530e+00,
          2.73556183e+00,  -1.21486133e+01,  -1.03915162e+01,
          3.51895512e+00,  -1.08038123e+01,  -2.78508621e+01,
         -2.42793751e+01,  -1.35366800e+01,  -2.73427965e+00,
         -1.11607520e+01,  -1.91838075e+01,  -2.22135811e+01,
          6.83560168e+00,  -1.45993952e+01,  -2.26626602e+01,
          7.86337032e+00,   1.36132497e+01],
       [  2.11021545e+01,   1.42400490e+01,  -5.44128302e+01,
          2.29125426e+01,   5.70351435e+00,  -1.14655117e+00,
          9.49991864e+00,   3.35137721e+00,   2.46603441e+01,
          1.19036583e+01,  -5.78718897e+00,  -1.00968420e+00,
          9.93805748e+00,  -7.58929970e+00,   2.12969276e+01,
          1.85747720e+01,   1.52850159e+00,   2.24204775e+01,
          2.48943756e+01,   2.26373240e+01,  -8.95501061e+00,
          9.29138247e-01,  -2.47966393e-01,  -9.36952082e+01,
         -1.96717074e+01,   2.58575683e+00,  -2.25753255e+01,
         -4.72709446e+01,   1.73527455e+01,  -2.39558441e+01,
         -7.69990960e+00,   1.62634359e+01,   2.28535303e+01,
          1.82579684e+01,  -2.69976538e+01,  -9.12913214e+00,
         -1.57028408e+01,  -1.07981165e+01,   1.35393062e+00,
         -1.96267501e+01,  -2.24986734e+01,  -3.08686074e+00,
         -1.42882485e+01,  -4.74543145e+01,  -2.40864668e+00,
          1.35736941e+01,  -6.53430852e-02,  -3.47769365e+01,
         -1.98886292e+00,   1.62414350e+01],
       [ -3.59961188e+00,   4.48085132e+00,   5.01217940e-02,
         -1.28480377e+00,  -6.98132569e+00,  -1.32752629e+00,
          1.98424833e+00,  -2.00226396e+00,  -3.24233178e+00,
         -2.71572506e+00,   5.91399145e+00,  -2.37196500e+00,
         -8.48150489e+00,  -1.91441840e-02,   1.19488277e+00,
          1.58626721e-01,  -7.58234327e+00,   3.24139556e+00,
          2.09362813e+00,  -2.72249553e+00,   9.92081240e-01,
         -5.86361310e-01,  -5.63808604e+00,   1.14119280e+01,
         -1.87682642e+00,  -2.27164928e+00,   1.78729909e+00,
         -6.35425203e+00,  -6.03000559e+00,  -8.65330378e+00,
         -6.53619354e+00,  -2.01536996e+00,   2.77860318e+00,
          2.03995906e-01,   3.22344265e+00,  -6.22981992e-01,
         -8.93506560e+00,  -1.34406413e+00,  -2.07069711e+00,
         -2.65363752e+00,  -2.75207085e+00,  -3.41823171e+00,
          7.16296600e+00,  -2.88208432e-01,   4.29694529e+00,
          2.19868902e+00,  -1.46526366e+00,  -1.66523944e+00,
          6.90237750e+00,  -3.04175875e+00],
       [ -6.75544817e-01,  -1.31659694e+01,  -1.13063762e+01,
          5.80388322e+00,  -1.08395885e+01,  -3.47662238e+00,
          2.09123034e+01,  -4.16039981e+00,   8.68025357e+00,
         -5.66272538e+00,  -7.32508953e+00,  -4.36474589e+00,
          9.85486573e+00,   1.49227741e+01,  -4.93371227e+00,
          3.45047099e+00,  -1.13003309e+01,  -1.69214175e+00,
         -5.17935324e+00,  -1.52734562e+01,   3.45900532e+00,
         -2.09913708e+00,  -1.41934125e+00,  -4.39525267e+00,
          7.22820693e-01,  -3.59836790e+00,   9.88270852e-01,
         -9.41708254e+00,  -1.30219052e+00,  -7.78700126e+00,
          3.90394678e+00,   9.04049741e+00,  -8.83946291e+00,
          5.50197728e+00,  -2.86778021e+00,  -5.49991368e+00,
         -2.22665783e+00,   3.78004425e+00,  -9.14223319e+00,
         -9.73886283e+00,  -8.39857213e+00,  -4.64762613e+00,
          7.01836038e+00,  -7.85542335e+00,   4.69218357e+00,
         -3.62630858e+00,  -4.68987941e+00,  -4.60323854e+00,
          7.45971528e+00,  -4.79160937e+00]])]Hidden bias: [array([ -3.01508678,   1.24521554,  -3.36892722,  -1.40651168,
        -2.08001165, -14.88051671,   2.57284832,   0.80779287,
         2.23791993,  -5.2131708 ,   2.83008685,  -9.05744836,
        -1.12368357,   0.25287205,  -1.30867764,  -3.38791247,
        -6.05123693,   4.94941952,   2.92118269,  -2.64926477,
         4.01969822,  -9.3708304 , -12.92763628,  -5.17064399,
        -9.20092139, -10.63430552,   6.47509066,  -6.67624882,
        -4.21751556, -18.6327622 , -10.89001433,  -1.74096232,
         0.88699669,  11.9273729 ,   4.60091073,  -1.32489567,
       -29.26688529,   1.91750727,  -4.7997815 ,   1.65643161,
        -7.08653576, -17.85251501,  10.56378002, -12.09702937,
        10.51295173,  -2.25706982,  -2.64752323,  -6.76643583,
         2.63022919,  -4.07697596])]Output weights: [[ -7.85652968]
 [ -5.77429337]
 [  2.70559736]
 [ -2.06715314]
 [ -1.52593802]
 [ 11.20556491]
 [  2.39967249]
 [ -0.46614812]
 [  2.75805123]
 [ -0.16329858]
 [  5.06666382]
 [ 18.64250329]
 [  4.53537869]
 [ -3.97048157]
 [  2.70516492]
 [  0.3780553 ]
 [  6.60631813]
 [ 10.0707145 ]
 [  2.11503474]
 [  1.96335345]
 [  0.3517332 ]
 [ 10.21306462]
 [  9.5353769 ]
 [ -6.08605643]
 [  5.5874225 ]
 [ -5.95599256]
 [  8.36571345]
 [  1.45780171]
 [  1.84913008]
 [ -1.2750376 ]
 [  5.63154657]
 [ -1.44684394]
 [ -5.87573961]
 [  0.81406415]
 [  1.353458  ]
 [  1.58610035]
 [  8.10854159]
 [  1.29085181]
 [-10.17483904]
 [ -2.71051094]
 [  2.63325618]
 [  9.00913165]
 [ -4.06299693]
 [ -5.48138179]
 [ -1.81433629]
 [ -3.02719047]
 [ -7.03709667]
 [ -2.42535929]
 [  3.14248585]
 [ -7.1397869 ]]Output bias: [-21.03023942]