Action MLP:Hidden weights: [array([[  4.43396142e-03,   1.09245726e-02,  -4.91292148e-03,
         -1.85456946e-03,   5.56200890e-04,  -4.00263188e-04,
         -4.26596218e-03,   1.09375744e-02,  -5.67670389e-03,
          9.52731307e-03,  -1.25120874e-03,  -5.03985162e-04,
          1.06710137e-02,   5.80918551e-03,  -3.15038593e-04,
          1.01630500e-02,  -2.56177187e-03,   7.10661517e-03,
          4.46518784e-03,  -3.37308510e-03,   1.13690581e-02,
         -9.96172070e-04,  -2.95975577e-03,   1.90678121e-03,
         -2.26509045e-03,   7.78921233e-03,  -1.75745002e-03,
         -2.17748342e-03,   9.80923357e-03,   5.90149370e-03,
         -5.70415827e-03,   2.19125138e-03,   2.16177298e-03,
         -5.70380998e-03,   1.14634316e-02,  -1.16839782e-03,
          1.26455487e-02,   1.20420694e-02,   9.67104105e-03,
          6.61356944e-04,   1.34383609e-02,   7.42557859e-03,
         -2.80000104e-03,   1.93760060e-03,   1.05858780e-02,
          4.62520520e-04,  -3.97367090e-04,   1.23850222e-02,
          1.24990141e-02,   1.04303726e-02],
       [  8.45938375e-02,   1.04801995e-01,   6.71403143e-02,
          4.78419752e-02,   1.00238176e-01,   7.50729098e-02,
          3.98905630e-02,   8.76630172e-02,   9.24456094e-02,
          1.14232779e-01,   6.21905246e-02,   7.83862756e-02,
          7.12935493e-02,   9.42316209e-02,   9.12013796e-02,
          1.36635834e-01,   1.47021559e-01,   1.19506207e-01,
          6.88631047e-02,   8.09146621e-02,   1.16382118e-01,
          4.54246472e-02,   8.67726179e-02,   9.30564964e-02,
          1.23922669e-01,   9.40323562e-02,   9.47608422e-02,
          6.19179822e-02,   1.28198908e-01,   5.09743691e-02,
          1.18083845e-01,   7.77052731e-02,   1.24638781e-01,
          7.71480051e-02,   7.33333881e-02,   8.21877643e-02,
          6.54959080e-02,   7.34811962e-02,   1.04841781e-01,
          8.84787524e-02,   9.42088562e-02,   6.80886949e-02,
          7.05215756e-02,   6.30141923e-02,   1.10633507e-01,
          6.74590457e-02,   6.13862056e-02,   1.03950890e-01,
          8.69370664e-02,   7.24946857e-02],
       [  7.95220409e-03,   9.83086636e-04,  -1.72904321e-04,
          1.05708927e-03,   7.00353896e-03,   1.73759793e-02,
          3.25629227e-03,   8.16395413e-04,   3.97881705e-03,
          7.34399385e-03,   1.81318423e-02,   6.00196696e-03,
          6.32106282e-03,   2.23100476e-03,   1.13798152e-02,
          1.34680853e-02,   1.61792403e-02,   1.05435117e-02,
          1.15289907e-02,   2.22654833e-03,   2.09093018e-02,
          8.38876358e-03,   1.19726430e-02,  -1.18986032e-03,
          1.71567444e-02,   1.30501491e-02,   1.28201400e-02,
          1.30449078e-02,   1.55946799e-02,   1.99782189e-02,
          1.08354684e-02,   1.58382013e-02,   6.71734385e-03,
          1.81435667e-02,   1.83538014e-02,   2.45848681e-03,
          1.39315071e-02,   1.48465703e-03,   5.96605141e-03,
          6.43420212e-03,   1.73832401e-02,   6.27511491e-03,
          1.56713405e-02,   1.69381238e-02,   2.17335079e-03,
          6.17468442e-03,   7.90376049e-03,   5.17920590e-03,
          1.05998701e-02,   1.36811018e-03],
       [ -9.79315428e-02,  -1.33723063e-01,  -1.00905927e-01,
         -6.20011098e-02,  -1.25561499e-01,  -8.69614802e-02,
         -5.37868825e-02,  -1.00835510e-01,  -1.42951803e-01,
         -1.38232613e-01,  -9.41160951e-02,  -1.03354063e-01,
         -1.05797386e-01,  -1.27812559e-01,  -1.02815800e-01,
         -1.80050815e-01,  -1.88760835e-01,  -1.55322447e-01,
         -9.23019928e-02,  -1.09332966e-01,  -1.36947805e-01,
         -3.83494059e-02,  -1.15891272e-01,  -1.20189359e-01,
         -1.81411175e-01,  -1.24537266e-01,  -1.23288335e-01,
         -8.91589581e-02,  -1.73418319e-01,  -5.57747791e-02,
         -1.71277682e-01,  -1.01076565e-01,  -1.69840002e-01,
         -1.18404968e-01,  -1.02927276e-01,  -1.19855114e-01,
         -8.50458805e-02,  -9.79808957e-02,  -1.40934608e-01,
         -1.32451662e-01,  -1.23713216e-01,  -7.32598036e-02,
         -8.86071350e-02,  -6.76292739e-02,  -1.47715492e-01,
         -8.68184083e-02,  -8.47286178e-02,  -1.32751008e-01,
         -1.07406540e-01,  -8.18706070e-02],
       [ -2.60794067e-04,   6.35184873e-03,  -7.07711333e-03,
          6.96723693e-03,   5.95211036e-03,  -3.28325058e-03,
          6.21632915e-03,  -7.75138809e-04,  -4.68559493e-03,
          5.27892727e-03,   1.00320071e-02,   2.05638299e-03,
         -5.20238871e-03,  -5.55455925e-03,   4.85792600e-03,
          9.22632126e-03,  -3.33257352e-03,   2.76463445e-03,
          1.14906732e-02,  -3.04234445e-03,  -4.93676704e-03,
         -5.31716077e-03,   6.93652486e-04,   6.50530026e-03,
          1.20373131e-02,   4.28953369e-03,   5.99910990e-03,
          1.11599014e-02,  -2.27328289e-03,   6.53229751e-03,
         -6.17617915e-04,   8.30638117e-03,   8.77527058e-03,
         -5.10017710e-03,   5.01434876e-03,   8.26390992e-03,
         -5.46869956e-03,   7.53759641e-03,   1.13408854e-03,
          5.65996986e-03,   1.12650253e-02,   1.04494166e-02,
          3.20316378e-03,  -3.39460050e-03,  -7.01884366e-03,
          5.88670921e-03,  -3.81456204e-03,   9.00939169e-03,
          5.36322718e-03,  -3.56818641e-04],
       [  1.79864504e-02,   2.30228818e-02,   6.14072874e-03,
          1.21960005e-02,   2.76592754e-02,   1.77149570e-02,
          2.40802743e-02,   1.07964237e-02,   1.59268371e-02,
          1.87577732e-03,   2.16351111e-02,   1.33720075e-02,
          1.70164407e-02,   1.72064693e-02,   9.96714157e-03,
          1.40115291e-02,   2.85537005e-02,   1.04838612e-02,
          7.94199459e-03,  -1.81684498e-03,   7.44681109e-03,
          1.34952548e-02,   1.08944817e-02,   2.21404122e-03,
          2.42893875e-02,   6.85086659e-03,   1.32189830e-02,
          1.16630006e-02,   1.64354066e-02,   1.81075308e-02,
          1.42055361e-02,   3.20698237e-03,   2.09132771e-02,
          2.11690735e-02,   8.71861921e-03,   3.16775665e-03,
          1.24055503e-02,   8.76739037e-03,   1.42581946e-02,
          1.26889867e-02,   5.44032955e-03,   1.24743511e-02,
          1.48964038e-02,   1.28665323e-02,   6.81960909e-03,
          8.94048864e-03,   8.88541561e-03,   2.24914425e-02,
          1.57620147e-02,   1.15279516e-02],
       [ -2.36557275e-02,  -5.36691914e-02,  -2.24275130e-02,
         -1.91817527e-03,  -4.14655055e-02,  -2.17417017e-02,
         -1.80130617e-03,  -3.43287423e-02,  -5.22375952e-02,
         -4.55807625e-02,  -2.77080567e-02,  -4.24372194e-02,
         -2.25805660e-02,  -4.95708594e-02,  -4.08420566e-02,
         -6.03517038e-02,  -6.39086334e-02,  -5.05648604e-02,
         -1.72358899e-02,  -2.77562921e-02,  -5.25330882e-02,
          7.12735381e-03,  -3.74066603e-02,  -4.35652671e-02,
         -6.54418094e-02,  -3.29786286e-02,  -4.94809167e-02,
         -1.87390155e-02,  -6.50691414e-02,  -1.07966766e-02,
         -5.87218094e-02,  -3.75135412e-02,  -4.83689964e-02,
         -3.76086778e-02,  -2.89789505e-02,  -3.75611094e-02,
         -3.14987235e-02,  -3.54155725e-02,  -4.42990937e-02,
         -4.38517817e-02,  -4.24532882e-02,  -1.32877741e-02,
         -1.54227385e-02,  -9.71628354e-03,  -4.60680645e-02,
         -2.14240716e-02,  -2.35813241e-02,  -4.45523079e-02,
         -3.62849700e-02,  -1.80916426e-02],
       [ -4.11093285e-02,  -4.56699362e-02,  -4.35033283e-02,
         -1.37022004e-02,  -4.76258213e-02,  -3.92695909e-02,
          8.65999715e-04,  -3.16005818e-02,  -5.00451212e-02,
         -6.15611373e-02,  -2.11066883e-02,  -3.31724628e-02,
         -2.86171214e-02,  -5.20927741e-02,  -2.98915469e-02,
         -7.23056448e-02,  -7.97599971e-02,  -5.10973743e-02,
         -3.19754348e-02,  -2.51542299e-02,  -5.04030939e-02,
          2.80691654e-03,  -4.28880068e-02,  -5.59144283e-02,
         -7.61705117e-02,  -4.91944995e-02,  -5.18155872e-02,
         -2.44107675e-02,  -6.64248327e-02,  -1.09418789e-02,
         -6.35753922e-02,  -3.41452730e-02,  -6.14148235e-02,
         -4.43862921e-02,  -3.04893358e-02,  -4.90654296e-02,
         -3.61193085e-02,  -2.77343448e-02,  -4.72788684e-02,
         -3.92458440e-02,  -3.59675134e-02,  -1.75976990e-02,
         -2.21010069e-02,  -1.15911262e-02,  -6.62923784e-02,
         -3.57514585e-02,  -1.94180263e-02,  -5.58429898e-02,
         -4.79947032e-02,  -3.43315622e-02]])]Hidden bias: [array([-0.86023651, -0.84934958, -0.8619497 , -0.87092586, -0.85213474,
       -0.86289287, -0.87274044, -0.8596501 , -0.84907221, -0.84668492,
       -0.86402768, -0.85939788, -0.86174955, -0.85125651, -0.8588003 ,
       -0.83246628, -0.82724703, -0.84355446, -0.86390833, -0.86036782,
       -0.8471524 , -0.87397679, -0.85631278, -0.85322619, -0.83236898,
       -0.85377352, -0.85197928, -0.86535516, -0.83505391, -0.87083048,
       -0.8380619 , -0.86016402, -0.83896131, -0.85660241, -0.8612161 ,
       -0.8557596 , -0.86379986, -0.86187095, -0.8490588 , -0.85337562,
       -0.85423722, -0.86732368, -0.86493477, -0.86887146, -0.84486431,
       -0.86416446, -0.86617443, -0.84926496, -0.85711856, -0.86481508])]Output weights: [[ 0.04211633  0.02283119]
 [ 0.08874151  0.02857162]
 [ 0.03749029  0.0255011 ]
 [-0.01753861  0.02095635]
 [ 0.07883553  0.03711277]
 [ 0.02979885  0.03126674]
 [-0.03266098  0.03621802]
 [ 0.04652061  0.01673159]
 [ 0.09045445  0.02681627]
 [ 0.09929769  0.01732602]
 [ 0.02315632  0.03482826]
 [ 0.04793597  0.02200795]
 [ 0.03649911  0.03131915]
 [ 0.08208776  0.01974804]
 [ 0.05095624  0.02886374]
 [ 0.14660566  0.03001395]
 [ 0.16217307  0.03870402]
 [ 0.11117746  0.0225865 ]
 [ 0.02553122  0.02741501]
 [ 0.04318197  0.00937746]
 [ 0.09878746  0.02981274]
 [-0.04473005  0.02166752]
 [ 0.0616719   0.0285203 ]
 [ 0.07585733  0.01857788]
 [ 0.14533138  0.03411219]
 [ 0.07119101  0.01692472]
 [ 0.07925248  0.02414209]
 [ 0.01966991  0.02917149]
 [ 0.13857249  0.03134417]
 [-0.01781433  0.03768592]
 [ 0.12928321  0.02410036]
 [ 0.04388215  0.0203647 ]
 [ 0.12632884  0.02553505]
 [ 0.0590194   0.03885558]
 [ 0.03849385  0.02650732]
 [ 0.06359941  0.01852705]
 [ 0.02565265  0.02910021]
 [ 0.03731248  0.02480577]
 [ 0.09192846  0.0270387 ]
 [ 0.07513283  0.03080921]
 [ 0.06982655  0.01572787]
 [ 0.00458367  0.01980179]
 [ 0.01946677  0.03167888]
 [-0.00464115  0.02624245]
 [ 0.10663424  0.02186944]
 [ 0.02532008  0.02298288]
 [ 0.01396096  0.02831872]
 [ 0.08965457  0.02667716]
 [ 0.05789985  0.03519679]
 [ 0.02124027  0.02876234]]Output bias: [ 1.15538648  0.96695667]
Value MLP:Hidden weights: [array([[  7.43806498e-01,   8.57263655e-01,   1.00192307e+00,
          7.89721312e-01,   7.12183666e-01,   1.09816416e+00,
          8.49769611e-01,   8.45105830e-01,   8.40360879e-01,
          9.81542489e-01,   9.66895554e-01,   8.57628816e-01,
          7.50387348e-01,   1.11268942e+00,   8.63381275e-01,
          6.28102824e-01,   1.03773237e+00,   8.10897578e-01,
          8.90868916e-01,   8.09621296e-01,   9.08233432e-01,
          5.29626788e-01,   8.08306311e-01,   8.85558526e-01,
          4.96248575e-01,   9.41033114e-01,   8.99624329e-01,
          7.39281042e-01,   7.97314650e-01,   1.42789814e-01,
          9.91527134e-01,   1.10272623e-01,   8.14365416e-01,
          8.88627712e-01,   8.41800872e-01,   9.17515882e-01,
          1.08729271e+00,   8.63694410e-01,   2.23218097e-01,
          4.79775713e-01,   6.71839849e-01,   7.59778342e-01,
          7.50098051e-01,   7.61324280e-01,   4.70446042e-01,
          8.67025876e-01,   9.26647277e-01,   2.10807348e-01,
          6.43386667e-01,   1.06746282e+00],
       [ -5.84490967e-02,   1.28170594e+00,   2.77351205e-01,
          2.86498421e-01,   5.31938177e-01,  -3.66411311e-01,
          1.20873752e+00,   2.07450168e+00,   4.28678609e-01,
          3.29531113e+00,   4.44603307e-02,   1.31099484e+00,
          3.21870494e-01,  -8.33855901e-01,   8.33317039e-01,
         -2.66863367e-01,   3.99952019e-01,   2.26647310e-01,
          4.57500387e-01,   3.84726348e-01,   1.17647565e+00,
          2.31375924e+00,   2.05057629e+00,   1.99916654e+00,
          2.25745029e+00,   1.95198430e-01,   1.42719402e+00,
          2.18544584e+00,   1.43123656e+00,   1.16405620e+00,
          1.98591852e+00,   1.07998733e+00,   2.04185349e+00,
          4.02724761e-01,   2.10076955e+00,   1.09801633e+00,
         -1.54195717e-01,   3.52448565e-01,   1.41315039e+00,
          2.29809165e+00,   9.41561990e-02,   6.48663925e-01,
          4.00870945e-01,   2.37999585e+00,   6.29085926e-01,
         -5.94775343e-02,   1.24558663e+00,   1.66746828e+00,
          1.00969954e+00,   3.80945895e-01],
       [  8.46744525e-01,   1.59215077e+00,   1.14513801e+00,
         -5.16274444e-02,   6.31553173e-01,   9.79202625e-01,
          1.64256836e+00,   3.85734578e-01,   8.15533035e-01,
         -3.64420257e-01,   8.46116371e-01,   7.75463877e-01,
         -1.36925246e-01,   8.80001800e-01,   1.48951342e+00,
         -2.90925094e-01,   1.18227780e+00,   8.41281573e-01,
          9.20410777e-01,   7.84156544e-01,   1.74064071e+00,
         -2.49346026e-01,   4.72088927e-01,   4.82258712e-01,
         -2.01250444e-01,   1.07537013e+00,   1.69967188e+00,
          2.55232697e-01,   1.50308642e+00,   2.94055602e-01,
          1.56469315e+00,   2.52533782e-01,   4.67322952e-01,
          8.89631959e-01,   3.59511760e-01,   1.74046749e+00,
          1.02204321e+00,   8.02775501e-01,   4.93713305e-01,
         -2.19696854e-01,   4.65779194e-01,  -5.07093720e-01,
          6.88241963e-01,  -2.39929453e-01,   1.98170691e-01,
          6.97935187e-01,   1.73383825e+00,   1.07989067e-01,
          1.60968744e-01,   1.27521990e+00],
       [  1.15455628e+00,  -3.09020200e-01,   6.66247735e-01,
          4.79943272e+00,   1.70286341e+00,   6.06423685e-01,
         -3.18427416e-01,   1.49060473e+00,   5.80026019e-01,
          3.62036474e+00,   7.84585812e-01,   1.26811875e+00,
          5.71166472e+00,   1.50707977e+00,  -2.90807218e-01,
          4.45022351e+00,   6.41047162e-01,   1.34639601e+00,
          5.88187644e-01,   5.71043049e-01,  -3.15438269e-01,
          2.32047802e+00,   1.46670053e+00,   1.39814551e+00,
          2.02702525e+00,   6.74550585e-01,  -2.77205167e-01,
          1.64761332e+00,  -2.73327268e-01,  -4.62320605e-02,
         -3.60953988e-01,  -4.70051726e-02,   1.44293697e+00,
          6.02910905e-01,   1.51387853e+00,  -3.21836892e-01,
          6.36825862e-01,   1.37215905e+00,  -3.34686900e-02,
          2.15555796e+00,   8.69441258e-01,   5.29589060e+00,
          1.61789001e+00,   3.06841163e+00,   7.83972976e-01,
          8.22856249e-01,  -2.98238659e-01,  -3.29186694e-02,
          9.27721993e-01,   6.63405958e-01],
       [ -1.26672883e+00,  -1.24004553e+00,  -9.86191391e-01,
          5.01731886e-03,  -1.30815175e+00,  -1.30075398e+00,
         -1.24286390e+00,  -1.15546308e+00,  -9.93603044e-01,
         -6.98468490e-01,  -1.12089220e+00,  -1.19236457e+00,
          1.77030950e-02,  -1.51259078e+00,  -1.09182433e+00,
         -1.80348241e-01,  -9.86550083e-01,  -1.22531119e+00,
         -1.01856387e+00,  -9.62232871e-01,  -1.34487725e+00,
         -1.20176424e+00,  -1.18290994e+00,  -1.16283332e+00,
         -1.18775616e+00,  -9.55335638e-01,  -1.35835404e+00,
         -1.16761235e+00,  -1.19301749e+00,  -8.17214657e-01,
         -1.40725314e+00,  -7.68961604e-01,  -1.20934526e+00,
         -9.98497576e-01,  -1.15899320e+00,  -1.33370986e+00,
         -1.28729284e+00,  -1.21858163e+00,  -9.51858522e-01,
         -1.20325229e+00,  -1.00131833e+00,  -1.63188749e-01,
         -1.28683447e+00,  -9.39630610e-01,  -8.98468123e-01,
         -1.06117694e+00,  -1.36721534e+00,  -8.57833040e-01,
         -9.18256633e-01,  -9.78970925e-01],
       [ -6.37068985e-02,   9.60956954e-02,   1.66561295e-01,
          4.00877364e-01,  -1.77043743e-01,   9.92367148e-02,
          1.04000202e-01,  -3.24714286e-01,   8.54753012e-02,
         -4.33529046e-01,   1.17285547e-02,  -2.04998827e-01,
         -2.36428398e-01,   5.68135454e-01,   1.55333342e-01,
          7.49381775e-01,   1.92307996e-01,  -7.03394873e-02,
          9.25180339e-02,   1.14037743e-01,   9.57352642e-02,
         -4.11773906e-01,  -3.01802014e-01,  -2.96656757e-01,
         -4.16031308e-01,   1.44853216e-01,   8.34084680e-02,
         -3.52010243e-01,   8.18937300e-02,  -7.96750759e-02,
          4.26862174e-02,  -7.73752077e-02,  -2.96497613e-01,
          7.87925053e-02,  -3.26087543e-01,   1.00244135e-01,
          9.46999046e-02,  -8.42831528e-02,  -3.46761526e-02,
         -4.12551229e-01,  -1.02134862e-01,  -1.31471339e+00,
         -1.50425625e-01,  -2.78254590e-01,  -2.11015316e-01,
         -4.14239843e-02,   8.26769207e-02,  -1.20736989e-01,
         -8.75556246e-02,   2.12503274e-01],
       [  1.30792738e+00,   7.89721001e-01,  -5.99721208e-01,
          1.98381124e+00,   1.22236772e+00,   1.26308845e+00,
          7.86733738e-01,   8.98476292e-01,  -1.73219334e-01,
          1.04005988e+00,   1.27953066e+00,   1.01511210e+00,
          7.26758351e-01,   3.15279164e+00,   1.00765993e+00,
          2.84334276e+00,  -7.26601870e-01,   1.34731922e+00,
         -1.69952159e-01,  -3.97786469e-01,   7.80622857e-01,
          9.73923647e-01,   8.81716259e-01,   9.15696756e-01,
          9.01152992e-01,  -4.24008909e-01,   7.73371877e-01,
          8.93126497e-01,   8.05571511e-01,   8.01812127e-01,
          7.87193417e-01,   7.75303968e-01,   8.89030811e-01,
         -1.73438267e-01,   9.03925679e-01,   7.91603563e-01,
          1.10313303e+00,   1.34193810e+00,   8.16466992e-01,
          9.22977223e-01,   1.69219473e+00,  -1.25723837e+00,
          1.26440833e+00,   1.34109322e+00,   1.90935569e+00,
          1.48001384e+00,   7.81705930e-01,   6.73256104e-01,
         -1.98657806e-01,  -7.40766009e-01],
       [  7.72426112e-01,   8.28515550e-01,  -7.37210775e-01,
          1.18215321e+00,   7.75289306e-01,   5.21144962e-01,
          8.13860700e-01,   6.26288133e-01,  -2.42964298e-01,
          5.35425827e-01,   8.17272837e-01,   7.64620279e-01,
          1.24300090e+00,   1.80190640e+00,   8.51176810e-01,
          1.05297399e+00,  -8.69553077e-01,   7.88662964e-01,
         -2.29947822e-01,  -5.23528899e-01,   7.62262905e-01,
          5.14309148e-01,   6.54270013e-01,   6.47307189e-01,
          5.46234688e-01,  -5.39728288e-01,   7.97438776e-01,
          6.11888435e-01,   8.62128798e-01,   8.49986568e-01,
          8.88221170e-01,   8.34583524e-01,   6.89286890e-01,
         -2.37395075e-01,   6.28335948e-01,   7.47304402e-01,
          5.02089603e-01,   8.02591730e-01,   8.78275911e-01,
          5.34941911e-01,   1.44461719e+00,   6.44070007e-01,
          7.65204419e-01,   5.41143105e-01,   1.88451360e+00,
          1.06503596e+00,   7.60147058e-01,   7.68858058e-01,
         -3.12590801e-01,  -8.80682961e-01]])]Hidden bias: [array([-0.1255309 ,  1.95415171, -1.754136  ,  3.81868714,  0.06604675,
       -0.45117938,  1.96337638,  1.46067009, -1.72587631, -0.66292786,
       -0.43286799,  0.81897369,  1.8246809 , -1.45201226,  1.88241811,
        4.58890005, -1.75690222, -0.21771693, -1.65497013, -1.90309357,
        2.01563549,  1.11651562,  1.45318762,  1.34823933,  1.50467327,
       -1.74096899,  2.02145481,  1.55976881,  1.91752728,  1.9960153 ,
        2.02643712,  1.99410644,  1.45994526, -1.65738204,  1.47020411,
        2.00575753, -0.57211544, -0.22147668,  1.96073953,  1.37329193,
       -0.30452898, -2.21895276, -0.02979522,  0.16606296,  0.55362353,
       -0.27742171,  2.02636014,  1.9326264 , -2.31259414, -1.71957892])]Output weights: [[ 1.05567891]
 [ 4.44087314]
 [-2.60557711]
 [-5.68611499]
 [ 0.94296567]
 [ 0.73025964]
 [ 4.54636861]
 [ 1.75747209]
 [-2.2145245 ]
 [-1.85505886]
 [ 0.76991557]
 [ 1.12755779]
 [-5.73667067]
 [-1.27812924]
 [ 4.01311999]
 [-5.53153122]
 [-2.64834282]
 [ 0.95170389]
 [-2.25990544]
 [-2.241104  ]
 [ 4.92944625]
 [ 0.86055036]
 [ 1.75601139]
 [ 1.60431343]
 [ 1.55211046]
 [-2.51979668]
 [ 4.86624097]
 [ 1.87948886]
 [ 4.12543411]
 [ 2.10305858]
 [ 4.96261555]
 [ 1.9271123 ]
 [ 1.78865498]
 [-2.24818261]
 [ 1.76704771]
 [ 4.88567603]
 [ 0.48310919]
 [ 0.92598265]
 [ 2.6354646 ]
 [ 1.27493123]
 [ 1.08400782]
 [-6.24307976]
 [ 0.95703123]
 [-0.48345959]
 [ 1.17871224]
 [ 1.15731385]
 [ 4.96172432]
 [ 1.92883812]
 [-1.45340661]
 [-2.75342279]]Output bias: [ 5.39370879]