Action MLP:
Initial hidden weights: [array([[ -9.47890404e-04,   7.34495606e-03,   1.38815383e-03,
          8.98597946e-03,   7.73743074e-03,  -4.97151116e-03,
          7.84629264e-03,   9.12428001e-03,   4.76559763e-03,
          5.62861030e-03,   3.45125186e-03,  -2.12708041e-05,
         -9.94918073e-03,   2.35639245e-03,  -1.39001083e-03,
          1.29204710e-03,   3.32239026e-03,   8.19606044e-03,
          4.15111441e-03,   5.08537440e-04],
       [ -8.22475785e-03,  -5.19318334e-03,   2.77343006e-03,
         -1.75535363e-03,   4.90934397e-03,   5.42307168e-03,
          8.33244469e-04,  -4.73896542e-03,   4.96580299e-03,
          6.03265623e-03,   5.31023165e-03,  -6.92619265e-03,
          3.78506383e-04,  -8.92363734e-03,  -5.07153252e-03,
         -3.30503874e-03,  -2.89676286e-03,  -1.39872460e-03,
         -4.51379960e-03,  -4.99786788e-03],
       [ -2.70259766e-03,  -5.72172308e-03,  -6.10147620e-03,
         -2.05006600e-03,  -1.61186872e-03,   5.11097537e-03,
          7.46958344e-03,  -7.29988587e-03,   1.70324730e-03,
         -5.41810208e-03,  -6.40925855e-03,   5.82790052e-03,
          8.05039490e-03,  -7.53877250e-03,  -5.15789725e-03,
          4.54702391e-03,   3.90082618e-03,   8.62458941e-03,
         -9.87728942e-03,   9.43369521e-03],
       [ -9.41204681e-03,   9.06543849e-03,   9.15372299e-03,
         -7.65696390e-03,   5.92566278e-03,   3.88061281e-03,
         -8.12699130e-04,   4.17429453e-03,  -4.89251723e-03,
         -8.34367876e-03,  -9.56710288e-03,  -3.32225751e-03,
          2.16310102e-04,   2.79088190e-04,   4.48416377e-03,
          4.55482395e-03,  -7.26143652e-04,  -9.45425346e-03,
         -6.55736015e-04,  -7.73971592e-03],
       [ -4.22589975e-05,  -4.93141091e-03,   5.59154086e-03,
          6.25074921e-03,  -8.66642316e-03,  -2.89394388e-03,
         -4.09755654e-03,  -9.70062382e-03,   8.85687857e-03,
          6.05596098e-03,   8.49439257e-03,  -1.98997819e-03,
         -4.06532485e-03,  -2.24448604e-03,  -2.55879408e-04,
         -9.61742291e-04,   6.51350931e-03,  -2.53971994e-03,
         -6.60542246e-03,  -3.56332247e-03],
       [ -5.96080963e-03,   6.30985264e-03,   3.70065609e-03,
         -4.44467173e-03,   4.51398123e-03,  -1.76833930e-03,
         -4.61018298e-03,  -2.79342756e-03,   4.53676223e-03,
          7.90471831e-03,   1.80891345e-03,   4.07795867e-04,
          8.71659168e-03,  -3.20515508e-04,  -3.59118318e-03,
          6.97727302e-03,  -3.06244779e-03,   3.12103694e-04,
         -4.74748529e-03,  -3.15985715e-03],
       [ -9.41836508e-04,   1.19550049e-03,   5.42451221e-03,
          9.50341629e-03,  -2.84148057e-03,   5.26570718e-03,
         -4.27617893e-04,  -3.00608963e-03,   3.74149705e-03,
         -9.98655774e-03,   1.06158267e-03,  -7.06306888e-03,
          7.81731454e-03,   2.40920913e-04,  -3.81754425e-03,
          5.26685032e-03,  -1.62353789e-03,  -5.71415676e-03,
          2.32196646e-03,  -3.09541518e-03],
       [ -7.12184335e-03,  -8.28463566e-03,  -6.19997375e-03,
          9.81024888e-03,   1.66420079e-03,   1.64005457e-03,
          5.05521628e-03,   6.50211174e-03,   3.30885776e-03,
         -3.19882731e-03,   6.00540646e-03,   7.13947555e-03,
         -9.24672437e-03,  -7.93005266e-03,  -4.37332219e-03,
          6.90827794e-03,  -1.42140286e-03,  -2.56055276e-03,
          5.06572322e-03,  -3.93277801e-03]])]
Initial hidden bias: [array([-1., -1., -1., -1., -1., -1., -1., -1., -1., -1., -1., -1., -1.,
       -1., -1., -1., -1., -1., -1., -1.])]
Initial output weights: [[-0.00381461  0.0068862 ]
 [-0.00466894 -0.00244329]
 [-0.00834188 -0.00145261]
 [ 0.00542843 -0.00793072]
 [ 0.002937    0.00906635]
 [-0.00422996  0.00590902]
 [ 0.00327959 -0.00459754]
 [-0.00299117 -0.00045855]
 [ 0.00208854 -0.00223419]
 [-0.00392283 -0.00491103]
 [ 0.00861085  0.00199188]
 [-0.00432688 -0.00799824]
 [ 0.00201596 -0.00598051]
 [-0.00614635 -0.00994287]
 [-0.00927289 -0.00623085]
 [ 0.00887686  0.00062587]
 [-0.00119795 -0.00827796]
 [-0.00620269  0.00793302]
 [-0.00507857  0.00389271]
 [ 0.00897237  0.00930583]]
Initial output bias: [ 1.  1.]
Value MLP:
Initial hidden weights: [array([[ -6.88818827e-03,  -5.78744060e-03,   2.60230325e-03,
          8.52707777e-03,   5.87053404e-03,  -5.11876163e-03,
          5.98299795e-03,  -1.41326015e-03,   8.51057292e-03,
          5.49189911e-03,  -5.22877426e-03,  -8.43757252e-03,
         -1.09964891e-03,   3.55584284e-03,   1.62402546e-03,
         -9.66053459e-03,  -3.20534288e-03,   7.63439417e-03,
         -3.52684044e-03,   2.28373047e-03],
       [ -9.80809880e-04,  -6.08773365e-03,  -7.52932547e-03,
         -8.92750156e-03,   7.79700111e-03,  -6.50420365e-03,
         -6.55721118e-03,  -7.57945583e-03,   5.26927913e-03,
         -6.51127993e-03,   5.07366440e-03,   3.33852134e-03,
         -4.25683476e-03,   3.34107343e-03,   4.40674174e-03,
         -6.02289593e-03,   7.03789527e-03,   1.08394392e-05,
         -9.10875421e-03,  -1.73456466e-03],
       [  4.51844719e-03,  -1.31761745e-03,   9.10820416e-03,
          2.56844948e-03,   3.57007666e-03,  -7.99479994e-03,
          4.93872132e-03,   7.78655828e-03,  -5.22656258e-03,
          3.41193457e-03,   3.10311284e-03,   5.66431002e-03,
         -4.20499908e-03,   3.45227791e-03,   9.02726193e-03,
          4.46031702e-03,  -3.36121880e-03,  -9.90201460e-03,
          1.77205880e-03,   7.77597296e-03],
       [  2.66373871e-03,   7.27147200e-03,  -7.18690683e-03,
         -9.99141950e-04,  -1.65364561e-03,  -7.11687307e-03,
         -2.12752691e-03,  -1.71164499e-03,  -3.14676395e-03,
         -1.72519639e-03,  -1.35637277e-03,   9.99761485e-03,
         -5.00746458e-03,  -6.79202390e-03,  -5.37287079e-03,
          3.46541180e-03,  -9.51443531e-04,   3.02986473e-04,
          1.37328323e-03,  -4.05348752e-03],
       [  8.57556544e-03,   9.42766139e-03,   2.39363056e-03,
         -6.78036488e-03,   3.04422591e-03,  -2.84293807e-03,
          6.57349198e-03,   3.17877246e-03,   3.26220466e-03,
          3.74668957e-03,   3.44658426e-03,  -7.40076149e-03,
          2.95883910e-03,  -3.93219868e-03,  -8.90239784e-04,
          8.12728881e-03,   5.49987058e-03,   1.03182481e-03,
         -9.75229518e-03,  -4.18012209e-03],
       [ -1.29254970e-03,   4.56700295e-05,   2.07160108e-03,
          8.79762803e-03,   6.53883066e-03,  -6.28783074e-03,
          9.05801258e-03,   4.02302711e-03,   4.77313749e-03,
         -6.86995338e-03,   6.53119818e-03,  -9.94637860e-03,
          6.20765302e-03,  -6.84704593e-03,  -5.65544456e-03,
          6.04782789e-03,  -6.70645219e-03,  -8.45404787e-03,
         -7.04688810e-03,   5.34200889e-03],
       [ -9.98715453e-03,  -9.34905960e-03,   4.38491118e-03,
          6.16598730e-03,   8.47156721e-03,  -3.63167548e-03,
          5.93372506e-03,   9.52489415e-03,  -7.10285108e-03,
         -9.76062642e-03,  -5.22781163e-03,   3.95229970e-03,
          1.22176315e-03,   6.44595434e-04,  -7.39431920e-03,
          6.31395570e-04,   5.86457762e-03,   3.01391827e-03,
          5.83379870e-03,   5.59680487e-03],
       [  3.65521808e-04,   1.12984732e-03,  -3.04987661e-04,
          5.92511390e-03,  -2.21225185e-03,   1.35260695e-03,
          3.72509331e-03,   1.33663653e-03,  -2.61437459e-03,
          1.22979392e-03,  -7.81495011e-03,   3.63837234e-03,
          4.46976604e-04,   5.23282786e-03,  -9.52926683e-04,
          3.57356956e-03,   1.70898109e-03,   7.76332646e-03,
          9.94780136e-03,   2.32574401e-03]])]
Initial hidden bias: [array([-1., -1., -1., -1., -1., -1., -1., -1., -1., -1., -1., -1., -1.,
       -1., -1., -1., -1., -1., -1., -1.])]
Initial output weights: [[-0.00919202]
 [ 0.00891348]
 [-0.00771013]
 [-0.00887733]
 [ 0.00153975]
 [-0.00811453]
 [-0.00337558]
 [-0.00333209]
 [-0.0071022 ]
 [ 0.00658467]
 [-0.00696428]
 [-0.00375268]
 [-0.00865206]
 [ 0.00597448]
 [ 0.0082885 ]
 [-0.00477172]
 [ 0.00346717]
 [ 0.00464084]
 [ 0.00247853]
 [ 0.00421655]]
Initial output bias: [ 1.]
