Action MLP:
Initial hidden weights: [array([[  4.95995640e-03,  -2.59960635e-03,   2.55942967e-03,
          9.73936326e-03,  -2.00573233e-03,  -5.01685550e-03,
         -4.57442620e-03,   3.75313891e-03,  -1.09651653e-03,
         -7.79970937e-03,   5.04596704e-03,  -5.37513157e-03,
         -4.70952214e-03,  -9.29809196e-03,  -9.51983646e-03,
         -1.40184915e-03,   5.84396328e-03,  -3.27763065e-03,
          3.36136383e-03,  -1.94722375e-03,   5.73130261e-03,
          3.54877382e-03,   7.38837381e-03,  -2.42811566e-03,
          9.43524124e-03,   6.37446981e-04,  -6.32859797e-03,
          5.18455741e-03,  -6.51951386e-03,  -4.03114340e-03,
          6.18355694e-03,  -4.87692899e-03,  -2.22590014e-04,
          9.59337029e-03,  -8.69163436e-03,  -9.30304819e-03,
         -4.74970833e-03,   4.67150825e-03,   8.35776136e-03,
          4.23084634e-03,  -1.04852346e-03,   2.39387047e-03,
         -7.07028538e-03,  -1.84276825e-03,   5.93698406e-03,
         -7.48494879e-03,  -2.12694109e-03,  -6.61040976e-03,
          8.32132880e-03,   3.86405573e-03,   3.59126071e-03,
          6.00672678e-04,  -5.65923893e-03,   7.76238165e-03,
          7.58272948e-03,   3.92393240e-03,  -2.91688571e-03,
         -5.13592020e-03,   8.67632225e-03,   4.11060935e-03,
         -8.28708536e-03,   3.21876988e-03,  -4.42521674e-05,
         -6.96248572e-04,  -7.13257493e-03,   2.95081388e-03,
          3.68191468e-03,  -4.68210155e-03,  -7.61200117e-03,
          9.56133608e-03,  -7.16592138e-03,  -9.14254927e-03,
         -5.74438939e-03,   7.36817235e-04,  -8.69250259e-03,
          5.29730750e-04,   3.95350174e-03,  -9.68138573e-03,
          4.07370602e-03,   3.63743109e-03,  -8.67633682e-03,
          6.33265330e-03,  -6.85101553e-03,  -7.22255463e-03,
          6.87508072e-03,  -8.43565881e-03,   6.08107593e-03,
         -3.30094440e-03,  -4.48210127e-03,   4.15405883e-03,
         -9.95814650e-03,   9.18340360e-03,  -2.64883648e-03,
          5.18047862e-03,   5.49870951e-04,  -6.58889984e-03,
          4.69247728e-03,  -6.67209963e-03,   5.78436492e-03,
         -9.99567832e-03],
       [ -6.11661266e-03,  -3.53475580e-03,  -3.92722727e-03,
          1.73090210e-03,   4.62508533e-03,  -9.81951183e-03,
         -5.39089981e-03,   6.67342880e-04,  -7.29666293e-03,
         -3.18015948e-03,  -3.29142824e-03,   5.60598378e-03,
         -1.99565935e-03,  -5.37564918e-03,  -7.91262466e-03,
          3.86274704e-03,   5.34347439e-03,  -9.36969192e-03,
          5.36141273e-03,   4.58501400e-03,   1.18738020e-03,
         -8.63028675e-03,   2.07164237e-03,  -5.85937769e-03,
          9.45294487e-03,   1.31954971e-03,  -3.33673064e-03,
         -4.61045530e-03,   2.72058504e-03,  -4.55680869e-03,
         -9.58275085e-03,  -5.96991517e-03,   2.54593545e-03,
         -5.62309124e-05,  -6.86460434e-03,  -8.21451154e-03,
          8.37731188e-03,  -4.07512249e-03,  -9.33640483e-04,
          9.01402111e-03,  -4.13551642e-03,  -4.01723511e-03,
          3.52446437e-03,   6.31795185e-03,   4.62055944e-03,
         -2.63273890e-03,  -5.53858137e-03,   7.05503673e-03,
          9.85317733e-03,  -2.09941194e-03,   3.49683569e-03,
         -2.40605777e-03,  -9.20849024e-04,   1.73700666e-03,
         -8.61024234e-03,  -9.44390669e-06,  -1.63748542e-03,
          1.55518282e-03,   1.01432622e-03,   5.51606140e-03,
          4.95935844e-03,  -4.83717356e-03,  -5.03073708e-03,
         -8.17985211e-03,  -8.22242763e-03,  -8.66019874e-03,
         -6.16945249e-03,   2.32703613e-04,   8.75044323e-03,
          9.59126351e-03,   6.11290157e-03,   5.57628868e-03,
          4.49506965e-03,  -1.43656899e-04,   4.95963386e-03,
         -4.32557610e-03,   9.85378738e-03,  -4.82404494e-03,
         -8.91197455e-05,  -2.34751074e-03,  -6.36820394e-03,
         -7.44981105e-04,   7.19881570e-03,   2.03409041e-03,
         -5.66589131e-03,   8.67167111e-03,  -6.36985942e-05,
          8.68610847e-03,  -7.53648642e-03,   1.31452458e-03,
         -4.52423551e-03,  -7.61160652e-03,   4.55134936e-03,
          2.56863248e-04,  -7.62808057e-03,  -4.38346678e-03,
         -7.84182727e-03,  -9.66942692e-03,   5.82708717e-03,
         -1.09563798e-04],
       [  6.60165238e-03,  -6.32839879e-03,   4.65211822e-03,
          6.46230445e-03,   2.19857658e-03,  -1.25019019e-03,
          9.27357674e-03,  -4.96397717e-03,   3.21731429e-03,
          7.62971655e-03,   1.14169897e-03,  -6.78937380e-03,
         -9.48379014e-03,   5.74869101e-03,  -5.97494509e-03,
          2.27645363e-03,   1.55048123e-03,   1.75847661e-03,
         -5.81074832e-03,   1.13417641e-03,   9.32918205e-03,
         -9.59604387e-03,   8.83178960e-03,  -8.99760478e-04,
          9.82967665e-03,  -2.27680178e-03,   2.91689448e-04,
          5.71262270e-03,  -5.24842458e-03,  -3.98905103e-03,
         -3.32341650e-03,  -1.53761160e-03,  -1.57135044e-03,
          4.91196218e-04,   8.25473788e-03,  -3.56196384e-03,
         -1.23753934e-03,   8.88621737e-03,   1.88154732e-03,
          6.08829727e-03,   2.95055922e-03,  -7.98450932e-03,
          6.98913885e-03,   6.60918938e-03,  -9.26805721e-03,
         -3.87958925e-03,   4.96180413e-03,  -5.86083398e-04,
          7.24368230e-03,  -2.55630155e-04,   5.85490036e-03,
         -3.10189408e-03,  -6.52053003e-03,   6.67323219e-04,
         -4.81543243e-03,   1.14612229e-03,  -7.25529357e-03,
          7.53769771e-03,  -4.87720773e-03,  -2.37191201e-03,
         -2.64720768e-03,  -6.11348664e-04,  -8.14021344e-03,
         -2.65298726e-03,   4.75173350e-03,  -5.76469174e-03,
          5.21024982e-03,   2.37231430e-03,   2.41415132e-03,
          1.32485332e-03,   7.82076360e-03,   8.73135128e-03,
         -6.56492493e-03,  -8.15985278e-03,  -2.31266421e-03,
         -2.55896870e-05,  -2.84429204e-04,  -8.54777170e-04,
          1.03371697e-03,  -3.77232348e-03,  -7.29587207e-03,
          1.64891462e-03,   2.10182478e-03,  -2.61524763e-03,
         -5.19923069e-03,  -6.67912624e-03,  -7.65782809e-03,
         -7.73972143e-04,   9.50088217e-03,   3.05610955e-03,
          3.77089433e-03,  -3.73190661e-03,  -7.64398852e-03,
          7.44751740e-03,  -8.23784193e-03,  -9.06446588e-03,
         -1.47549346e-03,   8.89669972e-03,   2.01181530e-04,
          2.41810055e-04],
       [ -9.12259467e-03,   2.57560327e-04,   1.66863406e-03,
          7.45368822e-03,  -5.19175765e-03,  -6.39190643e-03,
         -5.64281171e-03,  -8.24094653e-03,   4.69916259e-03,
          8.56035884e-03,  -2.73055923e-03,  -6.47561483e-03,
         -2.15193378e-03,  -8.57289463e-03,   5.09407932e-03,
          6.72402281e-04,  -7.58995658e-03,  -6.43978713e-03,
         -3.34697262e-04,   6.84537566e-03,  -1.24024108e-03,
         -8.72613911e-03,  -2.59897842e-03,   9.19325060e-03,
          7.26260672e-03,   4.51433709e-03,   4.31016622e-03,
          3.13623573e-03,   2.05034808e-03,   6.05824536e-03,
         -8.26948248e-03,   3.91770714e-03,   8.75628606e-03,
         -3.45953844e-03,  -1.54188876e-04,   2.09067195e-03,
         -1.08783991e-03,   8.63222494e-03,  -4.09997495e-03,
          9.65979961e-04,  -7.63729109e-03,  -8.96608164e-05,
          9.43485362e-03,  -1.53282251e-04,  -3.94532679e-03,
          1.04458617e-03,   4.63168531e-03,   9.65770831e-03,
         -2.19943182e-03,   9.07251771e-03,   6.68620542e-03,
          5.62343130e-03,   2.41592235e-03,  -4.46636490e-03,
          7.01696758e-03,   6.78353119e-03,  -6.43806110e-03,
         -1.90642612e-03,  -8.07280747e-03,  -1.08819054e-03,
          1.70070852e-03,  -7.36069719e-03,  -3.23151533e-03,
          6.52724981e-04,   5.45256715e-03,  -6.34219426e-03,
          6.36393420e-03,   3.84447347e-03,  -2.70123082e-03,
         -6.23096046e-03,  -9.72346816e-03,  -9.92699169e-03,
         -2.52465418e-03,   6.59227036e-03,   1.59110763e-03,
         -3.36603065e-03,  -8.96674947e-04,  -1.51000079e-03,
          8.38082249e-03,  -6.05772023e-03,  -3.01403051e-03,
          9.24614897e-03,   1.16228962e-03,   9.49977946e-03,
          3.78494564e-03,   5.95600459e-03,  -3.43910301e-03,
         -6.05324176e-03,   6.67914793e-03,   5.75499590e-03,
         -3.63294126e-03,   8.49566239e-03,   5.00207407e-03,
         -8.46941871e-04,   2.26708034e-03,  -4.93655985e-03,
         -1.02648904e-03,  -9.73940425e-04,   2.92079991e-03,
         -1.55328308e-03],
       [  3.17475845e-03,  -5.48285978e-03,   2.87649235e-03,
          4.65401864e-03,   1.28386882e-03,   1.36442231e-03,
         -4.75517285e-03,  -5.55608009e-03,   4.75648228e-03,
          8.10343958e-03,  -8.29562885e-03,   3.07682026e-03,
         -8.64349638e-04,   3.82278580e-03,  -6.08854448e-03,
          2.78011473e-03,  -2.37635061e-03,  -6.60979942e-03,
         -8.38007161e-03,   5.38649549e-03,  -1.72565931e-03,
          8.84382444e-04,  -3.12511960e-03,  -4.10820126e-05,
         -5.87737214e-03,   1.08476899e-03,   7.50043774e-03,
          5.43524100e-03,   6.37862046e-05,   5.12628412e-03,
          1.98022469e-03,   6.13445289e-03,   8.51310959e-03,
          1.28323987e-03,   9.67433655e-03,   9.49695241e-03,
         -2.76915432e-03,  -4.61535207e-03,   8.22135023e-03,
         -1.64609773e-04,  -9.03999771e-03,   6.37940249e-03,
         -7.58838368e-03,   3.06971238e-04,   3.68103457e-03,
          8.84840310e-03,   8.92922119e-03,  -3.52847939e-03,
         -7.71098306e-03,  -9.06124162e-03,   9.64007866e-03,
          1.64253882e-03,  -3.96769181e-03,   6.10024824e-03,
         -7.81187117e-03,   6.08414773e-03,   9.86556142e-05,
         -1.23699244e-03,   6.77084283e-03,   4.69337208e-03,
          6.27519225e-03,  -9.61946124e-03,  -3.84650368e-04,
         -8.33421764e-03,  -8.23472969e-03,  -9.86121158e-03,
          3.32661687e-03,   9.04947830e-03,  -2.05589274e-03,
         -4.94759771e-03,  -2.49366981e-03,  -9.24781615e-03,
         -3.81618397e-03,   1.04025444e-03,  -2.19216689e-03,
         -7.18653701e-03,   9.89917651e-03,  -4.18230885e-03,
         -5.75308664e-03,   2.04872936e-03,   6.20321477e-03,
         -7.74204101e-03,   5.66731392e-03,   1.26046271e-03,
         -6.85688952e-03,  -1.00296264e-03,  -7.19737763e-05,
         -5.83849169e-03,   7.04101357e-03,  -7.56665430e-03,
         -7.88260163e-03,   1.09292481e-03,  -2.81237011e-03,
          2.71342979e-03,  -8.15328269e-03,  -1.40066449e-03,
          1.59634641e-03,  -7.50524211e-03,  -6.63297917e-04,
          8.35430564e-03],
       [ -4.96627482e-04,  -4.52307510e-03,   7.17784020e-03,
          8.77536986e-03,   6.35443610e-03,   4.39641558e-03,
          5.48466587e-03,  -8.23531982e-03,   7.09248516e-03,
         -3.32554156e-03,  -9.63976804e-03,   4.63322656e-03,
         -2.03201632e-03,  -2.62681964e-04,  -2.35353365e-03,
         -7.34170134e-03,  -5.75297521e-04,  -7.02951955e-03,
          6.02971188e-04,  -4.76404547e-03,   6.24463846e-03,
          7.22370296e-03,  -4.42334407e-03,  -1.60044288e-03,
          6.02392698e-03,  -2.40014542e-03,  -5.51609029e-03,
         -5.55804092e-03,  -9.00886396e-04,  -6.07659391e-03,
          7.24046507e-03,   7.49809522e-03,  -7.15015001e-03,
          9.83308909e-03,   7.38620227e-04,  -8.07478777e-03,
         -3.11499422e-03,  -3.84415732e-03,  -8.29714507e-04,
          1.28851196e-03,   3.77383835e-03,   2.85816450e-03,
         -5.12203783e-03,  -2.22774469e-03,   8.62472768e-03,
          9.34133580e-04,   5.60409264e-03,  -4.91266317e-04,
          3.63482535e-03,  -5.62611730e-03,  -8.29318678e-03,
         -9.51859159e-03,  -6.70089785e-03,   4.88827539e-03,
         -5.13433467e-03,   1.17665237e-03,   9.73948408e-03,
          8.93996235e-03,   1.76530364e-03,   6.65450336e-03,
          2.80060960e-03,  -4.52646929e-03,  -4.31367362e-03,
          9.16426183e-03,  -5.74716255e-03,  -4.90490659e-03,
          1.02317526e-03,  -8.64823970e-03,   7.56753609e-03,
         -2.38393828e-03,  -5.32134157e-03,  -4.03437009e-03,
          7.76612177e-03,  -2.10125596e-03,   3.04292891e-03,
         -2.48328110e-03,   5.48520138e-03,   2.17452083e-03,
          8.08811352e-03,   9.48637126e-03,  -3.28593936e-03,
         -6.81315571e-03,   7.63971534e-03,   3.87233980e-03,
         -5.90006262e-03,  -5.16332836e-04,  -3.44930403e-03,
         -8.87949777e-03,   9.01625981e-03,   9.91550432e-03,
          7.61593063e-03,   2.78113648e-03,  -1.80220254e-03,
          7.68354161e-03,   5.19846622e-03,  -1.98493589e-03,
          9.65090176e-03,  -2.63366927e-03,  -2.34915800e-03,
          2.75592079e-03],
       [  2.35920860e-03,  -3.17700314e-03,  -7.35825917e-03,
          6.08333344e-03,   3.15143684e-04,   2.90709957e-03,
         -8.00185163e-03,  -4.97195583e-03,  -1.01868009e-03,
         -2.52434029e-04,  -4.45576176e-03,  -1.32069218e-03,
         -5.74660962e-03,  -2.78392209e-03,  -5.12151891e-03,
          2.65389625e-04,  -6.03265753e-03,  -1.99520791e-03,
         -3.63365097e-03,   3.80637790e-03,  -3.12679453e-03,
          8.09903510e-03,   3.04738183e-03,  -1.09275280e-03,
          7.46605475e-03,  -8.80427964e-03,  -6.90489424e-03,
          5.84624147e-03,   8.04555380e-04,   5.87054103e-03,
          7.18796726e-03,  -4.34268295e-03,  -6.28718437e-03,
         -8.13199465e-03,   9.65739579e-03,  -1.91480638e-03,
         -8.88611669e-03,  -7.53413022e-04,  -4.71886962e-03,
          8.86988603e-03,   8.97902081e-03,   7.47965092e-03,
          7.40950668e-03,   6.03607979e-03,   5.16868768e-03,
          5.47662636e-03,   8.03727867e-03,   3.42327517e-03,
         -7.79118561e-04,  -9.35715381e-04,  -2.43885946e-03,
          7.61469226e-03,   9.20849884e-03,   3.93600046e-03,
          3.23353910e-03,   3.05028420e-03,  -9.90058109e-03,
          2.66023760e-03,   7.02387592e-03,  -8.67919959e-03,
          1.70793692e-03,  -3.08894145e-04,  -1.76902616e-03,
         -6.98830593e-04,  -6.36895613e-03,   8.44856124e-03,
          5.24576670e-03,   9.44375026e-03,   2.68092022e-03,
         -3.70414976e-03,   6.56058395e-03,   9.93614272e-03,
         -3.71119420e-03,   2.50601816e-03,   9.12034245e-03,
          1.49418185e-03,  -4.98642051e-03,  -9.09304313e-03,
         -6.53990379e-03,  -7.54119105e-03,   2.72442202e-03,
          5.98300842e-04,  -2.31391687e-03,  -8.80118024e-03,
          5.04705559e-03,  -4.58315118e-03,   8.75885607e-03,
         -6.34916704e-03,  -2.45919570e-03,   7.89764973e-03,
          8.36089414e-03,   9.78618724e-03,   4.11089916e-03,
          4.96116905e-03,  -6.32451224e-03,  -2.22032092e-03,
          7.06713817e-03,  -6.80553152e-03,  -1.91469988e-03,
          4.16136856e-03],
       [ -3.60197167e-03,  -6.13829341e-03,  -5.26865469e-03,
          3.86958072e-03,  -8.09630330e-03,  -8.10946710e-03,
         -8.05242489e-04,   2.90716133e-03,  -5.40573363e-03,
         -5.83265797e-03,  -9.27132186e-03,   7.68841178e-03,
         -5.01579494e-03,   7.48834816e-03,  -5.17305034e-03,
         -7.61746024e-03,  -6.09717685e-03,  -7.21466738e-03,
         -7.12388739e-03,  -5.82795208e-03,   8.45640165e-03,
          4.31574678e-04,  -2.54926610e-03,  -2.42313420e-03,
         -3.00575185e-03,   8.45627474e-04,   7.53870453e-03,
         -5.89435110e-03,  -1.91860934e-03,  -8.19039369e-03,
          8.30613166e-04,  -7.96330647e-03,  -8.77667224e-03,
          1.56970689e-03,  -6.45073431e-03,  -4.73415281e-04,
         -2.29514946e-03,  -6.94501290e-03,  -5.69952889e-03,
         -9.44507438e-03,   6.71740351e-03,  -6.89515686e-03,
         -9.59315230e-03,  -7.30674845e-03,   5.05213726e-03,
         -7.47146887e-03,  -9.35279372e-03,  -5.24672439e-03,
          6.95123879e-03,  -2.43931439e-03,  -3.94260371e-03,
          1.84253673e-04,  -8.57979876e-03,   4.89306237e-03,
          4.56134934e-03,   8.60326470e-03,  -4.25000100e-03,
         -7.51460562e-03,   6.04307202e-03,   4.31837804e-03,
         -4.38198257e-03,  -1.82446378e-03,  -6.78985430e-03,
         -2.15119682e-03,   9.39713278e-04,   9.34468272e-03,
          3.79792306e-03,  -7.72045744e-03,  -3.67413641e-03,
         -3.12415135e-03,  -5.18195381e-03,   5.39082587e-03,
         -1.15409987e-03,   4.95793066e-03,   9.05186450e-03,
          8.23133110e-03,   3.61770694e-03,  -4.00083152e-03,
          7.37506787e-03,  -5.15152461e-03,   1.01087441e-03,
         -6.37239618e-03,  -3.22347414e-03,  -7.90386273e-03,
         -6.58495767e-03,   9.12485350e-03,  -6.53775612e-03,
          1.32560563e-03,  -5.79973164e-03,   4.18172828e-03,
         -4.07617235e-03,   5.74457192e-03,   9.01734402e-03,
         -2.89124320e-03,   3.25899527e-03,  -3.09716201e-03,
          7.88565218e-03,  -6.75866999e-03,  -1.89485850e-04,
          8.53589232e-03]])]
Initial hidden bias: [array([-1., -1., -1., -1., -1., -1., -1., -1., -1., -1., -1., -1., -1.,
       -1., -1., -1., -1., -1., -1., -1., -1., -1., -1., -1., -1., -1.,
       -1., -1., -1., -1., -1., -1., -1., -1., -1., -1., -1., -1., -1.,
       -1., -1., -1., -1., -1., -1., -1., -1., -1., -1., -1., -1., -1.,
       -1., -1., -1., -1., -1., -1., -1., -1., -1., -1., -1., -1., -1.,
       -1., -1., -1., -1., -1., -1., -1., -1., -1., -1., -1., -1., -1.,
       -1., -1., -1., -1., -1., -1., -1., -1., -1., -1., -1., -1., -1.,
       -1., -1., -1., -1., -1., -1., -1., -1., -1.])]
Initial output weights: [[  4.78853703e-03  -8.07127808e-03]
 [  2.17242243e-04   5.01192881e-03]
 [  7.14969133e-04  -2.57207780e-03]
 [ -7.62488146e-03   1.72907072e-03]
 [  2.66625628e-03  -9.65037086e-03]
 [ -4.36635654e-05   4.35388754e-03]
 [  8.58732223e-03   6.75349745e-03]
 [  7.07644010e-03  -2.14336199e-03]
 [ -9.45347178e-03  -5.84217527e-03]
 [ -6.17313385e-03  -1.04973683e-03]
 [  5.61393687e-03  -2.59248276e-03]
 [  6.47768510e-03  -7.17988029e-03]
 [  3.49451128e-03  -3.62768208e-03]
 [ -2.64959544e-03   1.13928568e-03]
 [ -6.64273128e-03   3.00062225e-03]
 [  5.70886496e-03  -7.25735728e-03]
 [  9.54358609e-04  -5.18842110e-03]
 [ -4.72493511e-03   3.17518250e-03]
 [  7.45994192e-05   7.62013827e-03]
 [  7.90395337e-03   6.41329970e-03]
 [  1.25346688e-05  -7.04283946e-03]
 [  3.16131334e-03   2.88802492e-03]
 [ -3.29339758e-03   1.81027748e-03]
 [  5.51165402e-03  -1.05182570e-03]
 [  6.41219125e-03   7.15541110e-03]
 [  8.55343782e-03  -3.60661627e-03]
 [  9.29456960e-03  -9.44689992e-03]
 [ -9.71065385e-03   8.51215953e-03]
 [ -4.66909062e-03  -1.86745632e-03]
 [  2.02815214e-04   3.86959855e-03]
 [ -3.47028592e-03   9.67493957e-03]
 [  2.88608955e-03   6.37766026e-03]
 [  3.98018564e-03   3.46795690e-03]
 [  4.20035720e-03   7.10476580e-03]
 [  8.28066941e-03  -7.12280832e-03]
 [  8.71963206e-03   5.51638034e-04]
 [  9.46208594e-03   8.04879727e-03]
 [  1.46783196e-03   5.69608149e-05]
 [ -9.83001918e-03   3.83921279e-03]
 [  6.62666024e-03  -6.81719722e-03]
 [  4.91387111e-03  -6.78404091e-03]
 [  4.76685906e-03   6.00418297e-03]
 [ -1.09808005e-03  -4.45620029e-03]
 [  9.80144568e-03  -7.31280654e-03]
 [ -5.89740927e-03  -6.78758948e-03]
 [  4.51075556e-03   6.62581067e-03]
 [  8.30319374e-03   6.51064508e-03]
 [  1.55446519e-03   5.21737954e-03]
 [ -9.43471172e-03   5.94447164e-03]
 [  1.11324162e-03  -9.08560281e-03]
 [  4.62583572e-03   3.21442288e-03]
 [  7.00814858e-03   6.17588657e-03]
 [ -5.09081666e-03   7.18061938e-03]
 [  8.67123203e-03  -7.78677659e-03]
 [ -6.01782066e-03   7.60241557e-03]
 [ -8.22405603e-03   3.78117229e-03]
 [ -5.14688161e-03  -5.45900732e-03]
 [ -4.55688109e-03  -5.79473015e-04]
 [ -4.58328904e-03  -8.15526892e-03]
 [  7.85457220e-04  -5.27568756e-03]
 [  3.08639514e-03  -2.03300145e-03]
 [  2.35812676e-03   5.42437305e-03]
 [  1.07701272e-03  -3.30237440e-03]
 [ -2.86152367e-03   5.82153744e-03]
 [  2.22844876e-03   2.15603180e-03]
 [ -1.37727570e-03  -6.41241154e-03]
 [ -7.44373956e-03  -5.90283326e-03]
 [  7.58813213e-03  -2.00179941e-03]
 [  4.40663205e-03  -8.85811155e-03]
 [  1.28415826e-03   9.67876688e-04]
 [ -2.27870562e-03  -2.81252683e-03]
 [ -2.17585408e-03   9.92182352e-03]
 [  6.46608208e-03  -7.51865483e-03]
 [ -3.34330605e-03  -6.37829533e-03]
 [ -3.10456230e-03  -1.13536322e-03]
 [  6.62394531e-03  -4.36166319e-03]
 [ -2.86287585e-03   2.79798076e-03]
 [ -3.25313645e-03   3.08871018e-03]
 [ -2.16345911e-03  -1.19672361e-03]
 [  1.68993425e-03  -2.35005925e-03]
 [ -9.23899514e-03  -7.63649425e-03]
 [ -9.25874091e-03  -7.21921156e-03]
 [ -1.24747439e-03   7.75938952e-03]
 [ -8.15289182e-03   8.12674546e-03]
 [  5.81234205e-03  -4.59583196e-03]
 [  6.70074841e-03   8.58525957e-03]
 [ -6.76197348e-03  -4.51581944e-03]
 [ -9.88245755e-03   6.44786799e-03]
 [ -2.03715432e-05   5.91798448e-03]
 [  1.35668995e-03   2.02214616e-03]
 [ -8.62933863e-03   8.15512384e-03]
 [ -2.47448417e-03  -7.10923083e-04]
 [ -7.22887947e-04   4.85336636e-03]
 [ -2.61735848e-03  -6.92873224e-03]
 [  3.58988174e-03   4.59820733e-03]
 [ -1.47442311e-04  -3.03616107e-03]
 [  7.94028212e-03   6.62063820e-03]
 [ -3.09528512e-03  -4.50337276e-03]
 [  3.38913129e-03  -3.59620510e-03]
 [  1.24686941e-03   8.43730933e-03]]
Initial output bias: [ 1.  1.]
Value MLP:
Initial hidden weights: [array([[ -4.44700858e-03,  -7.01140895e-03,  -9.67831390e-03,
          1.96470828e-03,   9.12248290e-03,  -9.74859993e-03,
         -6.64153049e-03,  -1.56060954e-03,   7.42481087e-04,
          1.21368882e-03,   4.00993684e-03,  -8.28723052e-03,
          8.05793464e-03,  -4.63382247e-03,  -7.30172281e-03,
          7.37419959e-04,   7.85404838e-04,  -7.43085761e-03,
          7.06298814e-03,  -1.69810309e-03,  -6.86208319e-03,
         -4.53490986e-03,   7.62414274e-04,   5.35819108e-03,
         -8.61265301e-04,   2.43859977e-04,   4.88072739e-03,
         -7.92149118e-04,   9.74222346e-03,  -3.10601588e-03,
         -1.93533499e-03,   7.97870305e-03,  -1.61070424e-03,
         -5.11254475e-03,   5.62637935e-03,   3.80467422e-03,
         -4.18303652e-03,  -5.91003768e-03,  -4.02441030e-04,
         -8.73021722e-03,  -9.38296587e-03,  -6.91140433e-03,
         -2.22354925e-04,  -2.44786600e-03,   4.41553172e-03,
          6.59960158e-03,  -4.73169913e-03,   8.82000546e-03,
         -7.42794524e-03,  -4.34824247e-04,  -4.97246690e-03,
          5.92529733e-03,  -4.16612973e-03,  -3.37482071e-03,
          8.07013981e-04,   4.04159771e-03,   4.69362431e-03,
          3.91563232e-03,   8.22221423e-03,   3.47386330e-03,
          2.88222037e-03,   1.58952564e-03,  -2.13648137e-03,
         -6.19464035e-03,   5.98494447e-03,  -2.53407849e-03,
          8.19417263e-03,  -4.22625239e-03,   7.20228337e-03,
         -7.05870996e-04,  -9.62047188e-03,   5.76521058e-03,
         -8.10017592e-03,   1.47041138e-03,  -5.75028976e-03],
       [  8.70455598e-03,   7.32217917e-03,  -5.60897276e-03,
         -1.14441066e-03,  -4.65992064e-04,   7.17986737e-04,
         -9.44447274e-03,  -6.46123758e-03,   7.68174731e-03,
          7.67616027e-03,   9.90179195e-03,   7.40810276e-04,
         -9.72813634e-03,   8.21202951e-03,  -2.56945209e-03,
         -3.23251702e-03,   3.32774146e-03,   3.08981183e-04,
          7.41533710e-03,  -4.87039383e-03,   9.17453444e-04,
         -7.10364567e-03,   9.64229397e-03,   8.01378318e-03,
         -6.06595578e-03,   8.02820233e-03,   3.00425666e-03,
          5.11244479e-03,   7.00071128e-04,   3.74894777e-04,
          6.79260446e-03,   9.00580134e-05,  -9.23829674e-03,
         -9.86266413e-03,  -5.57739462e-03,  -2.97691820e-03,
          7.00509941e-03,   8.46813277e-03,  -1.29180616e-03,
         -9.26774011e-03,   2.47746794e-03,   2.26862143e-03,
         -7.26539950e-03,  -4.70659627e-05,   2.26738536e-03,
          9.22568978e-03,   4.47351479e-03,  -3.60682555e-03,
          1.30303287e-03,   3.70672000e-03,  -4.93752605e-03,
         -7.57544874e-03,   1.16002385e-03,  -4.80059882e-03,
         -4.79242401e-03,  -7.83134634e-03,  -8.38565906e-03,
          5.32984338e-03,   9.22323988e-03,  -6.53257913e-03,
         -6.61472573e-03,   7.39574291e-03,  -4.32804395e-03,
          8.56655107e-03,  -1.21520001e-03,   2.76951199e-03,
          3.13386963e-03,   3.89047739e-03,  -1.81176900e-03,
         -3.21209475e-04,  -7.05335760e-03,  -5.38648840e-03,
         -2.76517307e-03,   3.35638715e-03,   6.07076704e-03],
       [ -4.61977065e-03,   9.78487720e-03,   1.37701627e-03,
         -2.27083368e-03,  -1.32787909e-03,  -4.85189663e-03,
         -5.56509493e-03,   4.93057922e-03,   2.60681524e-03,
          9.32338203e-03,   6.96249954e-04,   9.18526615e-03,
         -1.84696302e-03,  -8.96595478e-03,  -3.35959071e-03,
          6.90825716e-03,   4.32626016e-03,  -5.44141278e-03,
          7.91065701e-03,  -1.68550586e-04,  -5.86978713e-03,
         -4.24419876e-03,   4.84046423e-03,   8.11207776e-03,
          7.58167557e-03,  -6.55361065e-03,  -9.76332624e-04,
          9.44571075e-03,   2.08442422e-03,   6.61012261e-03,
         -8.10782658e-03,   8.50929301e-03,   2.20345072e-03,
         -4.70809292e-03,   3.50503952e-03,   6.40005907e-03,
          7.09453872e-03,   8.23402029e-03,   5.61146505e-03,
          5.80686543e-03,  -8.06532558e-03,  -6.88519844e-03,
          1.73169287e-03,   5.20163881e-03,  -6.11431952e-03,
         -7.77714831e-03,  -9.23415654e-03,  -2.79956488e-03,
          3.90063642e-03,  -8.45443904e-03,  -1.56074331e-03,
         -2.51741512e-03,  -4.78812494e-03,  -8.35851368e-03,
          9.99870231e-03,  -7.01962016e-03,  -7.10458122e-04,
         -9.98264865e-03,  -3.96910651e-03,   4.79948552e-03,
         -5.15883607e-03,  -7.34256625e-03,  -2.32904024e-03,
         -2.90922702e-03,  -8.64741547e-03,  -9.00305613e-03,
         -7.97477651e-03,  -4.17220114e-03,   6.20020222e-03,
          3.19472321e-03,   4.78749810e-03,  -4.24984960e-03,
          2.96821396e-04,  -9.61330558e-03,   1.24157342e-03],
       [  1.30584582e-03,   2.59174157e-03,   2.85014831e-03,
          6.33371757e-03,   2.35811401e-03,  -8.02562209e-03,
          7.63577372e-03,   4.33909570e-03,   4.77416847e-03,
         -1.95902231e-03,   7.65863357e-03,  -7.14330491e-03,
          3.98573128e-03,   7.00905999e-04,   2.45199759e-03,
          6.39337907e-03,  -6.11934064e-03,  -8.13683079e-03,
         -3.63405038e-03,   8.35017243e-03,  -9.16553445e-04,
         -6.71475416e-04,  -5.64629071e-03,  -2.63258052e-03,
          3.11854239e-03,   4.38921743e-03,  -9.20559895e-03,
          4.57035740e-03,  -9.20131153e-03,   2.20874057e-03,
          1.66559737e-03,   2.23160062e-03,   3.42513170e-03,
          5.01470071e-03,  -9.77905756e-03,   2.39914339e-03,
          6.53268979e-03,  -1.19975696e-03,   8.79865442e-03,
          3.81592717e-03,   5.20598550e-03,   1.80805974e-03,
          7.36875245e-03,  -6.01470846e-03,   9.34797802e-04,
         -8.46043927e-03,  -1.60352647e-03,  -2.68025314e-03,
          7.77139066e-03,   7.35726968e-03,   2.42438518e-03,
         -4.25189444e-03,   7.73634232e-03,   7.99402418e-03,
          4.57068867e-04,  -2.34543472e-03,  -3.63770323e-03,
         -8.11146337e-03,  -6.79158622e-03,  -7.60119414e-03,
         -8.54776919e-03,  -1.84553203e-03,   2.21143618e-04,
         -9.25082627e-03,   5.70862530e-04,   4.12477031e-03,
          2.60437712e-03,   7.39163469e-03,   1.45036634e-03,
          8.55383372e-03,   8.86176453e-03,  -8.23939301e-03,
         -6.53409581e-03,  -9.32362291e-03,   9.44891595e-03],
       [  1.51299258e-03,   1.71572990e-03,  -2.45179076e-03,
         -6.38194480e-03,   1.37706725e-03,   2.08953607e-03,
         -9.83532059e-03,   7.90229552e-03,   2.01637438e-03,
          5.69980012e-04,   3.87811403e-03,   1.40155452e-03,
          7.75992108e-03,   8.39342729e-03,   3.56290984e-03,
          6.49240072e-03,   3.48073574e-03,  -7.76448397e-03,
          8.30346271e-03,   6.46627679e-04,   4.42115050e-03,
         -3.32114337e-03,  -1.98399510e-03,   7.78068291e-03,
          2.04059161e-03,   7.32024018e-03,   7.27412433e-03,
         -2.02844312e-03,  -5.91169211e-03,   5.16096549e-03,
         -3.38070043e-03,  -7.79064885e-03,   9.35592190e-03,
         -7.08004305e-03,  -7.08054636e-03,   8.20972944e-04,
         -4.53614184e-04,   5.16697491e-03,   5.60478369e-03,
         -5.03380206e-03,   6.29479329e-03,   3.70493484e-03,
         -9.20656168e-03,  -8.05874211e-03,  -8.45522827e-03,
          5.17227207e-04,  -4.35567098e-03,   1.08782525e-03,
         -7.34715025e-03,  -8.82062584e-03,   7.81878883e-03,
         -5.47826727e-03,   8.69719997e-03,   3.04278903e-03,
          9.36531522e-03,  -1.10698991e-04,   9.76217890e-03,
         -6.64269996e-03,  -2.60294634e-03,   9.04298454e-03,
          2.73348140e-03,   2.62881434e-03,  -9.92856167e-03,
         -1.23183332e-03,  -1.23485257e-03,   4.04060366e-03,
         -6.68302275e-03,   6.60653320e-03,   3.93144085e-03,
         -3.24970902e-03,  -9.18041695e-03,   2.89000068e-03,
         -6.89996312e-03,  -6.04283690e-04,  -2.54212443e-03],
       [  9.79416280e-03,  -4.85384672e-03,  -6.32817368e-03,
          7.47279088e-03,   3.18947292e-03,  -5.10203079e-03,
         -9.01857006e-03,  -7.75312595e-03,  -9.61349035e-03,
          9.32423049e-03,  -6.96854672e-03,  -1.57613659e-03,
          8.93230972e-03,   1.53530317e-03,  -9.54121326e-03,
          1.99181586e-03,  -2.23933533e-03,   9.37822605e-03,
          1.87263344e-03,  -6.92307811e-03,  -1.47430050e-03,
         -9.69089262e-03,  -1.39259848e-04,  -6.33930220e-03,
         -7.10353723e-03,  -8.93461140e-03,  -5.27838602e-04,
          7.24801814e-03,  -3.95605633e-03,  -2.04058793e-03,
         -2.70458550e-03,   5.08550351e-03,   3.12428404e-03,
         -2.51231688e-03,   5.37805468e-03,   4.57041053e-03,
         -5.77517610e-03,  -6.29763711e-03,   4.03996802e-03,
         -7.63583860e-03,   5.02219749e-03,  -8.40508597e-03,
          1.17803528e-03,   2.91639718e-03,  -6.77277642e-04,
          6.62238648e-03,   6.61541282e-03,   3.68406211e-03,
         -2.85178586e-03,   6.92566041e-03,  -1.39957720e-03,
          6.38901956e-03,  -2.18788853e-03,  -5.80351480e-03,
         -5.25244349e-04,   2.63674907e-03,  -5.75203971e-03,
         -1.43001201e-03,  -6.30574928e-03,  -3.69750993e-03,
          6.49066044e-03,   5.81499431e-03,   8.60196663e-03,
          8.39948679e-03,  -2.88031728e-03,  -9.94902167e-03,
          3.67172030e-03,  -2.24227899e-03,   1.96345025e-03,
          8.16988850e-03,  -5.84604096e-03,  -3.53333566e-04,
          8.99438683e-03,   4.82149332e-03,   5.14013101e-03],
       [  6.77707864e-03,  -1.98742043e-03,  -3.45495581e-03,
         -4.10237537e-03,  -6.80833232e-03,   2.56638703e-03,
         -6.61216374e-03,  -1.44886983e-04,  -2.49655875e-03,
          7.58247444e-03,  -8.88626900e-03,  -3.15830682e-03,
          4.59832010e-03,  -6.56654390e-04,  -6.22396149e-03,
         -7.65480097e-03,  -8.87968029e-03,   3.44789511e-03,
          6.32276503e-03,   8.17478305e-03,   3.00148507e-03,
          7.65622260e-04,  -8.40664852e-03,  -2.56383494e-03,
          7.62561912e-03,   5.05950094e-03,  -4.43204509e-04,
          5.94140971e-03,  -5.57820695e-04,  -9.31973323e-04,
         -7.68474781e-03,   1.61742575e-03,  -8.28792806e-03,
         -6.47778368e-03,   8.31284675e-03,  -9.35017963e-03,
          1.50172716e-03,  -2.67106651e-03,   4.62643354e-03,
          8.33159392e-03,   2.21911472e-03,   5.19580610e-03,
          7.12945875e-03,   7.17282161e-03,   3.35673810e-03,
          2.76074114e-03,   8.03272510e-03,  -7.45287303e-03,
         -8.98652774e-03,   7.41036566e-03,   2.35146742e-03,
         -4.46342671e-03,  -2.56777606e-04,   9.16790904e-03,
          5.98743736e-03,  -3.18863713e-03,  -3.84424826e-03,
         -6.17078870e-03,   8.98816777e-03,   8.31745901e-03,
          5.90206529e-03,  -5.12338864e-03,   3.70685363e-03,
          7.15394227e-03,  -1.06481293e-03,   2.59657452e-03,
          2.23627911e-03,   6.06305524e-03,   3.79809892e-03,
          5.05141471e-03,   7.22158602e-03,   1.01351353e-03,
          1.64410752e-03,   8.04508515e-03,  -8.54855723e-03],
       [  5.62160649e-03,   8.03190730e-03,   4.19334459e-03,
          4.32330520e-03,   7.49602030e-03,  -3.50610560e-03,
          7.48534859e-03,  -9.87429945e-03,  -3.89553829e-03,
          8.90552662e-04,   9.16181441e-03,   5.14597098e-03,
          3.31634894e-03,  -9.07242519e-03,  -6.46381524e-03,
          6.89611971e-03,  -8.06963890e-03,  -2.83629582e-03,
         -9.17159129e-03,  -4.40716888e-03,  -1.14574385e-03,
          3.22494492e-03,   6.62161559e-03,   3.41813947e-03,
         -8.36018194e-03,   3.39888448e-03,  -2.25145581e-03,
         -6.96061158e-03,  -3.33495816e-03,  -4.53603320e-03,
         -1.94998417e-03,  -5.95988483e-03,  -5.90530958e-03,
          6.75865351e-03,  -6.53185388e-03,   6.60734841e-04,
          7.24956641e-03,  -8.05491683e-03,  -7.84932119e-03,
         -4.77199252e-03,   5.01384007e-03,   3.57327846e-04,
          2.01324616e-03,   6.47993140e-03,   5.01782932e-03,
          6.58783970e-03,   2.79668301e-03,   2.55134365e-03,
          1.65111965e-03,   1.77565739e-03,  -2.98638056e-03,
          8.30359001e-03,  -4.24423333e-03,   7.91235398e-03,
          6.87249056e-03,  -1.29163861e-03,   5.31492020e-03,
         -5.92129729e-03,   6.78115973e-03,  -5.76718687e-03,
         -9.25359226e-03,   5.34175476e-03,  -1.42993777e-03,
         -3.96374206e-03,  -4.16329745e-03,  -2.55174867e-03,
          4.11939984e-03,  -9.53247276e-03,   3.07952507e-03,
         -4.54040996e-03,   1.62471217e-03,  -3.95561463e-03,
         -2.74846244e-03,   8.82560102e-03,  -2.02394147e-03]])]
Initial hidden bias: [array([-1., -1., -1., -1., -1., -1., -1., -1., -1., -1., -1., -1., -1.,
       -1., -1., -1., -1., -1., -1., -1., -1., -1., -1., -1., -1., -1.,
       -1., -1., -1., -1., -1., -1., -1., -1., -1., -1., -1., -1., -1.,
       -1., -1., -1., -1., -1., -1., -1., -1., -1., -1., -1., -1., -1.,
       -1., -1., -1., -1., -1., -1., -1., -1., -1., -1., -1., -1., -1.,
       -1., -1., -1., -1., -1., -1., -1., -1., -1., -1.])]
Initial output weights: [[ -8.87659960e-03]
 [  5.40211646e-03]
 [ -9.29757654e-03]
 [  1.56906806e-03]
 [  8.32081359e-04]
 [ -1.97865517e-03]
 [  3.68441152e-03]
 [  3.67310962e-03]
 [ -2.50289901e-03]
 [ -3.30189004e-03]
 [  7.47835276e-04]
 [  7.00115384e-03]
 [  4.48320948e-03]
 [  2.17202042e-03]
 [ -8.88540712e-03]
 [ -4.17626814e-03]
 [  2.95793615e-03]
 [ -6.63163338e-03]
 [  9.14994247e-03]
 [ -6.81050229e-03]
 [ -4.91259148e-03]
 [ -8.77064404e-03]
 [ -9.93124368e-03]
 [ -2.13997334e-03]
 [ -4.63975163e-03]
 [ -7.50317569e-03]
 [ -4.58053585e-03]
 [ -2.74691483e-03]
 [  9.13928107e-05]
 [ -8.08966712e-05]
 [  2.55484358e-03]
 [  1.95883950e-03]
 [  1.57842895e-03]
 [ -5.67370116e-03]
 [ -7.42536115e-03]
 [  8.69994358e-04]
 [ -9.75934094e-03]
 [  1.80761003e-03]
 [  1.03677632e-03]
 [  2.39500382e-03]
 [  2.48642898e-03]
 [ -4.87365020e-03]
 [ -9.34137659e-03]
 [ -4.14789221e-03]
 [  8.57206346e-03]
 [  6.65610747e-03]
 [  5.82144240e-03]
 [ -6.79642260e-03]
 [ -1.46604716e-03]
 [  1.11206003e-05]
 [ -4.81559334e-03]
 [  1.60249994e-03]
 [  1.30287128e-03]
 [  2.73379634e-03]
 [ -2.25271089e-03]
 [ -4.63863815e-03]
 [  1.45632451e-03]
 [ -1.84973686e-03]
 [  1.03363439e-03]
 [ -5.86641866e-03]
 [ -7.22400245e-03]
 [ -2.85678277e-03]
 [ -2.38744065e-03]
 [  9.73004563e-03]
 [  9.43520737e-03]
 [  6.32305355e-03]
 [ -5.74159087e-03]
 [ -8.69140909e-03]
 [  7.63954678e-03]
 [  5.58743467e-03]
 [  9.35843711e-04]
 [  7.37703677e-03]
 [  9.38629342e-03]
 [  5.38462237e-03]
 [ -8.89910766e-03]]
Initial output bias: [ 1.]
