Action MLP:Hidden weights: [array([[  2.18419406e-02,   1.59484345e-02,   8.10908474e-02,
          8.72904029e-02,  -4.46154475e-01,   7.58206835e-02,
          1.00799550e-02,   2.22529201e-02,   7.75839496e-02,
         -1.96145496e-03,   9.47901183e-03,   2.03100619e-02,
          6.90842511e-03,   6.91914357e-03,   5.91513121e-02,
          2.27427567e-02,  -4.62330981e-02,  -5.31370609e-02,
         -1.38070947e-02,   1.13011428e-01,   2.38353005e-02,
         -8.92911375e-03,   1.25159869e-01,   3.34706915e-02,
         -1.93382478e-02,  -4.14118000e-02,   2.83444398e-02,
          4.00695122e-02,   5.20958383e-02,  -4.81411663e-02,
          1.22533911e-02,   4.76573974e-02,  -1.69824551e-02,
          3.83712919e-02,   3.78763611e-02,  -8.57045712e-02,
          2.14092923e-02,   2.58079372e-02,  -1.83642383e-02,
         -3.11687640e-02,   5.38781715e-03,  -3.39205881e-02,
         -5.43070106e-02,   1.28993446e-03,   1.77119852e-04,
          4.59198926e-02,  -6.74079594e-03,  -1.42744091e-02,
          2.39291430e-02,  -1.28561645e-02],
       [  1.93272149e-01,  -3.25373645e-01,  -2.99158193e-01,
          1.56036329e-01,  -2.68193832e+00,   1.35615791e-01,
          1.73481880e-01,  -3.90348728e-01,  -2.16026142e-01,
          9.63675223e-02,   1.73638202e-01,   1.65975419e-01,
          1.50442144e-01,  -6.11624830e-02,   1.61122481e-01,
          1.29568990e-01,   8.41599684e-02,   1.71332710e-01,
          1.40112615e-01,  -6.94469880e-02,  -5.63998208e-01,
          1.56286444e-01,  -1.20453698e-01,   1.48112593e-01,
          1.57461959e-01,   2.10782617e-01,  -1.64638922e-02,
         -3.90576141e-01,  -1.05704282e-01,   1.83223401e-02,
          1.51642259e-01,   2.56560803e-01,   1.42068501e-01,
          1.20178328e-01,   2.04849399e-01,   1.69625267e-01,
         -1.42969033e-01,   1.12511442e-01,   1.68092528e-01,
          1.78506875e-01,   1.91073998e-02,   2.83609940e-01,
          1.32905242e-02,   1.51648968e-01,   7.77866629e-02,
          4.46358410e-02,   1.70713378e-02,   1.55698749e-01,
         -6.26970235e-02,   8.46556455e-02],
       [ -4.64611638e-02,   7.62644947e-02,   7.96778830e-02,
         -1.56430189e-01,  -4.19124513e-01,  -1.05834816e-01,
         -3.75772582e-02,  -2.42127563e-01,   7.19985291e-02,
          3.54345232e-02,   2.43870047e-03,  -3.30494051e-02,
         -4.84811859e-02,   4.15740117e-02,  -7.62806916e-02,
         -3.58621397e-03,   1.83570647e-02,   1.17076223e-01,
          1.71864366e-02,  -2.01275235e-02,   9.46964442e-02,
          5.47653545e-02,   1.53940871e-02,  -1.06268377e-01,
          5.41918339e-02,   1.39379316e-01,   1.92890256e-02,
          8.92772263e-02,   3.87202362e-02,   4.52215404e-02,
         -6.10610795e-02,  -1.49937996e-01,   5.79009644e-02,
         -1.03354833e-02,  -6.39584510e-02,   2.40346074e-01,
          4.86033204e-02,  -7.48289617e-02,   1.31022966e-01,
          9.36807708e-02,   3.61846597e-02,   2.32144325e-01,
         -9.18062979e-03,  -4.93499440e-03,   4.77812516e-02,
         -1.65080617e-01,  -6.08442321e-02,   6.99752874e-02,
         -1.12883228e-01,   4.84994504e-02],
       [ -2.40329801e-01,  -5.78565538e-01,  -5.71889764e-01,
         -2.83006018e-01,  -1.69487695e+00,  -2.87223568e-01,
         -2.72168084e-01,  -7.85085351e-01,  -5.21829442e-01,
         -3.14896483e-01,  -2.69966954e-01,  -2.44291001e-01,
         -3.19541635e-01,  -3.98802457e-01,  -2.58231066e-01,
         -2.67554870e-01,  -4.87636271e-01,  -4.96336236e-01,
         -3.09934473e-01,  -4.73981058e-01,  -7.14458395e-01,
         -2.86339955e-01,  -5.01099392e-01,  -3.23272111e-01,
         -3.05466581e-01,  -4.03518273e-01,  -3.67660065e-01,
         -6.12110737e-01,  -4.33635778e-01,  -5.52086583e-01,
         -3.21790962e-01,  -1.97159924e-01,  -2.93779978e-01,
         -2.78179447e-01,  -2.34799679e-01,  -7.29482820e-01,
         -4.62487197e-01,  -3.66150470e-01,  -3.47947563e-01,
         -3.14432955e-01,  -3.47899450e-01,  -3.96838740e-01,
         -5.39898266e-01,  -2.89283670e-01,  -3.25963357e-01,
         -4.48439026e-01,  -4.56422853e-01,  -3.18922393e-01,
         -5.33482383e-01,  -3.31138514e-01],
       [  1.15134106e-01,   4.30001540e-02,   1.59675721e-01,
          3.15833980e-01,   2.45429152e-01,   2.35999098e-01,
          8.36214536e-02,   1.13610210e-01,   1.69839163e-01,
          3.25974953e-02,   6.60374892e-02,   1.05702812e-01,
          6.81868034e-02,   5.56010925e-02,   1.89704855e-01,
          9.47040909e-02,  -1.79627251e-02,  -8.93797206e-02,
          1.82682727e-02,   2.67749262e-01,   7.00575162e-02,
          1.47217216e-02,   2.78652750e-01,   1.23218610e-01,
          1.16718355e-02,  -9.81535234e-02,   9.43451970e-02,
          8.48435391e-02,   1.51271877e-01,  -1.24946758e-01,
          8.55867252e-02,   2.15725773e-01,   2.46805936e-02,
          1.19172592e-01,   1.30210225e-01,  -1.99391427e-01,
          5.77701149e-02,   8.89845250e-02,  -6.73007538e-02,
         -3.00469645e-02,   5.76806704e-02,  -1.36864824e-01,
         -1.53742592e-02,   4.34845740e-02,   2.37263987e-02,
          1.18478932e-01,   3.32444232e-02,   5.74352182e-04,
          5.34871301e-02,   1.93569857e-02],
       [  9.61975949e-02,   7.73658729e-02,   1.35383560e-01,
          3.01070701e-01,  -1.56635697e-02,   2.37131294e-01,
          8.30309616e-02,  -2.89923328e-02,   1.68701240e-01,
          8.14475367e-02,   8.58039769e-02,   1.24830669e-01,
          7.53311392e-02,   1.00586744e-01,   1.91216461e-01,
          1.20154520e-01,   1.05288515e-01,   1.04708874e-01,
          7.43535538e-02,   2.46757255e-01,   5.13449705e-02,
          8.93025118e-02,   2.30216945e-01,   5.08107021e-02,
          7.58610763e-02,   4.21601451e-02,   1.17658911e-01,
          8.59470732e-02,   1.44393961e-01,  -5.86618370e-02,
          6.37596034e-02,   1.99342716e-01,   8.04212997e-02,
          1.30021164e-01,   1.32897692e-01,   1.34741949e-01,
          9.80049429e-02,   4.76860780e-02,   1.67101227e-02,
          5.71507381e-02,   9.90781594e-02,  -9.33477781e-02,
          1.28132198e-01,   6.67712975e-02,   9.66816968e-02,
         -3.66696204e-02,   5.06905479e-02,   7.92353897e-02,
         -8.60404891e-03,   7.60278292e-02],
       [ -6.27227206e-02,  -5.34837431e-02,  -1.08864758e-01,
         -3.71274307e-01,   3.79721130e-01,  -2.53809422e-01,
         -1.18069409e-02,   3.81878168e-01,  -1.23730371e-01,
         -5.13748061e-02,  -1.93948833e-02,  -8.10754944e-02,
          3.04922361e-02,  -7.12213956e-02,  -1.79936886e-01,
         -7.43386908e-02,   1.16656146e-01,   4.68937992e-02,
          3.83158322e-02,  -2.79005502e-01,  -1.94650523e-02,
         -2.37336973e-02,  -2.44920671e-01,   2.37211255e-02,
         -4.79350881e-03,   5.97204207e-04,  -8.32889510e-02,
         -5.61324525e-02,  -1.17455833e-01,  -1.85971839e-01,
          2.50612427e-02,  -2.30096348e-01,  -2.98261052e-02,
         -8.33890738e-02,  -1.05352922e-01,   5.88036643e-02,
         -8.07668850e-02,   6.96775982e-02,  -8.95865671e-02,
         -1.56753132e-02,  -6.15173344e-02,  -1.72281881e-01,
          1.91470835e-01,   1.42041630e-02,  -4.87193723e-02,
          1.39630088e-01,   1.58962613e-01,  -1.47021955e-02,
          2.22652273e-01,  -4.17996143e-02],
       [  9.57929982e-03,  -8.74379389e-02,  -7.83597362e-02,
         -2.44566308e-01,   3.98885227e-01,  -1.67210328e-01,
          3.77551254e-02,   4.97697794e-01,  -9.92567214e-02,
         -6.78802004e-02,  -1.79830494e-03,  -4.48186102e-02,
          6.97997564e-02,  -9.38108354e-02,  -1.22309634e-01,
         -3.98922317e-02,   4.55889077e-02,  -8.06327244e-02,
          2.30442582e-02,  -1.64843343e-01,  -5.30564364e-02,
         -3.26634680e-02,  -1.63409311e-01,   1.24100426e-01,
         -5.23036654e-02,  -1.22628584e-01,  -8.35249811e-02,
         -7.14611445e-02,  -8.98163535e-02,  -3.30046572e-01,
          8.56944909e-02,  -1.36322633e-01,  -5.88995322e-02,
         -6.35278599e-02,  -2.34872051e-02,  -2.77830232e-01,
         -8.71710491e-02,   1.32380899e-01,  -1.78973755e-01,
         -8.77933101e-02,  -7.50868602e-02,  -3.38788065e-01,
          1.02769836e-01,   2.20303884e-02,  -7.65590383e-02,
          2.62521911e-01,   1.82373924e-01,  -5.53344342e-02,
          2.72144019e-01,  -9.33507333e-02]])]Hidden bias: [array([-0.63095563, -0.77464286, -0.8092965 , -0.84005685, -2.23356342,
       -0.73165405, -0.61544159, -0.60609644, -0.76223928, -0.57190566,
       -0.60179957, -0.61995243, -0.60549348, -0.60382259, -0.67586277,
       -0.6043524 , -0.5730234 , -0.57612092, -0.59204891, -0.78649446,
       -0.97387416, -0.57951585, -0.80354817, -0.61001806, -0.57574038,
       -0.58583496, -0.60525807, -0.83833904, -0.67208723, -0.59485454,
       -0.60911359, -0.75379417, -0.57328594, -0.6083586 , -0.64733154,
       -0.58390565, -0.64474117, -0.59454504, -0.56032072, -0.57310616,
       -0.5840398 , -0.61912158, -0.55788691, -0.5987181 , -0.56820772,
       -0.55267418, -0.57306887, -0.56974296, -0.56014909, -0.56599791])]Output weights: [[  4.47599697e-02   1.83244058e-02]
 [ -8.33958968e-04   4.86744907e-03]
 [  1.69508171e-02   8.31644306e-02]
 [  9.94374999e-02   1.82838976e-01]
 [  1.56149711e+00  -9.26920269e-03]
 [  7.66442147e-02   8.16835333e-02]
 [  7.26938805e-03   1.79876758e-03]
 [ -9.12207530e-01   1.21203326e-01]
 [  2.50558014e-03   6.50204364e-02]
 [  3.16867698e-02  -5.84935015e-02]
 [  3.89920526e-02  -2.08259559e-02]
 [  6.65212701e-02  -6.05553834e-03]
 [ -5.09626486e-02  -5.95608260e-03]
 [ -2.00903016e-02  -5.58193535e-02]
 [  7.81909580e-02   3.41942857e-02]
 [  5.20220642e-02  -2.24879199e-02]
 [ -1.73520812e-01  -1.02255214e-01]
 [ -5.75888983e-02  -1.41921583e-01]
 [ -8.56884441e-03  -3.97973725e-02]
 [  7.66867140e-03   1.39173835e-01]
 [  1.29035029e-01   6.36417808e-02]
 [  5.59184759e-02  -5.67890894e-02]
 [  1.29906294e-02   1.48432263e-01]
 [ -9.33527097e-02   3.89364589e-02]
 [  4.57694605e-02  -6.22928541e-02]
 [  4.94041441e-02  -9.46677634e-02]
 [ -5.19219120e-03  -3.77720015e-02]
 [  3.63811305e-02   4.62177619e-02]
 [ -9.86621255e-03   1.56632026e-02]
 [ -1.27264568e-02  -1.42496817e-01]
 [ -6.21083842e-02   9.49655686e-03]
 [  1.18675141e-01   1.00802102e-01]
 [  5.62991549e-02  -6.11265234e-02]
 [  4.91245400e-02  -2.05092553e-02]
 [  6.15128159e-02   2.14247600e-02]
 [ -1.30351568e-01  -2.76496525e-01]
 [ -3.87540682e-02  -3.39994178e-02]
 [ -1.28294938e-01   1.59200638e-02]
 [  1.02244538e-01  -8.44005743e-02]
 [  7.32179507e-02  -7.19901328e-02]
 [  4.65726097e-03  -5.81430851e-02]
 [  2.04131952e-01  -8.42754677e-02]
 [ -2.84137836e-01  -1.18173527e-01]
 [  6.86128182e-03  -1.85534445e-02]
 [  2.60114890e-02  -7.25946546e-02]
 [ -2.80160766e-01   9.12251768e-02]
 [ -2.50045859e-01  -1.05693826e-02]
 [  4.60428827e-02  -7.12855704e-02]
 [ -3.87618568e-01   5.03310018e-02]
 [  2.75109467e-02  -7.33551405e-02]]Output bias: [ 1.09804058  0.76011358]
Value MLP:Hidden weights: [array([[  3.87021755e+01,   7.16389377e+00,   2.18620091e+01,
         -1.58372928e+01,   5.67340248e+00,  -9.26163492e-01,
         -7.99923703e-01,   8.70255236e+00,   1.04652467e+00,
         -1.63709969e+01,   6.16648493e+00,   3.12653799e-01,
          1.69467782e+01,  -2.35126323e+00,  -1.76381229e+00,
         -6.28030760e-01,   1.24959393e+01,  -1.50612367e+01,
         -1.71726205e+00,  -9.08325948e+00,  -4.99725917e+00,
         -1.82826658e+01,  -1.14302063e+01,   1.83189660e+01,
         -7.74932501e+00,   4.15182789e+00,  -9.17206323e+00,
         -1.03884221e+01,   5.31647276e+00,   8.58120940e+00,
         -3.15832419e+00,   5.70666785e-01,  -1.52165587e+01,
          2.34984437e+00,  -4.26941728e+00,  -7.69571814e+00,
          1.63742541e+00,  -2.04114789e+00,   5.40950401e+00,
         -1.27296589e+01,  -4.97625482e+00,  -5.38968355e+00,
          3.66475351e+00,   6.15757306e+00,   4.54711423e-02,
          7.52649427e+00,  -8.26603875e+00,  -8.31451563e+00,
         -9.13365644e+00,  -4.58219955e+00],
       [  1.15739260e+01,  -5.00936999e+00,  -3.09469032e+01,
         -4.74604844e+00,  -5.35724555e+00,  -2.82324457e+00,
         -7.95928337e+00,   1.10708088e+01,   1.18713988e+00,
         -2.02554627e+01,   1.34991717e+01,  -3.80391288e+00,
          1.95270903e+01,   9.88494789e+00,  -4.61891354e+00,
          2.17774077e+00,  -5.79755415e-02,  -3.09262402e+00,
         -3.87680598e+00,   1.35543186e+01,  -4.83233564e+00,
         -1.48866443e+01,   1.29389209e+00,  -9.64449109e+00,
          9.23851257e+00,   1.55981031e+01,   7.40642432e+00,
          8.57038355e+00,   6.70549965e+00,   5.27820178e+00,
         -6.49646567e-01,   1.15473708e+00,  -1.15616280e+01,
         -2.12251059e+00,   1.87439541e+01,   4.19076239e+00,
          1.07229608e+01,   7.38061475e-03,   5.40586261e+00,
         -1.94813007e+01,   5.26991568e+00,  -2.48902082e+00,
         -9.21096181e-02,   6.05582391e+00,   1.00382510e+01,
         -1.32688513e+01,   7.81360573e+00,  -9.21259220e+00,
          1.96520091e+01,  -8.84100645e+00],
       [  6.49305308e+01,   8.52124022e+00,   3.88154578e+01,
         -2.38305363e+01,  -5.23875041e+00,   1.21536406e+00,
         -1.81878426e+01,   9.36399004e+00,  -3.33846862e-01,
         -7.85949821e+01,   2.97814905e+01,  -1.12016789e+01,
          8.01400919e+01,   2.18661932e+01,   4.19453115e+00,
         -8.18246626e-01,   1.79077270e+00,  -8.98439001e+00,
         -1.95785891e+00,   1.08346730e+01,  -2.35425345e+01,
         -3.82917458e+01,  -2.99880357e+00,  -4.07141278e+01,
         -8.24091482e+00,   1.78634962e+01,   1.36120050e+01,
          4.86821341e+00,   1.25474783e+01,   7.52417731e+00,
         -2.03015202e+01,  -1.18226798e+00,  -2.49333822e+01,
          8.69212275e+00,   2.54155791e+01,   8.03783740e+00,
          3.64874746e+01,   2.61654172e+01,   8.96784673e+00,
         -3.28430327e+01,   2.20217571e+01,  -7.01096750e+00,
          1.61419558e+01,   3.08149335e+01,   6.09685926e+00,
         -3.58013578e+00,   1.59388707e+01,  -2.27727001e+01,
          3.86178715e+01,   8.30973844e+00],
       [ -6.81030810e+00,  -9.35046642e+00,  -6.44376991e+01,
          2.21454893e+01,   6.32868622e+00,   7.26307015e+00,
          6.23997666e+00,  -4.93554270e+00,  -3.47967025e+00,
          1.31362668e+01,  -2.18615804e+01,   1.34519899e+01,
         -4.32644682e+01,  -1.09936518e+01,  -1.07410591e+01,
          4.47258899e+00,  -3.97309992e+00,  -8.26254248e-01,
         -2.75470599e+00,  -8.75538759e+00,   1.16078446e+01,
         -5.90520710e+00,   4.18158769e+00,   7.42606886e+00,
          1.91007208e+01,  -1.15528273e+01,  -2.57966632e+01,
         -5.37798511e+00,  -3.94989938e+00,  -3.24437777e+00,
          1.58721674e+01,   4.75516580e+00,   5.92537931e-01,
          1.79043170e+00,  -4.21469884e+01,  -1.75917526e+01,
         -3.70915466e+01,  -2.98293994e-01,  -1.95034880e+01,
          1.48067634e+01,   1.61060113e+01,   6.07419303e+00,
         -4.91048901e+00,  -1.39659685e+01,  -1.65553588e+01,
          7.67614698e+00,  -2.90621551e+01,   1.40941064e+01,
         -2.85225810e+01,  -1.42833018e+01],
       [ -7.58037679e+01,  -8.31674886e+00,  -3.82481255e+01,
          4.38925592e+01,   3.12528305e+01,   8.27775333e-01,
          2.01748627e+01,  -2.34189638e+01,  -9.86077576e-01,
          3.11789928e+02,  -9.30452883e+01,   2.88963867e+01,
         -1.58900598e+02,  -4.70012607e+01,  -2.34293538e+01,
          4.25531997e+00,  -1.82357887e+01,   1.54743576e+01,
          3.51653073e+00,  -9.43111414e+01,   6.13056864e+01,
          5.98830103e+01,   2.13873077e+01,   7.17119982e+01,
          3.02190238e+01,  -7.56868103e+01,  -4.09088108e+01,
         -3.53965698e+01,  -2.20298423e+01,  -9.35771665e+00,
          5.24463337e+01,   3.87056370e+00,   6.47280129e+01,
         -9.28077348e+00,  -2.00103514e+01,  -1.99020537e+01,
         -9.26146222e+01,  -4.76921094e+01,  -2.57061749e+01,
          4.61115101e+01,  -1.99346278e+02,   5.24502161e+00,
         -3.09661099e+01,  -2.25231605e+01,  -5.70353958e+01,
          4.32813198e+01,  -3.87311400e+01,   3.32840411e+01,
         -5.36802249e+01,  -1.51040360e+01],
       [  1.19721181e+01,  -3.74540794e+00,  -3.19497758e+01,
          1.64941438e+00,  -1.99742139e+00,   2.76272645e-01,
         -8.28681451e-01,  -2.58402184e-01,   1.24889375e+00,
         -7.04924278e+01,  -3.76702749e+01,  -8.29583784e+00,
          7.51528665e+01,  -6.00127494e+00,   9.32674471e-01,
         -2.23825412e+00,   2.67673556e+00,   9.44632587e+00,
          7.73709936e-01,   2.31476484e+01,  -9.92284868e+00,
         -4.25163388e+00,   3.08119651e+01,  -1.54992544e+01,
         -1.27743070e+01,  -3.22953493e-01,   2.72833418e-01,
         -3.26402733e+01,   6.37872629e+00,  -1.46623801e+00,
         -1.73148119e+01,   9.03212949e-01,  -4.07514859e+01,
         -2.11874649e+00,  -4.14456883e+01,  -4.43592402e+00,
          3.19691924e+01,  -1.65384910e+00,  -1.37220720e+00,
         -8.04652478e-01,   5.01001260e+01,  -3.27076532e+00,
         -1.73797169e+00,  -2.03870370e+00,   7.35743324e+00,
         -4.78164617e+00,  -6.64383138e+00,  -1.04945120e+01,
         -1.02439743e+02,  -5.13181872e+00],
       [  2.12563718e+01,   3.01438084e+00,   3.09360804e+00,
          7.74934125e+00,  -1.41736687e+01,   1.76958626e+00,
         -3.87654533e+00,   6.61384917e+00,   3.76084551e+00,
          3.93029634e+01,  -1.88178998e+00,  -1.62842770e+01,
          2.22053143e+00,   1.56415350e+01,   8.56275127e+00,
         -3.16669878e+00,   1.42118317e+01,   2.68547011e+00,
         -7.08369752e-01,   9.37142127e+00,   1.29703393e+00,
         -1.56065560e+00,   6.68184020e+00,  -4.05430822e+01,
         -3.39637596e-01,   1.99376539e+00,   1.82714029e+00,
          1.50149346e+01,   1.82007221e+01,   3.33739041e+00,
         -4.94091042e+00,  -2.88029618e-01,   1.42873310e+01,
          4.03824975e+00,   8.62065969e+00,   1.88493832e+01,
          3.82478024e+01,   1.39019036e+01,   4.09249213e+00,
          5.86222251e+00,  -2.17104419e+01,  -4.61222469e+00,
          3.38640125e+00,   2.20631384e+00,   2.60966547e+01,
         -1.49893180e+00,   9.70203962e+00,  -1.63909964e+00,
          1.28124270e+01,   1.20929471e+00],
       [  8.67946214e+00,   1.68373643e-01,   1.32379936e+00,
         -2.16539199e+00,  -2.04184582e-01,   1.52800236e+00,
          1.97512095e+00,  -1.15477734e+01,   3.42406983e+00,
         -1.25219413e+01,   2.13706221e+00,  -1.28490737e+01,
          1.33651802e+01,   1.82031976e+00,  -1.11065731e-03,
         -3.95607794e+00,   7.42283259e+00,  -6.27585967e+00,
         -4.44029717e+00,  -5.48082104e+00,   1.50633237e+00,
         -6.57655689e+00,  -1.09171649e+01,   9.80102347e-01,
         -5.41059599e+00,   2.94549912e+00,  -4.24058656e+00,
          2.36308179e+01,   2.91842819e+00,   1.38569310e+01,
         -1.90505398e+00,  -3.35582460e+00,  -5.81441428e+00,
          1.77103117e+01,   1.09813259e+00,  -1.56243913e+00,
          7.64560725e+00,   1.47368081e+01,   1.13105344e+00,
          8.46560871e+00,  -1.74316089e+00,  -4.85764981e+00,
          7.49462784e+00,   1.07733436e+01,   4.54473897e+00,
         -2.34576808e+00,   1.41018649e+01,  -1.09889788e+00,
          9.71960949e+00,   5.33043961e-02]])]Hidden bias: [array([ 53.87337453,  19.2948648 ,  80.6332232 , -24.6483952 ,
       -10.0599884 ,  -9.08930129, -16.20720823,  18.57850224,
        10.95053496, -37.78010031,  38.31622666, -20.17082558,
        25.61011136,  25.40155139,  17.85041042, -11.64418329,
        12.70142682, -17.64808285, -12.01705063,   9.03222563,
       -28.6363922 , -33.72744325, -13.42909814, -34.31177197,
       -34.47068742,  16.79025233,  21.29036298,  34.47361561,
        22.35797566,  13.21128968, -22.2879054 ,  -8.27921666,
       -26.34993557,  17.06390092,  35.02236148,  16.60995273,
        88.17529789,  29.56227627,  18.03041009, -23.84529879,
         7.60410853, -11.04795319,  23.08384952,  35.18579919,
        11.17230307,  -3.60162531,  40.21832694, -17.80645551,
        55.4244445 ,  25.84959442])]Output weights: [[-25.13446259]
 [ -1.36300759]
 [ -2.91673517]
 [  0.8807436 ]
 [-31.97583323]
 [ 29.30616384]
 [ 25.44358436]
 [  9.22941937]
 [-45.77090468]
 [  7.87740558]
 [ 15.30062594]
 [-18.25895348]
 [ 26.93837048]
 [ 24.94456351]
 [ 25.57719675]
 [ 16.71186679]
 [-13.7191413 ]
 [ -6.0352681 ]
 [ 43.84278078]
 [  8.69736154]
 [ 13.43141774]
 [-34.87355617]
 [  7.58147419]
 [ -3.25138318]
 [ -8.79043977]
 [ 10.72290028]
 [ 24.80030733]
 [  3.18199579]
 [-24.6837708 ]
 [-22.13942278]
 [ -5.43835604]
 [ 11.09907161]
 [ 28.42417468]
 [-38.66223623]
 [  4.04898035]
 [ 10.1212391 ]
 [-17.97270223]
 [-17.11469951]
 [ 11.35294176]
 [ 18.5780182 ]
 [ -6.47282216]
 [ 16.39198824]
 [-12.60718773]
 [-17.45642754]
 [ 14.87710325]
 [-11.18500847]
 [ 40.56399225]
 [ -2.3440526 ]
 [ -9.53630188]
 [-13.66274063]]Output bias: [-32.12314444]