Action MLP:Hidden weights: [array([[  2.21329728e-02,   2.31526428e-02,   8.84233220e-02,
          9.54409363e-02,  -1.04731407e-01,   8.10944927e-02,
          1.00591818e-02,   4.42169805e-02,   8.23718768e-02,
         -1.17505905e-03,   9.14389874e-03,   2.10856440e-02,
          6.73027130e-03,   9.18952520e-03,   6.25020378e-02,
          2.34503560e-02,  -4.17321659e-02,  -5.32721370e-02,
         -1.35672642e-02,   1.17208360e-01,   4.48874588e-02,
         -9.23528354e-03,   1.29707829e-01,   3.33443422e-02,
         -1.95897247e-02,  -4.52495598e-02,   3.00651874e-02,
          5.03430836e-02,   5.45346717e-02,  -4.70908989e-02,
          1.19990927e-02,   5.26410926e-02,  -1.71125682e-02,
          3.94748491e-02,   3.88412818e-02,  -9.43554786e-02,
          2.44094091e-02,   2.48502332e-02,  -2.15677035e-02,
         -3.26656762e-02,   6.97860265e-03,  -4.37961810e-02,
         -4.70793549e-02,   1.22949317e-03,   1.32703591e-03,
          4.31781832e-02,  -6.65696778e-03,  -1.45271509e-02,
          2.36785973e-02,  -1.19136320e-02],
       [  1.90516534e-01,  -3.32230997e-01,  -3.01570197e-01,
          2.06365920e-01,  -2.34399415e+00,   1.53558286e-01,
          1.75510597e-01,  -1.06155784e-01,  -2.13925475e-01,
          9.29095787e-02,   1.69540150e-01,   1.57365320e-01,
          1.64910565e-01,  -5.98399564e-02,   1.64255798e-01,
          1.21056886e-01,   1.53446962e-01,   2.24998142e-01,
          1.51296090e-01,  -4.45756302e-02,  -5.84076661e-01,
          1.52212937e-01,  -9.95337343e-02,   1.70665556e-01,
          1.57149733e-01,   2.35685040e-01,  -1.83133653e-02,
         -4.02050953e-01,  -1.03306390e-01,   5.04423273e-02,
          1.68237377e-01,   2.77580331e-01,   1.37058670e-01,
          1.12478766e-01,   2.02228140e-01,   2.63221241e-01,
         -1.39214850e-01,   1.45043698e-01,   1.69949893e-01,
          1.79711685e-01,   1.75984228e-02,   3.02507748e-01,
          1.12043707e-01,   1.55494535e-01,   7.59948854e-02,
          1.14825494e-01,   9.15783519e-02,   1.57711781e-01,
          5.22268111e-02,   8.39291825e-02],
       [ -6.88983180e-02,   8.38218116e-02,   7.29214418e-02,
         -2.02039882e-01,  -8.61050793e-02,  -1.38773975e-01,
         -4.28311216e-02,  -4.46546890e-02,   6.57731378e-02,
          5.56353462e-02,   2.12971779e-04,  -5.27229910e-02,
         -3.44995552e-02,   6.72641410e-02,  -1.05895230e-01,
         -1.22260000e-02,   1.42535828e-01,   2.39700387e-01,
          4.66918465e-02,  -4.11037201e-02,   8.93901637e-02,
          7.10254583e-02,  -3.81951913e-03,  -1.04465111e-01,
          7.87390274e-02,   2.08241915e-01,   3.13376682e-02,
          8.70603586e-02,   3.82668933e-02,   1.43182104e-01,
         -5.13194666e-02,  -2.01104221e-01,   7.57312379e-02,
         -1.97835146e-02,  -9.28105189e-02,   4.31907517e-01,
          7.04814353e-02,  -5.07619737e-02,   1.68659780e-01,
          1.25159897e-01,   5.83635749e-02,   2.79727097e-01,
          1.49831979e-01,   5.37426905e-03,   7.57451580e-02,
         -1.36157381e-01,   2.01040356e-02,   1.01296515e-01,
         -1.97675206e-02,   7.93701958e-02],
       [ -2.46500563e-01,  -6.10128983e-01,  -5.99460758e-01,
         -3.02716593e-01,  -3.06315975e+00,  -3.03936970e-01,
         -2.72292517e-01,  -7.12741349e-01,  -5.37750076e-01,
         -3.20516690e-01,  -2.73242555e-01,  -2.54496823e-01,
         -3.09230601e-01,  -4.04192851e-01,  -2.72885410e-01,
         -2.76650957e-01,  -4.49900446e-01,  -4.60403404e-01,
         -3.03463913e-01,  -4.82513022e-01,  -8.17430507e-01,
         -2.90485483e-01,  -5.12052503e-01,  -3.09534760e-01,
         -3.07321144e-01,  -3.85193356e-01,  -3.73434864e-01,
         -6.59143375e-01,  -4.40265576e-01,  -5.42448690e-01,
         -3.10207944e-01,  -2.12302634e-01,  -2.99058392e-01,
         -2.87912978e-01,  -2.44227378e-01,  -6.56078400e-01,
         -4.68610873e-01,  -3.40328117e-01,  -3.48698851e-01,
         -3.15289528e-01,  -3.53334974e-01,  -3.81510666e-01,
         -4.92151111e-01,  -2.87252790e-01,  -3.31218095e-01,
         -3.89340498e-01,  -4.03923439e-01,  -3.19555120e-01,
         -4.55505118e-01,  -3.35809140e-01],
       [  1.34108106e-01,   2.47175442e-02,   1.65665396e-01,
          3.44099262e-01,  -2.81296980e-01,   2.59943851e-01,
          9.21665753e-02,   1.32308273e-01,   1.80085051e-01,
         -3.17494796e-03,   6.04835745e-02,   1.14397477e-01,
          7.23683246e-02,   2.63214513e-02,   2.09878868e-01,
          9.28344875e-02,  -1.08101191e-01,  -2.09025274e-01,
         -1.11647101e-02,   2.94930221e-01,   4.07775431e-02,
         -2.15309822e-02,   3.04220899e-01,   1.54311376e-01,
         -3.17642812e-02,  -1.87332017e-01,   8.14695510e-02,
          7.30794044e-02,   1.57820614e-01,  -2.40741922e-01,
          9.86052301e-02,   2.50446806e-01,  -1.45952252e-02,
          1.19970944e-01,   1.52332304e-01,  -4.06350545e-01,
          3.72915758e-02,   1.09100820e-01,  -1.42775997e-01,
         -9.02327809e-02,   2.74669627e-02,  -2.46904793e-01,
         -1.22541748e-01,   3.23814454e-02,  -2.03319434e-02,
          1.92324461e-01,   2.86311984e-02,  -5.07372830e-02,
          8.51956843e-02,  -2.93891761e-02],
       [  1.61622164e-01,   6.43848945e-02,   1.84953274e-01,
          4.65727107e-01,  -4.25361977e-02,   3.56505431e-01,
          1.23696550e-01,   3.73712627e-02,   2.22342986e-01,
          3.73861664e-02,   9.71397613e-02,   1.71411175e-01,
          1.02737101e-01,   6.50136354e-02,   2.83313601e-01,
          1.44443722e-01,  -2.73082242e-02,  -1.09478023e-01,
          4.07122988e-02,   3.62714754e-01,   5.40835135e-02,
          4.36778560e-02,   3.41043200e-01,   1.36588384e-01,
          1.63728678e-02,  -1.27699487e-01,   1.15390872e-01,
          9.72947850e-02,   1.82692924e-01,  -2.63644104e-01,
          1.08364484e-01,   3.40769499e-01,   2.93013814e-02,
          1.61985839e-01,   2.11230515e-01,  -2.66196194e-01,
          7.53326552e-02,   9.61217774e-02,  -1.19785590e-01,
         -3.90346883e-02,   6.51732472e-02,  -3.08257924e-01,
         -1.52700423e-02,   6.64359822e-02,   3.85301534e-02,
          8.83649392e-02,   4.09188426e-02,   4.14597809e-03,
          2.94864953e-02,   7.92851142e-03],
       [ -5.74492680e-02,  -5.86868857e-02,  -1.05858467e-01,
         -3.49595309e-01,   2.40010246e-01,  -2.39620797e-01,
         -6.16314050e-03,   4.79131752e-01,  -1.18066438e-01,
         -5.67508026e-02,  -1.97781979e-02,  -7.96536177e-02,
          4.08322375e-02,  -7.31848468e-02,  -1.71097530e-01,
         -7.46356583e-02,   1.31014362e-01,   4.61087939e-02,
          3.91798945e-02,  -2.62434654e-01,  -3.54550302e-02,
         -3.06023845e-02,  -2.29346229e-01,   4.44745342e-02,
         -1.15064785e-02,  -7.68546599e-03,  -8.29427898e-02,
         -6.19475421e-02,  -1.12462216e-01,  -1.87061579e-01,
          3.82248401e-02,  -2.15356934e-01,  -3.72590268e-02,
         -8.23473451e-02,  -9.90345056e-02,   5.83962337e-02,
         -8.10999533e-02,   9.12586769e-02,  -1.01907876e-01,
         -2.61001546e-02,  -6.44765080e-02,  -1.82471913e-01,
          2.18574596e-01,   1.57821002e-02,  -5.47439943e-02,
          1.87586810e-01,   1.92051676e-01,  -2.22777197e-02,
          2.77354160e-01,  -4.83852591e-02],
       [  1.91759010e-02,  -9.29037528e-02,  -7.26007753e-02,
         -2.13568074e-01,   2.75706342e-01,  -1.46456715e-01,
          4.65970191e-02,   5.92090893e-01,  -9.05910979e-02,
         -7.50661539e-02,  -7.01594737e-04,  -4.00225237e-02,
          8.26552331e-02,  -9.73114935e-02,  -1.08200171e-01,
         -3.79347142e-02,   5.06872088e-02,  -9.44885122e-02,
          2.25345664e-02,  -1.42116880e-01,  -6.68180687e-02,
         -4.14362512e-02,  -1.42251256e-01,   1.50829176e-01,
         -6.18386087e-02,  -1.41351496e-01,  -8.26700155e-02,
         -7.60155527e-02,  -8.24432915e-02,  -3.44209594e-01,
          1.02383458e-01,  -1.14019710e-01,  -6.85678467e-02,
         -5.99228853e-02,  -1.22990800e-02,  -2.93245627e-01,
         -8.85527892e-02,   1.57781096e-01,  -1.99479868e-01,
         -1.03574757e-01,  -7.92708275e-02,  -3.62699343e-01,
          1.19073995e-01,   2.43390688e-02,  -8.51665211e-02,
          3.18581997e-01,   2.14041861e-01,  -6.67726587e-02,
          3.26932571e-01,  -1.03227533e-01]])]Hidden bias: [array([-0.61779293, -0.75861765, -0.78170752, -0.72137897, -1.21241164,
       -0.66722119, -0.61307626, -0.52850983, -0.73932276, -0.57441779,
       -0.60194364, -0.60777594, -0.61016962, -0.60779294, -0.63581825,
       -0.59935452, -0.57836448, -0.57472601, -0.59792096, -0.72957872,
       -0.91262408, -0.58154281, -0.74973048, -0.60641839, -0.57796932,
       -0.5762174 , -0.60756582, -0.81028987, -0.66289425, -0.55312302,
       -0.61197175, -0.67518824, -0.57484069, -0.60134846, -0.6244615 ,
       -0.57335663, -0.64541457, -0.60146955, -0.5435064 , -0.56954213,
       -0.58834889, -0.55503463, -0.55860442, -0.60207567, -0.57159004,
       -0.55726761, -0.58392573, -0.57154138, -0.56374647, -0.5679964 ])]Output weights: [[ 0.00423796  0.16304472]
 [ 0.13007162 -0.00956901]
 [ 0.1199253   0.14488024]
 [ 0.06391002  0.46329864]
 [ 2.2757405  -0.08671741]
 [ 0.0560275   0.32793347]
 [-0.03616769  0.11509653]
 [-0.83094598  0.22061531]
 [ 0.07612676  0.15967349]
 [ 0.01202106 -0.04564565]
 [-0.00749861  0.05814311]
 [ 0.0362529   0.13605986]
 [-0.09120974  0.09507294]
 [ 0.01660499 -0.02918838]
 [ 0.05634623  0.25228104]
 [ 0.02550025  0.09247635]
 [-0.21415771 -0.14614421]
 [-0.1473631  -0.30332409]
 [-0.06039359 -0.01969271]
 [ 0.03397456  0.32511977]
 [ 0.32938404  0.02828399]
 [ 0.00460366 -0.04811102]
 [ 0.04930111  0.31165864]
 [-0.12859304  0.19541297]
 [-0.00501041 -0.07462987]
 [-0.05415687 -0.2857314 ]
 [ 0.01574804  0.03970995]
 [ 0.18009644  0.04731424]
 [ 0.03108858  0.12040923]
 [ 0.00902951 -0.40829035]
 [-0.101723    0.12303106]
 [ 0.08475307  0.36067572]
 [ 0.01235867 -0.06065853]
 [ 0.02871202  0.11154663]
 [ 0.02684432  0.20072504]
 [-0.29121419 -0.6046689 ]
 [ 0.02927436 -0.01196073]
 [-0.16372509  0.13157019]
 [ 0.0347052  -0.25592988]
 [ 0.00467737 -0.15464709]
 [ 0.01073501 -0.0218197 ]
 [ 0.06724666 -0.47249344]
 [-0.31039296 -0.14059525]
 [-0.03954169  0.03408854]
 [ 0.01059637 -0.06566769]
 [-0.30208438  0.24504007]
 [-0.27598682  0.04818153]
 [-0.00682565 -0.10133251]
 [-0.39695378  0.12484959]
 [ 0.01036628 -0.09008491]]Output bias: [ 1.21110116  0.7979302 ]
Value MLP:Hidden weights: [array([[  1.66417494e+01,   1.52895009e-01,  -1.50897870e+00,
         -2.93742438e+00,  -2.09467666e-01,  -5.13246122e-01,
          1.47757191e-01,   2.87614000e+00,   2.61717175e-01,
         -1.40387247e+01,  -8.47190802e-01,   5.62556872e-01,
         -8.20901710e-01,  -2.55607495e+00,   2.25374503e-01,
         -1.56392494e+00,   9.77213352e+00,  -1.43886386e+01,
         -2.79453308e+00,  -4.03385812e+00,  -1.67494936e+00,
         -8.67629477e+00,  -1.21396246e+01,   1.42985472e+01,
          2.15189004e+00,  -5.99180205e-01,  -1.69875050e+01,
         -1.48151937e+01,   7.10388058e+00,   7.48747250e+00,
         -1.11227378e+00,   1.97042246e-01,  -1.42787943e+01,
          5.98979104e+00,  -9.87146657e+00,  -1.10602785e+01,
         -2.56956902e+00,  -8.35247426e-01,  -8.27168544e-01,
         -8.29904882e+00,   1.55987708e-02,  -1.19106866e+00,
         -1.50264907e+00,  -2.12942461e+00,  -1.47507810e+00,
          3.68264750e-01,  -1.14176901e+01,   3.61659536e-01,
         -1.34516394e+01,  -3.75915408e-01],
       [ -3.45110724e+00,  -4.04343474e+00,  -6.45995959e+00,
          1.46335722e-01,  -1.29126848e-01,  -2.36804331e+00,
         -1.00727656e+00,  -1.07437827e+00,  -4.93423995e+00,
          2.82876784e+00,  -4.19779538e+00,  -4.14277594e-01,
         -1.00725446e+00,  -1.69268460e+00,  -1.89617634e+00,
          2.09217637e+00,  -6.11630801e+00,   3.72635359e+00,
         -3.41026352e+00,   8.33535092e-01,   1.80849555e+00,
          2.57322692e+00,   4.27416390e+00,  -2.11213976e+00,
          8.42063726e+00,  -1.17544143e+00,   7.76006030e-01,
          4.33330480e+00,  -1.81229259e+00,  -1.30503352e+00,
         -1.68711700e-01,   1.10022089e+00,   6.50175825e+00,
         -2.04665178e+00,   2.37555752e+00,  -1.81376789e+00,
         -1.61757537e+00,   2.06174759e-01,  -4.27317467e-01,
          1.12681463e+00,  -4.34470702e-01,   9.72884469e-01,
         -8.93815982e+00,  -3.42695104e+00,   2.92226952e+00,
          1.15893681e+00,   7.31258837e-02,   2.02012409e+00,
         -2.15914271e-01,  -7.14744747e+00],
       [  1.02731895e+01,  -7.43232700e-01,  -1.09256668e+00,
         -2.67601165e+00,  -1.63250538e+00,   1.21708508e+00,
         -3.19043808e+00,   1.47321089e+00,  -1.05104600e+00,
         -2.35742109e-01,  -6.18244901e-01,  -7.46106818e-01,
          6.68476121e-01,   2.05697102e+00,  -6.46830803e-01,
         -1.53722321e+00,   2.28928451e+00,  -1.20231484e+01,
         -3.45802095e+00,  -4.40593869e+00,  -1.02135783e+00,
         -8.76096470e+00,  -5.37919724e+00,   3.54345329e+00,
          1.17390681e+00,   7.54559023e-01,  -3.20873233e+00,
          8.08790407e+00,   8.53706138e+00,   9.88979910e+00,
          9.50452913e-01,  -9.28694876e-01,  -9.65379099e+00,
          9.65328331e+00,  -9.45834164e+00,  -6.01471135e+00,
         -4.34393337e+00,   2.25137443e+00,  -1.03038015e-01,
          1.10024072e+00,   6.41477484e-01,   2.63650201e+00,
          3.25735267e+00,   2.32077441e-01,   6.05671782e-01,
         -1.18548782e+00,  -2.30151275e-01,  -1.58065147e+00,
         -3.89547518e+00,  -1.08139898e+00],
       [ -3.76158199e-01,   3.60055371e+00,  -2.23502864e+00,
          2.21638288e+00,  -2.89404901e+00,   7.88472511e+00,
         -2.41270882e+00,   6.42807505e-01,  -8.06789688e+00,
          1.47648119e-01,  -6.46420808e+00,   7.35834977e+00,
         -4.84549643e+00,  -3.41660635e+00,  -1.42391913e+00,
          3.64587264e+00,   1.65333401e+00,  -2.74874978e+00,
         -4.09613474e+00,  -1.69472630e+00,   1.61179542e-01,
         -2.14187939e+00,   2.92913077e+00,  -7.06128688e+00,
         -1.60243901e+00,  -9.42624979e-01,  -3.02195623e-01,
         -3.78841027e-01,  -1.17973228e+00,   3.99591911e+00,
          7.04763018e+00,   3.36341105e+00,   2.50232916e+00,
          3.29210123e+00,   3.82912587e-01,  -4.94323066e-01,
          7.86127206e-01,   4.47132177e+00,  -4.09696956e+00,
          5.24299132e-01,   1.20656556e+00,   4.48827205e+00,
          5.06528747e+00,  -2.39300073e-01,  -7.91331836e+00,
          4.60699661e+00,   2.16959700e+00,   6.13560928e+00,
          8.10669736e+00,   8.37230840e-01],
       [ -9.04951825e+00,   1.77113012e+00,   1.15759646e+00,
         -2.61282890e+00,   1.94331958e+00,  -4.90187464e-01,
          2.07447358e+00,   1.33367146e+00,  -9.40800996e-01,
          1.14992207e+01,   5.63914571e-01,   1.40439938e+00,
          1.12205765e+00,  -2.54258583e+00,   6.08927146e+00,
          2.65604778e+00,  -8.81149154e+00,   1.03975942e+01,
          3.77033627e+00,   1.32154945e+01,  -6.60001168e+00,
          1.07847825e+01,   7.50220403e+00,  -1.12892400e+01,
          1.17205835e+00,   1.88126225e+00,   1.07112205e+01,
          1.61267388e+01,  -2.26027220e+00,   1.42326806e-01,
         -1.77362279e+00,   2.38201395e+00,   1.10969129e+01,
          1.54011094e+00,   1.45205384e+01,   8.82258714e+00,
          7.89105510e+00,  -5.44706486e+00,   1.91556247e+00,
          1.10867296e+01,   1.98551258e+00,   1.99682840e-02,
         -5.77135117e+00,   6.14817264e+00,   1.25074252e+00,
          2.93757615e+00,   7.47429866e+00,   2.86991486e+00,
          8.35487638e+00,  -2.71505288e+00],
       [ -3.73610738e+00,   2.15727347e+00,   2.03483612e+00,
          1.70151595e-01,  -2.13801158e-01,  -1.08312782e-01,
         -4.31366667e-01,   3.04764373e-01,   7.86812327e-01,
          9.39396406e+00,   1.24633417e+00,   9.67055664e-01,
          1.20714219e+00,   3.22344663e-01,  -1.32651166e-01,
          2.34637725e+00,  -6.83989271e+00,   1.49102880e+00,
          2.81886078e+00,   6.37201714e+00,  -6.53889527e-01,
          3.00532186e+00,   5.57344263e+00,  -7.29361769e+00,
         -3.84427403e-01,   9.37392117e-01,   4.71055692e+00,
          5.94716681e+00,   1.19241810e+00,  -1.06298093e-01,
          5.32074078e-01,   5.10977180e-01,   4.94776161e+00,
          4.06602277e+00,   2.13670011e+00,   3.89748302e+00,
          1.29236204e+00,  -1.34191982e+00,   5.79148307e-01,
          2.72578235e+00,   9.00473802e-02,   1.16509678e+00,
          2.02107876e+00,  -1.07605554e+00,   2.22502055e+00,
          5.48711650e-01,   4.62156730e+00,  -7.46721760e-01,
          9.57518514e+00,   2.53666904e+00],
       [ -5.36632849e+00,   1.04858799e+00,   2.04696032e+00,
         -3.03363465e+00,   8.69188939e-01,   1.75793166e+00,
          2.17908336e+00,   8.50740993e-02,   3.76083984e+00,
          4.11678599e+00,   2.33985037e+00,  -4.89173608e+00,
          2.24958567e+00,   2.20598331e+00,   6.55431163e-01,
         -3.16038233e+00,   1.39815833e+01,   5.19446506e+00,
          5.30228114e-03,   1.06957265e+01,  -8.58042178e-01,
          6.00922961e+00,   3.37874470e+00,  -1.37748220e+01,
         -2.19808946e+00,   2.14701197e+00,   2.62933665e+00,
          1.84502413e+01,   5.16808760e+00,   1.73545226e+00,
         -2.07640771e+00,  -2.96309771e-01,   3.06812467e+00,
          2.13762669e+00,  -2.67431954e+00,   1.03213633e+01,
          3.15328058e+00,   2.07998201e+00,   1.71060066e+00,
          9.85794296e+00,   8.81121276e-01,  -4.60825502e+00,
          5.56264631e+00,   2.40662390e+00,   1.32072255e+01,
         -6.48872974e-01,   1.31610438e+01,  -1.65437959e+00,
          9.86908272e+00,   3.96271320e-01],
       [  2.54410958e+00,   6.27802585e-01,   1.22232164e+00,
         -3.19590441e+00,   7.73860892e-01,   1.96657588e+00,
          1.88250814e+00,  -3.79252948e-01,   3.42407051e+00,
         -3.24530473e+00,   2.12494899e+00,  -1.22730756e+01,
          1.47465047e+00,   1.82606405e+00,   1.42048356e+00,
         -3.95615698e+00,   8.79324444e+00,   1.67310997e+00,
         -4.13646848e+00,   9.14224680e+00,  -1.58614379e+00,
          6.49895234e+00,  -6.61226849e+00,  -2.93620463e+00,
         -1.34334783e+00,   1.66591512e+00,   6.51904407e+00,
          1.40222948e+01,   2.84567242e+00,   1.22777640e+01,
         -2.57213004e+00,  -3.35588465e+00,  -1.43576342e+00,
          3.92956083e+00,  -3.76734051e+00,   3.88412813e+00,
          6.48088994e+00,   2.70718203e+00,   1.51081598e+00,
          8.42381927e+00,   6.66332573e-01,  -4.85765211e+00,
          7.49108808e+00,   6.91543261e+00,   3.73493376e+00,
         -3.24209264e+00,   1.39236551e+01,  -1.54562653e+00,
          1.28510538e+00,   5.34123592e-02]])]Hidden bias: [array([  2.48964964,   8.14402364,   7.7687659 ,  -7.10876846,
         4.43881725,  -7.64403161,   5.80531499,  -6.12984809,
         6.9604821 ,   1.49315583,   7.64889595,  -6.30605823,
         6.09755015,   6.24904544,   7.77757089,  -7.75983459,
         1.65392255,   5.82141519,  -9.68157949,   1.38766764,
        -7.63462527,   6.57294985,   0.41170938,   2.04558539,
        -6.47243719,   4.53506809,   6.9003524 ,  19.17667068,
         2.58947036,  -7.51347623,  -6.19990627,  -5.68564718,
        -6.86216782,  -0.49406232,  -2.23636388,   6.25660068,
        11.37123058,   9.63309053,   4.66400075,  17.086399  ,
        -4.92255315,  -6.576312  ,  12.32208862,   6.55486667,
        -6.43918576,  -6.42154298,   1.46160426,  -8.21829055,
         4.80004015,  10.886373  ])]Output weights: [[-12.24114871]
 [ -8.62661441]
 [ -9.74094244]
 [  3.85887425]
 [  2.43214487]
 [ -4.23828046]
 [  2.43483513]
 [  3.26233605]
 [-16.26106413]
 [ 10.14631223]
 [-22.12391921]
 [ -7.89465819]
 [  7.84315921]
 [  4.39512534]
 [ -4.81876824]
 [ -7.08779072]
 [ -7.01011332]
 [ -5.62373224]
 [ 12.22025717]
 [  7.44062577]
 [  6.81009568]
 [  6.46589233]
 [ -6.91806544]
 [  7.1864834 ]
 [  8.43609897]
 [  3.98286288]
 [  7.34228908]
 [ -8.60896983]
 [  6.6936024 ]
 [  2.68463256]
 [ -4.97789651]
 [ -8.32177944]
 [-10.90392264]
 [ -7.13888416]
 [-10.75879043]
 [  5.39308761]
 [-11.5116316 ]
 [ -4.3112876 ]
 [  4.28053202]
 [ -7.45565741]
 [  1.50017075]
 [ -2.38840819]
 [ -9.58464484]
 [ -5.93478714]
 [  3.0955734 ]
 [-10.25661514]
 [-11.57864733]
 [-11.25335187]
 [ -8.30708753]
 [-11.90567573]]Output bias: [-0.36592914]