Action MLP:Hidden weights: [array([[  2.20080586e-02,   1.60366571e-02,   8.18493748e-02,
          8.88857468e-02,  -4.45771633e-01,   7.65182795e-02,
          1.01309791e-02,   2.08768519e-02,   7.81822257e-02,
         -2.38983213e-03,   9.32169349e-03,   2.02265319e-02,
          6.88767227e-03,   6.47923806e-03,   5.93997647e-02,
          2.25373436e-02,  -4.75200702e-02,  -5.42116566e-02,
         -1.40962138e-02,   1.14310695e-01,   2.46658154e-02,
         -9.35928038e-03,   1.26502522e-01,   3.38417735e-02,
         -1.97808901e-02,  -4.19431252e-02,   2.80537975e-02,
          4.05567317e-02,   5.22703628e-02,  -4.88131842e-02,
          1.23719769e-02,   4.84595596e-02,  -1.74339566e-02,
          3.81816780e-02,   3.80392216e-02,  -8.71223758e-02,
          2.11169541e-02,   2.59129985e-02,  -1.88835521e-02,
         -3.16421746e-02,   4.94232622e-03,  -3.48187798e-02,
         -5.62192792e-02,   1.17705476e-03,  -3.62019901e-04,
          4.63790691e-02,  -7.29113775e-03,  -1.47773559e-02,
          2.35079563e-02,  -1.33728905e-02],
       [  1.92502971e-01,  -3.25348699e-01,  -2.98960138e-01,
          1.55339919e-01,  -2.68253505e+00,   1.34790186e-01,
          1.73357297e-01,  -3.82157064e-01,  -2.15795199e-01,
          9.54493152e-02,   1.72732232e-01,   1.64657706e-01,
          1.51352292e-01,  -6.11414727e-02,   1.59926173e-01,
          1.28458881e-01,   8.65601927e-02,   1.71839577e-01,
          1.40032187e-01,  -6.90185256e-02,  -5.64163957e-01,
          1.54792271e-01,  -1.20046373e-01,   1.50063843e-01,
          1.56151090e-01,   2.08984753e-01,  -1.65645761e-02,
         -3.90606241e-01,  -1.05512115e-01,   1.79207160e-02,
          1.52853600e-01,   2.54993778e-01,   1.40565127e-01,
          1.19159462e-01,   2.03782690e-01,   1.71901565e-01,
         -1.42664872e-01,   1.14855440e-01,   1.65114685e-01,
          1.76436257e-01,   1.87314630e-02,   2.77092929e-01,
          1.70633677e-02,   1.51402633e-01,   7.69117851e-02,
          4.97230391e-02,   2.08618913e-02,   1.54314635e-01,
         -5.70174161e-02,   8.37427133e-02],
       [ -4.60669781e-02,   7.64720649e-02,   8.15660580e-02,
         -1.52270133e-01,  -4.15131965e-01,  -1.04028758e-01,
         -3.74600769e-02,  -2.46914600e-01,   7.34904255e-02,
          3.42181748e-02,   1.95692073e-03,  -3.33533505e-02,
         -4.85488645e-02,   4.03887124e-02,  -7.56913270e-02,
         -4.19518235e-03,   1.49260186e-02,   1.14191203e-01,
          1.63692730e-02,  -1.68419757e-02,   9.68061910e-02,
          5.35039202e-02,   1.87660660e-02,  -1.05234424e-01,
          5.28952636e-02,   1.37663054e-01,   1.84939285e-02,
          9.04952697e-02,   3.91496810e-02,   4.33602243e-02,
         -6.07418762e-02,  -1.47903398e-01,   5.65800198e-02,
         -1.08978770e-02,  -6.35920540e-02,   2.36851744e-01,
          4.78172299e-02,  -7.45866569e-02,   1.29224067e-01,
          9.22005193e-02,   3.49626011e-02,   2.28527125e-01,
         -1.42508687e-02,  -5.27229916e-03,   4.62680165e-02,
         -1.64040993e-01,  -6.24517011e-02,   6.85031730e-02,
         -1.14313198e-01,   4.70359856e-02],
       [ -2.39943419e-01,  -5.78422206e-01,  -5.70545613e-01,
         -2.80594867e-01,  -1.68264415e+00,  -2.85887975e-01,
         -2.72078896e-01,  -7.84559051e-01,  -5.20868058e-01,
         -3.15720062e-01,  -2.70220230e-01,  -2.44239977e-01,
         -3.19699204e-01,  -3.99647966e-01,  -2.57527131e-01,
         -2.67766457e-01,  -4.89119793e-01,  -4.98112131e-01,
         -3.10531077e-01,  -4.72146529e-01,  -7.13275653e-01,
         -2.87197222e-01,  -4.99083013e-01,  -3.22767858e-01,
         -3.06398498e-01,  -4.05024204e-01,  -3.68210615e-01,
         -6.11270742e-01,  -4.33422698e-01,  -5.53531850e-01,
         -3.21711650e-01,  -1.95552935e-01,  -2.94677295e-01,
         -2.78339579e-01,  -2.34348283e-01,  -7.31619337e-01,
         -4.63049737e-01,  -3.66163202e-01,  -3.49382868e-01,
         -3.15599549e-01,  -3.48732050e-01,  -3.98505700e-01,
         -5.41607821e-01,  -2.89522598e-01,  -3.27007211e-01,
         -4.47797306e-01,  -4.56996880e-01,  -3.20017624e-01,
         -5.33306964e-01,  -3.32186337e-01],
       [  1.15141801e-01,   4.29107322e-02,   1.58984864e-01,
          3.14246045e-01,   2.59530600e-01,   2.35503158e-01,
          8.36029779e-02,   1.12941543e-01,   1.69218758e-01,
          3.32809146e-02,   6.64354717e-02,   1.06157621e-01,
          6.79387137e-02,   5.60556083e-02,   1.89775664e-01,
          9.52519701e-02,  -1.67083287e-02,  -8.81047106e-02,
          1.86104707e-02,   2.66406873e-01,   6.92744074e-02,
          1.55022998e-02,   2.77330076e-01,   1.22189024e-01,
          1.24284321e-02,  -9.72533084e-02,   9.46707504e-02,
          8.44054851e-02,   1.51005496e-01,  -1.24034123e-01,
          8.50904382e-02,   2.15065385e-01,   2.54933762e-02,
          1.19695502e-01,   1.30298041e-01,  -1.97831853e-01,
          5.79913703e-02,   8.80814281e-02,  -6.62116216e-02,
         -2.91543965e-02,   5.82592502e-02,  -1.34198036e-01,
         -1.35045346e-02,   4.36744407e-02,   2.45097540e-02,
          1.15965330e-01,   3.28196807e-02,   1.38735768e-03,
          5.23407403e-02,   2.01239833e-02],
       [  9.52617922e-02,   7.69712425e-02,   1.31509298e-01,
          2.94347314e-01,  -1.88845593e-02,   2.33927145e-01,
          8.28316874e-02,  -3.09616432e-02,   1.65766265e-01,
          8.42561472e-02,   8.67992509e-02,   1.25303047e-01,
          7.55052820e-02,   1.03170295e-01,   1.89946858e-01,
          1.21367893e-01,   1.10049846e-01,   1.11031681e-01,
          7.61997759e-02,   2.41337054e-01,   4.82105443e-02,
          9.20784292e-02,   2.24269394e-01,   4.87134989e-02,
          7.88313498e-02,   4.62849146e-02,   1.19401233e-01,
          8.36580271e-02,   1.43539087e-01,  -5.43305174e-02,
          6.31526779e-02,   1.94845151e-01,   8.33776540e-02,
          1.31146953e-01,   1.31971519e-01,   1.45043893e-01,
          9.94891731e-02,   4.69738225e-02,   2.00834827e-02,
          6.04479396e-02,   1.01846328e-01,  -9.16718130e-02,
          1.33413007e-01,   6.75627913e-02,   1.00193820e-01,
         -4.00734841e-02,   5.19875306e-02,   8.26425198e-02,
         -9.34733760e-03,   7.95190314e-02],
       [ -6.20098000e-02,  -5.34548112e-02,  -1.08621156e-01,
         -3.70669955e-01,   3.89410209e-01,  -2.53145135e-01,
         -1.16561878e-02,   3.60557248e-01,  -1.23669050e-01,
         -5.07907647e-02,  -1.86737547e-02,  -8.00808158e-02,
          2.95324691e-02,  -7.15018163e-02,  -1.79100715e-01,
         -7.35016052e-02,   1.13009415e-01,   4.59284154e-02,
          3.82202718e-02,  -2.78874364e-01,  -1.77790746e-02,
         -2.26623604e-02,  -2.44742990e-01,   2.18692222e-02,
         -3.89554037e-03,   1.60454464e-03,  -8.33434665e-02,
         -5.56040911e-02,  -1.17567628e-01,  -1.86104871e-01,
          2.38691233e-02,  -2.29106190e-01,  -2.87772838e-02,
         -8.26390986e-02,  -1.04494469e-01,   5.67040248e-02,
         -8.13248664e-02,   6.69482847e-02,  -8.79128846e-02,
         -1.42905322e-02,  -6.13987439e-02,  -1.69827059e-01,
          1.85041131e-01,   1.43787130e-02,  -4.82216124e-02,
          1.32781499e-01,   1.53074429e-01,  -1.37853353e-02,
          2.12997087e-01,  -4.12789563e-02],
       [  9.66469789e-03,  -8.76697983e-02,  -8.03028815e-02,
         -2.48051030e-01,   4.09442453e-01,  -1.68602759e-01,
          3.77467248e-02,   4.73805313e-01,  -1.00895771e-01,
         -6.58296522e-02,  -6.09139330e-04,  -4.37473342e-02,
          6.89283998e-02,  -9.26698446e-02,  -1.22415014e-01,
         -3.85271886e-02,   4.50363275e-02,  -7.79820424e-02,
          2.39789872e-02,  -1.68066097e-01,  -5.30372893e-02,
         -3.01931973e-02,  -1.66757236e-01,   1.20907442e-01,
         -4.98699003e-02,  -1.19608673e-01,  -8.26312158e-02,
         -7.22232829e-02,  -9.04310453e-02,  -3.27498842e-01,
          8.41080029e-02,  -1.37940476e-01,  -5.63541838e-02,
         -6.23026910e-02,  -2.33065475e-02,  -2.74173099e-01,
         -8.69131949e-02,   1.29059121e-01,  -1.75676437e-01,
         -8.47777061e-02,  -7.34741648e-02,  -3.35478413e-01,
          1.00076193e-01,   2.26161000e-02,  -7.42162566e-02,
          2.52639746e-01,   1.76834631e-01,  -5.26596042e-02,
          2.60898157e-01,  -9.09971615e-02]])]Hidden bias: [array([-0.63187715, -0.77487735, -0.81148626, -0.84537413, -2.23060479,
       -0.73447882, -0.61561762, -0.61944451, -0.76394925, -0.57069085,
       -0.60159537, -0.62041718, -0.60520462, -0.60236181, -0.67755667,
       -0.6042134 , -0.57021531, -0.57237528, -0.59101127, -0.78998001,
       -0.97465707, -0.57853989, -0.80725253, -0.61102856, -0.5745712 ,
       -0.58438689, -0.60429076, -0.83945565, -0.67253026, -0.5924777 ,
       -0.60925543, -0.75771727, -0.5722423 , -0.60826182, -0.64851408,
       -0.57740674, -0.64388492, -0.59497793, -0.55997227, -0.57215397,
       -0.58260181, -0.62218915, -0.55552237, -0.59834412, -0.56657121,
       -0.55635258, -0.57366104, -0.56835823, -0.5642031 , -0.56440971])]Output weights: [[  4.44560033e-02   2.63484268e-02]
 [  3.10041675e-03   1.60430279e-02]
 [  2.04739217e-02   9.21722030e-02]
 [  9.86413396e-02   1.87990374e-01]
 [  1.56167477e+00  -1.06620259e-02]
 [  7.54721778e-02   8.68527520e-02]
 [  8.32274907e-03   9.00154389e-03]
 [ -8.86411117e-01   1.02747970e-01]
 [  5.34172369e-03   7.25606077e-02]
 [  3.09725475e-02  -4.84636950e-02]
 [  3.89383889e-02  -1.18574292e-02]
 [  6.55690115e-02   1.85410665e-03]
 [ -4.82882359e-02  -7.37983719e-04]
 [ -1.88253306e-02  -4.73072140e-02]
 [  7.66001687e-02   4.05000772e-02]
 [  5.15987757e-02  -1.46614037e-02]
 [ -1.68710247e-01  -1.00054765e-01]
 [ -5.80288692e-02  -1.32629903e-01]
 [ -6.76555567e-03  -3.15365427e-02]
 [  8.53908271e-03   1.44193255e-01]
 [  1.33865164e-01   7.75249823e-02]
 [  5.50637803e-02  -4.66054417e-02]
 [  1.45419179e-02   1.54809423e-01]
 [ -8.93996167e-02   4.19825655e-02]
 [  4.48280074e-02  -5.13733919e-02]
 [  4.56728853e-02  -7.88450836e-02]
 [ -4.28555678e-03  -3.03385029e-02]
 [  4.06926590e-02   5.76123034e-02]
 [ -7.90397455e-03   2.25571341e-02]
 [ -1.71835706e-02  -1.22019383e-01]
 [ -5.91568295e-02   1.44587507e-02]
 [  1.16212588e-01   1.08328938e-01]
 [  5.51522571e-02  -5.02340090e-02]
 [  4.85929944e-02  -1.29216713e-02]
 [  6.02835469e-02   2.86312203e-02]
 [ -1.32670307e-01  -2.63888252e-01]
 [ -3.65416294e-02  -2.54881347e-02]
 [ -1.22876987e-01   1.84339504e-02]
 [  9.67363481e-02  -6.63108455e-02]
 [  7.06716375e-02  -5.81936793e-02]
 [  5.19582021e-03  -4.95851625e-02]
 [  1.91287790e-01  -5.76037460e-02]
 [ -2.75335863e-01  -1.21333994e-01]
 [  8.12472557e-03  -9.86683887e-03]
 [  2.54912133e-02  -6.31147758e-02]
 [ -2.69083162e-01   8.79475364e-02]
 [ -2.40273675e-01  -1.21961140e-02]
 [  4.48016084e-02  -6.03534003e-02]
 [ -3.73020016e-01   4.50885162e-02]
 [  2.66271741e-02  -6.25277336e-02]]Output bias: [ 1.09230803  0.72959246]
Value MLP:Hidden weights: [array([[  4.32258325e+01,   1.45973836e+01,   2.19466529e+01,
         -2.32420858e+01,   7.18456733e+00,  -4.10236021e+00,
          9.50274704e+00,   1.16940425e+01,   1.04679894e+00,
         -1.07978403e+00,  -1.53630228e+00,   1.75799276e+00,
          1.30216918e+01,  -2.21678552e+00,   9.31517707e-01,
         -6.25189965e-01,   7.08824161e+00,  -1.26506855e+01,
          3.90407443e+00,  -3.90608289e+00,  -1.90623954e+00,
         -2.62970783e+01,  -1.77138615e+01,   1.91674327e+01,
         -9.62603063e+00,   5.33418344e+00,  -1.02212070e+01,
         -1.03488141e+01,  -5.88407034e-01,   6.08752739e+00,
         -5.34561003e+00,   5.96219092e-01,  -1.07944931e+01,
         -2.49517216e+00,  -8.98587613e+00,  -7.13380696e+00,
          2.77893176e+00,  -1.48676575e+01,   6.32625651e+00,
         -1.37628278e+01,  -1.74709510e+01,   1.41876743e+01,
          2.00758889e+00,   1.11696273e+01,  -4.98891585e+00,
          1.19974521e+01,  -6.27014337e+00,  -7.27175325e+00,
         -9.76858479e+00,  -4.68444138e+00],
       [  1.31948524e+01,   2.38885795e+00,  -2.53987720e+01,
         -1.01533663e+01,  -1.30008615e+01,   1.11649580e+01,
         -4.05917515e+00,   1.25261829e+01,   1.18876222e+00,
         -2.10302423e+01,   1.17251700e+01,  -3.21392661e+00,
          3.56706827e+01,   1.05790127e+01,   4.31585207e+00,
          2.10975206e+00,  -1.99236043e+00,  -5.62999219e+00,
         -1.79927514e+01,   1.51312687e+01,  -3.91159011e+00,
         -3.56846320e+01,   2.02911053e+01,  -9.38232833e+00,
          1.08553860e+01,   1.57826886e+01,   7.02524882e+00,
          8.68451231e+00,  -2.92443511e+01,   4.42629433e+00,
         -1.02904967e+01,   1.06383435e+00,  -8.88435946e+00,
         -1.92987096e+01,   1.74415141e+01,   4.49474250e+00,
          1.11227643e+01,  -2.94174823e+00,   6.69990602e+00,
         -2.00729901e+01,   6.69367056e+00,   2.25256917e+01,
         -6.55387464e-01,   6.85828158e+00,   8.20000884e+00,
         -1.49363262e+01,   1.32564311e+01,  -1.01901596e+01,
          1.92105928e+01,  -8.88003488e+00],
       [  7.77335046e+01,   1.80890001e+01,   3.59297789e+01,
         -3.42223527e+01,  -6.19961120e+00,   7.45946509e+00,
         -8.62558430e+00,   1.69185255e+01,  -3.32124144e-01,
         -7.23081224e+01,   1.40476519e+01,  -8.55816719e+00,
          7.66306767e+01,   1.85844001e+01,   1.14694417e+01,
         -8.21501274e-01,  -5.35203822e+00,  -5.36608929e+00,
         -5.46137362e+01,   2.33729772e+01,  -2.03857645e+01,
         -2.88281800e+01,   1.08578086e+01,  -3.94532531e+01,
         -1.38365051e+01,   2.24891047e+01,   1.14405406e+01,
          4.91746418e+00,  -6.58067451e+01,   2.30021911e+00,
         -3.76032864e+01,  -1.15590191e+00,  -1.45197599e+01,
         -1.84610526e+01,   1.49334779e+01,   9.49114718e+00,
          3.58856767e+01,  -8.17777681e-01,   1.16415050e+01,
         -2.72805174e+01,   2.25337806e+01,   3.68589025e+01,
          1.26386573e+01,   4.16844526e+01,  -1.86002831e+00,
         -5.87649092e+00,   1.97850676e+01,  -2.20274856e+01,
          3.79576189e+01,   8.09445111e+00],
       [  2.23511864e+01,  -3.90530067e-01,  -6.18002241e+01,
          1.74260481e+01,   7.64281146e+00,  -2.47873083e+01,
          8.77030918e+00,  -2.93592289e+00,  -3.47874229e+00,
          8.21615724e+00,  -2.33094591e+01,   1.42215107e+01,
         -3.20463868e+01,  -1.65324517e+01,  -1.17064305e+00,
          4.43166394e+00,  -4.27247965e+00,   1.08023965e+01,
          3.74599581e+01,  -1.54234502e+00,   1.08194613e+01,
         -1.39450341e+02,  -1.38393247e+01,   8.18259862e+00,
          1.98451012e+01,  -8.59914452e+00,  -2.70139202e+01,
         -4.92645546e+00,   7.00630631e+01,  -5.88808800e+00,
          7.50288473e+00,   4.68974497e+00,   3.01019032e+01,
          5.11248301e+01,  -4.61533890e+01,  -1.83541741e+01,
         -3.86743332e+01,  -2.11320658e+01,  -1.63601474e+01,
          2.17894624e+01,   1.59328538e+00,  -2.05265273e+01,
         -6.94844530e+00,  -1.24720444e+01,  -1.81569143e+01,
          3.03763520e+00,  -4.77783555e+01,   1.44377336e+01,
         -3.29202093e+01,  -1.46070569e+01],
       [ -7.23001656e+01,  -7.65037305e+00,  -3.83902866e+01,
          4.64825400e+01,   3.48539253e+01,  -2.76998521e+01,
          2.02746199e+01,  -2.83098571e+01,  -9.89020353e-01,
          3.20909139e+02,  -8.54434814e+01,   2.83120851e+01,
         -1.63672494e+02,  -4.96116138e+01,  -2.80253487e+01,
          4.27834137e+00,  -1.92532426e+01,   9.78312407e+00,
          8.89237568e+01,  -9.74881415e+01,   6.57809973e+01,
          5.58565669e+00,  -6.24545057e+01,   7.19488020e+01,
          3.25731169e+01,  -7.58292744e+01,  -3.97434080e+01,
         -3.49047506e+01,   9.68120363e+01,  -7.47492262e+00,
          6.35933752e+01,   3.88874116e+00,   1.05683763e+02,
          6.68343668e+01,  -2.03854462e+01,  -2.02050244e+01,
         -9.32882838e+01,  -3.94710762e+01,  -2.62312372e+01,
          4.78816572e+01,  -2.06378528e+02,  -2.66879233e+01,
         -2.96488167e+01,  -2.41976535e+01,  -5.72744117e+01,
          6.27899845e+01,  -3.74802542e+01,   3.67389589e+01,
         -6.30493359e+01,  -1.50735894e+01],
       [  1.24354319e+00,  -1.25780154e+01,  -3.09221832e+01,
          1.89120048e+01,   2.49625217e+01,   2.22144833e+00,
          4.54241607e+00,  -1.89946831e+01,   1.24289551e+00,
         -2.13255180e+01,  -5.46013483e+01,  -7.36163203e+00,
          6.41744203e+01,   4.16730679e+01,  -4.71755205e+01,
         -2.19636166e+00,  -3.36382393e+00,   3.02381307e+01,
         -6.16806041e+01,  -5.55629654e+01,  -7.78064519e+00,
          3.81774678e+01,  -5.45648941e+01,  -7.70967621e+00,
         -1.61142592e+01,  -5.97887252e+00,   7.82088488e-01,
         -3.35361059e+01,  -8.00795185e+01,   3.08428142e+00,
          6.44102223e+00,   9.91985881e-01,  -4.44986754e+01,
         -2.02311812e+01,  -3.30799612e+01,  -1.31960420e+01,
          3.44763897e+01,   3.35124297e+01,  -2.16009244e+01,
          2.07321158e+01,  -9.37432050e+00,   1.72902352e+01,
          8.69000409e-01,  -1.36078401e+01,   4.86762223e+00,
          6.23905853e-02,  -3.39353798e+01,   1.39827218e+01,
         -9.58725635e+01,  -3.31885679e+00],
       [  1.80616871e+01,  -3.72071860e+00,   4.11093196e+00,
          7.25284010e+00,  -1.56845646e+01,   7.47658826e+00,
         -5.38396014e+00,   7.56707465e+00,   3.76084779e+00,
          3.15127748e+01,  -7.43726776e+00,  -1.62842775e+01,
          4.56581088e+00,   2.56170805e+01,   8.40880535e+00,
         -3.16667702e+00,   1.42118317e+01,   2.10426549e+00,
         -9.84383227e+00,   1.69321056e+01,   1.29708402e+00,
          1.04793058e+00,   2.72142558e+01,  -4.18916080e+01,
         -1.94921771e+00,   4.68592415e+00,   1.82714020e+00,
          1.51324965e+01,  -4.31700238e+00,   3.37305746e+00,
         -1.43547790e+01,  -2.87404706e-01,  -1.80606141e+01,
          2.58867229e+00,   1.48203071e+01,   1.76790317e+01,
          3.74350867e+01,   1.35916281e+01,   9.96470480e-01,
          5.10209359e-01,  -2.72394900e+01,   6.89603403e+00,
          5.02989288e+00,   6.76889831e+00,   2.60966409e+01,
         -6.50517374e+00,   1.24362149e+01,  -3.28821909e+00,
          1.79600210e+01,   1.53115310e+00],
       [  8.83401700e+00,  -2.75706601e+00,   2.34280371e+00,
         -4.02612618e+00,  -1.68741487e+00,   1.10148767e+00,
          1.97512098e+00,  -1.07454553e+01,   3.42406983e+00,
         -1.24974915e+01,   1.18576907e+01,  -1.28490778e+01,
          1.60976948e+01,   1.44881076e+00,   6.16031102e-02,
         -3.95607813e+00,   7.48478961e+00,  -6.39326512e+00,
         -4.44995908e+00,   1.36627890e+01,   1.50519380e+01,
         -1.13416900e+01,  -2.03045575e+01,  -1.32106890e-01,
         -6.60979237e+00,   2.88297982e+00,  -1.28465723e+00,
          2.36152139e+01,  -1.80913703e+01,   1.73085572e+01,
         -3.23511606e+00,  -3.35582477e+00,   1.76400852e+01,
          1.67718779e+01,   1.40136642e+00,   9.08765408e-01,
          7.15468363e+00,   1.47292712e+01,   5.69150472e+00,
          8.40862014e+00,  -5.61176722e+00,   8.57817973e+00,
          9.91298933e+00,   1.03606512e+01,   4.66463001e+00,
         -3.91356820e+00,   1.39449373e+01,  -1.09409683e+00,
          5.84841269e+00,   5.33047951e-02]])]Hidden bias: [array([ 37.24711455,  10.15231079,  86.15292109, -20.39573588,
       -15.00045851,  18.44504265, -29.69076741,  11.33863764,
        10.95282123, -49.51598894,  47.2089336 , -22.24446022,
        41.09969122,  30.98753445,  15.19274598, -11.70371555,
        18.48622988, -19.14512555, -53.30626522,  18.40716446,
       -30.47968916,  13.3676305 ,  33.70393325, -36.27157102,
       -29.79587609,  13.17919878,  23.62459817,  34.1456569 ,
       -91.26726086,  17.88096595, -25.79930566,  -8.36094619,
       -57.33843405, -33.55152907,  43.72661203,  18.27926096,
        88.39839527,  63.12473687,  16.3473586 , -24.17334316,
        10.36514553,  14.47152397,  26.67408825,  29.06834374,
        17.39706586,  -8.79907107,  48.96046763, -20.49816862,
        59.0239193 ,  26.14266245])]Output weights: [[-12.51401342]
 [ -0.28372556]
 [ -5.91253349]
 [  4.78773757]
 [ -5.40077373]
 [ 32.85032454]
 [ 19.16258459]
 [  1.83220896]
 [-45.29486817]
 [ -4.71981709]
 [ 11.43354098]
 [-11.39558649]
 [ -9.87714248]
 [  1.35967658]
 [ 15.6635603 ]
 [ 16.23415523]
 [-20.496752  ]
 [ -4.25442737]
 [ -8.26032685]
 [  9.6847681 ]
 [ 15.32237321]
 [ 42.12977509]
 [ 17.6011673 ]
 [  4.98771431]
 [ -5.5495041 ]
 [  3.62569399]
 [ 18.54762901]
 [ -5.04579219]
 [-13.90619877]
 [-17.0948493 ]
 [  3.24256195]
 [ 10.61927459]
 [ 25.31241835]
 [-12.30853112]
 [  0.28503263]
 [  5.31019362]
 [-13.49599644]
 [-15.17000815]
 [  2.47325467]
 [  3.8602062 ]
 [ -0.16564711]
 [ 13.65615504]
 [-13.79655391]
 [ -5.12137813]
 [  2.54510024]
 [  6.55282207]
 [ 24.0967323 ]
 [  1.41673375]
 [-11.36064862]
 [-13.17706978]]Output bias: [-31.64713261]