Action MLP:Hidden weights: [array([[  2.10015031e-02,   1.58418276e-02,   8.18363800e-02,
          8.84057321e-02,  -4.09001420e-01,   7.64256662e-02,
          1.00556387e-02,   5.36697078e-02,   7.80567630e-02,
         -3.97164634e-03,   7.94289574e-03,   1.87203576e-02,
          8.59411268e-03,   6.74888505e-03,   5.89500998e-02,
          2.11868853e-02,  -3.56807867e-02,  -4.79222511e-02,
         -1.35205693e-02,   1.13783943e-01,   2.25432841e-02,
         -1.20991308e-02,   1.25971202e-01,   3.60785421e-02,
         -2.21576635e-02,  -4.40263897e-02,   2.79582580e-02,
          3.99412284e-02,   5.22022689e-02,  -4.79669598e-02,
          1.43162576e-02,   4.79902180e-02,  -2.02456612e-02,
          3.71630123e-02,   3.69520758e-02,  -7.36470922e-02,
          2.19097321e-02,   2.95794865e-02,  -2.50734629e-02,
         -3.58147073e-02,   4.51855988e-03,  -4.13336581e-02,
         -3.77965831e-02,   1.04797056e-03,  -1.79541745e-03,
          5.16423615e-02,   3.26552086e-03,  -1.72716889e-02,
          3.83824405e-02,  -1.49927614e-02],
       [  1.94568725e-01,  -3.26321071e-01,  -2.97637897e-01,
          1.82689044e-01,  -2.67066841e+00,   1.48260551e-01,
          1.73514639e-01,  -3.26648946e-01,  -2.13684428e-01,
          9.22355577e-02,   1.71493379e-01,   1.66010055e-01,
          1.52030512e-01,  -6.30168223e-02,   1.68290054e-01,
          1.27704079e-01,   9.74312782e-02,   1.77883005e-01,
          1.40225486e-01,  -5.91641800e-02,  -5.72344223e-01,
          1.51094331e-01,  -1.11192075e-01,   1.49506813e-01,
          1.52847865e-01,   2.10109704e-01,  -1.85713584e-02,
         -3.92769613e-01,  -1.05016568e-01,   2.00515074e-02,
          1.53544406e-01,   2.75126894e-01,   1.36580754e-01,
          1.18993848e-01,   2.07972164e-01,   1.85781956e-01,
         -1.42782406e-01,   1.16711722e-01,   1.61137056e-01,
          1.72239342e-01,   1.60661640e-02,   2.97299374e-01,
          3.19131630e-02,   1.50980098e-01,   7.33392713e-02,
          5.08892947e-02,   3.35119540e-02,   1.50878522e-01,
         -3.64845160e-02,   8.02491907e-02],
       [ -5.39346000e-02,   7.57847585e-02,   7.67709069e-02,
         -1.73828723e-01,  -4.02609664e-01,  -1.15489500e-01,
         -3.79668251e-02,  -1.34264638e-01,   6.95920752e-02,
          3.50076729e-02,  -1.65964502e-03,  -4.11242584e-02,
         -3.79707457e-02,   4.84559168e-02,  -8.40936114e-02,
         -8.86639694e-03,   7.96149207e-02,   1.61436504e-01,
          2.61913107e-02,  -2.82800302e-02,   8.36869836e-02,
          4.90780084e-02,   8.10256063e-03,  -9.86553265e-02,
          5.15499563e-02,   1.45568733e-01,   2.26732032e-02,
          8.49957318e-02,   3.86382373e-02,   6.52641186e-02,
         -5.10926008e-02,  -1.64378045e-01,   5.23871267e-02,
         -1.45251344e-02,  -7.29869392e-02,   3.28411650e-01,
          5.56592244e-02,  -5.52856237e-02,   1.16390652e-01,
          8.50607757e-02,   4.03784707e-02,   2.22038466e-01,
          7.48682730e-02,  -2.36130644e-03,   4.94890879e-02,
         -1.40566350e-01,  -7.45938071e-03,   6.81191277e-02,
         -4.55136791e-02,   5.00348217e-02],
       [ -2.39431406e-01,  -5.78685113e-01,  -5.74523138e-01,
         -2.76164477e-01,  -1.92667065e+00,  -2.84472695e-01,
         -2.72282581e-01,  -8.48937981e-01,  -5.22735774e-01,
         -3.12314106e-01,  -2.68551797e-01,  -2.42461379e-01,
         -3.20049989e-01,  -3.96988923e-01,  -2.55731606e-01,
         -2.66253746e-01,  -4.91166010e-01,  -4.94410180e-01,
         -3.08245915e-01,  -4.73503363e-01,  -7.21023193e-01,
         -2.83107402e-01,  -5.01145767e-01,  -3.26964220e-01,
         -3.01938262e-01,  -3.96412140e-01,  -3.66629508e-01,
         -6.14729147e-01,  -4.33358816e-01,  -5.47271626e-01,
         -3.23212976e-01,  -1.90235684e-01,  -2.90378030e-01,
         -2.77074737e-01,  -2.32997556e-01,  -7.31519933e-01,
         -4.61098688e-01,  -3.67708235e-01,  -3.39631278e-01,
         -3.09150686e-01,  -3.46030791e-01,  -3.72093723e-01,
         -5.52139226e-01,  -2.88466934e-01,  -3.22995929e-01,
         -4.52008483e-01,  -4.59287980e-01,  -3.14887177e-01,
         -5.42725040e-01,  -3.27809123e-01],
       [  1.18264566e-01,   4.29783368e-02,   1.54515154e-01,
          3.18442186e-01,  -1.96769208e-01,   2.35610204e-01,
          8.37521607e-02,  -3.69591467e-03,   1.68294556e-01,
          3.35407706e-02,   6.79179296e-02,   1.07695964e-01,
          6.47534199e-02,   5.48579929e-02,   1.89401792e-01,
          9.56738695e-02,  -6.25870984e-02,  -1.24704884e-01,
          1.37299134e-02,   2.68203207e-01,   6.16021492e-02,
          1.86892938e-02,   2.77914982e-01,   1.24322842e-01,
          1.40665513e-02,  -1.03644223e-01,   9.42021627e-02,
          8.09653971e-02,   1.52424738e-01,  -1.41934925e-01,
          8.29473263e-02,   2.20060964e-01,   2.85472815e-02,
          1.19109976e-01,   1.33199884e-01,  -2.79084115e-01,
          5.73280814e-02,   8.57500184e-02,  -5.61366582e-02,
         -2.36121104e-02,   5.68724808e-02,  -1.35125596e-01,
         -8.24490445e-02,   4.21767186e-02,   2.41204335e-02,
          1.29870999e-01,   8.15943928e-03,   2.85719766e-03,
          2.06192993e-02,   1.98501625e-02],
       [  1.02049070e-01,   7.76943927e-02,   1.41322737e-01,
          3.21028220e-01,  -3.96270595e-02,   2.48332210e-01,
          8.33553869e-02,  -8.85612315e-02,   1.73598137e-01,
          7.32761117e-02,   8.44082030e-02,   1.27627718e-01,
          6.93877102e-02,   9.12757147e-02,   1.98094838e-01,
          1.19589086e-01,   6.11809656e-02,   5.97024247e-02,
          6.32421754e-02,   2.58219745e-01,   5.79269413e-02,
          8.31331838e-02,   2.41464186e-01,   5.37101979e-02,
          6.71209721e-02,   2.00491959e-02,   1.12002081e-01,
          9.01341021e-02,   1.45566487e-01,  -8.74778109e-02,
          6.03649490e-02,   2.16712679e-01,   7.36464277e-02,
          1.29307658e-01,   1.39853955e-01,   4.72697108e-02,
          9.14463991e-02,   4.06487277e-02,   8.87039528e-03,
          4.87104779e-02,   8.99212800e-02,  -1.10907631e-01,
          7.32619123e-02,   6.21614091e-02,   8.58897982e-02,
         -3.46261216e-02,   2.15337990e-02,   6.86412809e-02,
         -3.97390841e-02,   6.47527937e-02],
       [ -6.40615039e-02,  -5.36081682e-02,  -1.09120225e-01,
         -3.71386288e-01,   3.47644287e-01,  -2.54621364e-01,
         -1.19874221e-02,   4.22887248e-01,  -1.23526510e-01,
         -5.30064625e-02,  -2.09965915e-02,  -8.32465162e-02,
          3.28227728e-02,  -7.07865765e-02,  -1.81426506e-01,
         -7.63089623e-02,   1.25293942e-01,   4.93598176e-02,
          3.87169359e-02,  -2.78515091e-01,  -2.47206210e-02,
         -2.63682426e-02,  -2.44487950e-01,   2.79435822e-02,
         -7.03498947e-03,  -1.75540644e-03,  -8.33563967e-02,
         -5.75851241e-02,  -1.17044551e-01,  -1.86054513e-01,
          2.79207840e-02,  -2.31263615e-01,  -3.24961455e-02,
         -8.51562956e-02,  -1.06993438e-01,   6.41862122e-02,
         -7.94465423e-02,   7.60674148e-02,  -9.40221485e-02,
         -1.91260828e-02,  -6.20634057e-02,  -1.79408005e-01,
          2.05523792e-01,   1.39477112e-02,  -5.02113734e-02,
          1.54937624e-01,   1.72824699e-01,  -1.70061141e-02,
          2.44583484e-01,  -4.33619651e-02],
       [  8.06548249e-03,  -8.75777674e-02,  -7.83734879e-02,
         -2.44143402e-01,   3.66879986e-01,  -1.67893730e-01,
          3.75680723e-02,   5.41007469e-01,  -9.87661898e-02,
         -7.01150825e-02,  -3.80210183e-03,  -4.74631265e-02,
          7.26165516e-02,  -9.35476045e-02,  -1.23944107e-01,
         -4.23694263e-02,   5.47980565e-02,  -7.84767432e-02,
          2.33353266e-02,  -1.63833736e-01,  -5.89551462e-02,
         -3.60587417e-02,  -1.62409169e-01,   1.29463751e-01,
         -5.52590663e-02,  -1.25763671e-01,  -8.37719237e-02,
         -7.30178090e-02,  -8.92386610e-02,  -3.30561253e-01,
          8.92413899e-02,  -1.37239636e-01,  -6.23694783e-02,
         -6.57482335e-02,  -2.53611958e-02,  -2.73056352e-01,
         -8.57530301e-02,   1.40200893e-01,  -1.84599464e-01,
         -9.22102483e-02,  -7.60143741e-02,  -3.47642676e-01,
          1.17837018e-01,   2.16559343e-02,  -7.86864580e-02,
          2.81525960e-01,   1.97944517e-01,  -5.84012515e-02,
          2.96454328e-01,  -9.55700499e-02]])]Hidden bias: [array([-0.62718199, -0.77518826, -0.80451652, -0.80834608, -2.12871957,
       -0.71525274, -0.61541271, -0.53988305, -0.75805488, -0.57717542,
       -0.60318035, -0.6170906 , -0.60782907, -0.6093113 , -0.66550657,
       -0.60455827, -0.57303373, -0.58072579, -0.59598136, -0.77304935,
       -0.9752874 , -0.58452086, -0.79096076, -0.61042915, -0.58134924,
       -0.59198212, -0.60930187, -0.83722313, -0.67156259, -0.59974501,
       -0.61060804, -0.73027375, -0.57861263, -0.60810706, -0.64104145,
       -0.58295759, -0.64790344, -0.59682   , -0.56696517, -0.57950468,
       -0.58966283, -0.60839751, -0.55195264, -0.60086101, -0.57485514,
       -0.55319323, -0.57077033, -0.57621149, -0.54784042, -0.57266125])]Output weights: [[  4.42392577e-02   2.06607607e-02]
 [  1.17971325e-02  -3.12437414e-02]
 [  2.26259763e-02   4.83652267e-02]
 [  9.59336997e-02   2.07610524e-01]
 [  1.71702699e+00  -6.11202222e-02]
 [  7.92564244e-02   1.01670884e-01]
 [ -1.00975349e-03   7.83974032e-04]
 [ -9.46327390e-01   1.13497096e-01]
 [  2.95570164e-03   3.84835049e-02]
 [  1.63249094e-02  -6.82258273e-02]
 [  2.56423240e-02  -2.52506743e-02]
 [  6.83421286e-02  -1.64240998e-03]
 [ -6.36420829e-02  -6.41554786e-03]
 [ -2.26768624e-02  -7.01772494e-02]
 [  8.54749010e-02   5.14152214e-02]
 [  4.88031547e-02  -2.21021786e-02]
 [ -2.19229059e-01  -1.03956757e-01]
 [ -1.44002843e-01  -1.52611081e-01]
 [ -3.55340081e-02  -4.86513919e-02]
 [ -2.34184455e-03   1.29670354e-01]
 [  1.61380108e-01   1.42010527e-02]
 [  2.91732765e-02  -6.60788220e-02]
 [  8.84359169e-04   1.30615027e-01]
 [ -1.00569422e-01   4.31535226e-02]
 [  1.65801969e-02  -7.34899692e-02]
 [ -3.89881326e-02  -1.20435539e-01]
 [ -6.41804154e-03  -4.60669771e-02]
 [  5.35391019e-02   5.47846171e-03]
 [ -1.18868890e-02   3.43860932e-04]
 [ -7.16531354e-02  -1.78919334e-01]
 [ -7.35393292e-02   9.05921968e-03]
 [  1.33149782e-01   1.27837624e-01]
 [  3.19587689e-02  -7.22642140e-02]
 [  4.84325176e-02  -1.77515837e-02]
 [  6.70574359e-02   3.16194608e-02]
 [ -3.03432407e-01  -2.97207089e-01]
 [ -3.69619217e-02  -5.42858763e-02]
 [ -1.43894523e-01   1.59105195e-02]
 [  3.69681991e-02  -1.13655531e-01]
 [  2.53384400e-02  -9.06080418e-02]
 [ -2.88957321e-03  -6.79956949e-02]
 [  8.39253616e-02  -1.53171929e-01]
 [ -3.29842049e-01  -1.15286664e-01]
 [ -1.17889778e-02  -2.63757604e-02]
 [  9.75044488e-03  -8.12777491e-02]
 [ -2.99056853e-01   9.34387603e-02]
 [ -2.79123354e-01  -1.27440397e-02]
 [  1.14544287e-02  -8.26293891e-02]
 [ -4.20446686e-01   4.64436613e-02]
 [  8.70361757e-03  -8.54336704e-02]]Output bias: [ 1.13061184  0.83616874]
Value MLP:Hidden weights: [array([[  1.86383723e+01,   7.55522674e+00,   2.36456969e+01,
         -2.34979228e+00,   4.70890444e+00,  -8.61976297e-01,
         -2.46531890e+00,   8.84076143e+00,   1.03627967e+00,
         -2.02219001e+01,  -4.93556626e+00,  -5.36109141e-01,
         -1.92096741e-01,  -2.71054977e+00,  -1.05326077e+00,
         -5.96471986e-01,   1.28082173e+01,  -1.55518898e+01,
         -1.75218502e+00,  -1.02768018e+01,   6.43544053e-01,
         -1.36873997e+01,  -8.22481249e+00,   2.17282811e+01,
         -4.16172543e+00,   5.00613226e+00,  -1.76756216e+01,
         -6.04920042e+00,   5.93008324e+00,   1.04750500e+01,
          1.33457246e+00,   6.09032991e-01,  -1.59122028e+01,
          2.74844670e+00,  -1.05721098e+01,  -1.20001144e+01,
          6.43018962e+00,   2.41286393e+00,   2.78822312e+00,
         -1.67849132e+01,   1.71881286e+01,  -5.42441186e+00,
         -1.38736268e+00,   4.55411686e+00,  -7.84209661e+00,
          1.34319122e+01,  -1.76367940e+01,  -1.26853834e+00,
         -1.86762565e+01,  -4.92739849e+00],
       [  3.34604068e-01,  -1.20798718e+01,  -7.74204479e+01,
          4.76126364e+00,  -4.52503421e+00,  -2.39839899e+00,
         -3.79670070e+00,   6.85033461e+00,   1.18783632e+00,
         -1.65370094e+00,  -1.02465189e+01,   3.07251411e+00,
         -5.07994134e+00,  -1.88145500e+00,  -8.64946796e+00,
          4.04923528e+00,  -1.31415963e+00,   8.18139925e-01,
         -3.87682936e+00,   1.17837821e+01,   7.55998974e+00,
          3.77694142e+00,   6.42394689e+00,   6.56772476e+00,
          2.22983004e+01,   1.00563353e+01,  -1.34831847e+00,
          8.52977498e+00,   1.39541245e+00,   2.10275677e+00,
          1.78141844e+00,   2.20964985e+00,   4.04667697e+00,
         -4.07961484e+00,  -2.79504642e+00,  -6.13834697e+00,
          3.27341474e+00,  -1.47930260e+01,   7.97769163e-01,
         -6.71651731e-01,   4.03934663e+01,  -1.47462028e-01,
         -9.25815643e+00,  -7.61864804e+00,   9.23561172e+00,
         -6.51315519e+00,  -1.08467696e+01,   2.37672397e+00,
         -2.38626933e+00,  -1.26233118e+01],
       [  1.61036820e+01,   1.17230759e+01,   3.93515736e+01,
          1.57744144e-01,   1.16317378e+01,   1.63100203e+00,
         -1.87851039e+01,   1.26356330e+01,  -3.54674549e-01,
         -4.42580023e+00,  -7.56807866e+00,  -8.38015698e-01,
         -2.96103678e+01,   2.14801820e+00,  -6.11503458e+00,
         -1.12126683e+00,   3.24996200e+00,  -1.23355382e+01,
         -2.00495663e+00,   1.91152197e+00,  -7.66530948e-01,
         -3.71391500e+00,   2.24221517e+00,   5.61422501e+00,
         -8.45769537e+00,   1.98279949e+01,  -6.00919800e-01,
          2.09130022e+01,   1.33141835e+01,   1.37859729e+01,
          7.04613929e-01,  -7.30912027e-01,  -1.20406011e+01,
          1.06917479e+01,  -6.28745894e+00,   1.81934890e-01,
          1.42268751e+01,   9.73626178e+00,   5.53270886e+00,
         -3.25092263e+01,   4.14246047e+01,  -8.86405994e+00,
          2.62167626e+00,   2.22899374e+01,  -1.54923692e+00,
          1.33842417e+01,  -1.55906924e+01,  -3.38130411e+00,
         -1.14891978e+01,   1.37846268e+00],
       [  3.64920461e+00,  -1.02219542e+01,  -7.61986268e+01,
          1.47626542e+01,  -1.12001873e+01,   7.53518844e+00,
          7.14988552e+00,  -3.82085543e+00,  -3.47725560e+00,
         -2.87808217e+00,  -1.83983198e+01,   1.29088418e+01,
         -7.91843600e+00,  -3.71588079e+00,  -4.85479976e-03,
          4.91410642e+00,  -3.51929549e+00,  -2.15679545e+00,
         -2.77283018e+00,   5.40034127e+00,  -2.09841630e-01,
         -6.34366925e+00,   2.94496996e+00,  -5.95825516e+00,
          1.98782827e+01,  -1.57140063e+01,  -7.79792036e+00,
         -4.77020684e+00,   6.27033024e+00,  -4.85991924e-01,
          7.66938750e+00,   5.56850030e+00,   2.28153784e+00,
          3.42518262e+00,  -7.78786389e+00,  -1.28739968e+01,
         -8.33594464e+00,  -1.45166331e+01,  -5.16158052e+00,
          1.76443020e+01,   2.39176966e+01,   7.07615006e+00,
         -5.80457832e-01,  -1.33088159e+01,  -2.80900943e+00,
          6.96961452e+00,   3.97010457e+00,   1.03173755e+01,
         -1.49628747e+00,  -1.61393795e+01],
       [ -1.40350309e+01,  -8.11112352e+00,  -2.34601794e+01,
         -6.74918898e+00,  -1.01478337e+01,   5.11744958e-01,
          1.37052565e+01,  -1.66051872e+01,  -9.51976732e-01,
          8.59896459e+00,   2.96256667e+00,   8.75647397e+00,
          7.52823722e+01,  -2.70719105e+00,   1.28688789e+01,
          3.46299099e+00,  -8.01678436e+00,   7.65183391e+00,
          3.42666049e+00,   8.95890613e+00,  -1.12720635e+01,
          1.30041638e+01,   1.03526139e+01,  -2.89066869e-01,
          7.05347915e+00,  -7.48974046e+01,   1.18317285e+01,
          2.20288621e+00,  -9.58381586e+00,  -1.19519947e+00,
          3.45135153e+00,   2.78443406e+00,   1.69148915e+01,
         -8.99261174e+00,   2.12369150e+01,   5.62334884e+00,
         -1.81938136e+01,  -2.05274675e+01,   6.31353423e-02,
          2.85010861e+01,  -4.06276747e+01,   5.19734277e+00,
         -5.52539454e+00,  -1.70746087e+00,   4.83389834e+00,
          3.44436047e+01,   5.63487496e+00,   1.24899895e+01,
          1.11492998e+01,  -8.45334647e+00],
       [ -6.79005448e+00,  -2.57777252e+00,  -6.59984735e+00,
         -6.39004497e+00,  -4.23956441e+00,  -1.05635038e-01,
         -1.01730348e+01,   5.13842496e-01,   1.33347817e+00,
          9.70654278e+00,   1.11726916e+00,   5.62136650e+00,
          1.04523613e+02,   3.09512166e-01,  -2.56235304e+00,
          2.32701878e+00,  -1.04416162e+01,   1.36523434e+01,
          1.51329821e+00,   1.50198968e+01,  -4.43349738e+00,
          8.24075226e+00,   2.97129281e+01,  -6.79490519e-01,
          3.24753197e+00,   3.46715661e+00,   1.17805975e+01,
          5.31746962e+00,  -2.75326880e+00,  -1.14622655e+00,
          2.19582342e+00,  -3.67025930e-03,   4.16088485e+00,
         -2.32272108e+00,   1.98640592e+01,   8.53519851e+00,
         -8.97830951e+00,   4.37135534e+01,  -7.53215447e-02,
         -1.74145808e+01,  -2.77258292e+01,  -2.79239521e+00,
          1.20768493e+00,   3.09156060e+01,   8.45645294e+00,
         -1.48874772e+01,  -4.21577730e+00,   1.65111381e+00,
          8.91456917e+00,  -2.83752598e+00],
       [ -1.94684814e+00,   2.99611900e+00,   1.90672857e+00,
         -2.74832463e+00,  -1.97953582e-01,   1.76955683e+00,
         -2.89646692e-01,   1.69203708e+00,   3.76083977e+00,
          3.78752148e+00,   2.34076904e+00,  -4.91316631e+00,
          2.24884046e+00,   2.20598388e+00,  -2.47843410e+00,
         -3.15997692e+00,   1.31969566e+01,   7.56403046e+00,
         -5.56558831e-01,   1.92369034e+01,  -9.59379590e-01,
          5.58134347e+00,   2.87648509e+00,  -2.37267480e+01,
         -2.19808965e+00,   1.99376539e+00,   3.99113060e+00,
          1.84502413e+01,   4.53283074e+00,   1.78321034e+00,
         -2.07648745e+00,  -2.87995016e-01,   2.45559384e+00,
          3.94197491e+00,   1.05398820e+01,   1.88493832e+01,
          1.51871170e+00,   1.40420667e+01,   1.71715971e+00,
          9.43009144e+00,   1.03396438e+00,  -4.60825111e+00,
          5.56264631e+00,   2.40706682e+00,   1.49757851e+01,
         -1.48148674e+00,   1.31819377e+01,  -1.65445380e+00,
         -2.38886997e+00,   3.96268762e-01],
       [  8.66709349e+00,   1.68390873e-01,   1.23613796e+00,
         -2.16321940e+00,   9.10497733e-01,   1.52924269e+00,
          1.97512095e+00,  -1.66492722e+01,   3.42406998e+00,
         -1.25219386e+01,   2.13612823e+00,  -1.22730755e+01,
          1.47502469e+00,   1.82621916e+00,   1.42056373e+00,
         -3.95607683e+00,   7.37934446e+00,  -5.99096320e+00,
         -4.44029704e+00,  -5.87979830e+00,  -1.58616143e+00,
         -7.36407372e+00,  -1.02740775e+01,  -1.33494438e+00,
         -1.34334748e+00,   2.94549912e+00,  -4.26048269e+00,
          1.40222948e+01,   2.91842330e+00,   1.38569310e+01,
         -2.57218603e+00,  -3.35582459e+00,  -7.88769989e+00,
          1.77103117e+01,   1.74243829e+00,  -1.67010667e+00,
          6.48089029e+00,   1.46808200e+01,   1.56638355e+00,
          8.42381957e+00,  -4.83689980e-01,  -4.85764981e+00,
          7.49108808e+00,   6.91543261e+00,   4.54187218e+00,
         -2.98081117e-01,   1.33955258e+01,  -1.54561790e+00,
         -1.11800249e+01,   5.33043446e-02]])]Hidden bias: [array([ 11.95447985,  11.87154753,  33.85215865,  -8.62925273,
         7.34015982,  -8.74970709,  -9.05301103,   4.70809177,
        10.93834991,  -4.94021283,   7.16415046,  -4.70529825,
       -29.21585302,   7.79038401,   1.28732435,  -9.00107128,
         7.55228349,  -8.60906011, -11.8652907 ,   8.15616622,
        -4.25241033,  -9.46160047, -11.61002506,  -2.68934377,
       -19.12863477,  11.79695661,   3.73600065,  28.96448919,
         1.56437624,   4.35414896,  -7.97846455,  -7.53157301,
       -10.86707649,  14.14700561,   4.2470218 ,   1.73385662,
        23.69189354,  20.35789639,   5.77532817,  -1.40817545,
         7.95815275,  -8.69701919,  14.46826955,  19.34560682,
        -3.39469836,   5.47128504,  12.66318041,  -7.51217659,
        -7.42453246,  23.06517457])]Output weights: [[-29.32625698]
 [ 12.54067724]
 [ 21.6676568 ]
 [-14.45322635]
 [ 18.45346252]
 [ 19.50739166]
 [  9.4273254 ]
 [ 20.31568634]
 [-35.96568315]
 [ 21.55734749]
 [ -5.16430792]
 [-24.46626233]
 [ 18.20694531]
 [ -8.79754428]
 [-12.69136649]
 [  7.03283999]
 [-10.79735303]
 [ 19.00092858]
 [ 34.03943   ]
 [ -9.16893443]
 [ 27.26714521]
 [ 17.76711029]
 [  1.32548873]
 [  1.30728789]
 [-18.2838627 ]
 [ 24.08250369]
 [  7.08514707]
 [-27.0078924 ]
 [-16.30974814]
 [-19.10726797]
 [  4.31996663]
 [  2.73761467]
 [  8.42495457]
 [-29.04744487]
 [  4.33986077]
 [ 16.06569777]
 [-30.70008502]
 [ 10.36608145]
 [ -9.05566875]
 [ -8.97098289]
 [-11.37407287]
 [  7.23496763]
 [-23.36276759]
 [ -7.7909379 ]
 [  4.06270368]
 [-17.17153481]
 [ -8.49365066]
 [-12.8776596 ]
 [ 18.1659739 ]
 [-13.22009823]]Output bias: [-22.31778826]