Action MLP:Hidden weights: [array([[  2.20550768e-02,   1.60682837e-02,   8.20480971e-02,
          8.92534359e-02,  -4.44323285e-01,   7.67033976e-02,
          1.01494111e-02,   1.96724808e-02,   7.83208897e-02,
         -2.45930766e-03,   9.30143989e-03,   2.02336787e-02,
          6.85787435e-03,   6.38103767e-03,   5.94843775e-02,
          2.25191886e-02,  -4.78273762e-02,  -5.44068508e-02,
         -1.41504098e-02,   1.14591747e-01,   2.50798536e-02,
         -9.44557694e-03,   1.26803633e-01,   3.38376879e-02,
         -1.98665458e-02,  -4.20736190e-02,   2.79988653e-02,
          4.07345822e-02,   5.23004728e-02,  -4.89094715e-02,
          1.23583508e-02,   4.86364453e-02,  -1.75190791e-02,
          3.81695473e-02,   3.80886378e-02,  -8.72978073e-02,
          2.10212317e-02,   2.58237491e-02,  -1.90182811e-02,
         -3.17544752e-02,   4.86459355e-03,  -3.50391219e-02,
         -5.67283626e-02,   1.16294623e-03,  -4.56850888e-04,
          4.60976213e-02,  -7.63159337e-03,  -1.48804642e-02,
          2.29951191e-02,  -1.34617840e-02],
       [  1.92350942e-01,  -3.25339579e-01,  -2.98901868e-01,
          1.55309368e-01,  -2.68246229e+00,   1.34691088e-01,
          1.73332351e-01,  -3.82138064e-01,  -2.15750302e-01,
          9.53045285e-02,   1.72563335e-01,   1.64418358e-01,
          1.51505091e-01,  -6.11311898e-02,   1.59734750e-01,
          1.28262321e-01,   8.69956475e-02,   1.72053910e-01,
          1.40039447e-01,  -6.89254172e-02,  -5.64038517e-01,
          1.54509061e-01,  -1.19949945e-01,   1.50327304e-01,
          1.55917679e-01,   2.08688690e-01,  -1.65733805e-02,
         -3.90563367e-01,  -1.05488127e-01,   1.79405480e-02,
          1.53042342e-01,   2.54727418e-01,   1.40289213e-01,
          1.18986294e-01,   2.03580917e-01,   1.72530878e-01,
         -1.42634535e-01,   1.15182035e-01,   1.64547374e-01,
          1.76037967e-01,   1.86875241e-02,   2.75915792e-01,
          1.75840307e-02,   1.51365108e-01,   7.67796309e-02,
          5.02065991e-02,   2.13149985e-02,   1.54068016e-01,
         -5.65288251e-02,   8.36076518e-02],
       [ -4.61658454e-02,   7.65296204e-02,   8.19140562e-02,
         -1.51652676e-01,  -4.14256205e-01,  -1.03853639e-01,
         -3.74629859e-02,  -2.46903634e-01,   7.37779234e-02,
          3.38877978e-02,   1.70574174e-03,  -3.36459392e-02,
         -4.83690847e-02,   4.02600219e-02,  -7.57869944e-02,
         -4.49426606e-03,   1.50037619e-02,   1.14005575e-01,
          1.62783257e-02,  -1.62391786e-02,   9.71475073e-02,
          5.30007472e-02,   1.93885217e-02,  -1.04804736e-01,
          5.24484700e-02,   1.37132679e-01,   1.83873383e-02,
          9.07025583e-02,   3.92560804e-02,   4.31894649e-02,
         -6.04718591e-02,  -1.47828463e-01,   5.60788221e-02,
         -1.11614878e-02,  -6.37398156e-02,   2.36763701e-01,
          4.77839785e-02,  -7.41553342e-02,   1.28389156e-01,
          9.15463772e-02,   3.47535211e-02,   2.27086693e-01,
         -1.42737338e-02,  -5.35121790e-03,   4.59090816e-02,
         -1.63333647e-01,  -6.20576692e-02,   6.80159076e-02,
         -1.13829880e-01,   4.66840929e-02],
       [ -2.39692447e-01,  -5.78362727e-01,  -5.70160435e-01,
         -2.79892769e-01,  -1.67472020e+00,  -2.85399628e-01,
         -2.72010840e-01,  -7.87131068e-01,  -5.20636606e-01,
         -3.15674230e-01,  -2.70065112e-01,  -2.43951984e-01,
         -3.19963687e-01,  -3.99884882e-01,  -2.57148468e-01,
         -2.67557416e-01,  -4.90169109e-01,  -4.98601158e-01,
         -3.10646562e-01,  -4.71699386e-01,  -7.12253293e-01,
         -2.87048175e-01,  -4.98579046e-01,  -3.23135284e-01,
         -3.06303728e-01,  -4.05046941e-01,  -3.68314270e-01,
         -6.10858106e-01,  -4.33411623e-01,  -5.53764974e-01,
         -3.21993624e-01,  -1.95045026e-01,  -2.94527901e-01,
         -2.78141093e-01,  -2.34049268e-01,  -7.32002366e-01,
         -4.63345806e-01,  -3.66839298e-01,  -3.49141882e-01,
         -3.15416211e-01,  -3.48827336e-01,  -3.98071642e-01,
         -5.43118585e-01,  -2.89503233e-01,  -3.27029147e-01,
         -4.49292545e-01,  -4.58409695e-01,  -3.19951374e-01,
         -5.35182707e-01,  -3.32196144e-01],
       [  1.15420735e-01,   4.29064613e-02,   1.58986417e-01,
          3.14240439e-01,   2.64550312e-01,   2.35722899e-01,
          8.36584282e-02,   1.09514906e-01,   1.69143456e-01,
          3.36220581e-02,   6.67804363e-02,   1.06638386e-01,
          6.75541252e-02,   5.59840557e-02,   1.90147253e-01,
          9.56826103e-02,  -1.77042038e-02,  -8.83085552e-02,
          1.86061083e-02,   2.66220054e-01,   6.98904702e-02,
          1.60663161e-02,   2.77172563e-01,   1.21456738e-01,
          1.29057529e-02,  -9.67934506e-02,   9.46883161e-02,
          8.45761912e-02,   1.50912917e-01,  -1.24018770e-01,
          8.46015761e-02,   2.15368541e-01,   2.60587515e-02,
          1.20087259e-01,   1.30653792e-01,  -1.98004004e-01,
          5.77670034e-02,   8.70796728e-02,  -6.52998088e-02,
         -2.84344915e-02,   5.83817353e-02,  -1.32671251e-01,
         -1.49310963e-02,   4.37628305e-02,   2.48259525e-02,
          1.13810892e-01,   3.11147817e-02,   1.87859979e-03,
          4.99339612e-02,   2.04448521e-02],
       [  9.51467752e-02,   7.68663440e-02,   1.30917127e-01,
          2.93119051e-01,  -1.80597680e-02,   2.33400149e-01,
          8.27808376e-02,  -3.20591306e-02,   1.65269680e-01,
          8.46552221e-02,   8.69592961e-02,   1.25409283e-01,
          7.54255565e-02,   1.03471648e-01,   1.89772051e-01,
          1.21572255e-01,   1.10579929e-01,   1.11849618e-01,
          7.64149651e-02,   2.40315873e-01,   4.79297529e-02,
          9.25134310e-02,   2.23211517e-01,   4.82448037e-02,
          7.92725462e-02,   4.68177502e-02,   1.19613204e-01,
          8.33453099e-02,   1.43361761e-01,  -5.37270546e-02,
          6.29400436e-02,   1.94218317e-01,   8.38326552e-02,
          1.31330861e-01,   1.31864822e-01,   1.46472738e-01,
          9.96036345e-02,   4.66287171e-02,   2.06301857e-02,
          6.09582553e-02,   1.02210122e-01,  -9.11575499e-02,
          1.34044721e-01,   6.76495186e-02,   1.00685998e-01,
         -4.11316476e-02,   5.17508861e-02,   8.31427489e-02,
         -1.01157857e-02,   7.99989322e-02],
       [ -6.18567701e-02,  -5.34432753e-02,  -1.08559730e-01,
         -3.70569041e-01,   3.91737110e-01,  -2.53016337e-01,
         -1.16222444e-02,   3.56192011e-01,  -1.23647427e-01,
         -5.06901559e-02,  -1.85315259e-02,  -7.98767494e-02,
          2.93351881e-02,  -7.15689875e-02,  -1.78930885e-01,
         -7.33343244e-02,   1.12221126e-01,   4.56775797e-02,
          3.81883043e-02,  -2.78849188e-01,  -1.74360015e-02,
         -2.24650403e-02,  -2.44706519e-01,   2.15023851e-02,
         -3.73642133e-03,   1.75459665e-03,  -8.33606880e-02,
         -5.54876061e-02,  -1.17585877e-01,  -1.86160731e-01,
          2.36291272e-02,  -2.28907118e-01,  -2.85858628e-02,
         -8.24890967e-02,  -1.04313626e-01,   5.62186128e-02,
         -8.14411917e-02,   6.63976221e-02,  -8.76247129e-02,
         -1.40448623e-02,  -6.13881595e-02,  -1.69420877e-01,
          1.83655550e-01,   1.44101276e-02,  -4.81420028e-02,
          1.31426026e-01,   1.51868642e-01,  -1.36277524e-02,
          2.11049824e-01,  -4.11963806e-02],
       [  9.68903296e-03,  -8.77357944e-02,  -8.06895460e-02,
         -2.48897134e-01,   4.12018051e-01,  -1.68916501e-01,
          3.77344630e-02,   4.68964847e-01,  -1.01238516e-01,
         -6.54844084e-02,  -3.99920495e-04,  -4.35412064e-02,
          6.87251915e-02,  -9.25008920e-02,  -1.22442884e-01,
         -3.82753239e-02,   4.47749519e-02,  -7.75871514e-02,
          2.41078982e-02,  -1.68791569e-01,  -5.30104378e-02,
         -2.97584259e-02,  -1.67502438e-01,   1.20287855e-01,
         -4.94547782e-02,  -1.19134146e-01,  -8.24926314e-02,
         -7.23703193e-02,  -9.05678978e-02,  -3.27132124e-01,
          8.37765237e-02,  -1.38271637e-01,  -5.59110455e-02,
         -6.20775117e-02,  -2.32642744e-02,  -2.73556515e-01,
         -8.69084796e-02,   1.28379483e-01,  -1.75128515e-01,
         -8.42635026e-02,  -7.32110886e-02,  -3.34934411e-01,
          9.93210687e-02,   2.26990696e-02,  -7.38186164e-02,
          2.50739782e-01,   1.75649224e-01,  -5.22045177e-02,
          2.58633705e-01,  -9.06071011e-02]])]Hidden bias: [array([-0.63212338, -0.77493612, -0.81186454, -0.84631335, -2.23268335,
       -0.73503059, -0.61567985, -0.62155673, -0.76423228, -0.57065253,
       -0.60170313, -0.62066358, -0.60506018, -0.60213857, -0.67795752,
       -0.6043538 , -0.56953676, -0.57173372, -0.59087578, -0.79056706,
       -0.97506073, -0.57861871, -0.80788215, -0.61098114, -0.57459268,
       -0.58437456, -0.60416824, -0.83971621, -0.67259116, -0.5922024 ,
       -0.60914497, -0.7584402 , -0.57231495, -0.60839308, -0.64882594,
       -0.57637267, -0.64370277, -0.59477264, -0.56031662, -0.5723139 ,
       -0.58244711, -0.62324791, -0.55494317, -0.59833961, -0.56645676,
       -0.55637373, -0.57336082, -0.56835348, -0.56436523, -0.56431231])]Output weights: [[  4.60680067e-02   2.69566126e-02]
 [  2.67686817e-03   1.71538044e-02]
 [  2.10470342e-02   9.29866713e-02]
 [  1.01293927e-01   1.88467910e-01]
 [  1.55696743e+00  -1.32486675e-02]
 [  7.76292107e-02   8.72236653e-02]
 [  9.79157752e-03   9.47460141e-03]
 [ -8.82927436e-01   9.97768765e-02]
 [  6.18205671e-03   7.31891391e-02]
 [  3.10414741e-02  -4.74783917e-02]
 [  3.98717003e-02  -1.10874557e-02]
 [  6.69186874e-02   2.50051791e-03]
 [ -4.68309987e-02  -5.71617046e-04]
 [ -1.86438629e-02  -4.65191366e-02]
 [  7.84590188e-02   4.09991528e-02]
 [  5.27279966e-02  -1.40182878e-02]
 [ -1.68690632e-01  -1.00353078e-01]
 [ -6.01174765e-02  -1.31763614e-01]
 [ -6.12848389e-03  -3.08723839e-02]
 [  1.02569508e-02   1.44467033e-01]
 [  1.33106394e-01   7.89167611e-02]
 [  5.50517280e-02  -4.56213180e-02]
 [  1.62300302e-02   1.55315324e-01]
 [ -8.71567012e-02   4.18147549e-02]
 [  4.46404782e-02  -5.02771906e-02]
 [  4.30208434e-02  -7.70139475e-02]
 [ -3.57418431e-03  -2.97136749e-02]
 [  4.05123770e-02   5.87350613e-02]
 [ -6.91833219e-03   2.30982901e-02]
 [ -2.04003041e-02  -1.19430830e-01]
 [ -5.74968532e-02   1.45808399e-02]
 [  1.18447210e-01   1.09034533e-01]
 [  5.50724272e-02  -4.91327308e-02]
 [  4.98494342e-02  -1.22891398e-02]
 [  6.19348006e-02   2.91483860e-02]
 [ -1.36755798e-01  -2.62350603e-01]
 [ -3.65144744e-02  -2.47184605e-02]
 [ -1.20963303e-01   1.82095868e-02]
 [  9.41696377e-02  -6.41464361e-02]
 [  6.94964992e-02  -5.66660247e-02]
 [  5.56041413e-03  -4.87993128e-02]
 [  1.86051421e-01  -5.43560071e-02]
 [ -2.74661937e-01  -1.22491877e-01]
 [  9.06019864e-03  -9.14743501e-03]
 [  2.54295512e-02  -6.21920796e-02]
 [ -2.66373439e-01   8.69879352e-02]
 [ -2.38579606e-01  -1.30116183e-02]
 [  4.42963749e-02  -5.92459735e-02]
 [ -3.70714349e-01   4.38524534e-02]
 [  2.63776713e-02  -6.14081107e-02]]Output bias: [ 1.08833914  0.7259998 ]
Value MLP:Hidden weights: [array([[  1.42126243e+01,   1.12101860e+01,   2.15784693e+01,
         -2.44436181e+01,   1.02245069e+01,  -9.40385668e-01,
          9.50265180e+00,   1.35128629e+01,   1.36468463e+00,
         -3.74304176e+00,  -2.05701548e+00,   1.95255314e+00,
          1.25251224e+01,  -4.56869720e+00,   2.20715006e+00,
         -6.21332722e-01,   7.08823738e+00,  -1.37762916e+01,
          5.12328119e+00,  -6.74709604e+00,  -4.93469155e+00,
         -1.80401983e+01,  -1.85499046e+01,   1.94157852e+01,
         -5.64205372e-01,   3.97397665e+00,  -9.36177963e+00,
         -9.01789050e+00,   4.46700456e-01,   6.15058498e+00,
         -4.21376662e+00,  -2.20849396e-01,  -1.12294261e+01,
          4.99218761e-01,  -8.64717254e+00,  -7.69010542e+00,
          9.39843617e-02,  -1.39170749e+01,   4.96378314e+00,
         -1.79736879e+01,  -2.48580425e+01,   5.44610319e+00,
         -6.01887716e-02,   1.11804172e+01,  -5.93381873e+00,
          2.74660864e+01,  -3.23267365e+00,  -7.82130059e+00,
         -7.96971364e+00,  -4.71774972e+00],
       [ -4.46020022e+01,  -1.03692530e+01,  -2.14945702e+01,
         -1.35886081e+01,  -1.18987322e+01,   1.34440207e+01,
         -4.05918879e+00,   1.13596920e+01,   1.08664188e+00,
         -1.88804128e+01,   1.13246664e+01,  -3.14560619e+00,
          3.60891891e+01,   9.68553940e+00,   7.06681724e+00,
          2.08396947e+00,  -1.99236188e+00,  -5.84838404e+00,
         -1.80105370e+01,   1.40560350e+01,  -5.08718023e+00,
          4.41807809e+01,   1.99115927e+01,  -9.31818387e+00,
          1.33336635e+01,   1.53842268e+01,   7.34652927e+00,
          9.08769424e+00,  -2.89712002e+01,   4.44521946e+00,
         -9.95430304e+00,   3.87096460e-01,  -8.55347579e+00,
         -1.82996942e+01,   1.75313245e+01,   4.32817640e+00,
          1.01558046e+01,  -3.31746979e+00,   6.16185718e+00,
         -2.05412007e+01,   1.41300264e+01,   2.19170975e+01,
         -1.43889173e+00,   9.11105591e+00,   7.83293880e+00,
          5.07322120e+00,   1.43087743e+01,  -1.03117845e+01,
          1.97139813e+01,  -8.50149205e+00],
       [ -5.32165498e+01,  -1.11557829e+01,   3.26692638e+01,
         -3.51803545e+01,  -1.49067552e+00,   1.29204560e+01,
         -8.62581373e+00,   1.72157621e+01,   3.95590270e-01,
         -7.71198056e+01,   1.39948434e+01,  -8.33112070e+00,
          7.63380230e+01,   1.50143874e+01,   1.11991765e+01,
         -8.18071807e-01,  -5.35204645e+00,  -7.66559405e+00,
         -5.43166521e+01,   1.91564743e+01,  -2.50636319e+01,
          3.51789412e+01,   5.69746150e+00,  -3.92167436e+01,
         -4.43612261e+00,   2.02478065e+01,   1.30555856e+01,
          8.21875132e+00,  -6.45630340e+01,   2.39839381e+00,
         -3.62981497e+01,  -2.49339094e+00,  -1.64448257e+01,
         -1.97345923e+01,   1.58000535e+01,   8.52579007e+00,
          3.21059995e+01,   9.09928150e-01,   9.78967654e+00,
         -3.20700173e+01,  -7.38039336e+00,   2.66474363e+01,
          9.00491631e+00,   4.04446854e+01,  -3.86184173e+00,
          1.33047818e+01,   2.56573990e+01,  -2.28251029e+01,
          4.07137410e+01,   7.84436080e+00],
       [  1.09778957e+02,   2.97325377e+01,  -5.77049580e+01,
          1.02756846e+01,   9.47405388e+00,  -2.28426512e+01,
          8.77019589e+00,  -6.21956004e+00,  -3.54813185e+00,
         -7.51188627e-01,  -2.21651781e+01,   1.42309864e+01,
         -3.22325940e+01,  -1.74746498e+01,  -1.51112157e-02,
          4.41668606e+00,  -4.27248633e+00,   1.00704913e+01,
          4.00373139e+01,  -2.43625743e+00,   1.01997886e+01,
         -1.22313912e+02,  -1.54289456e+01,   7.68669165e+00,
          1.95401795e+01,  -1.01416153e+01,  -2.66555900e+01,
         -3.24504620e+00,   7.07696796e+01,  -5.88684453e+00,
          7.17703308e+00,   3.86164273e+00,   3.03013382e+01,
          4.80228197e+01,  -4.56953174e+01,  -1.97966031e+01,
         -3.87609486e+01,  -2.30179030e+01,  -1.66657333e+01,
          2.60369840e+01,   3.98530937e+01,  -4.32658717e+01,
         -7.62784619e+00,  -1.13583907e+01,  -1.87734232e+01,
          6.36181840e+01,  -4.50019206e+01,   1.43177578e+01,
         -3.20446251e+01,  -1.43663943e+01],
       [  3.31369291e+01,   1.96884337e+01,  -3.81490069e+01,
          4.54697373e+01,   3.37291381e+01,  -3.00543680e+01,
          2.02746718e+01,  -3.06673950e+01,  -1.98096169e+00,
          3.21100362e+02,  -8.37283228e+01,   2.83453537e+01,
         -1.64318078e+02,  -4.89886705e+01,  -2.81004668e+01,
          4.28676988e+00,  -1.92532404e+01,   9.95259328e+00,
          9.31319428e+01,  -9.74463238e+01,   6.68223465e+01,
         -8.40122872e+01,  -6.00577945e+01,   7.23649649e+01,
          3.79176100e+01,  -7.60435019e+01,  -4.03956133e+01,
         -3.50233158e+01,   9.81137043e+01,  -7.48040993e+00,
          6.38329470e+01,   4.20959526e+00,   1.07490609e+02,
          7.37715113e+01,  -2.05811367e+01,  -2.01391467e+01,
         -9.26258935e+01,  -4.02178370e+01,  -2.56282750e+01,
          4.89507682e+01,  -2.00883832e+02,  -5.12585115e+01,
         -2.90157745e+01,  -2.43761472e+01,  -5.65412635e+01,
          7.87949509e+01,  -3.89091199e+01,   3.63748339e+01,
         -6.17723289e+01,  -1.50629312e+01],
       [  2.39095371e+01,  -3.46329705e+00,  -4.56807203e+01,
          2.20099226e+01,   2.29726349e+01,   2.32999271e+00,
          4.54491627e+00,  -1.03514596e+01,  -2.00173773e+00,
         -2.60125517e+01,  -5.80457393e+01,  -6.92341263e+00,
          6.19878248e+01,   4.10352579e+01,  -4.80706335e+01,
         -2.18068506e+00,  -3.36379687e+00,   3.00863236e+01,
         -4.97362536e+01,  -5.70598030e+01,   1.31374820e+01,
         -1.43811860e+01,  -5.65488619e+01,  -5.84699111e+00,
         -7.69018917e+00,  -3.68944801e+00,   8.52947127e-01,
         -3.57152419e+01,  -7.74665616e+01,   3.13375318e+00,
          6.85029496e+00,   8.94672594e+00,  -3.83818152e+01,
         -1.29397975e+01,  -3.47955410e+01,   1.73339295e+01,
          3.35857989e+01,   2.69123425e+01,  -2.20569156e+01,
         -2.35163754e+00,  -5.39846625e+01,  -6.04808376e+01,
         -5.01987623e-01,  -1.44303324e+01,   4.76816043e+00,
          1.88603844e+01,  -4.05135136e+01,   1.42445458e+01,
         -9.79376865e+01,  -3.37350395e+00],
       [  2.84753508e+01,  -1.08045324e+01,   1.38853568e+00,
          1.11368979e+01,  -1.60988581e+01,   7.47658826e+00,
         -5.38351923e+00,   1.13168477e+01,   3.72410536e+00,
          3.21393620e+01,  -9.77765450e+00,  -1.62842775e+01,
          4.76715718e+00,   2.56147585e+01,   3.59059163e+00,
         -3.16684511e+00,   1.42118317e+01,   2.63722121e+00,
         -1.33959146e+01,   1.68645868e+01,  -2.32254927e+00,
         -7.96743878e+00,   2.76110601e+01,  -4.18916080e+01,
         -5.71558786e-01,   6.55563589e+00,   1.82714047e+00,
          1.46175932e+01,  -5.61015812e+00,   3.37306481e+00,
         -1.54130940e+01,   1.02302366e+00,  -1.90839169e+01,
          7.33660363e-01,   1.42229766e+01,   2.34999902e+01,
          3.70665878e+01,   1.52340307e+01,   7.78716492e-01,
         -6.72930915e+00,  -2.48579951e+01,   2.52242070e+01,
          5.02989288e+00,   6.51105143e+00,   2.60966409e+01,
         -8.17671772e+00,   1.24670639e+01,  -2.83842068e+00,
          1.62237739e+01,   1.53113041e+00],
       [  9.44729457e+00,  -6.70881994e+00,  -3.53427507e-01,
         -4.05715543e+00,  -6.21358026e+00,   1.10168423e+00,
          1.97515600e+00,  -1.11793423e+01,   3.42406973e+00,
         -1.14728263e+01,   1.25474879e+01,  -1.28490778e+01,
          1.60976959e+01,   2.81575227e+00,  -3.71653640e+00,
         -3.95607851e+00,   7.48478961e+00,  -6.62762538e+00,
         -4.49670219e+00,   1.36641113e+01,   1.47162111e+01,
         -2.03570647e+01,  -2.33450738e+01,  -1.32245235e-01,
         -5.31272841e+00,   2.98192929e+00,  -1.32322606e+00,
          2.44014440e+01,  -1.74121558e+01,   1.73085572e+01,
         -3.24319154e+00,  -3.35583060e+00,   1.84421645e+01,
          1.57619198e+01,   9.23064483e-01,   2.55474562e+00,
          8.31855457e+00,   1.61145811e+01,   6.98014714e+00,
          5.35830907e+00,   1.00620123e+00,   7.94502583e+00,
          9.91298933e+00,   9.48720875e+00,   4.66456608e+00,
         -2.72241978e+00,   1.36217734e+01,  -1.67049904e+00,
          5.84819412e+00,   5.33046575e-02]])]Hidden bias: [array([-55.47954529, -18.93081205,  86.4285837 , -18.62162381,
       -19.44841897,  14.79495213, -29.69032651,  16.51622135,
        11.22527543, -39.94263079,  46.77985556, -22.45724055,
        42.06293817,  34.18809384,  15.54717044, -11.72685062,
        18.48623848, -18.13663683, -56.70228283,  21.81375074,
       -27.64845432,  73.03488174,  36.40389377, -36.10790761,
       -34.95872286,  15.54944755,  22.400726  ,  31.40644014,
       -92.65902229,  17.81747071, -26.86584052,  -7.70458738,
       -57.68764344, -35.12817032,  42.72696524,  24.02629019,
        91.19022135,  64.76705282,  17.83586576, -28.195777  ,
         2.71162642,  37.38745229,  29.42581957,  30.77822869,
        18.87016091, -29.56885932,  43.60802371, -19.93235535,
        56.32357245,  26.50118214])]Output weights: [[-11.47944619]
 [-32.07153778]
 [ -8.1550178 ]
 [ -0.93318529]
 [ -3.79362218]
 [ 21.00607038]
 [ 27.00804657]
 [  0.98265499]
 [-53.13774555]
 [  4.63091501]
 [ 12.63372112]
 [ -3.10392965]
 [  4.71313748]
 [ -4.03282647]
 [  3.9457932 ]
 [ 24.07912353]
 [-28.34220571]
 [ -2.35388224]
 [ -2.49933295]
 [  0.34476387]
 [  4.2332188 ]
 [ 26.89865631]
 [  8.06530376]
 [  4.38942642]
 [-11.95535162]
 [ -0.09053739]
 [ 10.36673482]
 [ -3.00905939]
 [ -3.86448517]
 [-24.94152232]
 [  4.08457053]
 [ 16.68561822]
 [  8.20370412]
 [-10.84671564]
 [ -5.58435383]
 [  3.27331358]
 [ -8.34789744]
 [ -5.67662116]
 [  2.67519109]
 [  6.65754358]
 [-24.42804534]
 [  9.73007523]
 [-21.29619219]
 [ -4.60289898]
 [ -4.73578102]
 [-16.49265982]
 [ 17.61229685]
 [  1.69857096]
 [ -7.19512641]
 [-21.01373073]]Output bias: [-39.49258646]