Action MLP:Hidden weights: [array([[  2.16908469e-02,   1.59522853e-02,   8.12432930e-02,
          8.79310917e-02,  -4.41700838e-01,   7.62056086e-02,
          1.00365170e-02,   2.78340389e-02,   7.77243013e-02,
         -2.64093625e-03,   8.99556411e-03,   1.99570303e-02,
          7.25971115e-03,   6.87704558e-03,   5.92839958e-02,
          2.23133133e-02,  -4.34147307e-02,  -5.23478938e-02,
         -1.39039419e-02,   1.13314682e-01,   2.28273483e-02,
         -1.00117392e-02,   1.25475568e-01,   3.40997480e-02,
         -2.03380359e-02,  -4.27648602e-02,   2.82117858e-02,
          3.98748960e-02,   5.21444778e-02,  -4.85326202e-02,
          1.27131431e-02,   4.81810106e-02,  -1.80690454e-02,
          3.80498608e-02,   3.77636147e-02,  -8.41006361e-02,
          2.16419034e-02,   2.67288704e-02,  -2.05192780e-02,
         -3.27988401e-02,   5.08052669e-03,  -3.49704782e-02,
         -4.98421168e-02,   1.11640457e-03,  -5.16135535e-04,
          4.75465991e-02,  -3.99877418e-03,  -1.53834892e-02,
          2.77577677e-02,  -1.36015894e-02],
       [  1.93579355e-01,  -3.25389387e-01,  -2.99037353e-01,
          1.59545136e-01,  -2.67926502e+00,   1.37213124e-01,
          1.73485591e-01,  -3.83694931e-01,  -2.15748695e-01,
          9.61392971e-02,   1.73605208e-01,   1.66286029e-01,
          1.50428703e-01,  -6.12217154e-02,   1.62141837e-01,
          1.29590592e-01,   8.53236486e-02,   1.71504206e-01,
          1.40175347e-01,  -6.80968689e-02,  -5.65414344e-01,
          1.56031418e-01,  -1.19251210e-01,   1.47604116e-01,
          1.57271833e-01,   2.11533923e-01,  -1.66251997e-02,
         -3.90923773e-01,  -1.05601258e-01,   1.87466599e-02,
          1.51538762e-01,   2.58891336e-01,   1.41809651e-01,
          1.20249851e-01,   2.05417271e-01,   1.67621489e-01,
         -1.42756942e-01,   1.12467187e-01,   1.68911770e-01,
          1.78465359e-01,   1.89117194e-02,   2.93016978e-01,
          1.46665189e-02,   1.51632764e-01,   7.75049239e-02,
          4.39519558e-02,   1.82775205e-02,   1.55493447e-01,
         -6.09446878e-02,   8.44227927e-02],
       [ -4.76115427e-02,   7.62412514e-02,   7.89723757e-02,
         -1.59666564e-01,  -4.26578925e-01,  -1.07251602e-01,
         -3.77857950e-02,  -2.25527346e-01,   7.14506190e-02,
          3.48805956e-02,   1.43393842e-03,  -3.41909621e-02,
         -4.68678219e-02,   4.28495442e-02,  -7.71294646e-02,
         -4.51131579e-03,   2.99434579e-02,   1.23018347e-01,
          1.81836447e-02,  -2.19080126e-02,   9.12477481e-02,
          5.29072193e-02,   1.37982598e-02,  -1.05175323e-01,
          5.28174875e-02,   1.38212839e-01,   1.98747560e-02,
          8.81468103e-02,   3.86650645e-02,   4.70235013e-02,
         -5.95496654e-02,  -1.51502911e-01,   5.61292868e-02,
         -1.09858681e-02,  -6.51360814e-02,   2.49331002e-01,
          5.01605027e-02,  -7.14965259e-02,   1.27210676e-01,
          9.07152967e-02,   3.67460031e-02,   2.35340598e-01,
          7.34208620e-03,  -4.88923002e-03,   4.75676007e-02,
         -1.60374108e-01,  -5.08057705e-02,   6.85387603e-02,
         -1.00353349e-01,   4.81634296e-02],
       [ -2.40270644e-01,  -5.78583654e-01,  -5.72747430e-01,
         -2.82708382e-01,  -1.75166647e+00,  -2.87499487e-01,
         -2.72155862e-01,  -7.97383961e-01,  -5.22250003e-01,
         -3.14061337e-01,  -2.69519541e-01,  -2.44048784e-01,
         -3.19547833e-01,  -3.98303079e-01,  -2.58365613e-01,
         -2.67278707e-01,  -4.89593301e-01,  -4.96607245e-01,
         -3.09486823e-01,  -4.74340356e-01,  -7.14651602e-01,
         -2.85163449e-01,  -5.01702358e-01,  -3.23841538e-01,
         -3.04256012e-01,  -4.00990126e-01,  -3.67304051e-01,
         -6.12500839e-01,  -4.33582416e-01,  -5.51066358e-01,
         -3.21978444e-01,  -1.96969793e-01,  -2.92588983e-01,
         -2.78020772e-01,  -2.34717619e-01,  -7.33179431e-01,
         -4.62223162e-01,  -3.66286468e-01,  -3.44596460e-01,
         -3.12376084e-01,  -3.47322986e-01,  -3.88942670e-01,
         -5.44169940e-01,  -2.89007238e-01,  -3.25015747e-01,
         -4.48747917e-01,  -4.57929555e-01,  -3.17515452e-01,
         -5.36597178e-01,  -3.30097614e-01],
       [  1.14994264e-01,   4.30016411e-02,   1.58747704e-01,
          3.15383577e-01,   1.56255827e-01,   2.34871661e-01,
          8.36409569e-02,   9.70995122e-02,   1.69472450e-01,
          3.29209496e-02,   6.61602506e-02,   1.05144855e-01,
          6.83418373e-02,   5.54942937e-02,   1.88455514e-01,
          9.43351706e-02,  -2.52450781e-02,  -9.29728182e-02,
          1.80263649e-02,   2.67357622e-01,   7.21140262e-02,
          1.56465595e-02,   2.77896646e-01,   1.24740693e-01,
          1.24461418e-02,  -9.72787812e-02,   9.44263644e-02,
          8.49941320e-02,   1.51538197e-01,  -1.25889117e-01,
          8.60550523e-02,   2.14886864e-01,   2.55251112e-02,
          1.18569220e-01,   1.29745364e-01,  -2.05459672e-01,
          5.73962468e-02,   9.01469787e-02,  -6.50885590e-02,
         -2.83227755e-02,   5.76808154e-02,  -1.42372810e-01,
         -2.69351774e-02,   4.34914533e-02,   2.40797435e-02,
          1.23942427e-01,   2.98452315e-02,   1.54863455e-03,
          4.93209985e-02,   1.97628317e-02],
       [  9.75990788e-02,   7.75005493e-02,   1.38786481e-01,
          3.09948731e-01,  -1.05190332e-02,   2.41522392e-01,
          8.31790968e-02,  -3.59437514e-02,   1.71335242e-01,
          7.83902355e-02,   8.48967919e-02,   1.24783972e-01,
          7.43531935e-02,   9.74807099e-02,   1.93304688e-01,
          1.19163089e-01,   9.79700775e-02,   9.65246009e-02,
          7.17721465e-02,   2.52229356e-01,   5.45901378e-02,
          8.65235928e-02,   2.36002480e-01,   5.23366326e-02,
          7.26764944e-02,   3.68093973e-02,   1.15606046e-01,
          8.79770995e-02,   1.45088135e-01,  -6.34185467e-02,
          6.35842267e-02,   2.05721345e-01,   7.74592509e-02,
          1.29087964e-01,   1.34474717e-01,   1.23142182e-01,
          9.59663746e-02,   4.67903785e-02,   1.32322882e-02,
          5.37524642e-02,   9.58963115e-02,  -9.89302125e-02,
          1.20058455e-01,   6.56536606e-02,   9.27780643e-02,
         -3.58652403e-02,   4.61476710e-02,   7.55292506e-02,
         -1.29483633e-02,   7.21285608e-02],
       [ -6.34160659e-02,  -5.34720959e-02,  -1.08811380e-01,
         -3.71251997e-01,   3.65436747e-01,  -2.54200665e-01,
         -1.19345838e-02,   4.04479742e-01,  -1.23511074e-01,
         -5.23556099e-02,  -2.03040884e-02,  -8.22283551e-02,
          3.16076490e-02,  -7.11331164e-02,  -1.80713506e-01,
         -7.54099217e-02,   1.20601808e-01,   4.76027634e-02,
          3.83027435e-02,  -2.78628621e-01,  -2.16559578e-02,
         -2.52530258e-02,  -2.44559647e-01,   2.60215909e-02,
         -6.14267260e-03,  -1.06558044e-03,  -8.33958885e-02,
         -5.66413386e-02,  -1.17217366e-01,  -1.86319208e-01,
          2.65095049e-02,  -2.30664895e-01,  -3.13615205e-02,
         -8.43534675e-02,  -1.06199787e-01,   6.08217600e-02,
         -8.01913589e-02,   7.29420676e-02,  -9.21043575e-02,
         -1.76889999e-02,  -6.19334929e-02,  -1.76120555e-01,
          1.98406683e-01,   1.39589743e-02,  -4.96623127e-02,
          1.47902314e-01,   1.65758188e-01,  -1.61201370e-02,
          2.33839229e-01,  -4.27878027e-02],
       [  8.97291271e-03,  -8.74066471e-02,  -7.78808664e-02,
         -2.43807313e-01,   3.83769478e-01,  -1.67215758e-01,
          3.76308601e-02,   5.21401647e-01,  -9.87078642e-02,
         -6.92572440e-02,  -2.87240374e-03,  -4.60389363e-02,
          7.09356485e-02,  -9.40292223e-02,  -1.22901321e-01,
         -4.11345938e-02,   4.92183973e-02,  -8.06520979e-02,
          2.27952329e-02,  -1.63909136e-01,  -5.50826454e-02,
         -3.46003999e-02,  -1.62419486e-01,   1.26736702e-01,
         -5.40918342e-02,  -1.24898058e-01,  -8.38476288e-02,
         -7.17695655e-02,  -8.94809918e-02,  -3.30917838e-01,
          8.72662653e-02,  -1.36318002e-01,  -6.08757896e-02,
         -6.46408438e-02,  -2.42249306e-02,  -2.77084012e-01,
         -8.67454773e-02,   1.35902796e-01,  -1.82055409e-01,
         -9.03311547e-02,  -7.58595889e-02,  -3.43016867e-01,
          1.09520556e-01,   2.16605303e-02,  -7.79757075e-02,
          2.71754931e-01,   1.89452228e-01,  -5.72497527e-02,
          2.84008406e-01,  -9.48195167e-02]])]Hidden bias: [array([-0.63040036, -0.77461199, -0.80803268, -0.83457927, -2.21841835,
       -0.72898072, -0.61542659, -0.58271768, -0.76110257, -0.57317818,
       -0.60222513, -0.61972958, -0.60557808, -0.60484862, -0.674367  ,
       -0.60467701, -0.57187351, -0.57768534, -0.59281253, -0.78359864,
       -0.97547947, -0.58079804, -0.80067575, -0.60924807, -0.57710692,
       -0.58735916, -0.60607978, -0.83824687, -0.67178442, -0.59615928,
       -0.60890887, -0.75018482, -0.57461831, -0.60860316, -0.64646148,
       -0.58668266, -0.64502539, -0.59377163, -0.56135758, -0.57458464,
       -0.58527784, -0.61390247, -0.55423922, -0.59913558, -0.56980132,
       -0.54912645, -0.5698279 , -0.57132859, -0.5528232 , -0.56756883])]Output weights: [[  4.42325771e-02   1.76460041e-02]
 [  2.24642603e-03  -5.32845730e-04]
 [  2.06451090e-02   7.92727257e-02]
 [  9.97105563e-02   1.89451062e-01]
 [  1.59297277e+00  -1.91020817e-02]
 [  7.79321315e-02   8.67811599e-02]
 [  4.94110741e-03   1.18271054e-03]
 [ -9.34140325e-01   1.28933204e-01]
 [  5.12153758e-03   6.30176798e-02]
 [  2.98801370e-02  -6.06982330e-02]
 [  3.65359308e-02  -2.22510014e-02]
 [  6.71255426e-02  -5.70627493e-03]
 [ -5.48238204e-02  -5.55782116e-03]
 [ -1.96982756e-02  -5.75118356e-02]
 [  7.99804913e-02   3.77978079e-02]
 [  5.17383365e-02  -2.23986677e-02]
 [ -1.83785113e-01  -9.92335754e-02]
 [ -7.29656801e-02  -1.42011382e-01]
 [ -1.39857947e-02  -4.10590172e-02]
 [  8.67266123e-03   1.40353721e-01]
 [  1.36530712e-01   5.55009151e-02]
 [  5.17203338e-02  -5.87828856e-02]
 [  1.36131869e-02   1.47968623e-01]
 [ -9.78946086e-02   3.97522471e-02]
 [  4.13220099e-02  -6.49742463e-02]
 [  3.69582271e-02  -1.00506641e-01]
 [ -4.57879401e-03  -3.82611552e-02]
 [  4.11127200e-02   4.03669081e-02]
 [ -8.79117753e-03   1.47821425e-02]
 [ -1.79139790e-02  -1.52677816e-01]
 [ -6.61224358e-02   9.61371821e-03]
 [  1.21133611e-01   1.04919109e-01]
 [  5.28313613e-02  -6.38565800e-02]
 [  4.93029594e-02  -1.98601105e-02]
 [  6.24771292e-02   2.26550067e-02]
 [ -1.60664020e-01  -2.77084418e-01]
 [ -3.75554022e-02  -3.63952266e-02]
 [ -1.34607457e-01   1.70802770e-02]
 [  9.48974519e-02  -9.26339372e-02]
 [  6.65053109e-02  -7.68058970e-02]
 [  3.96129257e-03  -5.94213526e-02]
 [  2.00224165e-01  -1.00941625e-01]
 [ -2.96815090e-01  -1.12442352e-01]
 [  3.04112255e-03  -2.03531961e-02]
 [  2.38947553e-02  -7.40012389e-02]
 [ -2.91750328e-01   9.34522023e-02]
 [ -2.60614737e-01  -7.20420779e-03]
 [  4.06633503e-02  -7.37766226e-02]
 [ -4.02286906e-01   5.42804526e-02]
 [  2.52858205e-02  -7.60919094e-02]]Output bias: [ 1.10210439  0.77837588]
Value MLP:Hidden weights: [array([[  3.87021683e+01,   7.18800539e+00,   2.25403495e+01,
         -1.58614833e+01,   3.94075732e+00,  -9.07673626e-01,
         -7.99906023e-01,   9.63640678e+00,   1.03632104e+00,
         -2.98751221e+01,   7.00877228e+00,   1.58829745e-01,
         -1.02048732e-01,   5.95249021e-01,  -1.57087539e+00,
         -6.07087314e-01,   1.24959403e+01,  -1.43250047e+01,
         -1.71724415e+00,  -8.74828981e+00,  -5.04676950e+00,
         -1.34906453e+01,  -8.45756520e+00,   1.72669087e+01,
         -3.97341570e+00,   4.22324298e+00,  -9.16589969e+00,
         -8.78638635e+00,   5.31647272e+00,   1.00070701e+01,
          1.23772573e+00,   5.58523492e-01,  -1.46193267e+01,
          2.74204157e+00,  -1.12479537e+01,  -7.67220160e+00,
          2.08394885e+00,   2.30185763e+00,   5.48729907e+00,
         -1.53619037e+01,   5.99118125e+00,  -5.37978270e+00,
          1.43605423e+00,   4.97721586e+00,   1.58592855e-01,
          1.20973306e+01,  -8.12697760e+00,  -9.47524940e-01,
         -8.90350605e+00,  -4.91961901e+00],
       [  1.15740302e+01,  -5.53181823e+00,  -3.87997384e+01,
         -5.47429515e+00,   3.23973253e+00,  -2.69113870e+00,
         -7.95980238e+00,   1.09634420e+01,   1.18849400e+00,
          6.80324897e+00,   9.07833398e+00,  -2.55182838e+00,
         -1.05000937e+01,   8.69819270e-01,  -1.12043186e+01,
          3.40621043e+00,  -5.79799855e-02,  -3.25835231e+00,
         -3.87681272e+00,   1.01592455e+01,  -2.95687918e-02,
          6.29746628e-01,   4.85557795e+00,  -9.68481282e+00,
          1.03830767e+01,   1.26945121e+01,   7.23923824e+00,
          8.11639774e+00,   6.70549966e+00,   5.62377001e+00,
          1.32935352e+00,   1.30461459e+00,   4.65114859e-01,
         -3.27063330e+00,  -1.32188345e+01,   3.40701230e+00,
          1.08506854e+01,  -5.25394760e+00,   4.30893436e+00,
         -1.85967714e+01,   3.97311279e+01,  -2.41953919e+00,
         -3.88901824e-01,   6.34579451e+00,   8.98597253e+00,
         -9.88140089e+00,   2.11699593e+00,  -2.05439022e-01,
          1.28205625e+01,  -1.07551892e+01],
       [  6.49304479e+01,   8.94224235e+00,   4.11331875e+01,
         -2.32015709e+01,   8.92121559e+00,   1.33468079e+00,
         -1.81874271e+01,   1.13170010e+01,  -3.54165925e-01,
         -6.89965038e+01,   3.17741063e+01,  -9.99542548e+00,
         -2.48725977e+01,   2.48196165e+01,  -5.08227066e+00,
         -6.23673632e-01,   1.79077157e+00,  -7.13515410e+00,
         -1.95783468e+00,   1.10122282e+01,  -1.87225578e+01,
         -8.56792171e-01,   2.73944681e+00,  -4.26321751e+01,
         -8.37856117e+00,   2.02451502e+01,   1.37441958e+01,
          6.94907010e+00,   1.25474782e+01,   1.05866147e+01,
         -8.32664557e-01,  -1.12048488e+00,  -8.18782087e+00,
          1.01220751e+01,  -1.27873026e+00,   8.68784694e+00,
          3.47617830e+01,   2.19890053e+01,   9.75154242e+00,
         -3.52511410e+01,  -2.61148700e+01,  -6.98585670e+00,
          1.14541364e+01,   2.74048914e+01,   6.75916599e+00,
          6.84188375e+00,   2.06113542e+01,  -2.90065447e+00,
          4.37306461e+01,   3.98852851e+00],
       [ -6.81026669e+00,  -9.64290731e+00,  -6.93486387e+01,
          2.18584488e+01,  -7.98344736e+00,   7.34893407e+00,
          6.23971886e+00,  -2.72918317e+00,  -3.47692648e+00,
          1.90886986e+01,  -2.39548038e+01,   1.43840101e+01,
         -6.74044600e+00,  -1.03404130e+01,   5.97737300e-01,
          4.64138984e+00,  -3.97310600e+00,  -1.42450487e+00,
         -2.75453372e+00,  -6.47221298e+00,   1.17328290e+01,
         -3.71467509e+00,   3.06599321e+00,   3.53979287e+00,
          1.33724444e+01,  -1.31308371e+01,  -2.58919760e+01,
         -8.48927710e+00,  -3.94989919e+00,  -1.76705531e+00,
          7.52943545e+00,   4.87919408e+00,   1.67039742e+00,
          3.04706786e+00,  -1.81580338e+01,  -1.79545396e+01,
         -2.94596144e+01,  -1.08515654e+01,  -2.02168468e+01,
          6.65790946e+00,   6.80608096e+00,   6.17523369e+00,
         -9.06666189e-01,  -8.75010389e+00,  -1.73356564e+01,
          6.55622804e+00,  -3.21546406e+01,   8.41457125e+00,
         -3.22245246e+01,  -1.46311489e+01],
       [ -7.58037653e+01,  -8.31797626e+00,  -3.72696152e+01,
          4.38429944e+01,  -1.06447048e+01,   7.42086736e-01,
          2.01748478e+01,  -1.97294355e+01,  -9.52698775e-01,
          2.79022874e+02,  -9.17173019e+01,   2.73793292e+01,
          7.68133571e+01,  -3.40944101e+01,   9.31885838e+00,
          3.49224295e+00,  -1.82357869e+01,   1.35162027e+01,
          3.51656143e+00,  -8.58094473e+01,   5.08397610e+01,
          1.39111785e+01,   1.29541553e+01,   6.58727819e+01,
          1.12837402e+01,  -7.57577096e+01,  -4.09108674e+01,
         -3.74362448e+01,  -2.20298422e+01,  -2.85213026e+00,
          4.25777913e+00,   3.80946216e+00,   2.83795012e+01,
         -8.98885489e+00,   1.53751326e+01,  -1.99086614e+01,
         -8.38500666e+01,  -4.22048917e+01,  -2.56801905e+01,
          3.54635074e+01,  -1.69513652e+02,   5.32010950e+00,
         -1.65593422e+01,  -2.05643729e+01,  -5.69592179e+01,
          4.01500641e+01,  -3.88694349e+01,   1.28393165e+01,
         -5.38659580e+01,  -1.19591564e+01],
       [  1.19721084e+01,  -3.88436213e+00,  -2.71782220e+01,
          1.29476189e+00,  -1.38254221e+01,   1.71462382e-01,
         -8.28723449e-01,  -8.94017204e+00,   1.33237887e+00,
         -1.61637630e+02,  -3.87822192e+01,  -1.32018316e+01,
          1.02546390e+02,   2.58638452e+01,   1.38513274e+01,
          2.16082704e+00,   2.67674279e+00,   1.16334616e+01,
          7.74360538e-01,   4.29509797e+01,  -3.69124061e+01,
          8.28658123e+00,   2.83433793e+01,  -3.14835660e+01,
          1.73514641e+01,  -6.79514363e-01,   2.64147903e-01,
         -1.20670989e+01,   6.37872719e+00,  -4.82277100e-01,
          1.77299626e+00,   7.39217216e-01,  -2.65870687e+01,
         -2.16672902e+00,   1.89607709e+01,  -5.06833369e+00,
          6.23561142e+01,   2.22538973e+01,  -1.20772918e+00,
         -1.29276408e+01,   5.21994158e+01,  -2.99838128e+00,
         -1.91077262e+01,   1.74129326e+01,   7.76373439e+00,
         -6.61789813e+00,  -7.34954470e+00,   3.86815133e+00,
         -1.03307928e+02,  -2.13979154e+00],
       [  2.12563718e+01,   2.99594696e+00,   3.33270482e+00,
          7.74934126e+00,  -1.82249717e+00,   1.76949116e+00,
         -3.87654533e+00,  -3.01008183e+00,   3.76083869e+00,
          3.98171656e+01,  -1.99954034e+00,  -1.62842770e+01,
          2.22132143e+00,   1.06779291e+01,   2.20718692e-01,
         -3.16446762e+00,   1.42118317e+01,   3.62478048e+00,
         -7.08360770e-01,   9.47648603e+00,   4.61199161e+00,
          5.89005282e+00,   2.80372945e+00,  -4.06843480e+01,
         -2.50775347e-02,   1.99376539e+00,   1.82714029e+00,
          1.84473405e+01,   1.82007221e+01,   2.71528791e+00,
         -2.32319817e+00,  -2.88001282e-01,   5.09749784e-01,
          3.94209506e+00,   1.70037847e+01,   1.88493832e+01,
          3.60715994e+01,   1.41781182e+01,   4.09249213e+00,
          1.45778792e+01,   1.04451406e+00,  -4.61226200e+00,
          2.70136259e+00,  -1.76480126e+00,   2.60966547e+01,
         -1.48528622e+00,   9.70203962e+00,  -1.50213014e+00,
          1.41844856e+01,   1.20931772e+00],
       [  8.67946214e+00,   1.68390873e-01,   1.23613796e+00,
         -2.16539199e+00,   9.10500557e-01,   1.52923253e+00,
          1.97512095e+00,  -1.66443811e+01,   3.42406987e+00,
         -1.25219452e+01,   2.13612823e+00,  -1.22730756e+01,
          1.47502469e+00,   1.82621839e+00,   3.40714325e-02,
         -3.95607677e+00,   7.42283259e+00,  -5.98999456e+00,
         -4.44029704e+00,  -5.87979830e+00,   1.50633237e+00,
         -7.36407377e+00,  -1.08655956e+01,   8.05376602e-01,
         -1.34334747e+00,   2.94549912e+00,  -4.24058656e+00,
          2.34892521e+01,   2.91842803e+00,   1.38569310e+01,
         -2.57218599e+00,  -3.35582459e+00,  -5.81441428e+00,
          1.77103117e+01,   5.29209191e-01,  -1.67010667e+00,
          6.48089029e+00,   1.48169165e+01,   1.13105344e+00,
          8.46667912e+00,  -4.83689980e-01,  -4.85764981e+00,
          7.49108808e+00,   6.91412300e+00,   4.54198851e+00,
         -2.81557088e-01,   1.41018649e+01,  -1.54602750e+00,
          9.76260194e+00,   5.33043446e-02]])]Hidden bias: [array([ 53.87348024,  18.74449305,  73.72911562, -25.46317802,
        13.5472663 ,  -8.98240078, -16.20774388,   5.4630117 ,
        10.93897038,  -6.97532528,  33.71282673, -18.94935882,
       -35.22030619,  14.36047808,   1.68873324,  -9.67010682,
        12.70142398, -17.12873023, -12.01708606,   1.57800542,
       -21.30623334, -12.93333605, -13.60733602, -30.61039031,
       -27.46581831,  13.77707108,  21.11977547,  38.61450471,
        22.3579755 ,   9.44557155,  -8.50613269,  -8.16217117,
       -19.07251574,  15.01637436,   0.46026906,  15.68751236,
        81.55856383,  26.31863218,  16.96506366, -14.60985526,
        43.66116405, -11.05656957,  18.90179376,  31.21487646,
        10.20570521,   3.1655443 ,  34.30559576,  -9.73585443,
        47.68143394,  24.63387388])]Output weights: [[-21.79235453]
 [  2.42420004]
 [  4.50322248]
 [ -3.76968203]
 [ 13.42113439]
 [ 25.96586988]
 [ 22.10146688]
 [ 15.92719363]
 [-42.42892596]
 [  0.20270733]
 [ 12.58721558]
 [-22.02835646]
 [ 26.87578907]
 [ 34.38331366]
 [ -7.7239984 ]
 [ 13.46606509]
 [-10.37703541]
 [  8.01950512]
 [ 40.50067441]
 [  8.4082834 ]
 [ -1.5944559 ]
 [ 16.96481592]
 [  7.43845742]
 [ -3.98946358]
 [-10.13432578]
 [ 14.20253607]
 [ 28.1454988 ]
 [-24.42064696]
 [-21.34166488]
 [-18.47382382]
 [ 10.6430913 ]
 [  7.76246009]
 [ 14.74066249]
 [-35.49405979]
 [ 28.48526837]
 [ 13.50149603]
 [-33.57666693]
 [ -1.78352225]
 [ 14.73420994]
 [ 18.85086604]
 [-13.43564185]
 [ 13.04966754]
 [-21.13252163]
 [-14.76202575]
 [ 18.48018142]
 [ -8.95496527]
 [ 43.98236584]
 [ -5.30383423]
 [ 19.3325286 ]
 [-18.68577925]]Output bias: [-28.78103851]