Action MLP:Hidden weights: [array([[  2.18368274e-02,   1.59488978e-02,   8.10992983e-02,
          8.73125669e-02,  -4.45614471e-01,   7.58373654e-02,
          1.00782403e-02,   2.22766049e-02,   7.75899680e-02,
         -1.99156771e-03,   9.45913056e-03,   2.02984002e-02,
          6.91724547e-03,   6.91912255e-03,   5.91582819e-02,
          2.27276726e-02,  -4.60684659e-02,  -5.30870889e-02,
         -1.38111562e-02,   1.13027764e-01,   2.37789979e-02,
         -8.97991761e-03,   1.25178274e-01,   3.34826988e-02,
         -1.93852171e-02,  -4.14756634e-02,   2.83386090e-02,
          4.00584926e-02,   5.20958010e-02,  -4.81481219e-02,
          1.22645561e-02,   4.76735385e-02,  -1.70329159e-02,
          3.83610768e-02,   3.78732375e-02,  -8.56749508e-02,
          2.14227108e-02,   2.58241249e-02,  -1.84664387e-02,
         -3.12494934e-02,   5.37553795e-03,  -3.38801400e-02,
         -5.40651670e-02,   1.28250299e-03,   1.45648810e-04,
          4.59033757e-02,  -6.64473961e-03,  -1.43285765e-02,
          2.40395335e-02,  -1.28900294e-02],
       [  1.93238772e-01,  -3.25373539e-01,  -2.99181347e-01,
          1.56070556e-01,  -2.68201015e+00,   1.35603185e-01,
          1.73474072e-01,  -3.89279617e-01,  -2.16028868e-01,
          9.63383005e-02,   1.73600869e-01,   1.65928096e-01,
          1.50500566e-01,  -6.11253907e-02,   1.61094450e-01,
          1.29523666e-01,   8.44595447e-02,   1.71425066e-01,
          1.40136881e-01,  -6.94281886e-02,  -5.64161726e-01,
          1.56228594e-01,  -1.20443309e-01,   1.48170922e-01,
          1.57419953e-01,   2.10821388e-01,  -1.64533437e-02,
         -3.90629990e-01,  -1.05693500e-01,   1.83818099e-02,
          1.51702192e-01,   2.56551133e-01,   1.42011488e-01,
          1.20139340e-01,   2.04813592e-01,   1.69556083e-01,
         -1.42906125e-01,   1.12649360e-01,   1.68095264e-01,
          1.78456191e-01,   1.91111780e-02,   2.84057146e-01,
          1.37335581e-02,   1.51646009e-01,   7.77653422e-02,
          4.48889029e-02,   1.74246552e-02,   1.55659296e-01,
         -6.21978781e-02,   8.46349824e-02],
       [ -4.64802779e-02,   7.62633831e-02,   7.96568990e-02,
         -1.56532141e-01,  -4.18574978e-01,  -1.05857316e-01,
         -3.75825503e-02,  -2.42220365e-01,   7.19756354e-02,
          3.54228934e-02,   2.41705029e-03,  -3.30553240e-02,
         -4.84539593e-02,   4.16247016e-02,  -7.62730073e-02,
         -3.59399895e-03,   1.88598204e-02,   1.17309550e-01,
          1.72218251e-02,  -2.01944760e-02,   9.45955629e-02,
          5.47057663e-02,   1.53378479e-02,  -1.06314539e-01,
          5.41488227e-02,   1.39384208e-01,   1.93123081e-02,
          8.92397347e-02,   3.87107186e-02,   4.53086719e-02,
         -6.10513671e-02,  -1.49948253e-01,   5.78463410e-02,
         -1.03322188e-02,  -6.39689844e-02,   2.40431393e-01,
          4.86627667e-02,  -7.48104143e-02,   1.30966019e-01,
          9.35895977e-02,   3.62120921e-02,   2.32848477e-01,
         -8.49852220e-03,  -4.93162408e-03,   4.77796895e-02,
         -1.65237610e-01,  -6.05925723e-02,   6.99266437e-02,
         -1.12666468e-01,   4.84935312e-02],
       [ -2.40381669e-01,  -5.78565365e-01,  -5.71941150e-01,
         -2.82996516e-01,  -1.69991562e+00,  -2.87281434e-01,
         -2.72178308e-01,  -7.84677396e-01,  -5.21836530e-01,
         -3.14934708e-01,  -2.70020271e-01,  -2.44378983e-01,
         -3.19442267e-01,  -3.98760588e-01,  -2.58304368e-01,
         -2.67636623e-01,  -4.87545717e-01,  -4.96353799e-01,
         -3.09911702e-01,  -4.73991251e-01,  -7.14619692e-01,
         -2.86398774e-01,  -5.01127846e-01,  -3.23112727e-01,
         -3.05508172e-01,  -4.03453258e-01,  -3.67643907e-01,
         -6.12173170e-01,  -4.33606554e-01,  -5.52068462e-01,
         -3.21674275e-01,  -1.97171633e-01,  -2.93841867e-01,
         -2.78258133e-01,  -2.34862815e-01,  -7.29758890e-01,
         -4.62419108e-01,  -3.65878957e-01,  -3.47904949e-01,
         -3.14458897e-01,  -3.47900936e-01,  -3.96636900e-01,
         -5.39802356e-01,  -2.89289587e-01,  -3.25988809e-01,
         -4.47782807e-01,  -4.56032959e-01,  -3.18952080e-01,
         -5.32960590e-01,  -3.31162513e-01],
       [  1.15029503e-01,   4.30016498e-02,   1.59622382e-01,
          3.15760845e-01,   2.38246863e-01,   2.35845909e-01,
          8.36046769e-02,   1.14473370e-01,   1.69843807e-01,
          3.25079060e-02,   6.59310865e-02,   1.05511802e-01,
          6.83468290e-02,   5.56230650e-02,   1.89514417e-01,
          9.45395219e-02,  -1.80477257e-02,  -8.94744549e-02,
          1.82705713e-02,   2.67741839e-01,   7.00147306e-02,
          1.45975821e-02,   2.78614155e-01,   1.23561389e-01,
          1.15694775e-02,  -9.82228369e-02,   9.43504666e-02,
          8.48058162e-02,   1.51323615e-01,  -1.25001948e-01,
          8.57967415e-02,   2.15583053e-01,   2.45500530e-02,
          1.19009691e-01,   1.30063415e-01,  -1.99413435e-01,
          5.78232994e-02,   8.94435180e-02,  -6.74480958e-02,
         -3.01635094e-02,   5.76454788e-02,  -1.37677928e-01,
         -1.55347900e-02,   4.34614201e-02,   2.36513660e-02,
          1.19669286e-01,   3.37382466e-02,   4.85536971e-04,
          5.42305740e-02,   1.92820738e-02],
       [  9.61139525e-02,   7.73688993e-02,   1.35381200e-01,
          3.01052184e-01,  -1.76028018e-02,   2.37049264e-01,
          8.30169839e-02,  -2.71427705e-02,   1.68725944e-01,
          8.13185754e-02,   8.56915908e-02,   1.24667520e-01,
          7.54415007e-02,   1.00576645e-01,   1.91073250e-01,
          1.20011825e-01,   1.05505364e-01,   1.04701500e-01,
          7.43239226e-02,   2.46823336e-01,   5.11235028e-02,
          8.91173198e-02,   2.30266276e-01,   5.11056553e-02,
          7.56903498e-02,   4.18917534e-02,   1.17634059e-01,
          8.58929196e-02,   1.44425016e-01,  -5.87655571e-02,
          6.39202653e-02,   1.99208199e-01,   8.02326473e-02,
          1.29885733e-01,   1.32777361e-01,   1.35026968e-01,
          9.80516527e-02,   4.80142659e-02,   1.63568331e-02,
          5.68959957e-02,   9.90106013e-02,  -9.41073548e-02,
          1.28488359e-01,   6.67335536e-02,   9.65514453e-02,
         -3.58472207e-02,   5.12227708e-02,   7.90533035e-02,
         -7.67932803e-03,   7.58933203e-02],
       [ -6.27579133e-02,  -5.34831050e-02,  -1.08875066e-01,
         -3.71326494e-01,   3.79419421e-01,  -2.53859599e-01,
         -1.18128897e-02,   3.82713958e-01,  -1.23730293e-01,
         -5.14030114e-02,  -1.94285522e-02,  -8.11297649e-02,
          3.05365924e-02,  -7.12071218e-02,  -1.79994003e-01,
         -7.43829923e-02,   1.16810918e-01,   4.69413741e-02,
          3.83220632e-02,  -2.79006948e-01,  -1.95445986e-02,
         -2.37841045e-02,  -2.44925601e-01,   2.38013551e-02,
         -4.83465603e-03,   5.53803523e-04,  -8.32860395e-02,
         -5.61575487e-02,  -1.17447258e-01,  -1.85971036e-01,
          2.51150112e-02,  -2.30168324e-01,  -2.98757255e-02,
         -8.34303986e-02,  -1.05400928e-01,   5.89116451e-02,
         -8.07371794e-02,   6.97920325e-02,  -8.96569160e-02,
         -1.57377420e-02,  -6.15233719e-02,  -1.72342316e-01,
          1.91712525e-01,   1.41977358e-02,  -4.87440501e-02,
          1.39881772e-01,   1.59194155e-01,  -1.47443137e-02,
          2.23021554e-01,  -4.18247735e-02],
       [  9.55197428e-03,  -8.74355617e-02,  -7.83402501e-02,
         -2.44572005e-01,   3.98497911e-01,  -1.67232663e-01,
          3.77499025e-02,   4.98608218e-01,  -9.92323290e-02,
         -6.79369907e-02,  -1.84317257e-03,  -4.48763839e-02,
          6.98427041e-02,  -9.38212718e-02,  -1.22353341e-01,
         -3.99478027e-02,   4.56920367e-02,  -8.06517517e-02,
          2.30303241e-02,  -1.64800310e-01,  -5.31209415e-02,
         -3.27427591e-02,  -1.63367152e-01,   1.24206994e-01,
         -5.23759139e-02,  -1.22715271e-01,  -8.35390788e-02,
         -7.14709494e-02,  -8.98009924e-02,  -3.30090402e-01,
          8.57558368e-02,  -1.36360603e-01,  -5.89797746e-02,
         -6.35792013e-02,  -2.35260017e-02,  -2.77822533e-01,
         -8.71554493e-02,   1.32510326e-01,  -1.79082527e-01,
         -8.78909426e-02,  -7.51202379e-02,  -3.38882318e-01,
          1.02949450e-01,   2.20143569e-02,  -7.66187190e-02,
          2.62850467e-01,   1.82605932e-01,  -5.54121444e-02,
          2.72553961e-01,  -9.34107552e-02]])]Hidden bias: [array([-0.63093212, -0.77464065, -0.80925256, -0.83995783, -2.23155656,
       -0.73160152, -0.61543895, -0.60509751, -0.76220527, -0.57192227,
       -0.60179386, -0.61993033, -0.60551765, -0.60385201, -0.67583167,
       -0.60434312, -0.57296547, -0.5761509 , -0.5920693 , -0.78640432,
       -0.97389963, -0.57952189, -0.80345736, -0.6100366 , -0.57575091,
       -0.58582895, -0.60528106, -0.83833038, -0.67208353, -0.5948702 ,
       -0.609136  , -0.75374935, -0.57329118, -0.60835049, -0.64730384,
       -0.58401024, -0.64475225, -0.59458634, -0.56025839, -0.57309821,
       -0.58406766, -0.61864468, -0.5577356 , -0.59872455, -0.56823657,
       -0.55272997, -0.57303692, -0.56976009, -0.55998007, -0.56602292])]Output weights: [[  4.38992316e-02   1.83092122e-02]
 [ -1.24619802e-04   4.72008219e-03]
 [  1.72371025e-02   8.30757910e-02]
 [  9.80602006e-02   1.83001396e-01]
 [  1.56462027e+00  -9.46170152e-03]
 [  7.54355045e-02   8.18122690e-02]
 [  6.52477447e-03   1.78145773e-03]
 [ -9.12004593e-01   1.21572694e-01]
 [  2.46148727e-03   6.49650681e-02]
 [  3.13273560e-02  -5.85899128e-02]
 [  3.83083832e-02  -2.08900200e-02]
 [  6.57039835e-02  -6.06065957e-03]
 [ -5.15935337e-02  -5.94188592e-03]
 [ -2.01288413e-02  -5.58742993e-02]
 [  7.71069974e-02   3.42817459e-02]
 [  5.13025883e-02  -2.25000078e-02]
 [ -1.73855142e-01  -1.02249066e-01]
 [ -5.82356289e-02  -1.42075738e-01]
 [ -9.08375682e-03  -3.98709576e-02]
 [  6.79187549e-03   1.39190263e-01]
 [  1.30296032e-01   6.34392973e-02]
 [  5.53707352e-02  -5.69062622e-02]
 [  1.21998356e-02   1.48407819e-01]
 [ -9.41424507e-02   3.90158170e-02]
 [  4.52876759e-02  -6.24337435e-02]
 [  4.90121218e-02  -9.49704145e-02]
 [ -5.49578491e-03  -3.77838620e-02]
 [  3.71688746e-02   4.60724634e-02]
 [ -1.01634791e-02   1.56534936e-02]
 [ -1.24977677e-02  -1.42846642e-01]
 [ -6.27726718e-02   9.51994716e-03]
 [  1.17480133e-01   1.00903811e-01]
 [  5.58110990e-02  -6.12589498e-02]
 [  4.83582213e-02  -2.05015576e-02]
 [  6.05642763e-02   2.14523299e-02]
 [ -1.31584894e-01  -2.76747710e-01]
 [ -3.85552124e-02  -3.40652212e-02]
 [ -1.28877898e-01   1.59933877e-02]
 [  1.02041593e-01  -8.47389076e-02]
 [  7.27943967e-02  -7.22203354e-02]
 [  4.38297295e-03  -5.81938019e-02]
 [  2.04669116e-01  -8.49349805e-02]
 [ -2.84432966e-01  -1.18077454e-01]
 [  6.29506423e-03  -1.86215848e-02]
 [  2.56691256e-02  -7.26800291e-02]
 [ -2.80570342e-01   9.14099291e-02]
 [ -2.50299835e-01  -1.04531864e-02]
 [  4.55682159e-02  -7.14309409e-02]
 [ -3.87680117e-01   5.05194895e-02]
 [  2.72287571e-02  -7.34770060e-02]]Output bias: [ 1.09898493  0.76050811]
Value MLP:Hidden weights: [array([[  3.87021754e+01,   7.16739897e+00,   2.19335272e+01,
         -1.58548902e+01,   4.76131211e+00,  -9.24008447e-01,
         -7.99921700e-01,   8.70255236e+00,   1.04650392e+00,
         -1.98272765e+01,   5.93829712e+00,   3.12654829e-01,
         -4.49399420e+00,  -2.35126041e+00,  -1.76453262e+00,
         -6.29050381e-01,   1.24959403e+01,  -1.49597718e+01,
         -1.71723870e+00,  -9.08327213e+00,  -4.99725916e+00,
         -1.82826658e+01,  -1.16718571e+01,   1.83103145e+01,
         -7.74870130e+00,   4.15182799e+00,  -9.17206586e+00,
         -9.12223220e+00,   5.31647271e+00,   8.58110573e+00,
         -3.20085571e+00,   5.67573935e-01,  -1.52165693e+01,
          2.34981018e+00,  -4.86720018e+00,  -7.69571419e+00,
          1.63740933e+00,  -1.11393079e+00,   5.40950206e+00,
         -1.27296589e+01,  -1.46213705e+00,  -5.37725318e+00,
          3.66475306e+00,   6.15757306e+00,   4.54686048e-02,
          7.50779701e+00,  -8.26603875e+00,  -8.32478865e+00,
         -9.08738941e+00,  -4.58245803e+00],
       [  1.15739269e+01,  -5.00049994e+00,  -3.11032384e+01,
         -4.97760432e+00,   4.77018435e+00,  -2.81194529e+00,
         -7.95933116e+00,   1.10708088e+01,   1.18689620e+00,
         -1.74656613e+01,   1.34790056e+01,  -3.80392582e+00,
         -2.18174341e+01,   9.88494832e+00,  -4.61411034e+00,
          2.19288825e+00,  -5.79846484e-02,  -3.07930636e+00,
         -3.87680730e+00,   1.35543249e+01,  -4.83233588e+00,
         -1.48866438e+01,   1.18996861e+00,  -9.64296560e+00,
          9.23094557e+00,   1.55981031e+01,   7.40618342e+00,
          8.19041122e+00,   6.70549966e+00,   5.27818581e+00,
         -2.12339002e+00,   1.16497791e+00,  -1.15615869e+01,
         -2.12224189e+00,   1.89023801e+01,   4.19053976e+00,
          1.07229637e+01,  -2.08724980e+00,   5.40586479e+00,
         -1.94813008e+01,   7.88063032e-01,  -2.46618936e+00,
         -9.20989260e-02,   6.05582392e+00,   1.00382736e+01,
         -1.32656271e+01,   7.81360573e+00,  -9.21850084e+00,
          1.96390503e+01,  -8.82347436e+00],
       [  6.49305301e+01,   8.51956513e+00,   3.86859243e+01,
         -2.36323754e+01,   9.91373210e+00,   1.22729588e+00,
         -1.81878058e+01,   9.36399004e+00,  -3.34020320e-01,
         -7.71286045e+01,   2.95272421e+01,  -1.12016712e+01,
         -2.58164312e+01,   2.18661971e+01,   4.19259517e+00,
         -8.20119265e-01,   1.79077693e+00,  -8.81254391e+00,
         -1.95782664e+00,   1.08346539e+01,  -2.35425343e+01,
         -3.82917462e+01,  -3.27234013e+00,  -4.07345025e+01,
         -8.23752891e+00,   1.78634964e+01,   1.36121841e+01,
          5.55089177e+00,   1.25474781e+01,   7.52403377e+00,
         -1.98595178e+01,  -1.17083603e+00,  -2.49334559e+01,
          8.69187051e+00,   2.47216279e+01,   8.03799055e+00,
          3.64874368e+01,   2.69823887e+01,   8.96784838e+00,
         -3.28430326e+01,   1.27733971e+01,  -6.99200713e+00,
          1.61419476e+01,   3.08149335e+01,   6.09684675e+00,
         -3.63061302e+00,   1.59388707e+01,  -2.27968181e+01,
          3.86560448e+01,   8.29739378e+00],
       [ -6.81030784e+00,  -9.33610903e+00,  -6.47252428e+01,
          2.20631586e+01,  -6.48623534e+00,   7.26989621e+00,
          6.23996002e+00,  -4.93554270e+00,  -3.47980022e+00,
          1.05782891e+01,  -2.21881487e+01,   1.34519825e+01,
         -2.57824126e-01,  -1.09936481e+01,  -1.07373624e+01,
          4.48136540e+00,  -3.97310580e+00,  -7.29128230e-01,
         -2.75457827e+00,  -8.75538391e+00,   1.16078445e+01,
         -5.90520758e+00,   4.03436504e+00,   7.46069697e+00,
          1.90966259e+01,  -1.15528272e+01,  -2.57967691e+01,
         -5.95285006e+00,  -3.94989916e+00,  -3.24451410e+00,
          1.56798209e+01,   4.76859993e+00,   5.92628128e-01,
          1.79027111e+00,  -4.17487854e+01,  -1.75918629e+01,
         -3.70914822e+01,  -9.07352893e-01,  -1.95034835e+01,
          1.48067634e+01,   1.73219810e+01,   6.11894600e+00,
         -4.91048546e+00,  -1.39659684e+01,  -1.65553437e+01,
          7.74774914e+00,  -2.90621551e+01,   1.41309428e+01,
         -2.85468116e+01,  -1.42748130e+01],
       [ -7.58037678e+01,  -8.31039527e+00,  -3.82206377e+01,
          4.38711131e+01,  -5.96620703e+00,   8.20126482e-01,
          2.01748610e+01,  -2.34189638e+01,  -9.85912225e-01,
          3.07601236e+02,  -9.32130185e+01,   2.88963869e+01,
          6.75069708e+01,  -4.70012610e+01,  -2.34298928e+01,
          4.25105761e+00,  -1.82357878e+01,   1.57174118e+01,
          3.51657307e+00,  -9.43111419e+01,   6.13056864e+01,
          5.98830103e+01,   2.08831762e+01,   7.17226745e+01,
          3.02199257e+01,  -7.56868103e+01,  -4.09088276e+01,
         -3.68481159e+01,  -2.20298422e+01,  -9.35770390e+00,
          5.27167305e+01,   3.86274510e+00,   6.47282405e+01,
         -9.28080325e+00,  -1.54827435e+01,  -1.99020588e+01,
         -9.26146024e+01,  -4.73400863e+01,  -2.57061765e+01,
          4.61115101e+01,  -1.95211227e+02,   5.32622374e+00,
         -3.09661095e+01,  -2.25231605e+01,  -5.70353969e+01,
          4.33036151e+01,  -3.87311400e+01,   3.32991307e+01,
         -5.38935050e+01,  -1.51035394e+01],
       [  1.19721181e+01,  -3.85494515e+00,  -3.09859436e+01,
          1.46465813e+00,  -1.96193645e+01,   2.68650233e-01,
         -8.28684468e-01,  -2.58402184e-01,   1.24909044e+00,
         -8.90594852e+01,  -3.64607525e+01,  -8.29583453e+00,
          1.09016314e+02,  -6.00129476e+00,   9.28903280e-01,
         -2.24714217e+00,   2.67674030e+00,   9.08773694e+00,
          7.73266869e-01,   2.31476455e+01,  -9.92284872e+00,
         -4.25163394e+00,   3.11475809e+01,  -1.53112034e+01,
         -1.27684368e+01,  -3.22954163e-01,   2.72742446e-01,
         -2.83481471e+01,   6.37872744e+00,  -1.46550481e+00,
         -1.31273728e+01,   8.74518418e-01,  -4.07510272e+01,
         -2.11796208e+00,  -4.45317847e+01,  -4.43595924e+00,
          3.19695421e+01,   2.50149769e+00,  -1.37222025e+00,
         -8.04652482e-01,   5.37461357e+01,  -3.07011710e+00,
         -1.73797095e+00,  -2.03870370e+00,   7.35742239e+00,
         -4.38173650e+00,  -6.64383138e+00,  -1.02472670e+01,
         -1.02293456e+02,  -5.12862235e+00],
       [  2.12563718e+01,   2.99708067e+00,   3.23975639e+00,
          7.74934125e+00,  -5.50419563e+00,   1.76996750e+00,
         -3.87654533e+00,   6.61384917e+00,   3.76084536e+00,
          3.93310011e+01,  -1.05266445e+00,  -1.62842770e+01,
          1.84571125e+00,   1.56415350e+01,   8.56275127e+00,
         -3.16669873e+00,   1.42118317e+01,   2.62250488e+00,
         -7.08443616e-01,   9.37142156e+00,   1.29703393e+00,
         -1.56065560e+00,   7.48307889e+00,  -4.05430822e+01,
         -3.39637596e-01,   1.99376539e+00,   1.82714029e+00,
          1.64333354e+01,   1.82007221e+01,   3.33739102e+00,
         -4.94091039e+00,  -2.88012919e-01,   1.42872846e+01,
          4.03836202e+00,   8.67733730e+00,   1.88493832e+01,
          3.82478024e+01,   1.39019036e+01,   4.09249213e+00,
          5.86222251e+00,  -1.29818328e+01,  -4.61224372e+00,
          3.38640125e+00,   2.20631384e+00,   2.60966547e+01,
         -1.49893180e+00,   9.70203962e+00,  -1.63883203e+00,
          1.27976932e+01,   1.20928618e+00],
       [  8.67946214e+00,   1.68373637e-01,   1.32379930e+00,
         -2.16539199e+00,   6.58993063e-01,   1.52851365e+00,
          1.97512095e+00,  -1.15477734e+01,   3.42406982e+00,
         -1.25219413e+01,   2.13706221e+00,  -1.28490737e+01,
          1.48907223e+00,   1.82031976e+00,  -1.11065731e-03,
         -3.95607789e+00,   7.42283259e+00,  -6.27585967e+00,
         -4.44029710e+00,  -5.48090225e+00,   1.50633237e+00,
         -6.57655689e+00,  -1.08655916e+01,   9.46642506e-01,
         -5.41109425e+00,   2.94549912e+00,  -4.24058656e+00,
          2.36391927e+01,   2.91842799e+00,   1.38569310e+01,
         -2.57218560e+00,  -3.35582459e+00,  -5.81441428e+00,
          1.77103117e+01,   5.28774379e-01,  -1.56243913e+00,
          7.64554504e+00,   1.47368081e+01,   1.13105344e+00,
          8.46560871e+00,  -1.67650966e+00,  -4.85764981e+00,
          7.49462784e+00,   1.07733436e+01,   4.54473897e+00,
         -2.41897285e+00,   1.41018649e+01,  -1.14196759e+00,
          9.76376615e+00,   5.33043952e-02]])]Hidden bias: [array([ 53.87337546,  19.28692129,  80.7607318 , -24.92000735,
        11.88692747,  -9.07930639, -16.20725767,  18.57850223,
        10.95033218, -34.01073464,  39.14535339, -20.17083798,
       -39.74156575,  25.40154142,  17.85446087, -11.63067718,
        12.70141854, -17.83746722, -12.01716254,   9.03214801,
       -28.63639245, -33.72744268, -12.81287791, -34.34523165,
       -34.47817863,  16.79025199,  21.29010159,  35.54484828,
        22.35797545,  13.21165738, -24.38083284,  -8.27464764,
       -26.35000618,  17.06431337,  34.02310083,  16.60972055,
        88.17523568,  27.17902765,  18.03040966, -23.84529884,
         5.24440699, -11.06596599,  23.08386058,  35.1857992 ,
        11.17232363,  -3.67482977,  40.21832694, -17.85606898,
        55.45424614,  25.8679617 ])]Output weights: [[-24.67709679]
 [ -0.89610882]
 [ -2.14328512]
 [  0.61973635]
 [ -5.70083899]
 [ 28.84896461]
 [ 24.98621759]
 [  9.68678515]
 [-45.31354107]
 [  8.03929195]
 [ 13.04375616]
 [-18.7163189 ]
 [ 28.34714429]
 [ 25.40192947]
 [ 26.03447866]
 [ 16.2549068 ]
 [-13.26177579]
 [ -0.59373009]
 [ 43.38541364]
 [  7.38608092]
 [ 12.97405195]
 [-35.33092197]
 [ -0.25943525]
 [ -3.23024245]
 [ -9.24727582]
 [ 11.18026607]
 [ 25.25767922]
 [ -4.24071648]
 [-24.22640502]
 [-21.68204725]
 [ -4.85191316]
 [ 10.64200166]
 [ 10.85061419]
 [-38.20486502]
 [  8.11187184]
 [ 10.57861874]
 [-17.51533837]
 [-15.6607875 ]
 [ 11.81030771]
 [ 18.12065242]
 [ -8.6724792 ]
 [ 15.93414483]
 [-12.1498215 ]
 [-16.99906176]
 [ 15.33446822]
 [-11.63928554]
 [ 41.02135803]
 [ -2.77013734]
 [ -2.74890307]
 [-13.20477894]]Output bias: [-31.66577865]