Action MLP:Hidden weights: [array([[  2.16348696e-02,   1.59444358e-02,   8.13310331e-02,
          8.81788632e-02,  -4.36777492e-01,   7.63563127e-02,
          1.00257240e-02,   3.14767952e-02,   7.77954148e-02,
         -2.88504876e-03,   8.82355603e-03,   1.98180575e-02,
          7.40475297e-03,   6.84338875e-03,   5.93297960e-02,
          2.21524071e-02,  -4.26035164e-02,  -5.22003702e-02,
         -1.39393656e-02,   1.13462411e-01,   2.24517448e-02,
         -1.03685769e-02,   1.25628893e-01,   3.43876619e-02,
         -2.06707823e-02,  -4.31780309e-02,   2.81514844e-02,
          3.98050090e-02,   5.21635438e-02,  -4.87207829e-02,
          1.29089010e-02,   4.83554303e-02,  -1.84356912e-02,
          3.79271640e-02,   3.77172811e-02,  -8.35924794e-02,
          2.17124598e-02,   2.71169874e-02,  -2.11734069e-02,
         -3.32988833e-02,   4.95579874e-03,  -3.55586631e-02,
         -4.84134270e-02,   1.05778196e-03,  -7.64889916e-04,
          4.83357061e-02,  -2.96890909e-03,  -1.57414771e-02,
          2.93838076e-02,  -1.38682819e-02],
       [  1.93718842e-01,  -3.25414338e-01,  -2.98891677e-01,
          1.61907424e-01,  -2.67804505e+00,   1.38266240e-01,
          1.73479826e-01,  -3.79507021e-01,  -2.15525051e-01,
          9.58817377e-02,   1.73495698e-01,   1.66344762e-01,
          1.50455208e-01,  -6.13694207e-02,   1.62710612e-01,
          1.29496795e-01,   8.53272164e-02,   1.71131754e-01,
          1.40118562e-01,  -6.71309646e-02,  -5.66225843e-01,
          1.55747141e-01,  -1.18376432e-01,   1.47567333e-01,
          1.57016100e-01,   2.11537299e-01,  -1.67914442e-02,
         -3.91093735e-01,  -1.05529073e-01,   1.86179435e-02,
          1.51574211e-01,   2.60299545e-01,   1.41513221e-01,
          1.20193634e-01,   2.05686387e-01,   1.66489371e-01,
         -1.42731467e-01,   1.12602107e-01,   1.68869315e-01,
          1.78219047e-01,   1.86844450e-02,   2.95362783e-01,
          1.45798321e-02,   1.51570896e-01,   7.72045273e-02,
          4.41390859e-02,   1.89607052e-02,   1.55220780e-01,
         -5.97133028e-02,   8.41431378e-02],
       [ -4.83741152e-02,   7.62143565e-02,   7.85577412e-02,
         -1.61925580e-01,  -4.25631702e-01,  -1.08486111e-01,
         -3.78805240e-02,  -2.11554877e-01,   7.11479460e-02,
          3.48084698e-02,   9.85923892e-04,  -3.49986152e-02,
         -4.58793086e-02,   4.35719735e-02,  -7.80569743e-02,
         -5.05530995e-03,   3.49893754e-02,   1.25900151e-01,
          1.88476037e-02,  -2.28601752e-02,   8.93442347e-02,
          5.23190581e-02,   1.29369018e-02,  -1.04248699e-01,
          5.24849849e-02,   1.38167200e-01,   2.02239791e-02,
          8.75014505e-02,   3.86559030e-02,   4.82155933e-02,
         -5.85773537e-02,  -1.53212593e-01,   5.55729511e-02,
         -1.14356793e-02,  -6.60595051e-02,   2.54758354e-01,
          5.09814087e-02,  -6.94035445e-02,   1.25901817e-01,
          8.98373089e-02,   3.71409325e-02,   2.34369820e-01,
          1.47024683e-02,  -4.75979278e-03,   4.76994962e-02,
         -1.56782006e-01,  -4.54532193e-02,   6.82572103e-02,
         -9.30479660e-02,   4.82667242e-02],
       [ -2.40250942e-01,  -5.78576734e-01,  -5.72969852e-01,
         -2.82352844e-01,  -1.77787056e+00,  -2.87543286e-01,
         -2.72150744e-01,  -8.04461455e-01,  -5.22322824e-01,
         -3.13844896e-01,  -2.69391234e-01,  -2.44003094e-01,
         -3.19577594e-01,  -3.98222023e-01,  -2.58446686e-01,
         -2.67222981e-01,  -4.90352927e-01,  -4.96630318e-01,
         -3.09382813e-01,  -4.74257683e-01,  -7.14521911e-01,
         -2.84857729e-01,  -5.01695796e-01,  -3.23996404e-01,
         -3.03940022e-01,  -4.00443068e-01,  -3.67230297e-01,
         -6.12542315e-01,  -4.33534733e-01,  -5.50736621e-01,
         -3.22053309e-01,  -1.96899781e-01,  -2.92273444e-01,
         -2.78011319e-01,  -2.34707741e-01,  -7.34021339e-01,
         -4.62219358e-01,  -3.66377392e-01,  -3.43921401e-01,
         -3.11904678e-01,  -3.47198326e-01,  -3.87356923e-01,
         -5.45965981e-01,  -2.88933943e-01,  -3.24784133e-01,
         -4.48876220e-01,  -4.58708416e-01,  -3.17165844e-01,
         -5.38212829e-01,  -3.29832651e-01],
       [  1.15254825e-01,   4.30412375e-02,   1.58390217e-01,
          3.15439379e-01,   1.06605653e-01,   2.34627910e-01,
          8.36959506e-02,   7.71988843e-02,   1.69339080e-01,
          3.30747677e-02,   6.64167390e-02,   1.05303304e-01,
          6.79433031e-02,   5.52058790e-02,   1.88224708e-01,
          9.44578326e-02,  -2.89810297e-02,  -9.45644223e-02,
          1.76801244e-02,   2.67265228e-01,   7.37493143e-02,
          1.61306868e-02,   2.77656475e-01,   1.24758567e-01,
          1.27727706e-02,  -9.73361225e-02,   9.43727650e-02,
          8.53167101e-02,   1.51635539e-01,  -1.26542891e-01,
          8.57409221e-02,   2.14995023e-01,   2.59889994e-02,
          1.18554160e-01,   1.29929495e-01,  -2.08404684e-01,
          5.69279482e-02,   8.95421433e-02,  -6.44085523e-02,
         -2.77090281e-02,   5.75716296e-02,  -1.43799617e-01,
         -3.32536757e-02,   4.34507351e-02,   2.41519464e-02,
          1.23886198e-01,   2.61532198e-02,   1.86159811e-03,
          4.36231645e-02,   1.98499670e-02],
       [  9.78679841e-02,   7.74935835e-02,   1.39592023e-01,
          3.12640860e-01,  -1.43388313e-02,   2.42798179e-01,
          8.32122810e-02,  -3.55106651e-02,   1.72059811e-01,
          7.70884265e-02,   8.43462952e-02,   1.24480133e-01,
          7.43367905e-02,   9.65241271e-02,   1.93754180e-01,
          1.18584408e-01,   9.63625032e-02,   9.39050195e-02,
          7.08601141e-02,   2.53953269e-01,   5.49696490e-02,
          8.51862865e-02,   2.37676706e-01,   5.36741819e-02,
          7.12004362e-02,   3.44566282e-02,   1.14939921e-01,
          8.83315723e-02,   1.45335663e-01,  -6.56621189e-02,
          6.39754736e-02,   2.07353836e-01,   7.60254714e-02,
          1.28556245e-01,   1.34779280e-01,   1.19362336e-01,
          9.54684721e-02,   4.74874988e-02,   1.11950482e-02,
          5.19795336e-02,   9.47578616e-02,  -1.01944359e-01,
          1.18590535e-01,   6.51929793e-02,   9.12330258e-02,
         -3.26561938e-02,   4.61758143e-02,   7.38667589e-02,
         -1.15691556e-02,   7.05282897e-02],
       [ -6.37040674e-02,  -5.34893555e-02,  -1.08858598e-01,
         -3.71266841e-01,   3.60213274e-01,  -2.54386428e-01,
         -1.19708171e-02,   4.12616298e-01,  -1.23465665e-01,
         -5.26734636e-02,  -2.06247893e-02,  -8.26896415e-02,
          3.20767383e-02,  -7.10486728e-02,  -1.81053067e-01,
         -7.58175977e-02,   1.22342526e-01,   4.81691787e-02,
          3.83856040e-02,  -2.78496142e-01,  -2.26251014e-02,
         -2.57660312e-02,  -2.44441586e-01,   2.68845393e-02,
         -6.57615314e-03,  -1.51621788e-03,  -8.34106022e-02,
         -5.69129928e-02,  -1.17134332e-01,  -1.86298219e-01,
          2.70875353e-02,  -2.30958692e-01,  -3.18821163e-02,
         -8.47250534e-02,  -1.06560092e-01,   6.21812481e-02,
         -7.99349405e-02,   7.42137198e-02,  -9.29461655e-02,
         -1.83541134e-02,  -6.20402684e-02,  -1.77441006e-01,
          2.01260355e-01,   1.39117751e-02,  -4.99529255e-02,
          1.50933431e-01,   1.68414469e-01,  -1.65650027e-02,
          2.38038763e-01,  -4.30894783e-02],
       [  8.63073717e-03,  -8.74267634e-02,  -7.79587098e-02,
         -2.43876370e-01,   3.77804029e-01,  -1.67457096e-01,
          3.75876730e-02,   5.30090544e-01,  -9.86700266e-02,
         -6.96219676e-02,  -3.24679195e-03,  -4.65819722e-02,
          7.14915360e-02,  -9.39146769e-02,  -1.23307715e-01,
         -4.16116237e-02,   5.11723277e-02,  -8.00020924e-02,
          2.29015597e-02,  -1.63792192e-01,  -5.62183108e-02,
         -3.51931109e-02,  -1.62322440e-01,   1.27743672e-01,
         -5.45899764e-02,  -1.25387704e-01,  -8.38554956e-02,
         -7.20971852e-02,  -8.93856047e-02,  -3.30876206e-01,
          8.79475200e-02,  -1.36684981e-01,  -6.14789296e-02,
         -6.50747407e-02,  -2.46532063e-02,  -2.75608809e-01,
         -8.64336544e-02,   1.37393679e-01,  -1.83035622e-01,
         -9.10980256e-02,  -7.59725049e-02,  -3.44603419e-01,
          1.12656413e-01,   2.16092298e-02,  -7.83030171e-02,
          2.75261668e-01,   1.92458893e-01,  -5.77567548e-02,
          2.88672643e-01,  -9.51610702e-02]])]Hidden bias: [array([-0.63018927, -0.77463781, -0.80760351, -0.83159222, -2.2096372 ,
       -0.72758021, -0.61542549, -0.5747555 , -0.76067021, -0.57368892,
       -0.60242203, -0.61966584, -0.60559817, -0.60525694, -0.67363428,
       -0.60483496, -0.57166892, -0.57830567, -0.59309317, -0.78221007,
       -0.97626423, -0.58131994, -0.79937378, -0.60895336, -0.57764767,
       -0.58792155, -0.60642133, -0.83830587, -0.67167558, -0.59671276,
       -0.60881878, -0.74839464, -0.5751645 , -0.6087185 , -0.64609195,
       -0.58736543, -0.6451503 , -0.59349196, -0.56182398, -0.57516588,
       -0.58577166, -0.61252227, -0.55334115, -0.59930338, -0.57042849,
       -0.54800127, -0.56875463, -0.57193863, -0.55040043, -0.56818232])]Output weights: [[ 0.0453646   0.01841855]
 [ 0.00408275 -0.00337807]
 [ 0.02290538  0.07696434]
 [ 0.10144426  0.1932998 ]
 [ 1.6084604  -0.02313297]
 [ 0.08004446  0.08996315]
 [ 0.00515422  0.00162143]
 [-0.94030429  0.12840888]
 [ 0.00689089  0.06156544]
 [ 0.02983438 -0.06118673]
 [ 0.0364256  -0.02218572]
 [ 0.06851677 -0.00458578]
 [-0.05529626 -0.00504043]
 [-0.01878713 -0.05823204]
 [ 0.08220678  0.04049049]
 [ 0.052608   -0.02166068]
 [-0.18801366 -0.09883741]
 [-0.07838672 -0.14258421]
 [-0.01566836 -0.04144132]
 [ 0.01012335  0.14065077]
 [ 0.14062215  0.05155944]
 [ 0.05043338 -0.05925934]
 [ 0.01475595  0.14740837]
 [-0.09776249  0.04065317]
 [ 0.0400124  -0.06570431]
 [ 0.03274417 -0.10287415]
 [-0.00335097 -0.03826868]
 [ 0.04383838  0.03728249]
 [-0.00738152  0.01426673]
 [-0.01789704 -0.15635918]
 [-0.06638978  0.01008698]
 [ 0.12399369  0.10849616]
 [ 0.05197931 -0.06454904]
 [ 0.05051052 -0.01881972]
 [ 0.06421882  0.0243548 ]
 [-0.1702227  -0.27818572]
 [-0.03635515 -0.03767995]
 [-0.13563329  0.01759477]
 [ 0.09273131 -0.09553973]
 [ 0.06421468 -0.07844762]
 [ 0.00445601 -0.05974066]
 [ 0.19861903 -0.10767203]
 [-0.30235264 -0.11149877]
 [ 0.00232986 -0.02066335]
 [ 0.02357203 -0.07431871]
 [-0.29340287  0.09381951]
 [-0.26410414 -0.00688223]
 [ 0.03890957 -0.0745346 ]
 [-0.40661996  0.05420371]
 [ 0.02502027 -0.07685417]]Output bias: [ 1.10215313  0.78474465]
Value MLP:Hidden weights: [array([[  3.93218703e+01,   7.21785098e+00,   2.31983321e+01,
         -1.20812839e+01,   3.90548724e+00,  -9.04912635e-01,
         -7.99905541e-01,   8.76957025e+00,   1.03630550e+00,
         -3.05066634e+01,   6.74205177e+00,   1.62137615e-01,
         -7.99461305e-02,  -2.84958015e+00,  -1.47979480e+00,
         -6.06694158e-01,   1.24959401e+01,  -1.43341382e+01,
         -1.74129095e+00,  -8.64871015e+00,  -5.16646431e-01,
         -1.38059291e+01,  -7.89831457e+00,   1.67283636e+01,
         -3.71509379e+00,   4.22500182e+00,  -9.16541360e+00,
         -8.78639305e+00,   5.31647272e+00,   1.00172786e+01,
          1.22116980e+00,   5.58600224e-01,  -1.58226654e+01,
          2.75079342e+00,  -1.10741499e+01,  -7.63817869e+00,
          7.55538109e+00,   2.26362513e+00,   5.55821558e+00,
         -1.53976430e+01,   5.99118125e+00,  -5.38006846e+00,
          1.31830864e+00,   4.98819092e+00,   2.30866563e-01,
          1.21128274e+01,  -8.12648595e+00,  -9.34172440e-01,
         -1.62439512e+01,  -4.73741700e+00],
       [  1.16933333e+01,  -6.30548402e+00,  -4.01982045e+01,
         -6.35330619e+00,   3.22329831e+00,  -2.67073647e+00,
         -7.95981771e+00,   1.13018488e+01,   1.18827796e+00,
         -2.84545486e+00,   7.70806187e+00,  -2.60231321e+00,
         -1.05206322e+01,  -1.41769778e+00,  -8.88230183e+00,
          3.39738268e+00,  -5.79764903e-02,  -3.25855237e+00,
         -3.87784436e+00,   7.55802563e+00,   9.68040856e+00,
          5.55225564e-01,   4.64589753e+00,  -7.64202142e+00,
          1.19875119e+01,   1.26538600e+01,   7.23001943e+00,
          8.11639865e+00,   6.70549966e+00,   5.62660867e+00,
          1.37768177e+00,   1.30494879e+00,   1.05498582e-01,
         -3.46481034e+00,  -7.07551087e+00,   1.87578162e+00,
          1.03062238e+01,  -4.64465683e+00,   3.03653528e+00,
         -1.88427859e+01,   3.97311279e+01,  -2.41791427e+00,
         -2.83721067e+00,   6.34307761e+00,   7.87352330e+00,
         -1.10346404e+01,   2.09831791e+00,  -1.81826248e-01,
          9.19949594e+00,  -1.11142228e+01],
       [  6.55720036e+01,   9.49355357e+00,   4.25130853e+01,
         -1.72631575e+01,   8.85445556e+00,   1.35267412e+00,
         -1.81874157e+01,   1.10739716e+01,  -3.54323320e-01,
         -6.58857970e+01,   3.25755014e+01,  -9.97423292e+00,
         -2.47426686e+01,   3.15961221e+00,  -7.15066764e+00,
         -5.83891085e-01,   1.79076905e+00,  -7.14598626e+00,
         -1.98552499e+00,   1.60548541e+00,  -1.13252578e+00,
         -1.53070121e+00,   2.92758054e+00,  -4.44091462e+01,
         -9.05636067e+00,   2.02744304e+01,   1.37501877e+01,
          6.94906117e+00,   1.25474782e+01,   1.06082887e+01,
         -6.95516903e-01,  -1.10440921e+00,  -9.18001873e+00,
          1.02803431e+01,  -5.77759016e+00,   9.85263125e+00,
          3.40652100e+01,   2.15397952e+01,   1.06223666e+01,
         -3.52969911e+01,  -2.61148700e+01,  -6.98603197e+00,
          1.30688285e+01,   2.74183136e+01,   7.50263858e+00,
          6.36220137e+00,   2.06240604e+01,  -2.88960016e+00,
          2.43131776e+01,   4.09117746e+00],
       [ -5.11336664e+00,  -1.00176398e+01,  -6.78515914e+01,
          1.20870395e+01,  -8.02756907e+00,   7.36148664e+00,
          6.23971185e+00,  -1.10699435e+00,  -3.47704668e+00,
          1.49502337e+01,  -2.51674653e+01,   1.43414027e+01,
         -6.77285998e+00,  -3.30094385e+00,   1.72919771e+00,
          4.63879900e+00,  -3.97310449e+00,  -1.43093282e+00,
         -2.81886963e+00,  -2.75827543e+00,  -3.89861468e+00,
         -3.96714792e+00,   2.97276340e+00,   2.66095686e+00,
          1.45365757e+01,  -1.31511795e+01,  -2.58971791e+01,
         -8.48924214e+00,  -3.94989920e+00,  -1.75523827e+00,
          7.54757393e+00,   4.88234546e+00,   2.78589261e+00,
          3.17284388e+00,  -1.06952740e+00,  -1.86371662e+01,
         -1.97148359e+01,  -1.07102998e+01,  -2.08685159e+01,
          6.68360240e+00,   6.80608096e+00,   6.17687820e+00,
         -2.09719317e+00,  -8.75714083e+00,  -1.79267443e+01,
          5.94089440e+00,  -3.21649228e+01,   8.49006607e+00,
         -1.36334464e+01,  -1.47947820e+01],
       [ -7.30291706e+01,  -8.33694507e+00,  -3.53852449e+01,
          1.43248419e+01,  -1.07773724e+01,   7.27426234e-01,
          2.01748474e+01,  -1.47377731e+01,  -9.52519946e-01,
          2.67646196e+02,  -9.33269701e+01,   2.73730730e+01,
          7.67778203e+01,  -4.07668238e+00,   1.33374757e+01,
          3.48182209e+00,  -1.82357867e+01,   1.34713863e+01,
          3.40919759e+00,  -7.96570798e+01,  -9.04213721e+00,
          1.27339921e+01,   9.87292214e+00,   6.44785086e+01,
          1.25499003e+01,  -7.57588400e+01,  -4.09110970e+01,
         -3.74362327e+01,  -2.20298422e+01,  -2.81234971e+00,
          4.13800065e+00,   3.80473907e+00,   1.68208843e+01,
         -8.99878720e+00,   2.23605801e+01,  -1.99414583e+01,
         -4.84120253e+01,  -4.21578290e+01,  -2.57153839e+01,
          3.52828991e+01,  -1.69513652e+02,   5.31968702e+00,
         -1.68557792e+01,  -2.04998447e+01,  -5.69883122e+01,
          4.01445148e+01,  -3.88698824e+01,   1.28955523e+01,
         -4.67533218e+01,  -1.14253144e+01],
       [ -1.70864238e+01,  -3.92425759e+00,  -3.67895700e+01,
          2.90201501e+01,  -1.36968949e+01,   1.53581377e-01,
         -8.28725073e-01,  -1.46646530e+01,   1.33259747e+00,
         -1.78550309e+02,  -3.09157609e+01,  -1.32175709e+01,
          1.02631581e+02,  -1.30639581e+00,   4.59124785e+00,
          2.17176256e+00,   2.67674274e+00,   1.17593797e+01,
          1.90007380e+00,   4.70633343e+01,  -9.50426896e+00,
          9.47623120e+00,   3.00560664e+01,  -3.64027676e+01,
          1.16651410e+01,  -6.81149159e-01,   2.64455852e-01,
         -1.20674036e+01,   6.37872719e+00,  -5.14935379e-01,
          2.35312380e+00,   7.27615423e-01,   3.57844482e+00,
         -2.17746816e+00,   2.03999071e+01,  -5.30843254e+00,
          4.01836748e+01,   2.22212522e+01,  -1.14991421e+00,
         -1.25515834e+01,   5.21994158e+01,  -2.99938364e+00,
         -7.88643418e+00,   1.75613907e+01,   7.87057380e+00,
         -6.48249493e+00,  -7.35166561e+00,   3.07905409e+00,
          1.03791748e+01,  -5.83882351e+00],
       [  1.55647072e+01,   2.99611900e+00,   1.28659651e-01,
          7.74934126e+00,  -1.72707890e+00,   1.76954806e+00,
         -3.87654533e+00,  -2.99604222e+00,   3.76083849e+00,
          3.97894780e+01,   9.54698962e-01,  -1.62852386e+01,
          2.22132143e+00,   2.20587632e+00,  -3.75647561e+00,
         -3.15816757e+00,   1.42118317e+01,   3.69382028e+00,
         -4.87973741e-01,   1.57132204e+01,   1.39207842e+00,
          6.68975504e+00,   2.91564213e+00,  -3.95938068e+01,
         -2.19246933e+00,   1.99376539e+00,   1.82714029e+00,
          1.84472838e+01,   1.82007221e+01,   2.68606815e+00,
         -2.18314499e+00,  -2.87995501e-01,   2.44460197e+00,
          3.94197473e+00,   9.12274048e+00,   1.88493832e+01,
          1.91547513e+01,   1.41781493e+01,   4.09249213e+00,
          1.46110085e+01,   1.04451406e+00,  -4.61226199e+00,
          5.17183993e+00,  -1.81878999e+00,   2.60966547e+01,
         -1.48528635e+00,   9.70203962e+00,  -1.66076574e+00,
          1.73097604e+01,   3.91619686e-01],
       [  8.67946214e+00,   1.68390873e-01,   1.23613796e+00,
         -2.16539199e+00,   9.10497733e-01,   1.52923741e+00,
          1.97512095e+00,  -1.66443882e+01,   3.42406998e+00,
         -1.25219452e+01,   2.13612823e+00,  -1.22730755e+01,
          1.47502469e+00,   1.82621916e+00,   3.41217013e-02,
         -3.95607683e+00,   7.42283259e+00,  -5.98999456e+00,
         -4.44029704e+00,  -5.87979830e+00,   1.50633237e+00,
         -7.36407377e+00,  -1.02740775e+01,   8.05409247e-01,
         -1.34334747e+00,   2.94549912e+00,  -4.24058656e+00,
          2.34892521e+01,   2.91842803e+00,   1.38569310e+01,
         -2.57218603e+00,  -3.35582459e+00,  -7.88769989e+00,
          1.77103117e+01,   1.10311462e-01,  -1.67010667e+00,
          6.48089029e+00,   1.48169165e+01,   1.13105344e+00,
          8.42465268e+00,  -4.83689980e-01,  -4.85764981e+00,
          7.49108808e+00,   6.91549349e+00,   4.54198851e+00,
         -2.81557222e-01,   1.41018649e+01,  -1.54561790e+00,
         -1.11798479e+01,   5.33043446e-02]])]Hidden bias: [array([ 48.27915143,  17.95233047,  69.20250889, -18.91563979,
        13.63366479,  -8.96582702, -16.20775972,   4.4201089 ,
        10.938791  , -15.70933661,  35.25250268, -18.98716174,
       -35.13946473,   7.84260198,  -0.35758439,  -9.67631552,
        12.70142757, -17.05969042, -11.79670487,   7.58788233,
        -3.467841  , -12.13360441, -12.9210602 , -27.37778528,
       -27.96867512,  13.73568992,  21.11054728,  38.61444794,
        22.3579755 ,   9.41827242,  -8.34353753,  -8.16419758,
       -15.08730845,  14.80456433,  -3.41858149,  14.09181874,
        45.69838158,  26.97678922,  15.68605442, -14.82104556,
        43.66116405, -11.05550288,  18.70900641,  31.16086867,
         9.09960985,   1.98599225,  34.2863299 ,  -9.87183254,
        23.6798594 ,  23.56976472])]Output weights: [[-21.00047543]
 [  3.70073858]
 [  7.63811867]
 [ -9.51749433]
 [ 15.39439971]
 [ 25.00817905]
 [ 21.14346223]
 [ 15.51211235]
 [-41.47092376]
 [-37.29517608]
 [ 13.57387202]
 [-25.00564923]
 [ 21.45754777]
 [-14.88011724]
 [ -7.44813384]
 [ 12.50813255]
 [ -9.41903095]
 [  8.46995951]
 [ 39.54553114]
 [ 12.82931626]
 [ -0.38533631]
 [ 17.4476469 ]
 [  3.25134433]
 [-11.11092989]
 [-11.2303877 ]
 [ 15.16211229]
 [ 29.10367188]
 [-23.46264398]
 [-20.38366057]
 [-17.51665336]
 [  9.69546902]
 [  6.80458946]
 [ 13.43123744]
 [-34.53941002]
 [  0.22543834]
 [ 14.53445974]
 [-33.28437306]
 [  3.07831319]
 [ 15.74499974]
 [ 11.54832519]
 [-10.97227044]
 [ 12.09170057]
 [-22.23506547]
 [ -8.34501992]
 [ 19.47515047]
 [-12.43206777]
 [ 44.94059302]
 [ -6.2546321 ]
 [ 20.6378753 ]
 [-17.85089885]]Output bias: [-27.8230342]