Action MLP:Hidden weights: [array([[  1.57756531e-01,   3.19492976e-01,   5.20545717e-01,
          2.43076080e-01,  -4.78031754e-01,   2.98327117e-01,
         -4.54118888e-01,   3.19975229e-01,  -3.72081580e-01,
         -4.00209394e-01,   3.24419339e-01,   6.62751646e-02,
         -1.64538682e-01,  -4.65200501e-01,  -2.95610388e-01,
         -1.59043979e-01,   6.01695545e-02,   2.75358884e-01,
          4.38358808e-01,   1.44758143e-01,   9.09347768e-03,
          3.38979773e-01,   1.23803290e-01,   1.50050134e-01,
         -4.82220649e-01,  -4.25355161e-01,  -1.36314581e-01,
         -1.48524455e-01,  -3.83439307e-01,   2.95119036e-01,
          1.96209893e-01,  -3.61945210e-01,   3.38909146e-01,
          8.26506414e-02,  -3.09846095e-01,  -5.17738173e-01,
         -3.71989403e-01,  -4.19134886e-01,   3.75019141e-01,
         -3.84241229e-01,   1.80707452e-01,  -1.92306454e-01,
         -5.16801582e-01,  -3.49682897e-01,   3.65108075e-01,
          1.66128238e-02,  -2.77314378e-01,   2.91517069e-01,
          2.80911703e-02,  -1.26129060e-01],
       [  1.26489173e-01,   4.74325659e-01,  -6.56728583e-02,
          6.85875092e-02,   3.84819930e-01,   5.45926243e-01,
          5.47577997e-01,  -3.72892599e-03,   8.14304972e-01,
         -2.57112691e-01,  -5.17189879e-01,   1.66565811e-01,
         -4.18633741e-01,   4.75075777e-01,  -1.37913585e-01,
          3.63250498e-03,  -3.06812683e-01,  -3.17838842e-01,
          5.81255233e-01,   1.54621629e-01,   5.71804680e-01,
          3.89679669e-01,   2.76281453e-01,   3.44807034e-01,
          2.87809039e-01,   2.45411642e-02,   6.82497866e-01,
         -1.43971600e-02,  -4.64603145e-02,   6.90881027e-01,
          5.09223967e-01,   4.58091484e-01,   2.84815402e-01,
          3.82066619e-01,   9.53990439e-02,   4.05871670e-01,
         -1.19995543e-01,  -2.24528397e-02,   6.62498471e-02,
          1.85069759e-01,  -2.77455919e-01,   1.31659441e-01,
          7.58445504e-01,   6.69003304e-01,  -2.72215874e-01,
          1.20513681e-02,  -3.08756749e-01,   6.21943487e-01,
         -1.40118882e-01,   2.46347465e-01],
       [ -5.02537403e-01,  -4.70428620e-01,   2.91247026e-02,
         -4.18297770e-01,  -6.05026047e-02,  -3.09346622e-01,
         -1.54339358e-01,  -1.13339334e-01,  -1.14756626e-01,
          3.76860581e-01,   2.67204159e-01,  -5.63938278e-01,
         -2.90629371e-01,  -3.47984342e-01,   3.52112717e-02,
         -2.26825298e-01,   3.48841788e-01,  -1.28633317e-01,
          1.40345674e-02,  -2.73047434e-01,  -1.50608302e-01,
          5.23603673e-01,  -2.30912821e-01,  -2.35889359e-01,
         -4.12740175e-01,  -5.45420143e-01,  -1.87121344e-01,
          3.59782473e-01,   2.67387079e-01,   4.67154750e-01,
          1.33781069e-02,  -7.40413592e-02,  -4.12921671e-02,
         -1.69017529e-01,  -3.55350647e-01,   1.45458578e-01,
         -1.04266050e-01,   3.09330329e-01,  -1.21727721e-01,
         -2.43420942e-01,   3.61795511e-02,  -3.39232510e-01,
          4.94366831e-01,  -3.14128651e-01,   1.48401147e-01,
          5.28590237e-01,   3.75850123e-01,   4.62736705e-01,
         -2.55489840e-01,   3.25793964e-01],
       [ -9.87816778e-03,  -3.33036514e-01,  -7.12857145e-01,
          1.36739963e-01,   3.74836168e-01,   7.71549916e-02,
          4.18310569e-02,  -3.13503006e-01,   1.84716287e-01,
          2.78871985e-02,   2.91931021e-01,   4.66399396e-01,
          2.83277731e-01,   1.47704468e-01,   1.14432525e-01,
          2.67132468e-01,  -1.45264120e-01,  -1.10133923e-01,
         -3.91485031e-01,  -5.35494667e-01,  -2.68306834e-01,
          1.47251865e-01,  -4.24472583e-01,  -3.82554848e-01,
         -5.53809186e-02,  -6.52667971e-01,   7.90522238e-02,
         -2.15489628e-01,  -5.23389806e-01,  -4.78842603e-01,
         -1.70472664e-01,   2.74942040e-01,  -2.26208219e-01,
         -3.94882227e-01,  -6.65716461e-01,  -3.40359923e-01,
          3.69573165e-01,   3.10529467e-01,   1.38273162e-01,
          4.69675374e-01,   3.09803566e-01,  -2.52323974e-01,
          1.36851140e-01,  -2.87996221e-01,  -3.08376321e-01,
          3.04962387e-01,   5.15524263e-02,   1.22698693e-01,
         -3.39610930e-01,   5.35530619e-01],
       [  2.69464589e-01,  -2.91769250e-01,   7.44106130e-02,
         -5.79069019e-02,  -3.38694958e-01,   5.11771125e-01,
         -4.47087891e-01,  -4.05479519e-01,   5.69250311e-01,
         -7.24207457e-03,   3.84492381e-01,   1.78970839e-01,
         -2.44180990e-01,   4.15564483e-01,   3.14936285e-01,
         -2.66143142e-01,  -5.49976706e-01,  -3.05113534e-01,
          1.15092397e-01,  -4.46998029e-01,  -3.22001202e-01,
         -2.06681366e-01,  -2.31846398e-01,  -1.44666728e-01,
         -3.85007421e-01,  -3.90268509e-01,  -2.24906369e-01,
          1.70601446e-01,   4.33874072e-01,  -3.38447513e-01,
          3.59885326e-01,   5.03295295e-01,  -1.51971998e-01,
         -3.35566741e-01,  -3.90827634e-01,  -3.58930510e-01,
          1.05907122e-01,  -3.60305311e-01,  -3.85936322e-01,
          2.91358907e-01,  -3.58063792e-01,   3.20852395e-01,
         -6.77281998e-02,   6.41654409e-02,   5.03358936e-01,
          3.78033318e-01,   1.78326207e-01,  -2.16018970e-01,
         -3.70225519e-01,   2.30683006e-01],
       [  1.78252957e-01,   3.23929062e-01,  -6.17130666e-02,
         -1.49506800e-01,   4.73060757e-01,   3.97247989e-01,
         -1.68056475e-01,  -1.25441561e-01,   9.51837938e-01,
         -1.15563455e-01,   6.74173722e-01,  -3.57945901e-02,
         -3.20546249e-01,   1.09788713e-01,   3.32346632e-01,
          2.20147004e-01,  -4.25070099e-02,  -4.55260853e-01,
         -2.55685971e-01,  -8.63772421e-02,   4.10865333e-01,
         -9.68167904e-01,  -1.95098391e-01,   3.20458602e-01,
          4.56615962e-01,   4.33927599e-02,   4.12338199e-01,
         -9.03241172e-02,   5.28431315e-01,  -1.96017494e+00,
          8.11192883e-01,  -4.17143354e-02,  -2.43225248e-01,
         -1.63569375e-01,  -1.87180988e-01,   2.77704516e-01,
         -5.36124330e-01,  -6.27688233e-02,  -2.67454143e-01,
          5.60411690e-02,  -4.83854766e-01,  -3.34041751e-01,
         -5.32764341e-01,   7.13307263e-02,   1.88505276e-01,
          2.83110266e-01,   4.58387972e-02,  -9.36731158e-02,
          3.75072559e-01,  -4.24013120e-01],
       [  2.14128244e-01,   1.76438641e-01,   4.46255534e-01,
         -1.14578735e-01,   2.23924519e-01,  -4.63724413e-01,
          4.44719935e-01,  -1.83869854e-01,   1.90931808e-01,
         -3.41389117e-01,   3.03739518e-01,  -3.62220235e-01,
          4.47026809e-01,   1.62302750e-01,   3.49662021e-01,
         -4.46809239e-01,  -3.09764556e-01,  -4.21149335e-01,
         -1.90907926e-02,  -1.96250522e-01,  -2.08891839e-01,
         -6.27724108e-02,  -3.14923397e-01,   1.75313773e-02,
          5.81522703e-02,  -3.69766596e-01,   3.10834592e-01,
         -4.77631756e-01,   4.07577327e-01,   1.43231792e-01,
         -3.25694522e-01,  -2.73199781e-01,   3.93965135e-02,
          3.74348727e-02,   5.65385497e-02,  -4.22624469e-01,
          1.96118219e-01,   4.20763919e-01,   3.18660697e-01,
         -2.37585747e-01,   2.26681344e-01,   2.64734780e-01,
         -3.61896986e-01,  -2.28777649e-01,   3.41985420e-01,
          9.99420980e-02,  -4.31568463e-01,   3.64216109e-01,
         -8.31978368e-02,  -8.03618401e-02],
       [ -2.42087040e-01,   3.12037318e-01,  -4.30622546e-01,
          5.98355183e-01,  -5.44578240e-02,  -3.75687300e-01,
          3.31076613e-01,  -3.06135580e-01,  -3.81386623e-01,
         -4.19005041e-01,   1.83481056e-01,  -6.55974006e-02,
          4.23292157e-01,   4.27372890e-01,   3.18559114e-01,
          3.57493874e-01,  -2.51535034e-01,   3.52134190e-01,
          2.61862235e-01,  -3.67020132e-01,  -3.29283224e-01,
          2.14559220e-01,   3.42626227e-01,   5.54530811e-01,
         -1.51487905e-01,  -8.91745195e-02,   3.55417722e-01,
          4.60829300e-01,  -4.64896777e-01,  -6.28337079e-04,
          5.22501780e-01,   2.73304010e-01,   8.21131318e-03,
          4.16726381e-01,  -4.12326479e-01,   4.44158225e-01,
          1.15726341e-01,   2.17194479e-02,   4.08918946e-01,
         -2.27237283e-01,   3.83261539e-01,   5.00883094e-01,
          1.73369164e-01,  -7.79793303e-02,  -5.40670668e-02,
          3.59885545e-02,  -2.48895432e-01,  -1.51426418e-01,
          1.33324593e-01,   1.80637395e-01]])]Hidden bias: [array([-0.71377288, -0.64343888, -0.73211044, -0.64252106, -0.62372007,
       -0.66574417, -0.8086124 , -0.81743548, -0.57930666, -0.83565889,
       -0.84494931, -0.63460157, -0.95247438, -0.8381808 , -0.81089971,
       -0.74398094, -0.80933113, -0.72891376, -0.7361965 , -0.69972366,
       -0.70185959, -0.46011101, -0.76570587, -0.56849509, -0.7271651 ,
       -0.76349742, -0.69399792, -0.71345571, -0.64473947, -0.67645598,
       -0.42724501, -0.69377533, -0.73641153, -0.71195721, -0.73742367,
       -0.68595071, -0.85368784, -0.84740586, -0.74078584, -0.67396693,
       -0.82752368, -0.77490737, -0.8086317 , -0.75233285, -0.77807508,
       -0.64679433, -0.96238756, -0.77575984, -0.74726679, -0.58556645])]Output weights: [[-0.18038976  0.05586144]
 [ 0.17562417  0.17799312]
 [ 0.39552682  0.20549789]
 [-0.22342526  0.34014876]
 [-0.21862516 -0.01491135]
 [-0.19475173  0.46486159]
 [-0.02924444 -0.14042059]
 [ 0.27732861  0.30982659]
 [ 0.00536058  0.59456581]
 [ 0.02444725  0.18338434]
 [-0.0455937  -0.72237728]
 [-0.40723083  0.11874518]
 [ 0.34507229  0.31073514]
 [ 0.10633355  0.14295149]
 [ 0.08195572 -0.31867934]
 [-0.0633144  -0.23448425]
 [-0.33659421  0.1728932 ]
 [-0.20921019  0.1313469 ]
 [ 0.4539742   0.10730402]
 [ 0.18219827  0.1057656 ]
 [ 0.11606164  0.16846591]
 [-0.14448113 -0.49314208]
 [ 0.44487665 -0.0660197 ]
 [ 0.20630724  0.21476668]
 [ 0.07651165 -0.05266173]
 [ 0.46878072  0.07414198]
 [-0.00906433  0.13204751]
 [-0.10551869  0.17141918]
 [ 0.14869853 -0.04792444]
 [ 0.43264714 -1.15017742]
 [ 0.18478638  0.51772269]
 [-0.03211478  0.22866752]
 [-0.02376529  0.15065225]
 [ 0.12164293  0.13576726]
 [ 0.43103713 -0.28569189]
 [ 0.18928198 -0.09030385]
 [-0.01733738  0.46191965]
 [-0.042873    0.1341298 ]
 [ 0.04070289  0.16357734]
 [-0.42848864 -0.08418962]
 [ 0.09463828  0.05500917]
 [ 0.07255671  0.33931899]
 [ 0.06148565 -0.39610456]
 [ 0.30137627  0.16170526]
 [-0.08719336 -0.2555708 ]
 [-0.28540443  0.08999758]
 [ 0.3530455   0.32128184]
 [ 0.02713715 -0.12981722]
 [ 0.21898028 -0.29946441]
 [-0.34637701  0.08724036]]Output bias: [ 0.90517924  1.05209109]
Value MLP:Hidden weights: [array([[ -8.06358703e+00,  -1.05589850e+01,   3.92529873e+00,
          2.13553319e+00,  -5.70526689e+00,  -1.10116014e+00,
          6.47245419e-01,   4.48468854e+00,  -3.88363675e+00,
         -6.97285256e-01,  -1.04562150e+01,  -1.80317509e+00,
          5.11304656e-01,   1.99499746e+00,   2.60716942e+00,
         -3.58796899e+00,   4.75956524e+00,   3.12567748e+00,
         -6.48177899e-01,  -4.12302532e+00,   1.57482130e+00,
          4.20078900e+00,   1.04599506e+01,  -3.57434161e-01,
         -1.75744628e+00,  -1.34981303e+00,  -1.94477642e+00,
         -1.39922867e+00,  -2.29324147e+00,  -7.30564906e+00,
          4.75097910e+00,  -5.21261943e-01,  -1.79446073e+00,
          7.47551120e-01,  -9.64494466e+00,  -2.53730203e+00,
         -1.89864258e+00,  -1.74129172e+01,   2.71687985e-01,
         -4.51951720e+00,  -7.47352497e-02,  -2.37817685e-01,
         -1.71541495e+00,   3.27598527e+00,  -3.86860985e+00,
         -2.41656560e+00,  -7.21959147e-01,  -2.03781986e+00,
          1.90805526e+00,  -2.31297330e+00],
       [ -1.79589909e+00,   1.48076776e+00,  -4.26689828e-01,
          2.41570552e+00,  -6.35253762e-01,  -3.97154646e+00,
         -3.72995701e+00,   9.54690414e-01,  -2.33833915e+00,
         -2.11649316e+00,  -2.79152408e+00,  -5.20205991e+00,
          5.21044983e+00,  -9.17608258e+00,   6.16225746e+00,
          2.89365692e+00,   9.83732561e-01,   2.96829909e+00,
         -5.64776969e-01,  -3.78080242e+00,   2.86664853e+00,
          2.89653826e+00,   2.30566905e+00,   5.54698027e+00,
         -2.97757976e+00,   5.12367053e+00,  -4.79643807e+00,
          1.87124901e+00,  -2.67646100e+00,   1.46064279e+00,
          2.59797276e+00,  -6.43087612e-01,   1.52708434e+00,
         -2.02496741e+00,  -2.83516512e+00,   4.42684287e-02,
         -1.24992940e+00,   7.72163767e+00,  -2.42553572e-01,
         -2.68907197e-01,  -1.11741190e+00,  -3.74545916e+00,
         -3.72280399e-01,  -4.92253744e-01,  -3.17070345e+00,
         -3.53476272e+00,   4.25175505e-01,   3.19079266e+00,
          3.87577240e+00,  -1.36702310e+00],
       [ -2.11788933e+00,  -1.66238125e+01,   6.28577892e+00,
          4.29004141e+00,  -2.72649700e+00,  -7.63200834e+00,
          1.94551178e+00,   8.81468917e+00,  -1.00173536e+00,
         -3.31776511e+00,  -1.85687845e+01,   6.88570756e+00,
          3.01241061e+00,   3.72695310e+00,   4.63913065e+00,
         -1.80461095e+01,   2.77591453e+00,   5.01724607e+00,
          2.87923488e+00,  -2.89094164e-01,   3.78895545e+00,
          1.18007330e+01,   1.54867413e+01,   2.66612434e+00,
         -1.86101109e+00,  -1.07055241e+00,  -2.98522853e+00,
          7.10146298e+00,  -2.69746362e+00,  -1.07698485e+01,
          1.34440949e+01,   3.84186095e-01,   4.37058164e+00,
         -3.04842949e+00,  -1.43822413e+01,  -2.45422256e+00,
         -3.09377657e+00,  -3.49774068e+01,   6.88419394e-01,
         -1.04987145e+01,   2.44892788e+00,  -1.11963224e+01,
          1.15057028e-01,   1.67753831e+01,  -4.95896946e+00,
         -1.55921163e+00,   5.35725768e+00,   2.21727627e+00,
          2.01965858e+01,  -8.92844060e+00],
       [  2.36595985e+00,   4.12348249e+00,   2.03632076e-01,
          1.18771596e+00,  -1.87085378e+00,  -3.77057853e+00,
          7.84873671e+00,   7.10549207e+00,   4.21268697e+00,
          4.88579448e+00,  -3.55360962e+00,  -8.69312213e-01,
          2.55134394e-01,   3.12489395e-01,   1.63437110e+00,
          1.45875460e+00,  -2.11376754e+00,   1.39283883e+00,
          5.39973661e-01,   7.88572891e+00,  -3.34066669e+00,
         -9.16348039e-01,  -7.75221214e-02,   5.00512128e+00,
          5.22554838e+00,   1.15083696e+00,   2.34999506e+00,
          1.30787082e+01,  -8.09434763e+00,   2.85602955e+00,
         -1.25709154e+01,   1.86239409e+00,  -5.51282909e-02,
         -1.13295467e+00,   1.04443012e-01,   1.29108723e+00,
          4.27865220e+00,   3.57742553e+00,   1.94215713e+00,
         -2.27406408e+00,   3.71965699e+00,  -8.80906174e+00,
          3.58001996e+00,  -9.97934544e+00,  -5.73458539e+00,
          4.18905804e+00,   2.21904745e+00,  -3.69726423e+00,
          1.59260141e+01,   1.71712708e+00],
       [ -1.72852428e+01,   1.98574195e+01,  -1.94326284e+01,
         -1.74975595e+01,  -1.63393922e+01,   6.31098672e+00,
          1.28931122e-01,  -2.90065719e+00,  -1.14926769e+01,
         -5.64789775e+00,  -7.92998500e-01,  -2.42430441e+01,
         -1.08239760e+01,  -4.59812706e+00,  -2.94097393e+00,
          1.33784849e+01,  -1.82529426e+01,  -1.26815041e+01,
         -9.95987750e+00,  -2.18661522e+01,  -3.26818053e+00,
         -2.34004555e+01,  -5.02143706e+01,   5.69503711e+00,
         -1.22821043e+01,  -9.43473973e+00,  -1.01255327e+00,
         -6.74922634e+00,  -1.25872392e+01,   2.11834897e+01,
          1.08809474e+00,   3.55023939e-01,  -2.52201642e+01,
          2.05773187e+00,  -1.71401530e+00,  -6.70975251e+00,
         -1.61378822e+00,   6.70372544e+01,   2.08076291e-01,
          1.64204504e+01,  -1.88974035e+00,   1.56702586e+01,
         -1.80199942e+00,  -3.89645592e+01,  -9.04486060e+00,
         -5.11612260e+00,  -2.45709386e+01,  -7.18072959e+00,
         -4.93701639e+01,  -2.15678909e+00],
       [  1.94308070e+01,   1.08477575e+01,   5.00869856e+00,
          3.91050101e+00,   1.65958502e+00,   8.69556574e+00,
          2.73734922e-01,   1.59601627e+01,   2.28899511e+01,
          1.37879814e+00,   8.28791998e+00,   3.29863139e+01,
          3.54006694e-01,  -7.56630260e+00,  -1.78766956e+01,
          4.27325380e+00,  -1.80445221e+01,  -8.90853484e+00,
          5.37156162e-01,   4.82217708e+01,  -2.03967330e+01,
          6.33953123e+00,  -4.70846984e+01,   1.40160339e+01,
          3.17762779e+01,  -1.30292586e+01,   1.04979666e+01,
         -4.31938955e+00,  -8.59750946e+00,   8.84675740e+00,
          1.01036148e+01,  -3.00025202e-01,   2.23041117e+01,
          8.95391682e+00,   9.16376778e+00,  -1.26533655e+01,
          1.35500474e+01,   3.39183550e+00,  -6.59259302e-01,
         -2.22502745e+00,   5.49336477e+00,   4.90425659e+00,
          1.31675972e-01,   1.62699200e+01,  -5.12843377e+00,
          7.93749213e+00,   4.41904569e+01,  -4.67936650e-01,
         -2.12562798e+01,  -9.80464914e+00],
       [  5.31533536e+00,  -1.54333536e+00,   4.27263351e-01,
         -1.41404885e+00,   4.18129764e+00,  -2.65086457e+00,
         -1.04248583e+00,   3.95320270e+00,  -4.16159454e-01,
         -2.13987898e+00,   2.78486746e+00,   3.79531680e+00,
         -1.23303005e+00,   4.82296799e+00,  -1.48805279e+00,
         -2.78134646e+00,  -5.53504094e-01,  -5.86659214e+00,
          2.31479122e-01,   9.17218552e-02,   5.55457384e+00,
         -6.87602789e-01,   9.14668965e-01,  -1.95150237e+00,
          1.37962062e+00,  -2.70116815e+00,   1.87074608e+00,
         -6.08341784e-01,   6.52538407e+00,   2.95394076e+00,
          5.26491094e+00,  -2.51362050e-01,   5.06784491e+00,
          3.75756420e+00,  -2.68628831e+00,  -7.06061978e+00,
         -5.05996441e+00,   3.95421645e-01,  -7.20209010e-01,
          4.48477940e-01,  -3.12367631e-01,   1.01791833e+00,
         -1.79871102e+00,   2.30417749e+00,   7.91447090e+00,
         -3.49981322e+00,   1.91654787e+00,   3.41906059e+00,
         -2.94150362e-01,   3.35445450e-01],
       [  1.28413201e+00,  -1.51446491e+00,   3.37795505e-01,
         -6.24385020e-01,   3.25641708e+00,   9.08057529e-01,
         -1.95202322e-01,   3.18923281e+00,   3.20511804e-01,
         -3.54505064e+00,   1.59532496e+00,  -2.05558930e-01,
         -4.12256801e-01,   4.71348494e+00,   2.82870867e+00,
          5.23449546e-01,   1.36156273e+00,  -2.63017776e+00,
         -1.71231623e+00,   4.72454166e-01,   6.56896105e+00,
         -5.93450829e+00,   1.04440614e+00,  -1.54598212e+00,
          1.26269870e-01,   5.90554375e-01,  -7.84153336e-01,
         -3.17734400e+00,   3.42300604e+00,  -1.52651382e+00,
         -7.80910447e-01,  -5.00241341e-01,  -8.29323695e-01,
          3.64950914e+00,  -2.23323175e-01,   1.97102551e+00,
          4.60568673e-01,   2.87309196e-01,  -9.10783507e-01,
          3.66523298e+00,   8.38017491e-02,   1.06874419e+01,
         -5.83103231e-01,  -3.49819478e-01,   7.93378056e-01,
          2.40031857e-01,   1.07114095e-01,   2.71662436e+00,
         -8.38196529e-01,   1.37410690e+00]])]Hidden bias: [array([ -3.41361462, -15.97408613,  -7.47158974,  -3.8548218 ,
         6.01835988,  -6.28029213, -13.50910506,   2.08435622,
        -8.02502684, -10.02051896,  -0.25775932,  -7.43588294,
         0.8723429 ,   1.15491578,   6.5794509 ,  -2.32004789,
        -4.19122062,  -2.24377459,  -2.4447231 , -13.2283426 ,
         8.92084121,  -5.93658913, -12.20378067,  -0.07100143,
        -8.63394219,  -1.14004283,  -5.55252434,  -8.0617623 ,
         8.07777659, -13.10047089,   6.05370968,  -4.47006221,
        -2.06304881,  -2.20603586,  -6.98140796,  -4.9748884 ,
        -9.10741315, -24.61873261,  -5.39439241,  -5.39158903,
        -6.7488436 ,   3.80306168,  -6.10405564,   2.97041601,
         6.58230528, -10.58690913,  -4.21540259,   6.67775628,
       -10.31762472,  -1.71468114])]Output weights: [[ -3.13258628]
 [  0.04199777]
 [  1.32426244]
 [  3.85656958]
 [ -5.4013893 ]
 [ -0.03883595]
 [  4.15360045]
 [ -4.75842191]
 [  0.18106077]
 [  3.9449719 ]
 [  3.81743449]
 [ -0.08275414]
 [  2.69878983]
 [ -2.42164831]
 [  4.6041791 ]
 [  3.36171214]
 [ -0.43544901]
 [  2.33100543]
 [  3.23579949]
 [  1.46888335]
 [  6.19386817]
 [  2.98641472]
 [ -1.06550591]
 [  4.73677141]
 [ -1.90086968]
 [  2.51024085]
 [ -1.61760367]
 [  2.79297603]
 [  2.98742226]
 [ -2.72532008]
 [ -0.23756539]
 [ 14.78795041]
 [ -2.30893115]
 [ -2.56689811]
 [ -0.94097119]
 [ -0.94483087]
 [  5.06266784]
 [ -0.06629922]
 [ 12.71535194]
 [ -0.72163823]
 [  1.34826666]
 [  1.32411858]
 [  8.90760223]
 [ -4.52817321]
 [  7.16663336]
 [  2.21386773]
 [ -0.27856715]
 [ -1.37119233]
 [ -0.77903644]
 [  0.41322678]]Output bias: [-14.51569399]