Action MLP:
Initial hidden weights: [array([[  2.28785643e-03,   6.66649158e-03,   6.38275128e-03, ...,
          6.19619259e-03,   9.08093342e-03,  -2.19496866e-03],
       [  5.10322375e-03,  -2.44682554e-03,  -1.34578206e-05, ...,
          4.06989305e-03,   9.49530874e-03,  -5.55064975e-03],
       [ -6.68398468e-03,   6.26988332e-03,   9.30599359e-03, ...,
         -7.66986809e-03,  -5.94987532e-03,   9.65790510e-03],
       ..., 
       [  1.56132971e-03,   1.20965154e-03,   7.88607317e-03, ...,
         -2.86766666e-03,   3.39114345e-03,   4.66165669e-03],
       [ -1.02433801e-04,   7.85551052e-03,   6.19157539e-03, ...,
         -8.87989847e-03,  -8.58345936e-03,  -4.64229081e-03],
       [  7.67681649e-03,  -8.93413264e-03,  -5.36921820e-03, ...,
         -4.48411955e-03,  -4.91333983e-03,   9.45553206e-03]])]
Initial hidden bias: [array([-1., -1., -1., -1., -1., -1., -1., -1., -1., -1., -1., -1., -1.,
       -1., -1., -1., -1., -1., -1., -1.])]
Initial output weights: [[  3.52380634e-05  -3.16779382e-03]
 [ -1.87136319e-03   1.39659837e-03]
 [  5.15178839e-03  -6.42895774e-03]
 [ -3.97127404e-03   5.53052466e-03]
 [  4.47919718e-03   4.76171360e-04]
 [ -9.30955417e-03   5.66174599e-03]
 [ -1.28310923e-03   9.90947058e-03]
 [  3.57844094e-03   7.51465398e-03]
 [ -4.17850361e-03   3.16949083e-03]
 [ -1.10563813e-03   5.70889971e-03]
 [ -9.11331118e-03   2.10487341e-03]
 [  5.88107388e-03  -3.35620994e-03]
 [ -9.70681419e-03  -9.69803155e-03]
 [ -4.96065336e-03  -7.33041253e-03]
 [  5.04114279e-04  -6.23092263e-03]
 [  5.11822359e-03   7.44051361e-03]
 [  2.13430001e-03  -5.85217961e-03]
 [ -5.77651468e-03  -6.05995661e-03]
 [ -8.34744021e-03  -4.49580856e-04]
 [ -1.78108008e-03  -8.98676981e-03]]
Initial output bias: [ 1.  1.]
Value MLP:
Initial hidden weights: [array([[ 0.00943032,  0.00061735,  0.00441265, ...,  0.00486196,
         0.00223661,  0.00919159],
       [ 0.00654065, -0.00191014, -0.00268407, ..., -0.00478058,
        -0.00680178,  0.00209862],
       [-0.00467432,  0.00276983, -0.00235725, ...,  0.00041712,
         0.00196297, -0.00264776],
       ..., 
       [-0.00300212, -0.00735026, -0.00269539, ..., -0.00374142,
        -0.00441164,  0.00301381],
       [ 0.00536367,  0.00110075, -0.00290179, ...,  0.00592691,
        -0.00530848, -0.00201992],
       [-0.00884581, -0.00046033,  0.00578556, ..., -0.00104595,
         0.00027153,  0.00125677]])]
Initial hidden bias: [array([-1., -1., -1., -1., -1., -1., -1., -1., -1., -1., -1., -1., -1.,
       -1., -1., -1., -1., -1., -1., -1.])]
Initial output weights: [[ 0.00602181]
 [ 0.00404477]
 [-0.0019482 ]
 [-0.00123254]
 [-0.00046122]
 [ 0.00841869]
 [-0.00326482]
 [ 0.00950966]
 [ 0.00795674]
 [ 0.00925059]
 [ 0.00688855]
 [ 0.00060403]
 [-0.00209672]
 [-0.0071854 ]
 [-0.00655423]
 [-0.00419187]
 [ 0.00393611]
 [-0.00190334]
 [ 0.00322689]
 [ 0.00500902]]
Initial output bias: [ 1.]
