Action MLP:Hidden weights: [array([[-0.00177969, -0.0005695 ,  0.01453336, ..., -0.00057457,
        -0.00117124, -0.04788276],
       [ 0.00157788, -0.00201447,  0.00728167, ...,  0.00487359,
         0.01919776, -0.02584097],
       [ 0.02101101,  0.0398709 ,  0.03128841, ...,  0.02352637,
         0.0351707 ,  0.07670785],
       ..., 
       [ 0.00166643,  0.00139669,  0.00799163, ..., -0.00268016,
         0.00365175,  0.00483141],
       [-0.00010243,  0.00785551,  0.00619158, ..., -0.0088799 ,
        -0.00858346, -0.00464229],
       [ 0.00767682, -0.00893413, -0.00536922, ..., -0.00448412,
        -0.00491334,  0.00945553]])]Hidden bias: [array([-0.75687702, -0.74724699, -0.77282641, -0.7672878 , -0.73086628,
       -0.74890326, -0.76079095, -0.76520175, -0.74289363, -0.76886349,
       -0.71222556, -0.93885169, -0.71031919, -0.73449691, -0.71923172,
       -0.73686831, -0.75071028, -0.75762064, -0.75484147, -0.73037154])]Output weights: [[ 0.02506902 -0.00347099]
 [ 0.01368892 -0.01538   ]
 [ 0.01681067  0.00314756]
 [ 0.01412873 -0.00231052]
 [ 0.01693066 -0.04735025]
 [ 0.01772    -0.00585952]
 [ 0.02166026 -0.00659469]
 [ 0.01530171 -0.01368459]
 [ 0.01024982 -0.02428918]
 [ 0.02510813 -0.00593246]
 [-0.017382   -0.12843663]
 [ 0.16091807 -0.11875062]
 [ 0.00715764 -0.08933537]
 [ 0.00804022 -0.01606974]
 [ 0.0209247  -0.04406232]
 [ 0.00822174 -0.01726948]
 [-0.11043201 -0.30727607]
 [ 0.02447399 -0.00520827]
 [ 0.02501713 -0.0185535 ]
 [ 0.00195633 -0.24631456]]Output bias: [ 0.25389074 -0.05349342]
Value MLP:Hidden weights: [array([[ -3.82205752e-01,  -2.99972555e-02,  -4.21796101e-02, ...,
          6.58798872e-02,  -1.52650897e-02,  -3.87926402e-02],
       [  2.64026249e-01,  -5.04820229e-03,  -5.27385179e-02, ...,
         -2.12604082e-01,  -8.50267211e-02,  -5.06285609e-02],
       [  4.54429082e-01,   2.74146552e-02,  -4.08738134e-02, ...,
         -1.28338554e+00,  -1.29149571e-01,  -4.46068281e-02],
       ..., 
       [ -3.02886865e-03,  -7.35023830e-03,  -2.69539043e-03, ...,
         -3.74141909e-03,  -4.41163565e-03,   3.01429549e-03],
       [  5.36366950e-03,   1.10075479e-03,  -2.90178525e-03, ...,
          5.92691327e-03,  -5.30848494e-03,  -2.01992182e-03],
       [ -8.84580693e-03,  -4.60327624e-04,   5.78555593e-03, ...,
         -1.04595098e-03,   2.71528690e-04,   1.25676993e-03]])]Hidden bias: [array([  2.12667597,  -2.47296565,   7.91784678,  -3.44809508,
        -7.87231374,   2.22748306,  -4.60303302,  -5.26945082,
         7.17624715,  -5.35944393,  -6.98005888,   8.727599  ,
        -6.93193411,  36.12754374,  -2.87097187,   1.35242024,
       -55.42221146,  -4.15758581,  -6.15090857,  -2.98623867])]Output weights: [[  5.6532645 ]
 [  7.84083735]
 [  1.46471595]
 [  9.61675095]
 [  9.87334506]
 [  0.91952317]
 [  9.78385873]
 [ 10.06082991]
 [  1.38487397]
 [  1.47260063]
 [ 10.0179706 ]
 [  1.62529249]
 [  7.69270951]
 [ 25.79939179]
 [ 10.28430943]
 [  0.46256529]
 [ 24.121549  ]
 [ 10.08107397]
 [  8.16054455]
 [  9.96340227]]Output bias: [-9.6940121]