Action MLP:Hidden weights: [array([[ -1.66231788e-03,   9.01172803e-03,  -3.17441323e-03, ...,
          4.40655363e-03,  -4.77402861e-03,   7.94296333e-03],
       [ -1.26258187e-03,  -7.24846816e-03,   3.11412181e-03, ...,
         -9.94674998e-03,   6.87708493e-03,  -9.41806359e-03],
       [  4.45248231e-03,  -4.52620640e-03,  -8.45349650e-05, ...,
         -1.73058218e-03,  -2.89881564e-03,   2.02604566e-03],
       ..., 
       [ -1.45721904e-03,   2.64932852e-04,  -6.68853227e-03, ...,
         -8.95060939e-03,   3.27463939e-03,  -5.12379009e-03],
       [ -8.91646204e-04,   7.16622420e-03,  -7.71464802e-03, ...,
          3.40040787e-03,   9.53617960e-03,  -9.48480678e-04],
       [  9.20337542e-03,   8.09192501e-03,  -9.70383619e-03, ...,
         -9.20087013e-03,  -7.23329297e-03,  -3.58976809e-03]]), array([[ -6.60030464e-03,  -2.67218534e-03,   7.20589057e-03,
         -8.51098108e-03,   2.78222005e-03,  -9.59386780e-03,
          7.30877243e-03,  -2.27695063e-03,  -5.54382205e-03,
          9.08850750e-03,   8.16387763e-03,   8.58398425e-03,
         -7.16128934e-04,  -2.81419393e-03,   8.05680463e-03,
         -8.67593688e-03,  -5.08723346e-03,   2.59146994e-03,
          6.75611611e-03,   6.34651764e-03],
       [  1.68798661e-03,   7.62443449e-03,   4.09419551e-03,
          7.84537291e-03,   8.71274339e-03,   2.21639600e-03,
         -8.71988012e-04,  -2.66574569e-03,  -3.05904277e-03,
          2.39870168e-03,  -5.07230156e-03,  -6.61956653e-03,
          1.65446636e-03,  -7.01961419e-03,  -2.40023818e-03,
          3.15058646e-04,  -5.85819927e-03,   9.22661982e-03,
         -4.93221119e-03,  -1.61461093e-03],
       [  7.84789660e-03,   7.16139148e-03,  -6.18514505e-03,
          2.36150732e-03,   3.00688138e-03,  -5.85469340e-03,
          9.41844059e-03,   3.29657526e-03,  -1.31715369e-03,
          6.39826419e-03,  -5.50393836e-03,   7.29604496e-03,
         -9.44713632e-03,   2.71596111e-03,   6.39924921e-03,
          6.79953276e-03,  -3.47270240e-03,   1.53262055e-03,
          5.69426643e-03,  -4.19417312e-03],
       [ -1.96002984e-04,   1.00044882e-02,  -2.26512471e-03,
          1.50504463e-03,  -1.38347548e-03,   5.43654671e-03,
          6.70400383e-03,   6.05083405e-03,  -9.12989862e-03,
          8.32589375e-03,  -6.67939895e-03,   9.16701992e-03,
         -4.40274642e-03,   8.34720675e-04,  -2.01025692e-03,
          1.23192064e-03,  -9.52919090e-03,  -5.62562129e-03,
          6.24518721e-03,  -3.62971384e-03],
       [ -6.53330079e-03,   3.62737768e-03,  -9.70113517e-04,
          8.84654343e-03,   4.80387086e-03,  -2.24715932e-03,
         -6.70906409e-03,  -2.17007162e-03,  -4.21069133e-03,
          1.46758843e-03,  -3.41049821e-03,   6.97511644e-03,
         -6.01211046e-03,   7.79071560e-03,   8.54549693e-03,
         -9.99012119e-03,  -4.90586651e-03,  -2.39446113e-03,
         -8.76308155e-03,  -9.55136827e-03],
       [  2.21098995e-03,  -9.71907229e-03,  -7.90802963e-03,
         -1.01186299e-02,  -1.04118510e-03,   5.21479796e-03,
         -4.41806331e-03,   5.34721111e-03,   6.93504910e-03,
          2.49152655e-03,   4.66091648e-03,   8.99923483e-03,
         -8.87756962e-03,  -9.34754827e-03,   3.63335318e-03,
         -9.82443602e-03,  -6.48264157e-03,  -6.22587839e-03,
          2.07829634e-03,  -4.97827449e-04],
       [ -4.79321655e-03,   4.35559682e-03,   1.64875612e-03,
         -4.17249098e-03,  -9.66781941e-04,   6.38293942e-03,
          1.01136451e-02,   7.15035515e-03,   9.95634482e-04,
          6.08300422e-03,  -2.48560793e-03,   3.90415760e-03,
          8.02287220e-03,  -2.89823236e-03,  -9.43544510e-03,
         -5.24399691e-03,  -9.14185701e-04,   5.59010848e-03,
          2.79482984e-03,  -7.53814808e-03],
       [  4.81807072e-03,   7.65344071e-03,   9.71149991e-03,
         -7.44309476e-03,   2.66684123e-03,   6.12011458e-03,
          1.26041009e-03,  -3.22125621e-03,  -7.54894497e-03,
         -6.84397706e-03,  -6.14382619e-03,  -9.59953843e-03,
         -8.04212520e-03,  -8.16651279e-03,  -1.92971727e-03,
          8.46358854e-03,  -3.81190702e-03,   9.66199246e-03,
          1.17668422e-03,   8.88088028e-05],
       [  3.78935068e-03,   1.35258890e-03,  -1.69329155e-03,
         -8.26897837e-03,  -3.07577169e-03,   1.14899191e-05,
         -6.84344228e-05,  -4.17660416e-03,   7.20815300e-03,
         -7.57609465e-03,   1.87805875e-03,   4.02139693e-03,
         -5.98681015e-03,  -9.78126861e-03,  -7.76960894e-03,
         -5.21095519e-05,  -4.51032948e-03,   3.56071117e-03,
          5.24776091e-03,  -4.43004557e-03],
       [  2.98643250e-03,  -6.46796112e-03,   8.10073207e-03,
          4.02972331e-03,  -9.57980245e-03,  -9.23687865e-03,
         -3.72194793e-04,   7.20691292e-03,  -9.89812903e-03,
         -4.67839418e-03,  -9.37020294e-03,   3.20231662e-03,
          3.82472975e-03,   8.12764101e-03,  -3.77602020e-04,
          4.05084359e-03,   3.36581237e-03,  -3.35051993e-03,
         -2.56904279e-03,  -8.94398631e-03],
       [  2.97566960e-03,  -2.52589329e-03,  -8.63071680e-03,
         -4.98912740e-03,  -2.42320056e-03,  -9.59354464e-03,
         -2.76012606e-03,  -6.88831757e-03,  -1.19585429e-03,
         -7.79682047e-03,   5.22228006e-03,   4.00452745e-04,
          6.28674163e-03,  -7.63896270e-03,   7.92200033e-03,
         -2.31615007e-03,   7.55801858e-03,   8.65323062e-03,
          1.19959765e-03,  -7.02142551e-03],
       [  1.83792680e-03,   7.78040354e-05,  -1.98188385e-03,
         -3.33162815e-03,   4.55772664e-03,   7.70173731e-03,
          2.03383920e-03,   3.28490489e-03,   8.85231375e-03,
          8.25666844e-04,  -6.62963036e-03,   2.28336750e-04,
         -6.91889370e-03,  -8.56519676e-03,  -4.00699981e-03,
         -5.92290600e-03,  -1.90279095e-03,  -2.86521479e-03,
         -5.30893447e-03,  -2.06710670e-03],
       [  5.98966340e-03,   4.78864091e-03,   9.01087798e-03,
          1.38572409e-04,  -8.83137202e-03,  -1.51528740e-04,
          9.19582532e-03,  -4.66125809e-03,   1.25695521e-03,
          2.90901763e-03,  -8.32282918e-03,   7.74490420e-03,
          8.80177137e-03,   7.80483103e-04,  -3.61072996e-03,
         -1.55155052e-03,  -3.83181108e-03,   1.65672705e-03,
          8.89535171e-03,   1.83447798e-04],
       [  5.43906115e-03,  -6.58073130e-03,   7.45740243e-03,
          5.48232761e-03,  -7.66888832e-03,   9.87024312e-03,
         -8.59614809e-03,  -4.28240728e-03,  -4.31725934e-04,
         -3.72149438e-03,   9.42179728e-04,  -6.00711338e-04,
          4.53764799e-03,   9.07513573e-03,   6.25032448e-03,
         -3.34830879e-03,  -8.09363997e-03,   3.89644306e-03,
          8.47009624e-03,  -7.61340852e-03],
       [ -2.41754011e-03,   3.47393884e-03,   2.41484111e-03,
          8.14300790e-03,  -1.30163314e-04,  -3.03872814e-03,
          1.10386975e-03,  -8.51913199e-04,  -9.55203557e-03,
          5.81154119e-03,  -8.78547609e-04,   1.83967648e-03,
          4.54091346e-04,  -2.65887988e-03,  -5.14065364e-03,
         -5.30328773e-03,   8.86325639e-03,  -9.30377948e-03,
          4.04228883e-03,  -9.48170376e-03],
       [  2.46575539e-03,  -5.55845428e-04,   5.95439000e-03,
         -9.47315399e-03,   5.47176866e-03,  -2.29962426e-04,
          1.45777758e-03,   2.30841846e-03,   3.80876013e-03,
         -4.64549065e-03,   6.45356519e-03,  -4.58632580e-04,
          2.15098104e-03,  -6.59875088e-03,   7.08588151e-03,
          1.43401762e-03,   5.89735939e-03,   2.26857658e-03,
          3.42284863e-03,   5.27835508e-03],
       [  2.89213848e-03,  -2.83778904e-03,   7.31285294e-03,
         -2.74455111e-03,  -9.30127176e-03,  -9.29539820e-03,
         -3.53904428e-03,   7.11263823e-03,   2.19725135e-03,
          5.29052612e-03,  -1.89773598e-03,   1.12850218e-03,
          1.11900635e-03,  -3.44036846e-03,  -1.75475996e-03,
         -3.32118845e-03,   7.17504991e-03,   8.62608593e-03,
          7.86859146e-03,   8.06344766e-03],
       [  5.25420112e-03,  -2.19533203e-03,  -6.97584786e-03,
         -3.55624686e-03,   5.41123435e-03,  -5.74300923e-03,
         -1.54145878e-03,   2.67119784e-03,   5.21988059e-03,
         -1.71400067e-03,   2.44922363e-03,   2.08696875e-03,
          7.90334223e-03,  -4.74426146e-03,   6.42392731e-03,
         -5.70156080e-03,   2.42027033e-03,  -1.75331176e-03,
          1.04412021e-03,  -9.08407164e-03],
       [ -1.02004572e-02,   2.97668277e-03,   4.16991755e-03,
          5.57221153e-03,   2.38561374e-03,  -5.94584561e-03,
         -2.69320335e-03,  -8.97221180e-03,  -6.10069356e-03,
         -8.08592063e-04,   8.99788070e-03,   5.70451534e-04,
          6.15195406e-03,   1.00027596e-03,   8.98816555e-03,
          6.37525290e-03,   4.13069980e-03,  -4.69094229e-03,
          4.22680415e-03,  -9.82078512e-03],
       [ -1.68537927e-03,   4.90969057e-03,   2.65775551e-03,
          2.52868375e-03,   1.64020457e-03,  -7.87547690e-03,
          3.18171369e-03,   2.02878971e-03,  -2.18814230e-03,
         -3.46163992e-03,   7.06163641e-03,  -8.66662393e-03,
         -8.08262633e-04,  -3.18464783e-03,  -6.42220255e-03,
         -9.54448182e-03,  -6.45190489e-03,   1.26366128e-03,
         -9.36820990e-04,   8.28008027e-03]])]Hidden bias: [array([-0.99998851, -0.99998062, -0.99999548, -0.99996687, -0.99997295,
       -0.99996952, -0.99998727, -0.99997118, -0.99997754, -0.99996385,
       -0.99996869, -0.99997858, -0.99998434, -0.99997339, -0.9999784 ,
       -0.99994362, -0.99999839, -0.99997559, -0.99999863, -0.99997504]), array([-0.99968005, -0.99991335, -1.0002855 , -0.99996237, -1.00055407,
       -1.00036756, -1.00030695, -0.99969427, -0.99984014, -1.00069002,
       -1.00019658, -1.00029534, -1.0003123 , -0.99948656, -0.99983098,
       -0.99987121, -1.00014634, -1.000177  , -1.00014541, -0.99959549])]Output weights: [[ 0.05976321  0.06038822]
 [ 0.0558946   0.07008435]
 [ 0.06414759  0.07293527]
 [ 0.06147683  0.0641277 ]
 [ 0.06427492  0.07734111]
 [ 0.05679043  0.07799715]
 [ 0.06130118  0.07513513]
 [ 0.05092597  0.06768857]
 [ 0.0577325   0.0642119 ]
 [ 0.06845257  0.07733258]
 [ 0.06705761  0.06577231]
 [ 0.05618292  0.08007673]
 [ 0.06242626  0.07303178]
 [ 0.05136249  0.0602047 ]
 [ 0.05320037  0.06955839]
 [ 0.06118725  0.06151721]
 [ 0.06216984  0.06768995]
 [ 0.06458812  0.06920349]
 [ 0.05536812  0.07746311]
 [ 0.05546088  0.05902641]]Output bias: [ 0.92231156  0.90863145]
Value MLP:Hidden weights: [array([[ -1.28404881e-02,  -1.68732186e-03,  -3.07664301e-04, ...,
         -1.18222392e-02,  -9.21210000e-03,  -1.30398593e-01],
       [ -1.05916640e-02,  -1.80766260e-02,  -5.09852741e-03, ...,
         -2.52826571e-03,  -1.83643596e-02,  -2.13683914e-01],
       [ -5.18506686e-03,  -1.63517594e-02,  -1.97210180e-02, ...,
         -3.79457172e-04,  -1.01257022e-02,  -1.81758773e-01],
       ..., 
       [  6.91531071e-03,  -4.69424539e-03,   3.74536668e-03, ...,
         -2.11775983e-03,   9.85333376e-03,   8.64137602e-03],
       [  7.99123059e-03,   6.32549716e-03,  -3.44755750e-03, ...,
         -2.79094987e-04,  -7.71476838e-03,   2.99910235e-05],
       [ -3.95314371e-03,   3.52642024e-03,   4.24516655e-03, ...,
          7.02563843e-03,   7.05963748e-03,   2.21691300e-03]]), array([[-0.28295607,  0.11491581, -0.28804131, -0.2813822 , -0.27554826,
        -0.29038933, -0.29585811, -0.28750466, -0.29296167, -0.29696665,
         0.57077759, -0.29297009, -0.2941072 , -0.28080003, -0.28887795,
        -0.28763139, -0.28986002, -0.29474019, -0.29037589, -0.29033876],
       [-0.31714159,  0.11181566, -0.30040941, -0.31486664, -0.28336197,
        -0.30506939, -0.31011412, -0.30891871, -0.30544263, -0.30599751,
         0.55524901, -0.30614361, -0.2974339 , -0.31104951, -0.3050236 ,
        -0.28938379, -0.29504448, -0.32093511, -0.31026699, -0.31099397],
       [-0.3524844 ,  0.06923228, -0.33808637, -0.34158614, -0.33294753,
        -0.34644065, -0.34547828, -0.34702006, -0.34711398, -0.36227144,
         0.52458988, -0.35385352, -0.34081131, -0.35511718, -0.3630381 ,
        -0.34891829, -0.3358074 , -0.34619077, -0.34690052, -0.3558342 ],
       [-0.25285026,  0.15159169, -0.25913978, -0.2501352 , -0.24019782,
        -0.25261093, -0.26209818, -0.24536649, -0.26170644, -0.2606017 ,
         0.60444651, -0.25268784, -0.25996172, -0.25055011, -0.2659126 ,
        -0.24385527, -0.25715824, -0.25322876, -0.26387159, -0.25345183],
       [-0.3034639 ,  0.10264919, -0.30728044, -0.31665101, -0.28846061,
        -0.31524123, -0.30594874, -0.29855189, -0.3157541 , -0.3107241 ,
         0.55055674, -0.30652676, -0.30533012, -0.30597505, -0.31323478,
        -0.2928752 , -0.3144638 , -0.3180308 , -0.32164068, -0.32095692],
       [-0.34645307,  0.06650452, -0.34448973, -0.34648461, -0.32245896,
        -0.35796133, -0.35181325, -0.34598803, -0.35152549, -0.35460373,
         0.52683173, -0.34977565, -0.34961564, -0.35732725, -0.35661972,
        -0.34585033, -0.34258771, -0.35460212, -0.34493065, -0.35200982],
       [-0.06547404,  0.08629548, -0.05883615, -0.03502166, -0.16989216,
        -0.06225416, -0.05396192, -0.02973161, -0.06467438, -0.05633085,
        -0.07841901, -0.06998513, -0.02535884, -0.00775448, -0.0651572 ,
        -0.03771602, -0.05662191, -0.06241797, -0.06851697, -0.0545569 ],
       [-0.33951229,  0.07911458, -0.33037691, -0.34735521, -0.32418964,
        -0.35218456, -0.34275184, -0.34566894, -0.3362003 , -0.34088558,
         0.52564964, -0.35216972, -0.34237871, -0.33971786, -0.33687032,
        -0.33341446, -0.33347134, -0.33689816, -0.33918161, -0.35064392],
       [ 0.28197882,  0.52848106,  0.25387376,  0.23860911,  0.19176567,
         0.30478374,  0.30318286,  0.23082941,  0.30230624,  0.29629237,
         0.72678234,  0.30176327,  0.24561649,  0.24657822,  0.29233794,
         0.23201717,  0.23982856,  0.30446108,  0.30347209,  0.29702648],
       [-0.3647259 ,  0.06421816, -0.35269974, -0.35078899, -0.33252516,
        -0.35310249, -0.35403922, -0.35994431, -0.35335431, -0.35439879,
         0.50872048, -0.36426503, -0.35581033, -0.34978805, -0.35261247,
        -0.34783369, -0.34897436, -0.36070176, -0.36152557, -0.36585597],
       [-0.32585158,  0.10474309, -0.31410009, -0.30763628, -0.28200853,
        -0.31698776, -0.32129097, -0.30640203, -0.31350246, -0.31969668,
         0.54542061, -0.32973481, -0.31728516, -0.30405353, -0.32051685,
        -0.31064673, -0.30219963, -0.32547845, -0.31585806, -0.30928474],
       [-0.19899233,  0.20794599, -0.19532371, -0.17457176, -0.16669004,
        -0.18725426, -0.19530857, -0.17897623, -0.19702375, -0.18760506,
         0.65399162, -0.18877782, -0.18561065, -0.18331772, -0.18480394,
        -0.17726055, -0.19052335, -0.18546534, -0.19458283, -0.20024882],
       [-0.34909039,  0.06083682, -0.35918252, -0.34864657, -0.3298488 ,
        -0.34921178, -0.36501784, -0.35179499, -0.35906049, -0.35409744,
         0.51062988, -0.35603905, -0.33963581, -0.34161191, -0.35842049,
        -0.34464404, -0.35566153, -0.35364417, -0.36084433, -0.35087042],
       [-0.33070102,  0.09314954, -0.32104508, -0.32224738, -0.30557501,
        -0.32727032, -0.32206318, -0.32634651, -0.33819788, -0.32857367,
         0.54204589, -0.33376075, -0.3166321 , -0.33145458, -0.32981169,
        -0.32540861, -0.32090152, -0.32821627, -0.33902209, -0.33033552],
       [-0.35996049,  0.05173484, -0.3510306 , -0.36427738, -0.32634733,
        -0.36705654, -0.35889551, -0.34761735, -0.36240575, -0.36177084,
         0.50533943, -0.3616895 , -0.35479703, -0.34564901, -0.35315903,
        -0.34046814, -0.36095747, -0.36580676, -0.35189426, -0.36924814],
       [-0.29142818,  0.10573944, -0.29763113, -0.28734277, -0.26568036,
        -0.31314679, -0.31159074, -0.29604568, -0.30999452, -0.30277687,
         0.56670931, -0.29744353, -0.29356747, -0.30229489, -0.30774067,
        -0.28459727, -0.29753784, -0.30414454, -0.29538785, -0.30046799],
       [-0.25563332,  0.15636727, -0.24888797, -0.23712841, -0.2174595 ,
        -0.25855492, -0.24924266, -0.25102764, -0.25718573, -0.24714321,
         0.61789302, -0.23926522, -0.25061457, -0.2421504 , -0.25708925,
        -0.23198956, -0.24821805, -0.24879308, -0.24504767, -0.24191114],
       [-0.364695  ,  0.05184783, -0.35133092, -0.35530331, -0.33975232,
        -0.36274767, -0.36560632, -0.35341114, -0.36222503, -0.36204077,
         0.50500571, -0.37113746, -0.34934269, -0.35860192, -0.36377752,
        -0.35741991, -0.356689  , -0.35830602, -0.3751182 , -0.36572161],
       [-0.3200159 ,  0.09301107, -0.3277206 , -0.31507488, -0.29242405,
        -0.33071154, -0.33425774, -0.31938579, -0.32767282, -0.33330784,
         0.54206332, -0.32933546, -0.32260621, -0.31429443, -0.32780668,
        -0.31782653, -0.32541222, -0.33321517, -0.33203357, -0.32184289],
       [ 0.2557117 ,  0.29556574,  0.2103671 ,  0.20193772,  0.01784748,
         0.26274588,  0.2629492 ,  0.2095065 ,  0.26696351,  0.2685601 ,
         0.12480115,  0.26757019,  0.19394986,  0.19949442,  0.27447368,
         0.13250087,  0.20395519,  0.25915082,  0.26072878,  0.26726401]])]Hidden bias: [array([-1.31112939, -1.31636144, -1.31205839, -1.29082456, -1.31749548,
       -1.34275536, -1.22233663, -1.33103355, -1.78514262, -1.34044305,
       -1.31847486, -1.25098869, -1.35167441, -1.3237853 , -1.32942316,
       -1.33369126, -1.24937847, -1.33796602, -1.3215792 , -1.54039537]), array([-0.82215742, -1.24066577, -0.82929571, -0.81950183, -0.85565748,
       -0.81371131, -0.81805287, -0.82684247, -0.82227   , -0.81300104,
       -1.7155383 , -0.81570732, -0.82875877, -0.82540704, -0.81904416,
       -0.83770802, -0.8283986 , -0.82444193, -0.82711552, -0.8204032 ])]Output weights: [[-10.22458875]
 [ -6.21588039]
 [-10.16346428]
 [-10.15567154]
 [ -9.62864247]
 [-10.29009848]
 [-10.27913978]
 [-10.14051855]
 [-10.24793595]
 [-10.27056663]
 [ -6.29201691]
 [-10.28727583]
 [-10.15094958]
 [-10.02150239]
 [-10.26982864]
 [ -9.98159666]
 [-10.06693132]
 [-10.26058243]
 [-10.2545589 ]
 [-10.26712426]]Output bias: [-5.31793301]