Action MLP:Hidden weights: [array([[ -1.66143396e-03,   9.01185524e-03,  -3.17193117e-03, ...,
          4.40548566e-03,  -4.77389401e-03,   7.94033039e-03],
       [ -1.26209857e-03,  -7.24839933e-03,   3.11585011e-03, ...,
         -9.94773950e-03,   6.87712083e-03,  -9.42010797e-03],
       [  4.45207445e-03,  -4.52609076e-03,  -8.51672400e-05, ...,
         -1.73059706e-03,  -2.89880046e-03,   2.02666799e-03],
       ..., 
       [ -1.45721909e-03,   2.64932898e-04,  -6.68853240e-03, ...,
         -8.95060932e-03,   3.27463942e-03,  -5.12378989e-03],
       [ -8.91646204e-04,   7.16622420e-03,  -7.71464802e-03, ...,
          3.40040787e-03,   9.53617960e-03,  -9.48480678e-04],
       [  9.20337542e-03,   8.09192501e-03,  -9.70383619e-03, ...,
         -9.20087013e-03,  -7.23329297e-03,  -3.58976809e-03]]), array([[ -7.07703030e-03,  -3.18359814e-03,   6.67688214e-03,
         -9.02468954e-03,   2.21360493e-03,  -1.01690178e-02,
          6.76706064e-03,  -2.78082669e-03,  -6.05631623e-03,
          8.52320842e-03,   7.63801879e-03,   8.04059063e-03,
         -1.26180583e-03,  -3.31236000e-03,   7.54905053e-03,
         -9.19126241e-03,  -5.62227320e-03,   2.07237490e-03,
          6.22782150e-03,   5.84291022e-03],
       [  1.21925708e-03,   7.12063038e-03,   3.57395373e-03,
          7.34036916e-03,   8.15342932e-03,   1.64969769e-03,
         -1.40514653e-03,  -3.16261611e-03,  -3.56331881e-03,
          1.84316562e-03,  -5.58864480e-03,  -7.15522462e-03,
          1.11767983e-03,  -7.51041084e-03,  -2.90072702e-03,
         -1.91386956e-04,  -6.38423251e-03,   8.71638184e-03,
         -5.45301300e-03,  -2.11013687e-03],
       [  7.33681931e-03,   6.62083270e-03,  -6.74936566e-03,
          1.81114916e-03,   2.40216256e-03,  -6.46020320e-03,
          8.84375240e-03,   2.76670959e-03,  -1.86328912e-03,
          5.79387203e-03,  -6.07078064e-03,   6.72556992e-03,
         -1.00279922e-02,   2.18823316e-03,   5.86434078e-03,
          6.24614080e-03,  -4.04477718e-03,   9.76837722e-04,
          5.13932365e-03,  -4.73172585e-03],
       [ -6.82043731e-04,   9.48636487e-03,  -2.80289400e-03,
          9.81628424e-04,  -1.96062844e-03,   4.85513996e-03,
          6.15458868e-03,   5.54131251e-03,  -9.65095761e-03,
          7.75088835e-03,  -7.21644246e-03,   8.61833636e-03,
         -4.95697578e-03,   3.29265206e-04,  -2.52399949e-03,
          7.06282044e-04,  -1.00737429e-02,  -6.15423813e-03,
          5.71152497e-03,  -4.14226012e-03],
       [ -7.01911075e-03,   3.10669338e-03,  -1.50917531e-03,
          8.32299738e-03,   4.22450571e-03,  -2.83271659e-03,
         -7.26086113e-03,  -2.68284007e-03,  -4.73277326e-03,
          8.91338638e-04,  -3.94672764e-03,   6.42201686e-03,
         -6.56808656e-03,   7.28355450e-03,   8.02867942e-03,
         -1.05153854e-02,  -5.45113868e-03,  -2.92353801e-03,
         -9.30079313e-03,  -1.00643793e-02],
       [  1.70143568e-03,  -1.02617746e-02,  -8.47261666e-03,
         -1.06678407e-02,  -1.64741140e-03,   4.60517476e-03,
         -4.99456287e-03,   4.81425569e-03,   6.38884621e-03,
          1.88692962e-03,   4.09653407e-03,   8.42421543e-03,
         -9.45935947e-03,  -9.87630456e-03,   3.09559802e-03,
         -1.03760054e-02,  -7.05429996e-03,  -6.78094947e-03,
          1.51925509e-03,  -1.03472835e-03],
       [ -5.23709196e-03,   3.87390675e-03,   1.15425457e-03,
         -4.65099439e-03,  -1.49951240e-03,   5.83958073e-03,
          9.60504380e-03,   6.67373753e-03,   5.16123871e-04,
          5.55573546e-03,  -2.97285207e-03,   3.38963612e-03,
          7.51196874e-03,  -3.36670037e-03,  -9.91499860e-03,
         -5.72308368e-03,  -1.41332502e-03,   5.10639294e-03,
          2.29479833e-03,  -8.00875910e-03],
       [  4.32547074e-03,   7.13277581e-03,   9.16828703e-03,
         -7.97330256e-03,   2.08489398e-03,   5.53738703e-03,
          7.07195557e-04,  -3.73174872e-03,  -8.07511321e-03,
         -7.42555935e-03,  -6.68977270e-03,  -1.01485670e-02,
         -8.60130443e-03,  -8.67521891e-03,  -2.44496796e-03,
          7.93036850e-03,  -4.36281826e-03,   9.12676766e-03,
          6.42466853e-04,  -4.29344589e-04],
       [  3.32143264e-03,   8.48579042e-04,  -2.21333647e-03,
         -8.77330411e-03,  -3.63522992e-03,  -5.56024355e-04,
         -6.01782667e-04,  -4.67389744e-03,   6.70424795e-03,
         -8.13145481e-03,   1.36271221e-03,   3.48480641e-03,
         -6.52354404e-03,  -1.02718822e-02,  -8.27048112e-03,
         -5.57677972e-04,  -5.03591786e-03,   3.05098457e-03,
          4.72617415e-03,  -4.92495253e-03],
       [  2.49817499e-03,  -6.98660209e-03,   7.56089756e-03,
          3.50384464e-03,  -1.01588987e-02,  -9.81852328e-03,
         -9.22953910e-04,   6.69773418e-03,  -1.04208146e-02,
         -5.25624811e-03,  -9.91081667e-03,   2.65384169e-03,
          3.26864367e-03,   7.62164988e-03,  -8.91345752e-04,
          3.52244406e-03,   2.81886590e-03,  -3.88168038e-03,
         -3.10248988e-03,  -9.45820587e-03],
       [  2.45750263e-03,  -3.07590685e-03,  -9.20427788e-03,
         -5.54760039e-03,  -3.03867886e-03,  -1.02108954e-02,
         -3.34501993e-03,  -7.42772102e-03,  -1.75051319e-03,
         -8.41147691e-03,   4.64746068e-03,  -1.81436680e-04,
          5.69598362e-03,  -8.17503535e-03,   7.37746903e-03,
         -2.87732608e-03,   6.97695214e-03,   8.08883324e-03,
          6.33831465e-04,  -7.56679721e-03],
       [  1.31508734e-03,  -4.73815552e-04,  -2.55901022e-03,
         -3.89481206e-03,   3.93928950e-03,   7.08392143e-03,
          1.44660128e-03,   2.74496222e-03,   8.29413428e-03,
          2.06791998e-04,  -7.21060918e-03,  -3.53354949e-04,
         -7.51283172e-03,  -9.10358057e-03,  -4.55241133e-03,
         -6.48940358e-03,  -2.48814731e-03,  -3.43409004e-03,
         -5.87472796e-03,  -2.61647721e-03],
       [  5.48191665e-03,   4.24665099e-03,   8.44780106e-03,
         -4.08767814e-04,  -9.43625802e-03,  -7.60759634e-04,
          8.62039168e-03,  -5.19393076e-03,   7.12167900e-04,
          2.30624891e-03,  -8.88475987e-03,   7.17000780e-03,
          8.22136090e-03,   2.52625907e-04,  -4.14805106e-03,
         -2.10102931e-03,  -4.40170773e-03,   1.10348530e-03,
          8.33648891e-03,  -3.51907292e-04],
       [  4.94454737e-03,  -7.10803267e-03,   6.90974091e-03,
          4.94954356e-03,  -8.25688966e-03,   9.27812489e-03,
         -9.15567635e-03,  -4.80073274e-03,  -9.61997175e-04,
         -4.30744826e-03,   3.95273962e-04,  -1.15944586e-03,
          3.97320050e-03,   8.56111071e-03,   5.72757042e-03,
         -3.88330318e-03,  -8.64812056e-03,   3.35815700e-03,
          7.92678719e-03,  -8.13479484e-03],
       [ -2.90562529e-03,   2.95298732e-03,   1.87391065e-03,
          7.61702786e-03,  -7.11121825e-04,  -3.62403351e-03,
          5.51044392e-04,  -1.36406799e-03,  -1.00756527e-02,
          5.23273017e-03,  -1.41835840e-03,   1.28730052e-03,
         -1.03483869e-04,  -3.16649511e-03,  -5.65718694e-03,
         -5.83135343e-03,   8.31572038e-03,  -9.83529751e-03,
          3.50523465e-03,  -9.99640634e-03],
       [  2.01122187e-03,  -1.04508638e-03,   5.45009434e-03,
         -9.96267119e-03,   4.92960841e-03,  -7.80142558e-04,
          9.40625138e-04,   1.82541380e-03,   3.31952072e-03,
         -5.18350021e-03,   5.95366157e-03,  -9.78903358e-04,
          1.63054283e-03,  -7.07559448e-03,   6.59958465e-03,
          9.43193382e-04,   5.38751238e-03,   1.77414484e-03,
          2.91692087e-03,   4.79748608e-03],
       [  2.37230937e-03,  -3.38903154e-03,   6.73766897e-03,
         -3.30478482e-03,  -9.91836941e-03,  -9.91394103e-03,
         -4.12538040e-03,   6.57222399e-03,   1.64104395e-03,
          4.67403206e-03,  -2.47460597e-03,   5.45598319e-04,
          5.26659462e-04,  -3.97772659e-03,  -2.30038026e-03,
         -3.88422555e-03,   6.59223951e-03,   8.05993647e-03,
          7.30181371e-03,   7.51647969e-03],
       [  4.74786407e-03,  -2.73471820e-03,  -7.53686702e-03,
         -4.10197500e-03,   4.80883201e-03,  -6.34890865e-03,
         -2.11436357e-03,   2.14143173e-03,   4.67708153e-03,
         -2.31471508e-03,   1.88850077e-03,   1.51543282e-03,
          7.32520886e-03,  -5.26980810e-03,   5.88942045e-03,
         -6.24961428e-03,   1.85223856e-03,  -2.30484673e-03,
          4.88459939e-04,  -9.61762946e-03],
       [ -1.06754401e-02,   2.46481750e-03,   3.64197349e-03,
          5.06027792e-03,   1.81759992e-03,  -6.52225129e-03,
         -3.23476577e-03,  -9.47735817e-03,  -6.61230699e-03,
         -1.37232673e-03,   8.47488846e-03,   2.53932390e-05,
          5.60702446e-03,   5.02031355e-04,   8.47942097e-03,
          5.86209834e-03,   3.59715831e-03,  -5.20835598e-03,
          3.69699044e-03,  -1.03232494e-02],
       [ -2.16248566e-03,   4.39861584e-03,   2.12877576e-03,
          2.01469057e-03,   1.07185765e-03,  -8.44988488e-03,
          2.64030811e-03,   1.52541200e-03,  -2.70070425e-03,
         -4.02690700e-03,   6.53526478e-03,  -9.20918846e-03,
         -1.35380124e-03,  -3.68272401e-03,  -6.92949169e-03,
         -1.00602317e-02,  -6.98707542e-03,   7.44379654e-04,
         -1.46438754e-03,   7.77624956e-03]])]Hidden bias: [array([-0.99998288, -0.99997773, -0.99998558, -0.99996258, -0.9999798 ,
       -0.99997668, -0.99997933, -0.99997355, -0.99998682, -0.99996933,
       -0.99997346, -0.99998163, -0.99997525, -0.99996962, -0.9999807 ,
       -0.99993144, -0.99999235, -0.99997501, -0.99999561, -0.99998012]), array([-0.99903895, -0.99922906, -0.99957531, -0.99927165, -0.99979145,
       -0.999599  , -0.99958109, -0.99902134, -0.9991524 , -0.99993038,
       -0.99948792, -0.99956995, -0.99958025, -0.99881953, -0.99915241,
       -0.99917774, -0.99942742, -0.99947916, -0.99944006, -0.99891932])]Output weights: [[ 0.05569355  0.04990768]
 [ 0.05184817  0.0595663 ]
 [ 0.0600827   0.06238057]
 [ 0.05748244  0.05378826]
 [ 0.06026166  0.06693611]
 [ 0.05281113  0.06769258]
 [ 0.05725229  0.06463172]
 [ 0.04689485  0.05724966]
 [ 0.05374573  0.05390097]
 [ 0.06440819  0.06686871]
 [ 0.06306686  0.05540259]
 [ 0.0521001   0.069477  ]
 [ 0.0584183   0.06260944]
 [ 0.04742433  0.05000505]
 [ 0.04914874  0.05906048]
 [ 0.0572272   0.05130608]
 [ 0.05817977  0.05738908]
 [ 0.06053029  0.05869551]
 [ 0.05127868  0.06684152]
 [ 0.05153353  0.04888086]]Output bias: [ 0.92751062  0.92229972]
Value MLP:Hidden weights: [array([[ -5.99835169e-03,   5.20685959e-03,   9.57940602e-03, ...,
         -4.53926594e-03,  -2.05942772e-03,  -1.36012235e-01],
       [ -6.62707727e-03,  -1.41412774e-02,   7.49769414e-05, ...,
          1.96346308e-03,  -1.43572148e-02,  -2.14285095e-01],
       [ -6.63199051e-03,  -1.78951146e-02,  -2.23968899e-02, ...,
         -1.31999139e-03,  -1.17480275e-02,  -1.76642090e-01],
       ..., 
       [  7.04572871e-03,  -4.56307654e-03,   3.91332781e-03, ...,
         -1.96647087e-03,   9.99485356e-03,   8.62454293e-03],
       [  7.99045233e-03,   6.32454186e-03,  -3.44928251e-03, ...,
         -2.80195655e-04,  -7.71570501e-03,   3.07390264e-05],
       [ -3.95430945e-03,   3.52496328e-03,   4.24248675e-03, ...,
          7.02393818e-03,   7.05821680e-03,   2.21814166e-03]]), array([[ -2.94960684e-01,   8.62247222e-02,  -3.00086039e-01,
         -2.86631495e-01,  -2.94218398e-01,  -3.02168797e-01,
         -3.07832335e-01,   8.10641857e-02,  -3.04861963e-01,
         -3.08845449e-01,   5.70777587e-01,  -3.04918198e-01,
          9.51514138e-02,   1.14178508e-01,  -3.00836139e-01,
          1.35161843e-01,  -3.01137813e-01,  -3.06662052e-01,
         -3.02410376e-01,  -3.02299330e-01],
       [ -3.29246279e-01,   8.30266751e-02,  -3.12548902e-01,
         -3.20588241e-01,  -3.02133397e-01,  -3.16947641e-01,
         -3.22178860e-01,   5.92720335e-02,  -3.17442857e-01,
         -3.17969824e-01,   5.55249012e-01,  -3.18192324e-01,
          9.13649913e-02,   8.41493529e-02,  -3.17081674e-01,
          1.32745915e-01,  -3.06417250e-01,  -3.32955446e-01,
         -3.22402473e-01,  -3.23045462e-01],
       [ -3.64901752e-01,   4.01751236e-02,  -3.50505803e-01,
         -3.49350674e-01,  -3.52063827e-01,  -3.58620473e-01,
         -3.57782498e-01,   1.94630191e-02,  -3.59425254e-01,
         -3.74503899e-01,   5.24589881e-01,  -3.66226675e-01,
          4.63726350e-02,   3.91298820e-02,  -3.75406646e-01,
          6.94903541e-02,  -3.47467623e-01,  -3.58510169e-01,
         -3.59357871e-01,  -3.68130828e-01],
       [ -2.63958758e-01,   1.23374990e-01,  -2.70290066e-01,
         -2.52811751e-01,  -2.58058662e-01,  -2.63497303e-01,
         -2.73174823e-01,   1.25771769e-01,  -2.72711703e-01,
         -2.71581360e-01,   6.04446508e-01,  -2.63759260e-01,
          1.31112794e-01,   1.45582501e-01,  -2.76973930e-01,
          1.81149784e-01,  -2.67576685e-01,  -2.64250895e-01,
         -2.75015733e-01,  -2.64515403e-01],
       [ -3.15684371e-01,   7.38143582e-02,  -3.19533298e-01,
         -3.22648442e-01,  -3.07345414e-01,  -3.27232646e-01,
         -3.18119285e-01,   6.92011033e-02,  -3.27869490e-01,
         -3.22804660e-01,   5.50556737e-01,  -3.18691105e-01,
          8.33342867e-02,   8.91406833e-02,  -3.25408295e-01,
          1.28747479e-01,  -3.25944323e-01,  -3.30165340e-01,
         -3.33892703e-01,  -3.33115772e-01],
       [ -3.58782865e-01,   3.75392024e-02,  -3.56863391e-01,
         -3.52870696e-01,  -3.41418954e-01,  -3.70068570e-01,
         -3.64131456e-01,   2.22495480e-02,  -3.63751540e-01,
         -3.66822617e-01,   5.26831732e-01,  -3.62038026e-01,
          3.86383149e-02,   3.84651783e-02,  -3.68904080e-01,
          7.69397408e-02,  -3.54182542e-01,  -3.66853931e-01,
         -3.57285875e-01,  -3.64311467e-01],
       [  7.23972258e-02,   1.32520599e-01,   7.84430189e-02,
          1.17784501e+00,  -5.84050847e-02,   7.58479482e-02,
          8.14202292e-02,   1.91593527e+00,   7.33129356e-02,
          8.05483413e-02,  -7.84190030e-02,   6.61924887e-02,
          6.25845566e-01,   3.13437940e-01,   7.29210878e-02,
          2.35661922e+00,   7.97409646e-02,   7.58694045e-02,
          6.86789672e-02,   8.13687904e-02],
       [ -3.51891038e-01,   5.01228801e-02,  -3.42786495e-01,
         -3.54091122e-01,  -3.43214115e-01,  -3.64335788e-01,
         -3.55086341e-01,   2.18887119e-02,  -3.48474480e-01,
         -3.53129688e-01,   5.25649639e-01,  -3.64487790e-01,
          4.55822288e-02,   5.56344230e-02,  -3.49202620e-01,
          8.85027863e-02,  -3.45106497e-01,  -3.49192756e-01,
         -3.51590232e-01,  -3.62964931e-01],
       [  2.69303697e-01,   4.98933758e-01,   2.41131255e-01,
          2.28541358e-01,   1.72538693e-01,   2.92318936e-01,
          2.90442436e-01,   5.98051095e-01,   2.89733381e-01,
          2.83668133e-01,   7.26782339e-01,   2.89187981e-01,
          6.31569999e-01,   6.47045360e-01,   2.79705167e-01,
          6.55178238e-01,   2.27891861e-01,   2.91846726e-01,
          2.90787778e-01,   2.84312676e-01],
       [ -3.77120374e-01,   3.52403801e-02,  -3.65133224e-01,
         -3.57310596e-01,  -3.51555429e-01,  -3.65272904e-01,
         -3.66412103e-01,   8.15528516e-03,  -3.65644974e-01,
         -3.66675050e-01,   5.08720479e-01,  -3.76594039e-01,
          3.22945935e-02,   4.60659783e-02,  -3.64961291e-01,
          7.47682030e-02,  -3.60629905e-01,  -3.73016412e-01,
         -3.73947039e-01,  -3.78213049e-01],
       [ -3.38034623e-01,   7.59145097e-02,  -3.26314853e-01,
         -3.13759582e-01,  -3.00852462e-01,  -3.28941527e-01,
         -3.33421636e-01,   6.14560907e-02,  -3.25580278e-01,
         -3.31738299e-01,   5.45420613e-01,  -3.41861582e-01,
          7.12414827e-02,   9.13398121e-02,  -3.32652922e-01,
          1.11276868e-01,  -3.13641791e-01,  -3.37575318e-01,
         -3.28072600e-01,  -3.21404044e-01],
       [ -2.07862741e-01,   1.81108067e-01,  -2.04240452e-01,
         -1.70102185e-01,  -1.82483916e-01,  -1.95904980e-01,
         -2.04123198e-01,   1.97077650e-01,  -2.05791660e-01,
         -1.96324119e-01,   6.53991620e-01,  -1.97659842e-01,
          2.11160656e-01,   2.12836426e-01,  -1.93624705e-01,
          2.53110153e-01,  -1.98784924e-01,  -1.94237878e-01,
         -2.03503847e-01,  -2.09056712e-01],
       [ -3.61530329e-01,   3.18578267e-02,  -3.71670373e-01,
         -3.54859359e-01,  -3.48896397e-01,  -3.61430349e-01,
         -3.77457346e-01,   1.68557857e-02,  -3.71397094e-01,
         -3.66434669e-01,   5.10629884e-01,  -3.68406882e-01,
          4.86802361e-02,   5.41665927e-02,  -3.70815667e-01,
          7.93047717e-02,  -3.67362913e-01,  -3.66008990e-01,
         -3.73307793e-01,  -3.63292505e-01],
       [ -3.42895399e-01,   6.43006496e-02,  -3.33272675e-01,
         -3.28435932e-01,  -3.24429272e-01,  -3.39236793e-01,
         -3.34212415e-01,   4.17314550e-02,  -3.50287380e-01,
         -3.40632163e-01,   5.42045892e-01,  -3.45896881e-01,
          7.18408600e-02,   6.41475490e-02,  -3.41959365e-01,
          9.65668509e-02,  -3.32356359e-01,  -3.40325882e-01,
         -3.51246904e-01,  -3.42472207e-01],
       [ -3.72378508e-01,   2.26988213e-02,  -3.63471560e-01,
         -3.71139380e-01,  -3.45438892e-01,  -3.79241289e-01,
         -3.71242312e-01,   2.02379689e-02,  -3.74717770e-01,
         -3.74033794e-01,   5.05339434e-01,  -3.74051275e-01,
          3.27885295e-02,   4.93092423e-02,  -3.65529402e-01,
          8.06273064e-02,  -3.72620563e-01,  -3.78135176e-01,
         -3.64345431e-01,  -3.81584933e-01],
       [ -3.03319800e-01,   7.70747065e-02,  -3.09580529e-01,
         -2.92112947e-01,  -2.84208370e-01,  -3.24821074e-01,
         -3.23497633e-01,   7.33893057e-02,  -3.21783290e-01,
         -3.14576335e-01,   5.66709307e-01,  -3.09269521e-01,
          9.63851917e-02,   9.37315723e-02,  -3.19587469e-01,
          1.40285242e-01,  -3.08717026e-01,  -3.15962347e-01,
         -3.07303094e-01,  -3.12356777e-01],
       [ -2.67155643e-01,   1.27764692e-01,  -2.60375405e-01,
         -2.45883869e-01,  -2.35802268e-01,  -2.69824009e-01,
         -2.60536689e-01,   1.14422524e-01,  -2.68598376e-01,
         -2.58395087e-01,   6.17893017e-01,  -2.50783566e-01,
          1.36361074e-01,   1.49023778e-01,  -2.68557824e-01,
          1.82123096e-01,  -2.58991601e-01,  -2.60192236e-01,
         -2.56628807e-01,  -2.53210452e-01],
       [ -3.77168657e-01,   2.27905276e-02,  -3.63843130e-01,
         -3.62053175e-01,  -3.58862483e-01,  -3.74995087e-01,
         -3.78052858e-01,   1.45013909e-02,  -3.74594058e-01,
         -3.74391979e-01,   5.05005709e-01,  -3.83544066e-01,
          3.85590480e-02,   3.67984323e-02,  -3.76205157e-01,
          6.48672678e-02,  -3.68416427e-01,  -3.70698940e-01,
         -3.87618661e-01,  -3.78153365e-01],
       [ -3.32291283e-01,   6.41156321e-02,  -3.40031522e-01,
         -3.21522910e-01,  -3.11339995e-01,  -3.42759982e-01,
         -3.46494254e-01,   4.82569559e-02,  -3.39843467e-01,
         -3.45452213e-01,   5.42063321e-01,  -3.41549858e-01,
          6.57119377e-02,   8.13136668e-02,  -3.40035691e-01,
          1.03619870e-01,  -3.36947616e-01,  -3.45407369e-01,
         -3.44338012e-01,  -3.34066276e-01],
       [  2.44659191e-01,   2.67235723e-01,   1.99246129e-01,
          1.97006486e-01,   8.66711924e-05,   2.51898665e-01,
          2.51827954e-01,   5.81274039e-01,   2.56010250e-01,
          2.57560437e-01,   1.24801148e-01,   2.56585016e-01,
          5.84324524e-01,   6.01140073e-01,   2.63463680e-01,
          5.57813178e-01,   1.93589821e-01,   2.48164088e-01,
          2.49656095e-01,   2.56168831e-01]])]Hidden bias: [array([-1.31233321, -1.31698016, -1.30640331, -1.29765144, -1.31679994,
       -1.34312336, -2.20271689, -1.32972418, -1.78400034, -1.34017718,
       -1.31845066, -1.26040723, -1.35212427, -1.32410663, -1.32714161,
       -1.33803353, -1.24470047, -1.33633061, -1.3209686 , -1.51554697]), array([-0.80938719, -1.2110511 , -0.81645726, -0.80921144, -0.83634385,
       -0.80115209, -0.80521715, -1.19391766, -0.80960255, -0.80028131,
       -1.7155383 , -0.80303989, -1.21447262, -1.22584469, -0.80631637,
       -1.26115855, -0.81637122, -0.81173209, -0.81433723, -0.80759407])]Output weights: [[-10.77779218]
 [ -5.60772518]
 [-10.7166165 ]
 [ -7.99775102]
 [-10.18140731]
 [-10.84331735]
 [-10.83225648]
 [ -7.32204345]
 [-10.80114978]
 [-10.82371874]
 [ -5.73794844]
 [-10.8405168 ]
 [ -4.89873081]
 [ -4.85961449]
 [-10.82303795]
 [ -7.1602157 ]
 [-10.62017089]
 [-10.81377905]
 [-10.80777809]
 [-10.82024908]]Output bias: [-5.87200149]