Action MLP:
Initial hidden weights: [array([[ -7.36035345e-03,   7.96011368e-03,  -5.56228526e-05,
         -8.66771191e-04,   6.52288980e-03,   7.40611175e-03,
          9.02746666e-03,   4.50267247e-03,  -8.86929041e-03,
          7.18861477e-03,   5.00885655e-05,   9.51632841e-03,
         -7.85129301e-03,   6.63050087e-03,   1.87867901e-03,
         -4.89687277e-03,  -6.01232560e-04,   8.00558943e-03,
          4.16558527e-03,   1.32574581e-03,   2.42624685e-03,
         -2.97540963e-03,   2.88518379e-03,   9.08240811e-03,
          2.94960143e-03,   1.70843057e-03,  -7.88334339e-03,
          3.75940848e-04,   8.00861105e-03,  -4.71913267e-03,
          1.81113107e-03,  -6.39458209e-03,   5.13022803e-03,
          1.66700355e-03,  -6.06633046e-03,   2.56923606e-03,
          6.98314079e-03,   3.45633051e-03,   7.93785335e-03,
         -9.59847552e-03,  -9.85492935e-03,  -6.28076379e-03,
         -5.76614617e-03,  -3.51230344e-03,  -5.99849725e-03,
         -7.17575915e-03,   7.14634980e-03,  -9.95518237e-03,
          6.61298779e-03,  -5.94505628e-03,  -3.55592425e-03,
          5.19531314e-03,   3.60917139e-04,  -3.59095285e-03,
          1.44353122e-03,   5.58819060e-03,  -1.14118317e-04,
          8.28869980e-04,   1.33226128e-03,  -5.40166862e-03,
          9.52202223e-03,   5.36457543e-03,   9.05943793e-03,
          2.56689968e-03,  -9.27388279e-03,   3.70828946e-03,
          7.89320247e-03,  -5.95042726e-03,   5.28370183e-05,
         -3.92489428e-03,   7.77027837e-04,  -3.71235809e-03,
         -6.73108867e-03,  -2.30781951e-03,  -1.66656514e-03,
          3.13757973e-03,   3.49541594e-03,  -1.10639310e-03,
          8.92497590e-03,   3.92430126e-03,   3.77099436e-03,
         -2.48036764e-03,  -8.33319129e-03,   2.10559975e-03,
          3.98819313e-03,   7.32721443e-03,  -8.49265137e-03,
          6.87293436e-03,  -6.58327042e-03,   7.40576778e-03,
         -7.28797943e-03,   1.15070536e-03,  -7.24543051e-03,
          8.62656644e-03,   8.06049453e-03,  -8.51742437e-03,
          8.47463894e-04,   4.77130810e-03,  -3.36983087e-03,
         -1.38777283e-03],
       [ -4.00574921e-03,   5.43878691e-03,  -5.16518663e-03,
         -1.90492531e-04,   3.06609293e-03,  -6.69720831e-03,
         -2.09646398e-03,   1.89231026e-03,   1.07642269e-03,
         -7.85259531e-03,   4.54586866e-03,  -1.31067347e-04,
          7.96671562e-03,   9.72298502e-03,  -3.16953604e-03,
         -4.53008771e-03,  -6.63901776e-03,   4.55083588e-03,
          2.52418359e-03,   5.35112701e-04,  -8.16339151e-03,
         -6.34805054e-04,  -3.02283874e-03,   4.34869335e-03,
          3.40008460e-04,  -9.92586222e-03,   3.67478846e-03,
         -9.50689477e-03,   9.27400376e-03,  -1.04823511e-03,
         -6.81893169e-03,   6.96910963e-03,   5.78300636e-04,
          4.39490422e-03,  -8.80568090e-03,  -6.81724282e-03,
         -1.13923109e-03,  -4.75076086e-04,  -8.43613528e-04,
         -5.62079537e-03,   2.71050200e-03,   8.09933758e-03,
         -3.41811351e-03,   1.04654850e-03,   2.77714297e-05,
         -9.36991820e-03,   3.70858105e-03,   6.46886066e-03,
         -2.59216009e-04,   9.47702661e-03,  -1.70916438e-03,
         -8.38364878e-03,   8.09213072e-03,  -4.32027281e-03,
          5.01131971e-03,   4.83667178e-03,   9.84462986e-03,
          5.85723450e-03,   6.00829853e-03,  -3.49826969e-03,
          6.77912773e-03,  -8.48539322e-03,  -8.25215308e-03,
         -9.87703080e-03,  -6.20519428e-03,   9.85952747e-03,
         -9.39279381e-03,  -1.98221970e-03,   7.25222701e-03,
         -1.89822718e-03,   4.09557626e-03,   8.61272283e-03,
         -7.32635712e-03,   2.68222274e-03,   2.89783498e-03,
          2.15092549e-03,   2.31068620e-03,   1.27897430e-03,
          9.41438497e-03,   2.91467148e-03,   8.04261061e-03,
          1.09708858e-03,  -7.85716248e-03,   7.87793562e-03,
          3.30831974e-03,  -9.61833865e-03,  -8.90767769e-03,
         -6.66585345e-03,   7.43814991e-03,  -9.89037547e-03,
          6.46957178e-03,  -3.28960943e-03,   6.86661003e-04,
          1.17457976e-03,   9.32571875e-05,   8.10587468e-03,
         -3.60050575e-03,   7.94326468e-03,   9.83873009e-03,
          5.43919457e-03],
       [  2.58000647e-03,  -5.69897655e-03,   7.77469051e-03,
          9.41567947e-03,   8.05677669e-03,   9.55011039e-03,
          2.36937591e-03,   4.29089378e-03,   5.46676482e-03,
         -4.32979503e-03,   2.35165811e-03,   2.38875570e-03,
          1.05856399e-03,   3.94154158e-03,   3.34355233e-03,
          8.74121491e-03,   7.27184854e-03,   6.26776545e-04,
         -3.28655093e-03,   1.83903119e-03,   1.05257487e-03,
          6.46734998e-03,  -3.89931673e-03,   2.76541341e-03,
         -1.23931858e-03,  -7.78782883e-03,  -6.69961977e-04,
         -4.68069958e-03,   5.57334885e-03,   2.91807809e-03,
          8.25197698e-03,  -3.17156802e-04,   8.47339364e-03,
          8.04139543e-03,   8.16216324e-03,   8.83035130e-03,
          7.79384667e-03,  -2.63970180e-03,   6.82213181e-03,
          9.82681362e-03,   8.70282675e-03,   9.71344791e-03,
         -5.48452026e-03,   5.24534837e-03,  -7.51277186e-03,
         -3.80846510e-03,  -5.77023313e-03,   7.93695087e-03,
         -5.10885592e-03,   1.28324351e-03,   1.96878245e-03,
          2.07597826e-03,  -5.05176664e-03,  -8.94888527e-03,
          1.34418629e-03,  -9.40429791e-03,  -9.95992189e-03,
         -7.00596109e-03,  -2.02797216e-03,   3.36715965e-03,
         -2.72222961e-03,  -6.09645541e-03,   7.04608251e-03,
         -3.44547589e-03,  -3.26900980e-04,   6.38924786e-03,
          2.93146382e-03,   4.68611776e-03,   2.59506023e-03,
         -1.26225930e-03,   8.77909236e-03,  -7.56652226e-03,
         -1.48398019e-03,   5.50481225e-03,   3.91144823e-03,
         -3.02055716e-03,  -3.97526066e-03,  -7.19650711e-03,
          2.61715152e-03,  -4.57085244e-03,  -7.38542193e-03,
         -8.22772374e-03,  -5.45648767e-03,  -3.33926279e-03,
         -3.56522124e-03,   9.76047476e-03,  -6.12274084e-03,
         -6.56313429e-03,   9.35953188e-03,  -6.28891450e-04,
         -7.72945032e-04,  -2.57383254e-04,  -9.75764033e-03,
          2.92423039e-03,   2.47430536e-03,  -3.63283356e-03,
          5.60104376e-03,   6.52514712e-03,  -6.48454389e-03,
          3.23334962e-03],
       [ -3.96591084e-03,   7.16262674e-03,   5.79423166e-04,
          2.51846176e-03,   2.49405041e-03,   5.36754327e-03,
         -8.45856328e-03,  -7.38337669e-03,   4.03039258e-03,
         -7.18265448e-03,  -7.71818135e-04,  -9.94430833e-03,
         -9.35401613e-03,  -2.34155722e-03,   3.88732685e-03,
          2.17309044e-03,   7.21589430e-03,  -4.31705408e-03,
          1.10269231e-03,   6.45300321e-03,   2.92490957e-03,
          6.97528919e-04,   8.13847236e-03,   4.15091145e-03,
         -9.24885766e-03,  -2.86828797e-03,   8.43248796e-03,
          6.64483852e-03,   3.05245487e-03,  -3.23057265e-04,
         -7.91371559e-03,   8.15225440e-03,   7.32274636e-03,
         -6.59065692e-03,   5.65030112e-04,   8.61430353e-03,
          6.77564017e-03,  -2.97872311e-04,   4.30534888e-03,
         -1.88735865e-03,   4.90202893e-03,  -1.96116323e-03,
          9.77905705e-03,  -3.02223766e-03,   2.39840632e-03,
          9.48367621e-03,   3.72132099e-03,  -1.87837279e-04,
         -3.83608941e-03,  -5.02160685e-03,   6.49598987e-03,
          9.43803111e-03,  -1.70826291e-03,   8.64849122e-03,
         -7.26459982e-03,  -8.81220043e-03,   2.34909191e-03,
          7.64058037e-03,   6.06895225e-03,   3.94895156e-03,
          3.99908616e-03,  -1.85911416e-03,  -8.92122771e-03,
         -4.97125337e-03,  -8.29819912e-03,  -3.86226444e-04,
         -5.92456180e-03,  -7.37328570e-03,  -5.66419988e-04,
          5.67749546e-03,   1.62750558e-03,  -5.41168694e-03,
         -7.55984093e-03,   7.37721478e-03,   9.77529380e-03,
         -1.76009644e-03,  -1.95557086e-03,  -9.13460486e-04,
         -5.16857211e-03,   8.04891914e-03,   5.55071980e-04,
         -3.53143081e-03,  -2.61783361e-03,   6.51087373e-03,
          8.35050934e-03,   6.12811430e-03,   3.62154708e-03,
         -7.18187969e-03,   6.39760270e-03,   5.66803199e-03,
         -9.23899988e-04,   2.93836067e-03,  -6.97410727e-03,
          1.27403985e-03,  -6.89098083e-03,   8.96512858e-03,
         -7.02588957e-03,  -5.30798387e-03,  -7.32756061e-03,
          7.04631339e-03],
       [  9.31350944e-03,  -5.56413605e-03,  -9.99262779e-03,
         -5.58812374e-03,   9.55263694e-03,   2.11131540e-03,
         -8.25436011e-03,   7.59082910e-03,   6.87519371e-03,
          4.61138680e-03,  -9.40698010e-03,  -8.43605418e-03,
         -9.03518031e-03,  -7.52196456e-03,  -4.86054287e-03,
          7.50268904e-04,   9.73188520e-03,   6.14594404e-03,
          2.63886488e-03,   8.59812439e-03,  -2.10594696e-03,
          3.98281399e-03,  -9.14159422e-03,  -3.05532622e-03,
          8.55010699e-03,   1.83873628e-03,   7.14473546e-03,
          1.88602561e-03,  -5.13726748e-03,   1.13169961e-03,
          1.01043685e-03,   6.87770659e-03,  -4.86015665e-03,
          2.28953862e-03,   7.25136999e-03,   5.34087479e-04,
          3.76098157e-03,   6.35563509e-03,   4.24182798e-03,
          1.93833684e-03,  -6.26604391e-03,   3.12244236e-03,
          1.11246781e-03,  -5.94170214e-03,  -7.20953457e-03,
         -5.77895778e-03,  -5.73952625e-03,   2.01209475e-03,
         -3.71504604e-03,   5.60248304e-03,   7.17947097e-03,
         -8.98149750e-03,  -3.69969552e-03,  -3.13507499e-03,
         -4.10889557e-03,   4.08218795e-03,   1.56328737e-03,
         -1.94431675e-03,  -7.11441396e-04,   7.92563920e-03,
          3.64243216e-03,  -9.09249338e-03,  -7.41723895e-03,
         -4.63658629e-03,   2.17174027e-03,  -8.66474551e-03,
          7.93109877e-03,  -3.85865696e-03,  -3.73601951e-03,
          9.38687491e-03,  -2.05411821e-03,  -6.22038327e-03,
         -1.57630988e-03,   6.95767791e-03,   6.60179231e-03,
          8.07030537e-03,  -4.54321483e-03,   2.44312859e-03,
         -8.29709951e-03,  -5.49430553e-03,  -4.60808221e-03,
          5.95881038e-03,   1.30444295e-03,   5.16387987e-03,
          4.57325361e-03,  -5.28999350e-03,  -6.51388214e-03,
         -6.45005217e-03,  -5.98142597e-03,  -1.27769075e-03,
          1.96342441e-03,  -3.91007964e-03,  -1.28156991e-03,
          3.63127553e-04,  -5.50133029e-03,   5.10564275e-03,
          6.99274659e-03,   2.58479185e-03,   4.29454513e-03,
         -7.75890005e-03],
       [ -8.39104725e-04,  -1.23388654e-03,  -8.96511553e-03,
          8.42285243e-03,   2.84830975e-03,   1.66523671e-03,
          1.24510776e-03,  -8.89256944e-03,   2.37622737e-03,
          6.13830745e-03,  -6.86094685e-03,   7.41323006e-03,
          2.22430636e-03,  -2.64102512e-03,   1.42715587e-03,
         -3.86405477e-03,   9.29735000e-03,   5.09545998e-03,
         -9.86775598e-03,  -3.32876642e-03,   2.90532855e-03,
          2.78190396e-03,  -4.22669915e-03,  -7.63665940e-03,
         -5.43614251e-03,   1.45474851e-03,  -9.18702854e-03,
         -7.07613386e-03,   4.03845180e-04,  -4.54660854e-03,
         -4.25041149e-03,   7.69703956e-03,  -8.18822094e-03,
          1.56478171e-03,  -6.83439519e-03,   4.56397455e-03,
          4.78520982e-03,   1.92367311e-04,   8.67646844e-03,
          5.98765277e-03,  -5.91095661e-03,   1.53561090e-03,
          1.23059824e-03,   6.86772432e-03,  -2.65998411e-03,
          1.65278608e-03,   8.49845250e-03,  -6.57685358e-03,
         -4.49319945e-03,  -9.64197136e-04,   9.47454811e-03,
          7.96069388e-03,  -8.84585523e-04,  -4.38257763e-03,
         -1.23691143e-03,  -8.59031031e-03,  -6.27021565e-03,
         -8.22018169e-03,   4.80387649e-03,   5.33805120e-03,
          6.74750280e-03,  -2.03418999e-03,   4.78016616e-03,
         -7.56313535e-03,  -5.52135970e-03,  -2.66969214e-03,
         -7.06725789e-03,  -2.93114977e-03,   4.26958511e-03,
          8.04960081e-03,  -6.33355314e-03,   5.93876791e-03,
          8.74305088e-03,   1.73978383e-04,   4.26906710e-04,
         -3.46187246e-03,   8.57367890e-03,  -3.47289387e-03,
          3.85797945e-03,  -1.20060003e-03,   5.75815584e-04,
          8.49206421e-03,  -4.40702553e-03,  -5.42387183e-03,
         -5.38334412e-03,  -4.51088272e-03,   8.17641591e-05,
         -8.09062974e-05,   9.28428517e-03,  -6.67024379e-03,
          4.14957213e-03,   6.18702229e-04,  -6.15197826e-03,
         -2.36741231e-03,  -6.58424570e-03,   4.82192618e-03,
         -5.69620132e-03,  -9.04995722e-06,   2.22243235e-03,
         -3.02157567e-03],
       [  5.56171395e-03,   4.01217235e-03,  -4.26146718e-03,
          9.11512375e-03,  -9.78823333e-03,   6.60974253e-03,
          7.70294482e-03,  -1.80185144e-03,   1.92180324e-03,
          9.18155239e-03,  -2.84996824e-03,  -8.05611683e-03,
         -5.55236163e-03,  -5.00207963e-03,  -5.64227923e-03,
         -8.87261335e-05,  -9.57610979e-03,  -3.03763346e-04,
         -2.02390217e-03,   2.31698046e-03,   2.88993840e-03,
         -8.58709986e-03,   9.80953062e-03,  -4.49030191e-03,
          3.95653224e-03,  -9.52991035e-03,   7.31597797e-03,
         -3.55949426e-03,  -2.14254125e-04,  -6.97122623e-03,
          8.94118520e-03,  -8.17865235e-03,  -7.72449945e-03,
          9.27451659e-03,  -3.64684065e-03,   3.98959572e-03,
         -2.89657224e-03,  -5.36982849e-03,   6.37112347e-03,
          8.22550497e-03,  -5.88365722e-03,   7.66476759e-03,
          8.17105387e-03,  -5.98197195e-03,   3.89413507e-03,
         -2.32874236e-03,   3.61034178e-03,  -8.79487437e-03,
         -6.81579041e-03,   3.49273842e-03,  -2.89743256e-03,
          3.28599931e-03,  -8.17382666e-04,  -7.95179104e-03,
         -6.02492776e-03,  -7.37304455e-03,  -6.89503101e-04,
          2.79658762e-03,  -9.27839746e-03,   8.28738025e-03,
         -3.43733599e-03,  -8.18508291e-03,   3.47027951e-03,
         -1.70399064e-03,   4.86950524e-03,   7.17989574e-03,
          6.56849433e-03,   6.13971642e-03,   6.77943994e-03,
         -5.73891154e-03,   5.96929660e-03,   7.37296878e-04,
          1.25404345e-04,  -5.25642126e-03,   4.97359124e-04,
          9.00924777e-03,   5.07460536e-03,   2.65372019e-03,
          8.78571425e-03,   6.22305510e-03,  -7.66198925e-03,
          5.27859690e-03,  -7.52729449e-03,  -8.95351980e-03,
         -7.32576232e-03,   4.43832384e-03,   5.83936083e-03,
         -3.89132943e-03,   4.59651712e-05,   4.01933769e-03,
          1.47393569e-03,  -4.42552866e-03,   4.19484556e-04,
         -5.22569277e-03,  -9.04179440e-04,  -9.42326744e-04,
         -7.53963078e-03,   3.43524351e-03,   8.20408918e-03,
          4.52529828e-03],
       [  6.24871782e-03,  -5.54285508e-03,   4.66294170e-03,
          4.32466415e-04,  -2.75458127e-03,  -5.04213060e-03,
          4.30567310e-03,   7.32557530e-03,   1.12342720e-03,
          6.02688262e-03,   7.08199782e-03,  -5.75958404e-03,
          8.40219527e-03,  -4.35106370e-03,  -3.26933528e-03,
          2.90517074e-03,  -8.72690973e-03,  -7.43783022e-03,
         -1.03165611e-03,   5.93386133e-03,  -2.81245525e-03,
         -4.68726625e-03,  -6.45745329e-03,  -7.99572196e-03,
          4.03241060e-03,  -6.39686238e-03,  -9.52047076e-03,
         -8.11202029e-03,   3.42469069e-03,   1.82616361e-03,
         -8.52508245e-03,   7.75309768e-03,   3.07602301e-03,
         -3.14256555e-03,   7.46636232e-03,   8.05907593e-03,
          2.24678536e-03,  -1.73481256e-03,  -8.93077378e-03,
          9.53172724e-03,  -9.22632540e-03,   2.43439431e-03,
          4.75942685e-03,  -3.98464108e-03,  -6.98874875e-03,
         -7.95539966e-03,   7.35400472e-03,   4.40559095e-03,
         -4.79845526e-03,   9.66719309e-04,   1.41468289e-03,
         -5.98194690e-03,   5.47314188e-03,  -3.16815911e-04,
         -6.96146188e-03,  -7.00789970e-03,   3.74254633e-03,
         -2.23005340e-05,   2.94781289e-03,   3.79297508e-03,
         -4.75753445e-03,   6.36911416e-03,   8.39646718e-03,
         -8.09061817e-03,   3.86801429e-03,  -8.39009470e-03,
          7.61370299e-03,   2.75643027e-05,  -1.13052385e-03,
         -2.97300742e-03,  -8.32555441e-03,   6.27474328e-03,
         -4.48542085e-03,  -3.49178338e-03,   4.15071483e-03,
          9.65363582e-03,   1.03248565e-03,  -3.70397129e-03,
          4.00107010e-03,  -8.01749898e-03,   8.54084745e-03,
          2.43917732e-03,   1.66170731e-03,  -5.18969371e-03,
          1.05047027e-03,  -6.31144584e-03,   4.76656513e-03,
         -2.42730430e-03,   5.02421333e-03,   4.76785764e-03,
         -7.32531824e-03,   8.51524070e-03,  -5.29843242e-03,
         -9.20545686e-03,  -7.66457930e-03,   7.09220114e-03,
          8.66689636e-03,  -7.94026460e-03,   2.78045438e-03,
          7.32601949e-05]])]
Initial hidden bias: [array([-1., -1., -1., -1., -1., -1., -1., -1., -1., -1., -1., -1., -1.,
       -1., -1., -1., -1., -1., -1., -1., -1., -1., -1., -1., -1., -1.,
       -1., -1., -1., -1., -1., -1., -1., -1., -1., -1., -1., -1., -1.,
       -1., -1., -1., -1., -1., -1., -1., -1., -1., -1., -1., -1., -1.,
       -1., -1., -1., -1., -1., -1., -1., -1., -1., -1., -1., -1., -1.,
       -1., -1., -1., -1., -1., -1., -1., -1., -1., -1., -1., -1., -1.,
       -1., -1., -1., -1., -1., -1., -1., -1., -1., -1., -1., -1., -1.,
       -1., -1., -1., -1., -1., -1., -1., -1., -1.])]
Initial output weights: [[ -8.23651951e-03  -9.71334461e-03]
 [ -6.56401834e-03   7.88578507e-03]
 [ -6.10970987e-03  -2.28079152e-03]
 [  5.66717549e-03  -7.66987753e-03]
 [  2.75451278e-03  -5.81503809e-03]
 [  2.54768216e-03  -1.53472428e-03]
 [  6.48737897e-03   5.38427892e-03]
 [ -8.34622489e-03  -2.90555483e-03]
 [ -8.51202254e-03   4.44484449e-04]
 [ -6.04578731e-03   4.68602979e-03]
 [ -5.96458851e-03  -2.45574918e-03]
 [ -7.83635750e-03  -4.55661696e-03]
 [ -9.48810376e-03  -6.78525687e-03]
 [  3.96189950e-03   2.32164872e-03]
 [  2.94235926e-04  -5.09842828e-03]
 [  3.85396293e-03  -9.07212398e-03]
 [  9.42796048e-03   5.72645985e-03]
 [  3.06297468e-03   9.32720613e-03]
 [  1.93372213e-03   3.96920989e-03]
 [ -1.32120863e-03  -6.57798625e-03]
 [  1.02287151e-03  -6.21609612e-03]
 [ -9.81029550e-03  -2.43139573e-03]
 [ -2.34331673e-03   7.44188265e-03]
 [ -3.96834983e-03  -7.31957933e-03]
 [  4.47380087e-03   3.65109832e-03]
 [ -4.33601928e-03   8.02840684e-03]
 [ -8.91548770e-04  -6.05184869e-03]
 [  6.00349079e-03  -6.15781047e-03]
 [ -1.24451509e-03  -7.82707247e-03]
 [ -1.01090680e-03  -4.67631490e-03]
 [ -4.43584949e-03  -5.85216261e-03]
 [ -5.52052953e-03   6.15752867e-03]
 [ -1.86571634e-03  -5.80356601e-03]
 [ -1.12693453e-03  -1.13488252e-03]
 [ -2.21778496e-03  -5.46476463e-03]
 [ -8.68508988e-03   4.57978522e-03]
 [  9.31502405e-03  -6.37774932e-03]
 [ -9.10153383e-03  -5.51885919e-03]
 [  7.76628071e-03  -4.74849786e-04]
 [  9.68184265e-03   2.26355222e-03]
 [  3.21313239e-03   7.13182317e-03]
 [  8.63656913e-03   9.92881006e-03]
 [ -2.80924223e-03   7.09956687e-03]
 [  3.71976684e-03  -9.09767586e-03]
 [ -4.47392596e-03  -3.39708967e-03]
 [ -9.01183444e-03   6.19244015e-03]
 [ -3.98923925e-03   4.50758262e-03]
 [  9.56638009e-03  -9.32228091e-03]
 [  7.23431485e-05  -2.87017037e-04]
 [  5.75769633e-05   6.88024650e-04]
 [ -9.67192579e-03  -3.21878884e-03]
 [ -8.96073370e-03   6.07146785e-03]
 [ -7.97439473e-03   1.08203844e-03]
 [  6.92619327e-03  -8.12739161e-03]
 [  3.23986086e-03   1.17750217e-03]
 [ -9.46946157e-03  -4.92075925e-03]
 [ -3.17192955e-04  -7.57397538e-03]
 [ -1.74674972e-03  -5.90959828e-03]
 [  2.80456997e-03  -4.18677119e-03]
 [ -6.03764320e-03  -9.09153369e-03]
 [ -9.92016964e-03  -3.38115226e-03]
 [ -3.82263500e-03   5.61673578e-03]
 [  8.25973682e-03   7.19928371e-03]
 [ -7.53124888e-03   1.75079123e-03]
 [ -3.49634227e-03   3.02548346e-04]
 [  8.62619478e-03   2.10192851e-03]
 [ -5.37000308e-03  -4.37779098e-05]
 [  7.15168894e-04  -7.32721280e-03]
 [  1.42851715e-03   2.38859915e-03]
 [  9.54741119e-04  -1.23422016e-03]
 [  8.39978707e-03  -2.88571938e-03]
 [ -2.81461903e-03  -2.58621279e-03]
 [ -1.81653584e-03  -4.69795692e-03]
 [ -8.13648914e-04   3.90389530e-03]
 [ -5.88543375e-03  -3.64401062e-03]
 [ -9.92564327e-03   3.92003449e-03]
 [  2.48441112e-03   3.36746617e-04]
 [ -2.50441254e-03   6.79126679e-03]
 [ -6.29365193e-03  -6.26005216e-03]
 [ -3.60116195e-03   6.11491678e-03]
 [ -8.61030928e-06   5.16357131e-04]
 [  9.91618072e-03  -8.60861586e-03]
 [ -1.62521522e-03   2.83570548e-03]
 [ -4.74456931e-04   6.66505577e-03]
 [ -1.43801544e-03   3.32253354e-04]
 [ -8.08488097e-03  -4.22305691e-03]
 [  8.91824811e-03   1.06561633e-03]
 [  8.62282412e-03   2.06675570e-03]
 [  3.08386758e-03   6.71368687e-03]
 [ -1.17016841e-03   4.62625967e-03]
 [  2.13936494e-03  -4.60409680e-04]
 [ -4.13774977e-03  -3.65316879e-04]
 [ -2.69304643e-03   4.72932416e-03]
 [ -3.37769520e-03   6.68881985e-03]
 [ -7.62405861e-03  -1.97412084e-03]
 [ -5.39628256e-03  -3.49002510e-03]
 [  8.47798393e-03   5.19219878e-03]
 [ -2.84707728e-04  -9.90879738e-03]
 [  8.88033630e-03   2.87666583e-03]
 [  8.83254276e-03   9.24116914e-03]]
Initial output bias: [ 1.  1.]
Value MLP:
Initial hidden weights: [array([[  2.65620694e-03,  -8.21502439e-04,  -2.24080118e-03,
         -9.77470999e-03,  -5.44438697e-03,   6.93408830e-03,
         -9.25485140e-03,  -9.68059439e-03,   5.80449961e-04,
          6.30448805e-03,  -8.37212749e-03,   5.81643859e-03,
          3.32774823e-03,  -3.19900176e-03,  -6.50879669e-03,
         -1.30846815e-03,  -4.94169483e-03,  -9.91880073e-03,
         -2.81123494e-03,  -1.08263223e-03,  -9.98031698e-03,
         -9.27803353e-03,  -2.26576302e-03,   2.58286785e-03,
          7.75288260e-04,   2.42498208e-03,  -3.43366033e-03,
          9.58715402e-03,  -4.08560023e-03,   9.15425822e-03,
          7.60890772e-03,  -9.55955499e-04,  -3.16643690e-03,
         -3.95398776e-03,  -4.18252146e-03,   5.13086617e-03,
         -1.20221092e-03,   3.57758239e-03,   7.58426440e-04,
          5.10706731e-03,  -4.78942056e-04,  -4.90332340e-03,
          7.92403992e-03,   1.96645942e-03,  -2.75605226e-03,
          2.83766517e-03,   3.08004744e-03,   9.99068765e-03,
          3.38101072e-03,   3.25470745e-04],
       [ -8.39623097e-03,  -4.16613658e-03,   7.32755725e-03,
          9.14588674e-03,   2.63822162e-03,   9.65620484e-03,
          2.49687585e-03,   8.57871152e-03,  -5.14374112e-04,
          5.31332059e-03,   5.51557059e-03,  -2.15398607e-03,
         -1.23728351e-03,   9.39045638e-03,   9.28481688e-03,
          1.61479826e-03,  -4.71619329e-04,   6.68657034e-03,
          3.00370398e-03,   8.57880185e-03,   8.89766922e-03,
         -3.61157165e-03,   6.31350041e-03,  -6.74143060e-03,
         -3.50254005e-03,  -9.37377079e-03,  -8.58949455e-03,
         -2.72641671e-03,  -9.27612439e-03,  -1.69686345e-03,
         -6.56040144e-03,  -9.77877540e-03,   2.58896159e-04,
          2.73634341e-03,   9.08482383e-03,   8.57629894e-03,
         -4.41283931e-03,  -8.93239216e-03,  -4.94301057e-03,
          3.51784163e-03,  -2.14722549e-03,  -8.32798735e-03,
         -8.79196606e-03,  -2.32044630e-03,   4.10233234e-03,
         -8.82066559e-03,   6.72578665e-03,   2.31695813e-03,
         -8.83411938e-03,  -4.02878638e-03],
       [  2.45945482e-03,   3.08179445e-03,  -9.43792111e-03,
         -5.52788005e-03,  -6.94558179e-03,   4.23774153e-03,
          2.80644922e-03,   5.07824773e-03,  -5.46277153e-03,
         -2.93246062e-03,   8.63766278e-04,   3.54072670e-03,
         -7.19951458e-03,  -2.12471944e-03,  -2.31636155e-03,
         -1.48736069e-03,   3.62927855e-03,   9.30057545e-03,
          5.73566924e-03,  -3.82287426e-03,   3.74063739e-03,
         -4.26377606e-03,   1.86506444e-03,  -7.67404687e-03,
         -3.86151378e-05,  -6.21345059e-03,   5.74905511e-03,
          5.22727535e-03,   4.97992967e-03,  -5.14585879e-03,
         -7.29403183e-03,  -8.92292943e-03,  -7.82647115e-03,
         -7.06712572e-03,  -1.19604346e-03,   1.34921380e-03,
         -8.63975808e-03,  -5.16880176e-03,   5.54170855e-03,
          1.18608080e-03,   3.98589109e-04,  -9.54139333e-03,
         -7.20743742e-03,   4.41780663e-03,  -9.00856263e-03,
          6.17356491e-03,  -5.45645557e-03,  -8.24991248e-04,
          8.65330501e-03,  -2.15726651e-03],
       [  8.33419863e-03,   7.62126617e-03,  -8.40980088e-03,
         -7.83659089e-03,   1.66506337e-03,   5.20062852e-03,
         -3.23310698e-03,   6.04350526e-03,  -5.00415549e-03,
          2.85298969e-03,  -5.74789169e-03,  -4.67368428e-03,
         -7.85845432e-03,   3.59788229e-03,   3.67891348e-03,
         -2.79600336e-03,  -3.17711940e-03,   3.77836994e-05,
          4.21196096e-03,   3.84752089e-03,   6.92380567e-03,
         -9.23102325e-04,  -7.04778769e-03,  -5.67122562e-03,
          1.36137331e-03,  -4.09171055e-03,   8.71398112e-03,
          9.42150953e-03,  -6.69295579e-03,   7.78678340e-04,
          2.93798927e-04,   3.58509945e-03,  -8.26476463e-04,
          8.66854023e-03,   5.12519687e-03,   2.95590229e-03,
          1.80207594e-03,  -4.03787828e-03,  -8.91558439e-03,
          3.51267744e-03,   8.76209598e-03,   2.20150036e-03,
          7.28820024e-03,   4.63666023e-03,   6.38374884e-03,
          5.04724326e-03,  -3.99535155e-03,   9.38695943e-03,
         -8.61185339e-03,   4.57716078e-04],
       [  6.15458223e-03,  -4.40877494e-03,   2.11140970e-03,
          6.40459661e-03,  -5.33710399e-03,   9.64558647e-03,
         -9.39773934e-03,  -6.51372639e-03,  -4.88846174e-03,
          8.27381749e-03,  -5.05630406e-03,  -5.05979609e-03,
          9.97945323e-03,   4.99063741e-03,  -4.63033763e-03,
          1.79941636e-03,  -1.39348026e-04,  -4.98785944e-03,
         -6.98321928e-04,  -8.26352542e-04,   7.01759668e-03,
         -3.77318673e-03,  -7.43653681e-03,  -3.25987152e-03,
          8.30051314e-03,  -3.56948576e-03,   3.75774650e-03,
          2.43358865e-04,   6.34552167e-03,   7.12500990e-03,
          4.28212936e-04,  -2.95468831e-03,   5.12711647e-03,
         -8.98011610e-03,   7.45429087e-03,  -4.54302068e-03,
          1.82079282e-03,   6.79056572e-03,   6.87509938e-03,
         -4.13700197e-05,  -2.24014761e-03,   1.84014937e-03,
         -7.36425509e-04,  -9.24136111e-03,   6.08043661e-03,
          2.60802085e-03,   6.79493265e-04,  -1.95539404e-03,
         -3.98675356e-03,   6.28663122e-03],
       [  3.74939432e-03,   1.53688207e-03,  -7.44881106e-03,
          8.54674882e-03,   7.80668452e-03,   2.01879308e-03,
         -6.76485481e-03,  -3.52935821e-04,  -7.08991080e-03,
         -8.75797375e-03,  -8.90639564e-03,   9.77390370e-03,
          5.90006124e-03,   8.91654346e-03,  -9.61835246e-03,
         -7.73964385e-03,   6.72213380e-03,  -4.61956591e-03,
          6.94059194e-03,  -4.11685946e-03,  -9.33380549e-03,
         -9.83798632e-03,  -7.32405260e-03,  -2.05987500e-03,
         -4.33978469e-03,   9.61748398e-03,   6.98857334e-03,
         -5.52412042e-04,  -1.65368445e-03,   7.18430714e-03,
          7.09892913e-03,   6.15054523e-03,   8.59664903e-03,
         -3.16960662e-03,  -4.91241057e-03,   7.60219488e-03,
          7.38416043e-03,  -6.28295644e-03,   1.75025611e-03,
         -7.73788041e-03,   7.57090019e-03,  -5.64516222e-03,
         -2.58664198e-03,  -4.60578738e-03,  -4.58281264e-03,
          6.42133013e-03,   1.20757109e-03,   5.47334142e-03,
          3.43819379e-03,  -2.21519454e-04],
       [  6.00018316e-03,  -6.61781646e-03,   8.84469737e-03,
         -4.61618012e-03,  -5.47921961e-03,   8.37056079e-03,
         -7.17105830e-03,  -3.82236947e-03,  -1.47873167e-03,
         -4.38830483e-03,  -7.93399608e-03,  -3.53074037e-03,
          2.15473592e-03,  -8.54320257e-03,   2.38424932e-03,
          7.54812911e-03,  -2.57035427e-03,  -8.84685393e-03,
         -6.17354144e-03,  -3.74551990e-03,   7.47192896e-03,
          2.52399031e-04,   9.37037436e-03,  -8.12919439e-03,
          3.98467001e-03,  -4.71621020e-03,  -1.91546301e-03,
          9.79111267e-03,   9.16177019e-03,  -7.40951923e-03,
         -4.68707479e-03,  -7.42212141e-03,   7.73095770e-03,
          1.55638171e-03,  -2.07193364e-03,  -6.95339351e-03,
         -3.65900045e-03,   8.84451423e-03,  -9.72858782e-03,
         -2.00665435e-03,  -2.31892249e-03,  -8.74856958e-03,
          3.31698774e-03,  -6.33925232e-03,   8.05062619e-03,
         -4.89096277e-03,   6.81136259e-03,   5.65971712e-03,
          4.88272468e-03,   1.59055838e-03],
       [ -8.85556897e-03,   6.69067804e-03,  -4.38868381e-03,
          1.24629541e-03,   1.86424249e-03,  -4.90266184e-03,
          1.63841735e-04,   7.34104826e-03,   9.08411855e-03,
         -6.15198911e-03,   2.40671838e-03,   4.96560576e-03,
         -6.85254818e-03,  -5.36140807e-03,   1.00926125e-04,
         -4.51626365e-03,   7.64428699e-03,  -1.44685428e-03,
          6.68847565e-03,   5.48375728e-03,   8.02842907e-03,
         -5.37447339e-03,  -5.90030956e-03,  -7.65565333e-03,
          6.04074690e-03,  -9.44799335e-03,   2.65618613e-03,
          7.39804198e-03,   4.06773874e-03,   5.36143074e-03,
         -9.23714423e-03,  -9.75222076e-04,   3.34582213e-03,
          6.62865192e-03,  -6.08926428e-03,   3.07272147e-03,
         -2.55349334e-03,   5.42532983e-04,   2.67860513e-04,
          8.66033829e-03,  -5.70343446e-03,   7.53556856e-03,
          7.31107186e-03,   6.78397450e-03,   7.40251758e-03,
         -5.88539779e-03,   6.94451934e-03,  -5.27988484e-03,
         -1.99495086e-03,   1.43644408e-03]])]
Initial hidden bias: [array([-1., -1., -1., -1., -1., -1., -1., -1., -1., -1., -1., -1., -1.,
       -1., -1., -1., -1., -1., -1., -1., -1., -1., -1., -1., -1., -1.,
       -1., -1., -1., -1., -1., -1., -1., -1., -1., -1., -1., -1., -1.,
       -1., -1., -1., -1., -1., -1., -1., -1., -1., -1., -1.])]
Initial output weights: [[  6.97183302e-03]
 [ -6.22438152e-03]
 [  9.57465473e-03]
 [  7.42143897e-03]
 [  6.20990273e-03]
 [  2.99116278e-03]
 [  1.20323665e-03]
 [ -9.53741442e-03]
 [ -2.17291731e-04]
 [ -4.70181848e-03]
 [ -9.38877412e-04]
 [ -7.08232984e-03]
 [  6.77899085e-03]
 [  1.49620769e-03]
 [  8.15248869e-04]
 [ -4.57643406e-03]
 [ -4.51734696e-03]
 [ -5.28428717e-03]
 [  6.77361600e-03]
 [  1.57638862e-03]
 [  4.17227258e-03]
 [ -1.80891973e-03]
 [ -8.88829218e-04]
 [ -9.65372043e-03]
 [  7.68301068e-03]
 [ -1.06883947e-03]
 [  6.22628938e-03]
 [ -5.74958183e-03]
 [  9.84929384e-03]
 [ -7.25289003e-04]
 [  2.32882007e-03]
 [  8.63021271e-03]
 [ -9.13015994e-03]
 [  8.87950543e-03]
 [  8.75601968e-03]
 [ -1.34002491e-03]
 [ -4.69024499e-03]
 [  7.83116185e-03]
 [  2.37249506e-03]
 [  9.02051079e-05]
 [ -1.33715931e-03]
 [  1.48564450e-03]
 [  5.58444876e-03]
 [  7.00510237e-03]
 [  3.63645249e-03]
 [ -5.70998713e-03]
 [  9.49903557e-03]
 [ -3.24746530e-03]
 [  9.49369305e-03]
 [ -6.64369183e-04]]
Initial output bias: [ 1.]
