Action MLP:Hidden weights: [array([[ -2.98745330e-03,   1.19420992e-02,  -9.89837187e-03,
         -9.47965655e-03,  -1.18092318e-03,   4.06409283e-03,
         -4.24353530e-03,  -8.50847771e-03,   8.04501577e-03,
          2.45791840e-02,  -1.09119699e-02,   1.88300213e-04,
         -1.63690673e-02,  -1.27593998e-02,  -5.41096663e-03,
         -1.00240466e-02,   2.48129358e-02,  -1.73462520e-01,
         -7.19572016e-03,   9.45422308e-04,  -3.42439643e-03,
          5.12766888e-03,   7.04931656e-03,   1.24754294e-03,
         -1.26965130e-02,   1.10736368e-02,   1.35191223e-02,
         -3.16531856e-03,  -8.35358686e-03,  -8.70194080e-03,
         -1.23140913e-02,   2.41787944e-02,   6.63826702e-04,
         -5.68056638e-03,  -5.66043351e-03,   1.70008847e-02,
         -4.96625783e-03,   4.52674773e-03,   1.18616690e-02,
         -9.17237402e-03,  -8.91523794e-03,   5.88419447e-04,
          1.27464929e-02,  -1.57481909e-02,  -3.26108078e-03,
          1.46036306e-02,   1.47688617e-02,   6.28909267e-02,
         -9.59703662e-03,  -9.20724213e-03,   2.01352360e-02,
         -6.76549233e-01,  -2.49651032e-03,   1.29084203e-03,
         -1.42818399e-02,  -4.36911820e-03,   2.10035316e-03,
          6.97984625e-03,  -2.35728969e-03,   4.28468784e-03,
          1.74925929e-02,  -1.80443876e-03,   2.52512315e-02,
         -4.83590382e-03,  -1.42984638e-02,  -1.59307522e-02,
         -5.72091555e-03,  -2.13191451e-02,  -1.05805115e-03,
          1.08229919e-02,  -1.70661638e-02,  -9.06944688e-03,
         -4.76691184e-03,   6.81231697e-03,   8.77690388e-03,
          5.27727377e-03,   1.45832970e-03,   1.97308451e-03,
         -7.15871707e-03,   9.03323869e-03,  -6.56300178e-03,
         -1.14251097e-02,  -7.75271588e-03,   5.43479148e-03,
          3.94277102e-03,   2.38946379e-03,  -1.32823021e-02,
         -1.21549360e-02,   6.98394238e-03,   1.14587137e-03,
         -3.44780087e-03,  -2.40263643e-03,  -9.76536564e-03,
          7.40531163e-03,  -9.32632223e-03,   9.91383694e-03,
         -1.79574508e-02,  -1.22640757e-02,  -1.09519112e-02,
         -5.34312688e-03],
       [  3.47649715e-02,   5.74446747e-02,   3.39230704e-02,
          2.89854425e-02,   3.08678532e-02,   3.56001835e-02,
          4.67605813e-03,   2.98200100e-02,   4.81379558e-02,
          2.64814973e-02,   3.70491527e-02,   2.67123811e-02,
          2.90220749e-02,   2.25152794e-02,   3.80723418e-02,
          2.46328490e-02,   1.30142911e-02,   5.78236755e-01,
          3.71606709e-02,   4.38791105e-02,   4.16698183e-02,
          4.39093497e-02,   5.41537138e-02,   3.74297932e-02,
          2.55155430e-02,   3.09773906e-02,   4.10148582e-02,
          3.56144393e-02,   3.77881607e-02,   2.76778654e-02,
          2.48876549e-02,   5.24967679e-02,   3.58564508e-02,
          2.40014183e-02,   2.70200121e-02,   4.26308122e-02,
          3.22694489e-02,   5.03534432e-02,   1.40326742e-02,
          1.38513778e-02,   2.41772944e-02,  -3.22777336e-03,
          5.42692372e-02,   2.07147232e-02,   4.74637538e-02,
          5.75830154e-02,   4.98853816e-02,   5.67202418e-01,
          3.41799728e-02,   2.76202714e-02,   4.76227847e-02,
          1.39669023e-01,   5.13045407e-02,   3.95321613e-02,
          1.93638090e-02,   3.63762999e-02,   4.29334886e-02,
          4.80987749e-02,   4.53367184e-02,   4.92894273e-02,
          5.08210171e-02,   4.50309724e-02,  -3.93455543e-02,
          3.98778055e-02,   2.81807061e-02,   1.89663219e-02,
          4.02210840e-02,   2.09331316e-02,   3.18100676e-02,
          4.03474981e-02,   1.82257409e-02,   4.24270770e-02,
          3.18404575e-02,   4.40298291e-02,   5.42632781e-02,
          5.54481174e-02,   3.10921415e-02,   4.78272460e-02,
          3.81210683e-02,   5.94740654e-02,   4.65819765e-02,
          3.29644949e-02,   3.71535657e-02,   4.92699935e-02,
          5.18787122e-02,   4.61752360e-02,   3.97903753e-02,
          2.14070751e-02,   1.94196538e-02,   5.09701796e-02,
          3.32959817e-02,   5.02690758e-02,   3.63481265e-02,
          3.93580844e-02,   3.18178690e-02,   5.81639063e-02,
          1.60747616e-02,   2.11958594e-02,   2.37878974e-02,
          3.14203054e-02],
       [ -1.62207500e-02,  -1.28707733e-01,   7.18004236e-02,
          6.92980503e-02,   3.56447714e-03,   1.55601692e-02,
          1.24387356e-02,   2.90767628e-02,  -8.17308383e-02,
         -3.36752382e-01,   6.47296945e-02,   1.94209241e-02,
          5.57535237e-02,   9.03245142e-02,   3.85813605e-02,
          8.16621520e-02,  -2.89792820e-01,  -4.75439409e+00,
          4.30486021e-02,  -2.58076494e-02,   3.98907476e-02,
         -4.41921085e-02,  -5.85641039e-03,   3.25994531e-02,
          8.96007652e-02,  -1.78266715e-01,   4.49151298e-03,
          3.68005332e-02,   4.88361346e-02,   3.33778033e-02,
          8.80912913e-02,  -2.74328411e-01,   4.69868816e-02,
          5.35023343e-02,   1.79112841e-02,  -2.16724478e-01,
          4.07060331e-02,  -4.11444597e-02,  -1.49078243e-01,
          3.07083200e-02,   4.40929117e-02,  -7.71993105e-02,
         -1.51999358e-01,   7.43709876e-02,   2.14657097e-02,
         -1.42280091e-01,  -2.51520015e-01,   4.62750744e+00,
          7.12359765e-02,   3.18432644e-02,  -2.09147991e-01,
         -9.68199152e-01,   1.02931879e-02,   5.02628988e-02,
          9.28768434e-02,   2.26652977e-02,   4.10466518e-02,
          1.82437365e-02,   4.72236023e-03,  -5.07776854e-02,
         -1.81792342e-01,   3.35635197e-02,  -2.62329792e-01,
          5.24729854e-02,   5.98692257e-02,   1.16375829e-01,
          5.18573459e-02,   1.18578813e-01,   7.73754372e-03,
         -1.31945824e-01,   1.08372810e-01,   4.33651808e-02,
          3.24497861e-02,  -5.89475992e-02,  -7.56517365e-02,
         -6.23632361e-02,  -5.44093584e-02,  -1.05425495e-02,
          6.47982720e-02,  -5.09146018e-02,   3.42395767e-02,
          5.88969857e-02,   2.47962445e-02,  -3.78422200e-02,
         -3.40501442e-02,   1.81273113e-02,   7.91047020e-02,
          1.07471486e-01,  -1.43017736e-01,   2.19996340e-02,
          1.50082541e-02,   1.44655502e-02,   5.15889690e-02,
         -3.69596114e-02,   7.61911819e-02,  -9.76335327e-02,
          1.02002633e-01,   6.81719809e-02,   5.75603233e-02,
          5.28705362e-02],
       [ -2.09668480e-01,  -1.71286492e-01,  -2.19210211e-01,
         -2.07985696e-01,  -2.03775685e-01,  -1.95968955e-01,
         -2.12967985e-01,  -2.15890151e-01,  -1.86559832e-01,
         -2.21971775e-01,  -2.18485066e-01,  -2.00439672e-01,
         -2.18185344e-01,  -2.17062929e-01,  -2.01785834e-01,
         -2.33319048e-01,  -2.11444341e-01,  -6.42237622e+00,
         -2.07131814e-01,  -2.03460604e-01,  -1.97033353e-01,
         -1.90077297e-01,  -1.83828037e-01,  -2.20080839e-01,
         -2.14084513e-01,  -1.81205773e-01,  -2.29349630e-01,
         -2.15325635e-01,  -2.10770618e-01,  -2.19565616e-01,
         -2.16612639e-01,  -1.72468473e-01,  -2.25572978e-01,
         -2.10525238e-01,  -2.20432916e-01,  -1.74956360e-01,
         -2.03913295e-01,  -1.90070750e-01,  -1.97379706e-01,
         -2.09530371e-01,  -2.12089426e-01,  -2.15297758e-01,
         -1.73594333e-01,  -2.17112518e-01,  -2.01472441e-01,
         -1.68212929e-01,  -1.70414020e-01,  -7.23179908e+00,
         -2.07657815e-01,  -2.11403389e-01,  -1.78168712e-01,
         -7.26047458e-02,  -1.93329315e-01,  -2.25561221e-01,
         -2.18108209e-01,  -2.14656947e-01,  -2.28555309e-01,
         -2.20914629e-01,  -1.95865239e-01,  -1.90483631e-01,
         -1.76828897e-01,  -1.89618236e-01,  -2.53922798e-01,
         -1.99618472e-01,  -2.12643693e-01,  -2.22930498e-01,
         -1.99903575e-01,  -2.32387221e-01,  -1.99379447e-01,
         -1.83798196e-01,  -2.31686416e-01,  -1.99780013e-01,
         -1.98543581e-01,  -1.88243731e-01,  -1.88616723e-01,
         -1.82288976e-01,  -1.91115115e-01,  -1.88788228e-01,
         -2.05543849e-01,  -1.76641173e-01,  -1.97339259e-01,
         -2.06923874e-01,  -2.00463387e-01,  -1.90121769e-01,
         -1.93048605e-01,  -1.95055231e-01,  -2.01805759e-01,
         -2.12167706e-01,  -1.94714924e-01,  -1.88280808e-01,
         -2.02256928e-01,  -1.89978782e-01,  -2.05424545e-01,
         -1.88372902e-01,  -2.11536493e-01,  -1.86162998e-01,
         -2.20141650e-01,  -2.23770808e-01,  -2.12420630e-01,
         -2.04690540e-01],
       [  4.76722426e-02,   3.02419273e-02,  -1.87463463e-02,
         -6.87334400e-02,  -1.59006012e-02,  -3.22230522e-02,
         -5.06502337e-02,  -6.85387850e-03,   5.12783918e-02,
          3.29730709e-01,  -2.33777457e-02,  -5.55932629e-02,
         -3.63308672e-02,  -9.26006815e-02,  -3.79083291e-02,
          3.66968329e-03,   2.47864197e-01,   1.67904841e+00,
         -4.03371264e-02,   4.47995841e-02,  -4.58643821e-02,
          1.80059010e-02,  -2.95553148e-02,   3.08091082e-02,
         -9.32063735e-02,   7.66803658e-02,   1.28852246e-01,
          1.74269450e-02,  -3.68984953e-02,   9.44129636e-03,
         -6.21723754e-02,   2.01632036e-01,   3.85948862e-02,
         -5.92204311e-02,   4.10995020e-02,   1.30519823e-01,
         -4.90389926e-02,   1.78326191e-02,   7.60347825e-02,
         -4.69123570e-02,  -3.02560535e-02,   4.14534296e-02,
          7.84871762e-02,  -6.54317305e-02,  -4.48519750e-03,
          7.21035340e-02,   1.20404932e-01,  -1.61119140e+00,
         -7.38357687e-02,  -3.48778969e-02,   1.53867940e-01,
          1.30103164e+00,  -3.76738442e-02,   4.70115356e-02,
         -9.36726880e-02,   4.60218366e-03,   5.35994535e-02,
          7.35902639e-02,  -2.68741677e-02,   4.00123892e-02,
          1.00458420e-01,  -7.20329558e-02,   2.75346964e-01,
         -5.33244839e-02,  -4.45535451e-02,  -1.06860467e-01,
         -5.99451525e-02,  -6.75599920e-02,  -4.37611844e-02,
          6.81829763e-02,  -6.22808459e-02,  -6.96180957e-02,
         -5.49328444e-02,   1.94250790e-02,   6.38884079e-02,
          3.76218982e-03,  -2.03358767e-02,  -3.30052084e-02,
         -7.55141984e-02,  -1.42067969e-02,  -6.23110108e-02,
         -7.10211394e-02,  -3.02625601e-02,   2.60677249e-03,
          2.21476762e-02,  -9.74118057e-03,  -8.04882621e-02,
         -1.18272683e-01,   6.99330565e-02,  -4.57875438e-02,
         -3.16227219e-02,  -4.07099076e-02,  -5.49312045e-02,
         -2.00847531e-02,  -6.47869063e-02,   7.70706077e-02,
         -1.01723114e-01,  -4.14168902e-02,  -7.84727711e-02,
         -6.52205404e-02],
       [ -1.53654484e-02,  -1.21207055e-02,   1.38157279e-02,
          4.43611603e-02,  -1.82500911e-03,  -2.18034332e-02,
          5.25552080e-02,   1.69588085e-02,  -3.99968286e-02,
          5.54435465e-02,   2.77427616e-02,   1.75718747e-02,
          7.01424586e-02,   6.10294625e-02,   2.01476110e-02,
         -7.71747411e-03,   1.67596270e-03,  -1.91846468e-01,
          2.52709033e-02,  -2.90248285e-02,   1.29190441e-02,
         -2.66685998e-02,  -2.22038578e-02,  -5.16925081e-02,
          5.49093079e-02,   6.85370320e-03,  -1.56113036e-01,
         -2.54127686e-02,   3.00572760e-02,   1.00380831e-02,
          3.75610428e-02,  -6.75129407e-02,  -6.10005628e-02,
          2.49730605e-02,  -1.93494796e-02,  -3.47638174e-02,
          1.96039432e-02,  -2.64124722e-02,  -3.58046583e-04,
          5.50641018e-02,   3.27839771e-02,   2.70360916e-02,
         -3.47758372e-02,   7.10066407e-02,   3.31559119e-03,
         -4.86334177e-02,   4.97046207e-02,   3.30762198e-01,
          4.28681026e-02,   4.11549545e-02,  -8.56589149e-02,
          3.70101192e+00,   2.10269997e-02,  -6.91996841e-02,
          6.70718901e-02,  -5.37686725e-03,  -7.26646722e-02,
         -9.49833062e-02,   1.60537936e-02,  -2.99060959e-02,
         -5.75681284e-02,   2.52599830e-02,  -4.56544236e-02,
          1.67655478e-02,   5.64795117e-02,   7.08649517e-02,
          1.93535630e-02,   7.17138227e-02,   2.51370188e-02,
         -3.31763286e-02,   5.20201370e-02,   5.92743567e-02,
          3.27792579e-02,  -2.80201781e-02,  -5.45030785e-02,
         -1.03909140e-02,   4.40275117e-02,   4.32405846e-03,
          3.89580420e-02,  -1.88275818e-02,   4.35828690e-02,
          5.90358982e-02,   3.36443403e-02,  -2.32417276e-02,
         -2.78810875e-02,  -2.68816835e-02,   6.59359165e-02,
          6.27150361e-02,   2.96735863e-02,  -3.62252529e-03,
          2.10155900e-02,   1.84679592e-02,   4.61224448e-02,
         -1.46015424e-02,   3.30819107e-02,  -5.38688066e-02,
          7.77483593e-02,   3.82445345e-02,   6.49366050e-02,
          3.21714971e-02],
       [  1.48301006e-02,   3.00098662e-02,   9.37608856e-03,
          1.16721067e-02,   1.79073565e-02,   2.43632452e-02,
          1.23695413e-02,   1.05742106e-02,   2.65529493e-02,
          2.36420395e-02,   8.40796490e-03,   1.88178896e-02,
          2.45867696e-03,   8.61209968e-03,   1.44142348e-02,
          9.44390352e-03,   2.59818504e-02,   1.70653083e-01,
          1.33420717e-02,   1.89899539e-02,   1.73685135e-02,
          2.38607425e-02,   2.79237424e-02,   1.97923039e-02,
          9.83932264e-03,   2.36990160e-02,   3.16204982e-02,
          1.59625025e-02,   1.15001429e-02,   9.49861999e-03,
          9.94246303e-03,   3.80782268e-02,   1.83347506e-02,
          1.54064005e-02,   1.19382353e-02,   3.05405259e-02,
          1.51617215e-02,   2.37281380e-02,   2.31310250e-02,
          9.30766001e-03,   1.04684121e-02,   1.33506107e-02,
          3.01606277e-02,   4.43235312e-03,   1.65276194e-02,
          3.27363600e-02,   2.33453498e-02,  -3.01625904e-01,
          1.15851868e-02,   1.08228778e-02,   3.66063922e-02,
         -7.74824400e-01,   1.77638233e-02,   1.92279520e-02,
          7.27652357e-03,   1.49036934e-02,   2.05299207e-02,
          2.50749759e-02,   1.68654012e-02,   2.31706050e-02,
          3.45335122e-02,   1.81969500e-02,   2.34657734e-02,
          1.62730686e-02,   6.27515764e-03,   7.02956683e-03,
          1.60304430e-02,   8.21419189e-04,   1.83123854e-02,
          2.74364075e-02,   5.00668286e-03,   1.16542968e-02,
          1.53933663e-02,   2.56290469e-02,   2.70416744e-02,
          2.53109558e-02,   1.75663987e-02,   2.27265990e-02,
          1.42455271e-02,   2.97571757e-02,   1.36388199e-02,
          1.00121665e-02,   1.17071855e-02,   2.50298293e-02,
          2.26819081e-02,   2.24714725e-02,   8.48334276e-03,
          9.57481761e-03,   1.72657613e-02,   2.21098120e-02,
          1.66006487e-02,   1.74963433e-02,   1.13809564e-02,
          2.64099482e-02,   1.20745571e-02,   2.78023348e-02,
          3.78247375e-03,   8.55850663e-03,   1.01489829e-02,
          1.51849595e-02],
       [  2.86683394e-02,   2.92739355e-02,   2.24182615e-02,
          1.73804458e-02,   2.10781597e-02,   1.49386760e-02,
          1.86614272e-02,   2.51955340e-02,   2.73013442e-02,
          5.79514046e-02,   2.43680641e-02,   1.63216874e-02,
          2.73738444e-02,   1.63775297e-02,   2.05464572e-02,
          2.16878717e-02,   4.68060087e-02,   7.67332991e-02,
          2.13207162e-02,   2.78387816e-02,   1.83548186e-02,
          2.38249749e-02,   1.71998764e-02,   2.13441464e-02,
          1.59860548e-02,   3.54136026e-02,   2.03983023e-02,
          2.21818808e-02,   2.27524637e-02,   2.58027757e-02,
          1.69061608e-02,   4.09598436e-02,   2.14681779e-02,
          1.59140125e-02,   2.65485620e-02,   3.76195713e-02,
          1.86156586e-02,   2.50251366e-02,   3.11900907e-02,
          2.06108405e-02,   2.11858531e-02,   2.85555249e-02,
          3.24971285e-02,   2.12053770e-02,   2.37174942e-02,
          2.93842447e-02,   4.69135756e-02,  -3.28877580e-01,
          1.80950239e-02,   2.29513370e-02,   3.44332983e-02,
          1.71853765e-02,   2.30809637e-02,   2.14079273e-02,
          1.63998821e-02,   2.42109975e-02,   2.28633272e-02,
          2.26964534e-02,   2.35379039e-02,   2.69367580e-02,
          3.25720727e-02,   1.75452528e-02,   3.95264533e-02,
          1.74810486e-02,   2.31683744e-02,   1.43856916e-02,
          1.78691855e-02,   2.10313668e-02,   1.93247687e-02,
          3.02195338e-02,   1.86420146e-02,   2.19926278e-02,
          1.82857556e-02,   2.40048175e-02,   2.82351707e-02,
          2.60675540e-02,   2.57599517e-02,   2.04995443e-02,
          1.76476774e-02,   2.12333513e-02,   2.23177614e-02,
          2.03204386e-02,   2.37321251e-02,   2.31181033e-02,
          2.58476009e-02,   1.87101775e-02,   1.98496435e-02,
          1.24156731e-02,   3.55011838e-02,   1.78822475e-02,
          2.07107479e-02,   2.20718460e-02,   2.09771617e-02,
          1.90506954e-02,   1.74520639e-02,   3.08581932e-02,
          1.73295681e-02,   2.06268854e-02,   1.89042059e-02,
          1.68275545e-02]])]Hidden bias: [array([-0.05064044, -0.05278711, -0.03933194, -0.03402791, -0.04252427,
       -0.03937371, -0.03892659, -0.04337914, -0.05301567, -0.08755152,
       -0.03967289, -0.03682071, -0.03897621, -0.03144715, -0.03786225,
       -0.04249148, -0.0785657 ,  0.09825147, -0.03847794, -0.05041421,
       -0.03675454, -0.04741477, -0.0401956 , -0.04673741, -0.03159006,
       -0.05963598, -0.05848575, -0.04456715, -0.03880872, -0.04454539,
       -0.03452171, -0.07464397, -0.04678601, -0.03633654, -0.04848704,
       -0.06633279, -0.03704493, -0.04754992, -0.05906307, -0.03813623,
       -0.03920002, -0.05369779, -0.05880648, -0.03464437, -0.04251851,
       -0.05663346, -0.06678785,  0.09423878, -0.03335222, -0.04031698,
       -0.06851817,  0.18435314, -0.03960375, -0.04732076, -0.03120464,
       -0.04471104, -0.04959728, -0.05190398, -0.04076719, -0.05041474,
       -0.06288044, -0.03357402, -0.08083303, -0.03543068, -0.03749117,
       -0.02955288, -0.03541913, -0.03399418, -0.03938396, -0.05710159,
       -0.03499852, -0.03516323, -0.03629928, -0.04855775, -0.05397324,
       -0.04755381, -0.04430165, -0.04090752, -0.03389934, -0.04419693,
       -0.03597653, -0.0348143 , -0.03937704, -0.04602573, -0.04773625,
       -0.04120294, -0.03184869, -0.02709692, -0.05783612, -0.03716718,
       -0.04049926, -0.03818746, -0.03643065, -0.04313904, -0.03435757,
       -0.05648369, -0.03012718, -0.03861745, -0.03482967, -0.03496865])]Output weights: [[ -1.73432360e-03  -1.02556102e-02]
 [  5.49256746e-03  -1.58864696e-02]
 [ -1.87648297e-03   5.56209323e-03]
 [  9.94551538e-04   9.89459085e-03]
 [  8.61646770e-04  -3.73301879e-03]
 [  2.83832394e-03  -1.41372004e-03]
 [  3.24508311e-04  -1.75247134e-03]
 [ -1.50650797e-03  -7.69676433e-04]
 [  2.54381787e-03  -1.62322172e-02]
 [  4.08594480e-03  -5.16317597e-02]
 [ -1.56222849e-03   6.55916225e-03]
 [  2.39193173e-03   1.45448585e-03]
 [ -2.04841182e-03   7.71475818e-03]
 [  7.61383192e-04   1.33127105e-02]
 [  9.34102735e-04   4.75240950e-03]
 [ -3.60543529e-03   1.53263106e-03]
 [  1.90042196e-03  -5.07752665e-02]
 [  5.73997075e-01   5.32794078e-01]
 [  6.53204556e-04   5.26865208e-03]
 [ -2.91648244e-04  -1.01622411e-02]
 [  2.01254760e-03   5.72752732e-03]
 [  2.23226783e-03  -9.93178161e-03]
 [  4.68531753e-03  -2.95717608e-05]
 [ -1.36347764e-03  -5.84233841e-03]
 [  1.16155393e-03   1.33398276e-02]
 [  2.69364085e-03  -2.78868905e-02]
 [ -1.77096094e-03  -2.18703389e-02]
 [ -1.49562828e-03  -2.89473427e-03]
 [  3.20204710e-05   6.07491107e-03]
 [ -2.59236634e-03  -2.12455756e-03]
 [ -2.07355034e-04   1.00320637e-02]
 [  6.09772954e-03  -4.50945315e-02]
 [ -2.44646732e-03  -5.80251084e-03]
 [  1.21292534e-03   5.05432244e-03]
 [ -3.23657355e-03  -8.06082699e-03]
 [  3.97763427e-03  -3.54922357e-02]
 [  1.23491843e-03   4.35123958e-03]
 [  2.36300256e-03  -8.39646150e-03]
 [  1.15220645e-03  -2.87098313e-02]
 [ -2.82678580e-04   1.97088792e-03]
 [ -7.69242922e-04   2.84886706e-03]
 [ -1.88722938e-03  -2.10127369e-02]
 [  4.31403521e-03  -2.36223541e-02]
 [ -9.43045006e-04   1.02458167e-02]
 [  5.91501221e-04   1.44525273e-03]
 [  5.01788294e-03  -2.22091358e-02]
 [  4.18064274e-03  -3.04643262e-02]
 [  8.55210658e-01  -3.88082388e-01]
 [  1.25933174e-03   1.12485223e-02]
 [ -1.50528045e-04   2.76885267e-03]
 [  4.66027652e-03  -3.88523062e-02]
 [  3.91887197e-02   4.86630400e-01]
 [  2.63064666e-03   4.23559779e-03]
 [ -2.51661982e-03  -5.72053065e-03]
 [  4.41701788e-04   1.34792566e-02]
 [ -8.65154186e-04  -2.33336036e-03]
 [ -2.27252138e-03  -7.00575320e-03]
 [ -1.32231752e-03  -1.10431191e-02]
 [  1.80609705e-03   1.40026315e-03]
 [  1.66531938e-03  -1.12674615e-02]
 [  4.93881271e-03  -3.04872155e-02]
 [  3.56647665e-03   8.34743536e-03]
 [ -2.63924642e-03  -6.38040346e-02]
 [  1.81666525e-03   7.48017562e-03]
 [ -9.65492147e-04   7.75361315e-03]
 [  6.24496938e-04   1.69787872e-02]
 [  2.04328155e-03   7.80988280e-03]
 [ -2.36894820e-03   1.49196176e-02]
 [  2.32378818e-03   8.45085273e-04]
 [  2.93844573e-03  -2.37148468e-02]
 [ -1.85113744e-03   1.15796246e-02]
 [  2.06340804e-03   1.07523702e-02]
 [  1.88354473e-03   4.94821894e-03]
 [  2.84075015e-03  -1.17386101e-02]
 [  2.22071669e-03  -1.62051291e-02]
 [  3.97510604e-03  -7.73815973e-03]
 [  2.48498709e-03  -6.09917192e-03]
 [  3.67792940e-03  -6.29725266e-05]
 [  2.11891525e-03   1.11311494e-02]
 [  5.57006945e-03  -4.68843973e-03]
 [  2.30527749e-03   8.99036888e-03]
 [  1.14764419e-03   1.05172362e-02]
 [  3.88412894e-04   3.43859269e-03]
 [  3.08066909e-03  -7.07788175e-03]
 [  1.83876877e-03  -7.74390589e-03]
 [  1.90917055e-03  -7.51990104e-04]
 [  1.34477693e-03   1.54765253e-02]
 [  1.81663324e-03   1.69434204e-02]
 [  3.90716099e-04  -2.45076112e-02]
 [  3.56270984e-03   4.52035543e-03]
 [  1.37927328e-03   7.70958104e-04]
 [  2.62399785e-03   4.68087910e-03]
 [  9.31447654e-04   8.57945276e-03]
 [  3.92854065e-03  -6.67174360e-03]
 [  7.20799164e-04   1.00210344e-02]
 [  2.59569249e-03  -1.85758184e-02]
 [ -1.60446203e-04   1.48748922e-02]
 [ -1.33605094e-03   5.52415751e-03]
 [  1.13588589e-03   9.32518963e-03]
 [  1.81155602e-03   7.55474591e-03]]Output bias: [-0.23829678  0.14718257]
Value MLP:Hidden weights: [array([[ -2.20925195e+00,   3.94858401e+00,  -5.53080423e+00,
          4.86632959e+00,   5.89314209e+00,   2.10625112e+00,
          2.01564033e+00,   3.09282477e+00,   1.67000797e+00,
          4.15879337e+00,   5.52192144e+00,  -1.10397096e+01,
          6.10253370e+00,   9.77901013e-02,   2.99954317e+00,
         -4.38379773e+00,   4.03896783e+00,   2.74027892e+00,
         -5.12239929e-01,  -8.90657702e+00,   1.96302226e+00,
         -6.28890961e+00,   1.30186208e+01,   2.14941035e+00,
          6.27938434e+00,   3.40745255e+00,  -4.90321416e-01,
         -8.11540901e+00,   9.42558556e+00,   6.44484881e-01,
         -2.60187253e+00,   2.01868005e+00,  -5.30433684e+00,
         -4.23684496e+00,   9.17141617e+00,   8.16272410e+00,
          1.33810633e+00,   3.36734791e+00,   9.89561163e+00,
         -6.67868292e+00,   7.30402506e+00,  -9.59276859e+00,
          8.27504371e-01,  -1.23851526e+01,   2.45478702e-01,
          2.45307636e+00,  -2.06160626e+01,   6.18295573e-01,
         -3.28232732e+00,  -5.67300360e+00],
       [  9.66353734e+00,   9.92877849e+00,  -4.54698251e+00,
         -8.15384063e+00,   1.01557041e+01,   1.00603408e+01,
          1.26763331e+01,   9.61078843e+00,   8.54274270e+00,
         -6.70514134e+00,  -8.17923572e+00,   5.38939215e+00,
         -7.16975293e+00,  -2.62841749e+00,   3.62354258e+00,
          4.60648556e+00,  -4.64089893e+00,  -3.14293525e+00,
          8.84762950e+00,   3.58008206e+00,  -3.53542427e+00,
          5.70620643e-01,   5.34412308e+00,   1.84133990e+00,
          3.96839733e+00,  -8.14129023e+00,  -1.01189345e+01,
          3.88492549e+00,   1.16963669e+01,  -2.45214809e+00,
         -3.76890646e+00,  -3.48588933e+00,   7.69736461e+00,
         -1.02098245e+01,   4.23500417e+00,  -4.60864873e-01,
          8.52453397e+00,   5.84395011e+00,   1.26359489e+01,
          1.19149181e+01,   4.49164777e+00,  -2.94094465e+00,
          2.54498326e-02,  -4.20718340e-01,  -1.25464135e+00,
         -3.97904095e-01,  -3.48590984e+00,   3.78341955e+00,
         -2.70020378e+00,   2.73301113e+00],
       [ -4.00217290e+00,  -1.81613560e+01,   7.82772236e+00,
          4.41317943e+01,  -9.21776285e+00,  -9.96805782e+00,
          5.06586793e+00,  -2.10570708e+01,  -5.22209407e-01,
          1.44235570e+00,  -5.59521447e+00,  -3.07891333e+00,
          9.53577540e+00,  -7.08097361e-01,   2.26356179e+01,
          1.75764594e+00,  -5.32864154e+00,   2.80322977e+00,
         -7.99321318e+00,  -1.15498810e+01,   7.62796308e+00,
         -1.09010868e+01,   1.63099950e+01,   3.24197910e+01,
          1.61119032e+01,   3.13253101e+00,  -1.23133359e+01,
         -2.79574131e+01,   2.56787687e+00,  -4.46179976e+00,
         -1.14140642e+00,   3.67872838e+01,   2.50434024e+00,
         -5.37287827e+00,  -2.29061615e+01,   1.62202823e+01,
          2.31270340e+01,  -2.16581718e+01,   1.70551187e+01,
          1.42207396e+01,  -1.83521204e+00,   2.32726742e+01,
         -2.04826498e+01,  -2.29188818e+01,  -9.86681117e+00,
         -4.13795079e+01,  -1.72876685e+01,  -2.49405597e+01,
          3.11422495e+00,   1.60512509e+00],
       [  1.36223661e+01,   1.22881375e+01,   1.72138769e+01,
          1.52603099e+01,   7.68945803e+00,   1.68170923e+01,
          2.89486639e+00,   9.86010460e+00,   1.42738993e+01,
          2.48056343e+00,  -8.49435569e+00,   1.10584348e+01,
          1.44003532e+01,   3.11378149e+00,   5.48755370e+00,
          1.02304278e+01,  -4.02068480e+00,   2.00394524e+01,
         -4.55081628e-01,   8.33545318e+00,  -5.60262494e+00,
          3.15448409e+00,   1.09320406e+01,  -2.38773574e+01,
          3.77777002e+00,   1.11668578e+01,  -3.85207261e+00,
         -1.96270454e+00,  -9.80794224e+00,  -3.60715114e+00,
          7.83754328e+00,   8.64853296e+00,   1.11679116e+01,
          4.42803996e+00,   6.12502083e+00,   5.12972506e+00,
          1.39897713e+00,   1.05864488e+01,  -8.19206612e-01,
          1.14998719e+01,   7.47518042e+00,  -1.99013086e+01,
         -9.24310119e+00,   7.96422321e+00,   1.99062929e+01,
          5.03662055e+00,  -2.08313446e+00,  -7.15832286e-01,
         -7.41417515e+00,   8.97001155e+00],
       [  1.30163836e+01,  -5.50704138e+00,  -1.56843819e+01,
         -2.70390564e+01,  -1.20741313e+01,  -9.78305818e+00,
          1.86782472e+01,   1.25050277e+01,   1.72855420e+01,
         -4.23663478e-01,   3.82428739e+00,  -3.15689203e+01,
          5.22764069e+00,  -8.11051926e-01,   3.06411745e-01,
          1.14889357e+01,   1.22255741e+01,   6.02073474e+00,
         -8.62653175e+00,  -3.37832803e+01,   2.20797638e+01,
         -5.18343665e-01,   5.25512592e+00,   1.87006872e+01,
          2.18174505e+01,  -2.90288392e+00,   5.31396847e+00,
          4.02135059e+01,  -1.00313460e+02,  -1.74443045e+00,
          3.20387778e+00,  -5.67305349e+01,   9.20402690e+00,
         -1.80060201e-01,   2.68064257e+01,  -1.76176420e+01,
          3.20422722e+01,  -3.85685680e+00,  -3.36062875e+00,
         -8.07766903e-01,   2.38618965e+00,   1.09814244e+01,
          8.14800097e+00,  -8.95429313e+00,   1.82030875e+01,
          9.79497112e+00,  -8.76603497e+00,  -7.26297926e-01,
          4.67155533e+00,  -3.65609415e-01],
       [ -1.87587461e+01,  -2.55153065e+01,   2.51680721e+01,
          1.86365402e+01,  -1.96193986e+01,  -2.37784824e+01,
          3.13619165e+01,  -1.04347620e+01,   1.55471219e+01,
         -2.92562566e-01,  -4.32749816e+00,  -7.78573685e+00,
         -1.33587899e+00,  -2.96095587e-01,   2.01581858e+01,
          3.84790490e+01,  -2.40443039e+00,   2.54576431e+01,
         -1.70640367e+01,  -5.80273416e+00,   5.32096857e+00,
         -2.23375150e+01,   1.53077710e+01,   2.70450943e+01,
         -2.88230355e+00,   5.45625887e+00,  -3.48210000e+01,
         -5.11885940e+01,  -1.50091468e+01,  -2.46122317e+01,
         -3.39941604e+00,  -2.66388927e+01,   3.45991469e+01,
         -4.16918004e+01,  -9.26372036e+00,  -2.05684405e+01,
          3.38967079e+01,  -2.92111166e+01,   2.11304333e+01,
          1.94178501e+01,  -7.70134909e+00,   3.33297722e+01,
         -1.29767019e+01,  -1.31785718e+01,  -9.20446732e+00,
         -3.33604653e+01,  -1.39216739e+01,  -1.05171815e+01,
          2.45841398e+01,  -3.58170315e+01],
       [ -1.45756139e+01,  -3.61211236e+00,  -1.32416314e+01,
         -1.55336586e+00,  -6.04772905e+00,  -1.31768724e+01,
          8.94013521e+00,  -1.36829735e+01,  -1.47606462e+01,
         -7.51173232e-01,   8.31619710e+00,   2.07731578e+00,
         -1.39921161e+00,  -2.04538320e+00,  -5.21368980e+00,
         -9.70701709e-01,  -3.19469269e+01,  -7.26595890e+00,
         -1.49269076e+01,  -3.07144652e-01,   2.20934946e+00,
         -5.49312903e+00,  -9.08226958e+00,   6.92445794e+00,
         -1.04873394e+01,  -3.37557875e+00,  -3.38858231e+00,
         -1.63394024e+01,  -1.00491296e+01,  -2.52135696e+01,
         -1.13947469e+01,   2.07907182e+01,   1.44189624e+00,
         -3.87032357e-02,  -1.17392374e+01,  -6.63891974e+00,
         -1.00339406e+01,  -1.57580122e+01,  -1.23085711e+01,
         -4.71418837e+00,  -1.32183725e+00,   1.83638491e+01,
         -1.04651172e+01,  -1.54326651e+01,  -1.01181485e+01,
         -1.02615330e+01,  -8.02619331e-01,  -3.77882036e+00,
          1.51058819e+01,  -1.71455172e+01],
       [ -7.24574238e+00,   1.12138196e+00,  -1.29756764e+00,
         -1.19528125e+01,  -1.48232175e+01,  -1.15718006e+01,
         -8.25823550e+00,  -2.20087366e+00,  -6.60650595e+00,
         -1.18844988e+00,   1.34126017e+01,  -1.69222603e+01,
         -4.12703154e+00,  -4.02727979e+00,  -1.33997006e+01,
         -1.10695300e+00,  -1.29659104e+00,  -5.26217293e-01,
          1.10189308e+01,   2.22860602e-01,   5.67613067e+00,
         -1.18728316e+01,  -5.17440582e+00,   1.55679853e+00,
          1.77424359e+00,  -8.00788570e+00,   6.19509355e+00,
          7.40584173e+00,  -1.33452785e+01,  -5.80716368e-01,
         -7.86735504e+00,   3.69018046e+00,  -5.09293794e+00,
          2.84392339e+00,   7.35100389e+00,   4.18387451e+00,
         -5.49581592e+00,  -7.07516374e+00,  -1.57157860e+01,
         -5.65775938e+00,   3.19242058e+01,  -2.78015380e+00,
          5.61517776e-01,   3.84943386e-01,   1.97193342e+01,
          1.28445686e+01,   3.83563015e+00,  -8.80274757e+00,
         -1.18493767e+01,  -7.15982912e+00]])]Hidden bias: [array([-27.20445286, -25.23471144, -20.21866003, -20.19503594,
       -15.48265352, -21.23145984,   3.04193087, -20.09493318,
       -20.42554021, -13.58390711,  24.4135191 , -13.0204176 ,
       -21.74268961, -10.80761342,  -7.23740693,  15.37513981,
        11.46445271, -21.52647394,  -7.21713079,  -8.26794218,
        21.78445378,  -5.99502288, -19.11837328,  14.13556336,
       -18.3704643 , -23.47587113,   5.91048321,  -3.4309837 ,
       -22.03294665,   6.10791762, -25.33254196,  -3.48714536,
       -15.83914693, -18.71355216,  -3.81596493, -17.89135242,
       -14.30964508, -12.23782603,  -3.26954427, -21.93031022,
       -12.36381097,  25.85072274,  10.17905147,   4.57869922,
       -10.76901459,  -3.96030899,  11.22466415, -18.2662123 ,
         6.76234526,  -9.94290247])]Output weights: [[  7.09439799]
 [ -6.85885237]
 [  6.48242043]
 [  1.71714696]
 [ -4.2477198 ]
 [ -5.37431669]
 [ -0.2615391 ]
 [  3.87612862]
 [ -5.84208307]
 [  1.94159562]
 [  2.46375751]
 [ -1.99896012]
 [  4.27001943]
 [ 11.18720974]
 [  0.53802001]
 [  3.91167787]
 [  4.78285182]
 [  3.11842518]
 [  0.21410992]
 [ -2.59828335]
 [  5.35278029]
 [ -2.18824206]
 [ -4.38454795]
 [  3.95265202]
 [  4.67345411]
 [  0.0471148 ]
 [ -0.21134303]
 [  0.15697974]
 [  0.71937902]
 [  2.48881295]
 [  1.12511769]
 [  0.16099537]
 [ -4.89284321]
 [ -1.22766047]
 [  0.94744522]
 [ -1.91849387]
 [ -1.57025599]
 [ -1.94394547]
 [ -2.46481177]
 [ -3.10919477]
 [ -4.98970615]
 [  4.74493578]
 [ -1.44528085]
 [ -1.53088209]
 [  0.96930072]
 [  0.7120913 ]
 [  3.85672455]
 [ -2.84017429]
 [  2.86781904]
 [ -2.42552063]]Output bias: [-31.00725784]