Action MLP:Hidden weights: [array([[ -4.30305658e-02,   1.01273171e-01,  -6.13962722e-02,
          4.24650660e-03,   1.23965290e-02,   4.43256785e-02,
          7.22284122e-02,  -3.90954089e-02,   3.24294653e-02,
          1.69140214e-01,  -5.51361288e-02,   5.91414420e-02,
         -4.93018543e-02,   2.51331214e-03,  -5.83160168e-03,
         -8.76127790e-02,   1.71030870e-01,   1.39547977e-01,
         -1.31886435e-02,  -2.50146777e-02,   8.02498626e-03,
          2.54504026e-02,   5.59019550e-02,  -4.88697195e-02,
          6.35828236e-04,   1.17477715e-01,  -8.00155676e-02,
         -5.73800728e-02,  -2.03367617e-02,  -5.89794211e-02,
         -3.12985984e-02,   1.32817198e-01,  -6.55040945e-02,
          2.09320603e-02,  -7.01975649e-02,   1.19291352e-01,
          1.11623924e-02,   1.63255861e-02,   1.22907008e-01,
          2.41469247e-02,  -2.02396348e-02,   7.05194045e-02,
          7.98941377e-02,  -2.72207038e-02,  -2.48569871e-02,
          7.53508516e-02,   1.68147315e-01,  -1.27300952e-01,
         -4.30185251e-03,  -7.48628358e-03,   8.90368025e-02,
         -1.10037929e-01,   1.78574964e-02,  -7.84641031e-02,
         -4.14902566e-03,  -4.00816505e-02,  -7.50368145e-02,
         -6.29526644e-02,   1.24259292e-02,   7.58832036e-03,
          9.96922250e-02,   4.45239981e-02,   1.62415040e-01,
          1.52923281e-04,  -3.81935599e-02,  -7.32362866e-03,
          5.91273804e-03,  -7.68183595e-02,   5.18026348e-02,
          7.02253281e-02,  -5.76445873e-02,   1.38457596e-02,
          2.57211740e-02,   4.25974186e-02,   1.46944832e-02,
          5.08799205e-02,   8.83976376e-02,   4.33542784e-02,
          1.84142877e-02,   7.14607601e-02,   1.51228302e-02,
         -2.25465932e-04,  -1.47525670e-02,   3.33448256e-02,
          5.50344352e-03,   3.39119863e-03,  -1.39764099e-02,
          2.20960564e-02,   1.06918094e-01,   3.08028811e-02,
          1.70619238e-02,   1.76538443e-02,  -1.14778604e-02,
          7.48517248e-02,  -1.35369843e-02,   2.21263944e-02,
         -1.59837845e-02,  -3.62882317e-02,   2.14230128e-02,
          2.64384319e-02],
       [  3.16297625e-01,   3.16767128e-01,   3.18325868e-01,
          2.89923398e-01,   3.00361894e-01,   3.00048907e-01,
          2.62414395e-01,   3.07573574e-01,   3.18112346e-01,
          2.87590541e-01,   3.21801934e-01,   2.89340932e-01,
          3.03189748e-01,   2.86121714e-01,   3.06819562e-01,
          3.20218464e-01,   2.79073586e-01,   3.19264410e-01,
          3.09024812e-01,   3.26919837e-01,   3.06576364e-01,
          3.13719055e-01,   3.21285169e-01,   3.39015094e-01,
          2.84510225e-01,   2.82086670e-01,   3.71041676e-01,
          3.26494697e-01,   3.13599195e-01,   3.12189780e-01,
          2.91477125e-01,   3.09913682e-01,   3.41722478e-01,
          2.87722189e-01,   3.15175632e-01,   2.94531379e-01,
          2.96312440e-01,   3.23706549e-01,   2.75617680e-01,
          2.68013941e-01,   2.94359924e-01,   2.59262225e-01,
          3.14105376e-01,   2.85288666e-01,   3.27838045e-01,
          3.18994771e-01,   2.95017420e-01,   1.87513659e-01,
          3.00437938e-01,   2.95954117e-01,   3.14032812e-01,
          5.87680324e-01,   3.20089003e-01,   3.50664240e-01,
          2.81173258e-01,   3.24920267e-01,   3.59580149e-01,
          3.64525521e-01,   3.14858592e-01,   3.21468550e-01,
          3.16704622e-01,   3.03012480e-01,   2.36943070e-01,
          3.06053273e-01,   2.93762058e-01,   2.80694730e-01,
          3.01187228e-01,   2.95956952e-01,   2.94914173e-01,
          3.03293819e-01,   2.94597119e-01,   3.05699304e-01,
          2.91250967e-01,   3.11970883e-01,   3.32571006e-01,
          3.18595770e-01,   2.88230274e-01,   3.12510668e-01,
          3.03435065e-01,   3.24661800e-01,   3.12363757e-01,
          2.94799535e-01,   3.02640310e-01,   3.22225468e-01,
          3.30005795e-01,   3.19154671e-01,   2.98288934e-01,
          2.74703841e-01,   2.77636897e-01,   3.13637111e-01,
          3.00940936e-01,   3.13904412e-01,   3.03719335e-01,
          3.03707094e-01,   3.01183852e-01,   3.37054111e-01,
          2.70749227e-01,   2.97416264e-01,   2.84853061e-01,
          2.94630435e-01],
       [ -1.70129623e-02,  -8.18069452e-02,   2.93596071e-02,
          1.05239500e-02,  -1.65834360e-02,   1.10268483e-03,
         -1.47663719e-02,  -7.34051089e-03,  -4.93829841e-02,
         -1.38720618e-01,   2.14441809e-02,  -3.71762947e-03,
         -1.59409032e-03,   1.54911970e-02,   3.22088087e-03,
          4.02844093e-02,  -1.11981224e-01,  -1.75369632e+00,
          9.30194339e-05,  -1.61796871e-02,   4.72938893e-03,
         -3.21212976e-02,  -5.02875911e-03,   3.31986092e-02,
          9.15411878e-03,  -1.10590515e-01,   6.09533944e-02,
          2.12000865e-02,   7.05851795e-03,   4.02734387e-03,
          1.76148667e-02,  -1.52878945e-01,   4.78172833e-02,
          4.38194677e-03,   3.67199364e-03,  -1.24571773e-01,
         -8.62121260e-04,  -3.08325215e-02,  -7.48731150e-02,
         -1.56336812e-02,   1.65695939e-03,  -5.43571462e-02,
         -9.15961346e-02,   3.47535319e-03,   5.79234982e-03,
         -8.08468230e-02,  -1.44653818e-01,   1.98903612e+00,
          1.12551031e-02,  -1.31726033e-02,  -1.13193938e-01,
         -4.02396202e-01,  -1.33751054e-02,   5.59102331e-02,
          1.29236015e-02,   2.41184474e-03,   5.08696790e-02,
          4.81443123e-02,  -1.50020102e-02,  -3.33524246e-02,
         -1.03978062e-01,  -7.35919172e-04,  -8.16561685e-02,
          1.03230743e-02,  -2.82590952e-03,   2.61737366e-02,
          9.48091429e-04,   2.75906060e-02,  -1.37813276e-02,
         -8.11273524e-02,   2.72744568e-02,  -6.66103257e-03,
         -6.19745413e-03,  -4.12129665e-02,  -3.74095899e-02,
         -5.29757348e-02,  -4.63327266e-02,  -2.37217933e-02,
          1.18098790e-02,  -3.56589191e-02,  -7.43786366e-03,
         -3.90818584e-03,  -1.26806647e-02,  -2.99984180e-02,
         -2.25968866e-02,   8.85118649e-03,   1.03518798e-02,
          2.52126830e-02,  -7.83308340e-02,  -1.47790716e-03,
         -1.24837991e-02,  -1.11205409e-02,  -6.54094594e-04,
         -2.90839598e-02,   1.73924590e-02,  -4.88528409e-02,
          5.99302673e-03,   8.26889477e-03,  -5.69902154e-03,
          8.33950021e-03],
       [ -2.70859019e-01,  -2.30841422e-01,  -2.85976603e-01,
         -2.77922345e-01,  -2.69430727e-01,  -2.56756050e-01,
         -2.92085726e-01,  -2.83881520e-01,  -2.41947019e-01,
         -2.94918651e-01,  -2.87468029e-01,  -2.70716549e-01,
         -2.93915825e-01,  -2.92648971e-01,  -2.68109419e-01,
         -2.99115642e-01,  -2.79825888e-01,  -2.07267426e+00,
         -2.74945738e-01,  -2.62135815e-01,  -2.60929802e-01,
         -2.49364659e-01,  -2.42358053e-01,  -2.79630583e-01,
         -2.86692559e-01,  -2.46949679e-01,  -2.74356887e-01,
         -2.76604878e-01,  -2.79674792e-01,  -2.87130342e-01,
         -2.85744677e-01,  -2.12326053e-01,  -2.84254847e-01,
         -2.79702093e-01,  -2.83109070e-01,  -2.27332376e-01,
         -2.71113478e-01,  -2.48656106e-01,  -2.67650037e-01,
         -2.83848381e-01,  -2.82346057e-01,  -2.92421489e-01,
         -2.26774155e-01,  -2.93270609e-01,  -2.64182195e-01,
         -2.19006404e-01,  -2.38886885e-01,  -2.26913428e+00,
         -2.78422935e-01,  -2.82815522e-01,  -2.21133181e-01,
         -8.73350252e-02,  -2.58831831e-01,  -2.82713814e-01,
         -2.94525828e-01,  -2.80180630e-01,  -2.85736088e-01,
         -2.73468389e-01,  -2.61828951e-01,  -2.46714177e-01,
         -2.28190325e-01,  -2.56324671e-01,  -3.26714198e-01,
         -2.64611916e-01,  -2.84153647e-01,  -2.99359674e-01,
         -2.64436738e-01,  -3.08265089e-01,  -2.68963713e-01,
         -2.41639461e-01,  -3.05768717e-01,  -2.71687051e-01,
         -2.67327059e-01,  -2.47646952e-01,  -2.41304214e-01,
         -2.41931093e-01,  -2.65008012e-01,  -2.52403734e-01,
         -2.75110780e-01,  -2.35555134e-01,  -2.67149313e-01,
         -2.79229317e-01,  -2.68311600e-01,  -2.50552726e-01,
         -2.51628294e-01,  -2.52766642e-01,  -2.72237040e-01,
         -2.87158825e-01,  -2.67883030e-01,  -2.48745575e-01,
         -2.70199376e-01,  -2.54182405e-01,  -2.75598968e-01,
         -2.52308416e-01,  -2.80882897e-01,  -2.38102712e-01,
         -2.97232911e-01,  -2.96113452e-01,  -2.88176365e-01,
         -2.74031759e-01],
       [  3.57170974e-02,   1.29266346e-02,  -7.67749313e-03,
         -2.34044793e-02,   1.82492853e-03,  -2.38467194e-02,
         -9.99174429e-03,   1.57184130e-02,   2.66910156e-02,
          1.42412303e-01,  -6.91104048e-03,  -2.98233711e-02,
          6.95174443e-03,  -3.11649986e-02,  -1.54559376e-02,
          4.55027077e-03,   9.62460304e-02,   1.37345936e+00,
         -1.06086066e-02,   2.38234514e-02,  -2.33880511e-02,
          9.12601443e-03,  -3.36811723e-02,  -3.63965417e-03,
         -2.61512139e-02,   5.21099567e-02,   1.37912074e-02,
          3.09602952e-03,  -1.13252986e-02,   1.79566507e-02,
         -1.44632885e-02,   1.01374392e-01,  -4.03401796e-03,
         -1.91714300e-02,   3.12861194e-02,   7.32645420e-02,
         -1.60866508e-02,   7.88717091e-03,   3.86958867e-02,
          2.48262908e-03,  -7.78077062e-04,   4.55190362e-02,
          4.28756427e-02,  -7.16832745e-03,  -7.35826484e-03,
          3.05313973e-02,   6.20428743e-02,  -1.20004586e+00,
         -2.88285070e-02,   4.41569279e-03,   7.72989132e-02,
          1.18942282e+00,  -1.77197305e-02,  -6.51158972e-03,
         -2.67918277e-02,   5.98530775e-03,  -2.63562496e-03,
         -1.83482094e-03,  -1.01690458e-02,   2.14738750e-02,
          5.00637130e-02,  -4.07552734e-02,   1.25621218e-01,
         -2.70308815e-02,   3.72979159e-03,  -3.53058462e-02,
         -2.12963400e-02,  -6.69949411e-03,  -1.80371055e-02,
          4.19536680e-02,  -9.50759767e-03,  -2.43369303e-02,
         -1.97075233e-02,   1.07297536e-02,   2.46745452e-02,
          8.08336166e-03,  -3.26087861e-03,  -1.63396260e-02,
         -3.48809601e-02,  -1.91308526e-02,  -2.53820785e-02,
         -1.65615299e-02,  -3.24821194e-04,  -1.86230802e-03,
          6.36706912e-03,  -1.72093031e-02,  -2.78757375e-02,
         -4.92464611e-02,   4.19887577e-02,  -3.02819424e-02,
         -7.17806309e-03,  -1.96032782e-02,  -1.46787875e-02,
         -1.58920981e-02,  -2.54395212e-02,   3.08792646e-02,
         -1.73709387e-02,  -1.34210154e-04,  -1.79869504e-02,
         -2.97401160e-02],
       [  5.30796122e-02,   1.32446947e-01,  -2.40358422e-02,
         -3.12875789e-02,   1.04110813e-02,  -2.29866461e-02,
          3.46839931e-02,   1.19736387e-02,   8.32330238e-02,
          5.14732252e-01,  -8.17542742e-03,  -2.41682883e-03,
          2.37620144e-02,  -4.81575654e-02,  -6.33247200e-03,
         -3.86830188e-02,   3.89816674e-01,   1.10737793e-01,
         -8.85742443e-03,   4.96737903e-02,  -1.91349853e-02,
          4.84637896e-02,   1.12632440e-03,  -1.63495116e-02,
         -5.81547226e-02,   2.05920168e-01,  -2.09455778e-02,
         -9.03152986e-03,  -4.35669262e-03,   1.59683676e-02,
         -5.14035308e-02,   2.75289322e-01,  -2.95637341e-02,
         -3.15873054e-02,   1.94001632e-02,   2.25729948e-01,
         -1.90894404e-02,   4.70062007e-02,   1.85042478e-01,
          1.84480601e-02,   2.78941822e-03,   1.29630770e-01,
          1.52765309e-01,  -1.13176256e-02,   1.74370244e-02,
          1.32477344e-01,   3.26795826e-01,  -8.97276164e-02,
         -3.55314969e-02,   1.42446175e-02,   1.87169106e-01,
          3.01962351e+00,   1.85436581e-02,  -3.11461797e-02,
         -4.72769527e-02,   1.01947223e-02,  -2.30399807e-02,
         -1.11686778e-02,   2.42047793e-02,   6.34240772e-02,
          1.65369749e-01,  -1.68245654e-02,   3.33210493e-01,
         -3.00501074e-02,  -1.42162652e-03,  -7.06622389e-02,
         -3.67349061e-02,  -4.75115465e-02,   1.94525015e-02,
          1.32955433e-01,  -5.33778648e-02,   5.57946877e-03,
         -2.54695185e-03,   5.85704036e-02,   7.63429709e-02,
          6.59705077e-02,   1.00155403e-01,   2.06830851e-02,
         -3.32938674e-02,   4.62176721e-02,   4.08115601e-03,
         -1.27472699e-02,   1.81613270e-02,   3.90764964e-02,
          4.51480198e-02,  -1.26430680e-02,  -2.59287608e-02,
         -7.64859883e-02,   2.02945053e-01,  -1.89286284e-02,
          1.52299215e-02,   1.00202398e-02,  -5.76629841e-03,
          3.36617427e-02,  -4.28344703e-02,   1.01220823e-01,
         -5.66404691e-02,  -2.08430105e-02,  -1.12831958e-02,
         -2.38009038e-02],
       [  7.72945461e-02,   8.22614605e-02,   7.83465185e-02,
          1.14912200e-01,   8.70505461e-02,   1.05927908e-01,
          1.10602691e-01,   8.32954496e-02,   8.11759452e-02,
          3.00989416e-02,   7.89639171e-02,   9.59729120e-02,
          8.31421345e-02,   1.10400202e-01,   8.93793318e-02,
          7.95243219e-02,   3.22725149e-02,  -7.46101674e-02,
          9.31131655e-02,   7.29321553e-02,   9.95573824e-02,
          7.84455920e-02,   9.99702414e-02,   6.82871987e-02,
          1.19541177e-01,   6.83476093e-02,   5.84184780e-02,
          7.27767223e-02,   8.98265896e-02,   7.35000920e-02,
          1.14310542e-01,   6.24608912e-02,   6.13578894e-02,
          1.18044027e-01,   6.86621726e-02,   7.16577873e-02,
          9.88077742e-02,   7.59834985e-02,   8.02858012e-02,
          1.12476687e-01,   9.43487740e-02,   9.66037505e-02,
          8.07780830e-02,   9.90096559e-02,   8.42242094e-02,
          7.31466032e-02,   5.74214775e-02,   8.88524141e-03,
          9.85777252e-02,   1.02152620e-01,   6.77562598e-02,
         -2.56755200e-01,   8.96788805e-02,   5.71266795e-02,
          1.11388426e-01,   7.33918986e-02,   6.09193096e-02,
          5.88617590e-02,   8.17306066e-02,   8.37847273e-02,
          7.06820227e-02,   9.26927895e-02,   4.87756912e-02,
          9.80991861e-02,   1.00633338e-01,   1.27480004e-01,
          1.07093489e-01,   1.04503222e-01,   1.06000267e-01,
          7.50179767e-02,   1.09270140e-01,   1.00081101e-01,
          1.03644116e-01,   8.24957567e-02,   7.12834742e-02,
          9.13578669e-02,   9.28157519e-02,   9.72995742e-02,
          1.11407724e-01,   9.25788882e-02,   8.88758049e-02,
          1.08937481e-01,   8.56036530e-02,   7.97204335e-02,
          7.06941586e-02,   9.06948753e-02,   1.07720896e-01,
          1.18509346e-01,   7.36677179e-02,   9.77659087e-02,
          1.00805687e-01,   8.68839644e-02,   1.00353101e-01,
          8.97567413e-02,   1.02764289e-01,   6.80267611e-02,
          1.12053356e-01,   1.02240474e-01,   1.18042193e-01,
          1.10548958e-01],
       [  9.42762927e-02,   5.66884810e-02,   7.97946150e-02,
          5.02764098e-02,   6.21754850e-02,   3.96410613e-02,
          1.99362968e-02,   8.65281619e-02,   7.62140290e-02,
          1.97568124e-02,   8.33951476e-02,   2.82818409e-02,
          8.47889984e-02,   4.55238945e-02,   6.18180517e-02,
          8.17199107e-02,   1.90532492e-02,   1.75556178e-01,
          6.79319474e-02,   9.23782261e-02,   5.59284897e-02,
          6.57562120e-02,   4.10435371e-02,   7.27360463e-02,
          5.39488449e-02,   5.48309663e-02,   7.61156878e-02,
          7.42489006e-02,   7.36852867e-02,   8.48782202e-02,
          5.63395593e-02,   8.43380008e-02,   8.14243412e-02,
          4.27179669e-02,   9.39703160e-02,   7.54847293e-02,
          5.79314328e-02,   7.51903193e-02,   2.90442772e-02,
          4.87869880e-02,   5.74202947e-02,   4.12859917e-02,
          7.71464414e-02,   5.97847102e-02,   7.04890740e-02,
          6.61118873e-02,   5.88990395e-02,  -2.01265032e-01,
          5.49826961e-02,   6.64345242e-02,   8.39165402e-02,
         -3.95610233e-01,   6.86757121e-02,   7.94311819e-02,
          4.41880413e-02,   7.70241863e-02,   8.58218636e-02,
          8.24452711e-02,   6.91233921e-02,   8.27159948e-02,
          7.21171607e-02,   4.82576170e-02,   4.93270223e-03,
          5.29141919e-02,   7.42851274e-02,   4.01997866e-02,
          6.50634848e-02,   7.24357055e-02,   3.89234486e-02,
          6.82388241e-02,   6.18460073e-02,   6.12981291e-02,
          4.31869659e-02,   6.25130952e-02,   8.77498960e-02,
          7.51767702e-02,   3.72185465e-02,   5.19051545e-02,
          5.32854647e-02,   4.61297799e-02,   6.72317841e-02,
          5.98067951e-02,   7.19316914e-02,   6.37348322e-02,
          8.08291145e-02,   5.98503302e-02,   6.20017780e-02,
          3.35863707e-02,   4.75527452e-02,   5.80026996e-02,
          5.12845803e-02,   6.85905970e-02,   5.98645800e-02,
          3.50676239e-02,   5.49875339e-02,   9.29889789e-02,
          5.94668730e-02,   6.38918091e-02,   4.70222053e-02,
          4.29595500e-02]])]Hidden bias: [array([-0.23865112, -0.22755797, -0.23808659, -0.22503732, -0.22874703,
       -0.22231141, -0.21502162, -0.23809814, -0.23177194, -0.20414083,
       -0.24137506, -0.21927761, -0.23768373, -0.22595385, -0.22899075,
       -0.24260845, -0.20228855,  0.2141952 , -0.23374346, -0.24012906,
       -0.22700488, -0.22921943, -0.22721475, -0.24319721, -0.22659077,
       -0.21471851, -0.25309412, -0.23853298, -0.23676931, -0.23844803,
       -0.22815108, -0.22160706, -0.24479749, -0.22492563, -0.23949267,
       -0.21879271, -0.22656105, -0.23433937, -0.21313931, -0.21932608,
       -0.22778703, -0.21636219, -0.22797276, -0.22769404, -0.23715588,
       -0.22492262, -0.21547002,  0.27487672, -0.22842728, -0.23236415,
       -0.22634145, -0.235423  , -0.23471193, -0.24664551, -0.22455925,
       -0.24118593, -0.25355085, -0.25155898, -0.23259985, -0.23455872,
       -0.22843208, -0.22282675, -0.19848372, -0.22659146, -0.23163109,
       -0.22534176, -0.2284893 , -0.23695848, -0.22459241, -0.22503336,
       -0.23472505, -0.2315113 , -0.2219776 , -0.22882437, -0.23738745,
       -0.2340336 , -0.22055241, -0.22933071, -0.22997181, -0.22948729,
       -0.23286799, -0.22971688, -0.22962331, -0.23323034, -0.23732017,
       -0.22935803, -0.22748004, -0.21714056, -0.21530428, -0.22744243,
       -0.22848428, -0.23011785, -0.23110801, -0.22298126, -0.229352  ,
       -0.23924424, -0.22401047, -0.23470829, -0.22757261, -0.22473291])]Output weights: [[ -2.09893469e-02  -2.17365340e-03]
 [ -3.44866116e-02  -4.43706388e-02]
 [ -1.19041165e-02   2.21159729e-02]
 [ -9.22369952e-03   5.35781554e-03]
 [ -1.46160031e-02  -6.06565793e-03]
 [ -1.16471129e-02  -3.90800640e-03]
 [ -1.44758171e-02  -3.32976913e-02]
 [ -1.44004387e-02   4.40209155e-03]
 [ -2.65475059e-02  -2.20595165e-02]
 [ -2.66117605e-02  -1.48781292e-01]
 [ -1.51936961e-02   1.79523963e-02]
 [ -1.38675520e-02  -1.29573854e-02]
 [ -1.76481361e-02   5.87041029e-03]
 [ -5.15628112e-03   7.71822410e-03]
 [ -1.53049228e-02   6.54703904e-03]
 [ -7.82535553e-03   2.78868587e-02]
 [ -3.10398334e-02  -1.31142956e-01]
 [  8.49671155e-01   2.62692264e-01]
 [ -1.42841577e-02   7.46831644e-03]
 [ -2.28231551e-02  -2.21726544e-03]
 [ -1.39875467e-02   6.94801309e-03]
 [ -2.29702812e-02  -1.24044028e-02]
 [ -2.08283046e-02  -3.78746410e-03]
 [ -1.49579391e-02   1.95627154e-02]
 [ -2.99645385e-03   9.23945613e-03]
 [ -2.89956948e-02  -7.49556388e-02]
 [ -1.63979001e-02   2.96055092e-02]
 [ -1.54119121e-02   1.94921619e-02]
 [ -1.53319650e-02   8.25179698e-03]
 [ -1.60329605e-02   9.52604843e-03]
 [ -5.21462392e-03   1.68806320e-02]
 [ -2.56602815e-02  -8.97752077e-02]
 [ -1.18601413e-02   2.51286945e-02]
 [ -7.85332790e-03  -9.22943084e-04]
 [ -1.53104963e-02   9.87713996e-03]
 [ -2.78988418e-02  -7.88105954e-02]
 [ -1.08171046e-02   1.42075987e-03]
 [ -2.40317849e-02  -8.07248940e-03]
 [ -2.99338827e-02  -7.62203075e-02]
 [ -1.23009383e-02  -1.71922810e-02]
 [ -1.41553342e-02   3.39388611e-03]
 [ -2.06559027e-02  -5.98288946e-02]
 [ -3.13201420e-02  -4.75182566e-02]
 [ -1.06819899e-02   6.42142391e-03]
 [ -2.25171666e-02   1.02290784e-02]
 [ -3.26910003e-02  -3.81234096e-02]
 [ -3.67042606e-02  -1.05931973e-01]
 [  1.00784198e+00  -1.56342029e-01]
 [ -9.83437808e-03   1.12739838e-02]
 [ -1.52700961e-02  -3.42988753e-03]
 [ -2.61484223e-02  -6.12011862e-02]
 [ -7.21173737e-02   6.66273166e-01]
 [ -2.16670471e-02  -1.00171999e-03]
 [ -1.35745881e-02   3.15722023e-02]
 [ -4.68537452e-03   8.32870504e-03]
 [ -1.78356241e-02   1.04110084e-02]
 [ -1.54582937e-02   2.89409117e-02]
 [ -1.87594350e-02   2.56368241e-02]
 [ -2.08990831e-02  -2.90660772e-03]
 [ -2.53024129e-02  -1.12975077e-02]
 [ -2.96601970e-02  -5.61320235e-02]
 [ -1.46174540e-02  -9.26743576e-04]
 [ -1.42245873e-02  -1.43050701e-01]
 [ -1.22784963e-02   1.14688483e-02]
 [ -1.30737994e-02   7.92313258e-03]
 [ -1.27153963e-03   1.34590565e-02]
 [ -9.16639083e-03   8.18443671e-03]
 [ -5.34007318e-03   2.56205728e-02]
 [ -1.82766074e-02  -1.54877386e-02]
 [ -2.73201696e-02  -4.49758028e-02]
 [ -3.99978434e-03   2.14963240e-02]
 [ -1.81870574e-02   2.25805291e-04]
 [ -1.47494581e-02  -3.71778239e-03]
 [ -2.38805206e-02  -1.92615917e-02]
 [ -2.74474465e-02  -1.42842444e-02]
 [ -2.61139702e-02  -2.08886686e-02]
 [ -2.90062362e-02  -4.19540692e-02]
 [ -2.13221376e-02  -8.35016370e-03]
 [ -1.08713190e-02   5.28391300e-03]
 [ -2.81570166e-02  -1.58143150e-02]
 [ -1.82391500e-02   1.33599974e-03]
 [ -1.26971192e-02   3.46395209e-03]
 [ -1.80364476e-02   2.16056293e-03]
 [ -2.34357127e-02  -1.00289648e-02]
 [ -2.44992639e-02  -4.44125237e-03]
 [ -1.61598066e-02   8.25641387e-03]
 [ -1.26372477e-02   1.31629487e-02]
 [ -1.14469802e-04   8.65780282e-03]
 [ -3.16713391e-02  -7.52007528e-02]
 [ -1.52024354e-02   3.57905776e-03]
 [ -1.78295414e-02  -5.61767492e-03]
 [ -1.95563172e-02   4.08242757e-04]
 [ -1.55427703e-02   7.39991335e-03]
 [ -2.15298897e-02  -2.09620325e-02]
 [ -8.34763514e-03   1.40418875e-02]
 [ -3.04301124e-02  -2.04693353e-02]
 [ -1.89362004e-04   9.15301415e-03]
 [ -9.36942156e-03   9.89891845e-03]
 [ -1.10577193e-02  -5.52237904e-03]
 [ -1.13127264e-02  -1.42547013e-04]]Output bias: [-0.3953627  0.0976445]
Value MLP:Hidden weights: [array([[ -4.49286662e-01,  -1.62388691e+00,   1.97065403e+00,
          9.81908269e+00,   6.44371401e+00,   4.05448846e+00,
         -2.93054975e+00,  -4.99543295e+00,  -3.34568300e+00,
          4.15833204e+00,   5.04514142e+00,  -5.29735461e+00,
          6.19176919e+00,   9.77875222e-02,   6.65551482e+00,
         -2.48909792e-01,   5.19360613e+00,   8.90411926e+00,
         -7.52213709e+00,   7.07053409e+00,   2.40711667e+00,
         -5.62430255e+00,   1.77287396e+01,  -6.56928199e-01,
          1.33452843e+01,   3.14169531e+00,   1.04323696e+00,
         -1.05901007e+01,   1.35065455e+01,  -9.76580663e-01,
         -2.60187253e+00,   4.89935758e+00,  -1.09948360e+01,
         -4.23574577e+00,   3.10022738e+00,   1.63997917e+01,
         -2.94523062e+00,  -2.72634487e-01,   1.03634689e+01,
         -1.14501223e+00,   6.63033605e+00,  -1.11527667e+01,
         -6.84311354e+00,  -1.59539326e+01,   4.84252556e+00,
         -7.82803426e+00,  -1.87432748e+01,  -4.71466415e+00,
          3.26048398e+00,  -4.99835322e+00],
       [  3.74037418e+00,   5.23146579e+00,  -7.65081461e+00,
         -7.53904964e+00,   8.06036473e+00,   2.96701861e+00,
          1.20752269e+01,  -1.03210785e+00,   2.42178151e+00,
         -6.70506075e+00,  -8.10014823e+00,   6.24399774e+00,
         -7.17980093e+00,  -2.62841683e+00,   5.11222705e+00,
          8.76123753e+00,  -2.87725445e+00,   6.73606599e-01,
          4.30842235e+00,  -2.05662430e-01,   7.05040620e-01,
          5.55497888e-01,   2.27688668e+00,   1.99672103e+00,
         -7.72649380e-01,  -8.12434592e+00,  -6.75429151e+00,
          3.34317699e+00,   1.25935609e+01,   8.80053532e+00,
         -3.76890646e+00,   3.59269703e+00,   3.23454508e+00,
         -1.03032859e+01,   4.36145159e+00,   5.72591953e-01,
          8.00051771e+00,   5.90330362e+00,   9.47186306e+00,
          2.59691276e+00,  -6.39516201e+00,   3.60259318e+00,
          5.15241766e-01,   8.91605254e-01,   4.32019986e+00,
          8.56583350e-01,   1.09965794e+00,   5.59147000e+00,
         -1.47143735e+00,   2.62013617e+00],
       [ -1.00468107e+01,  -4.05514187e+00,   1.26101057e+01,
          4.16204045e+01,   1.91168319e+01,   2.39615679e+01,
         -9.84049694e+00,   4.03882953e+00,  -2.40920615e+01,
          1.44141865e+00,  -5.08081154e+00,   1.98818595e+01,
          9.75837398e+00,  -7.08104916e-01,   1.71125067e+01,
          2.58797065e+00,   4.79802416e+00,   1.16032068e+01,
          8.92531364e+00,   1.84852313e+01,  -9.54018045e+00,
          1.47574608e+01,   9.91420598e-01,   2.34506788e+01,
         -4.65368740e+00,   3.07242574e+00,  -1.16020872e+00,
         -2.72281258e+01,   3.06512572e+01,  -5.75956106e+00,
         -1.14140642e+00,   4.66261022e+00,  -3.27944218e+01,
         -3.02666293e+00,  -2.99059323e+01,   2.59910984e+01,
         -2.42388165e+01,  -1.64343027e+01,   5.83409689e+00,
         -1.31390881e+01,   1.16291675e+01,   1.44415728e+01,
         -1.68931249e+01,  -1.19608750e+01,  -4.82089884e+00,
         -4.00397227e+01,  -5.11728243e-01,  -8.61994437e+00,
         -1.16731269e+01,  -2.89480343e+00],
       [  1.00855093e+01,   5.23667100e+00,   1.44466945e+01,
          1.40248503e+01,  -2.62460816e+00,   1.23914121e+01,
          3.26524991e+00,   4.38778450e+00,   6.60009916e+00,
          2.48079750e+00,  -7.92458568e+00,   1.59458549e+01,
          1.43729642e+01,   3.11378076e+00,   1.01933209e+01,
          6.18396553e+00,  -4.60012897e+00,   2.05492814e+01,
          3.90722273e+00,   1.38840933e+01,  -2.33225957e+00,
         -1.60406805e+00,   3.41510081e+00,  -2.74436380e+01,
         -2.93719176e+00,   1.11059020e+01,  -2.88023618e+00,
         -1.38745739e+00,  -1.47755490e+01,  -1.42894154e+00,
          7.83754328e+00,   1.77862362e+01,   6.24180065e+00,
          8.26753431e+00,   3.08777837e+00,   4.96403743e+00,
         -5.82329659e+00,   1.29676100e+01,  -3.93738638e+00,
         -2.63006569e+00,   3.48663528e+00,  -2.06435861e+01,
         -8.73408782e+00,   1.97099765e+00,   1.90329128e+01,
          6.53987657e+00,   2.11225995e+00,  -2.74049795e+00,
         -7.29381394e+00,   5.38799740e+00],
       [ -5.11887731e+00,  -2.78007621e+01,  -1.06237936e+01,
         -1.95944257e+01,  -1.49585307e+01,  -1.88437433e+01,
          2.96826768e+01,  -2.37633627e+01,   1.98480963e+01,
         -4.22095310e-01,   3.59819723e-02,  -2.23023938e+01,
          5.26995755e+00,  -8.11019490e-01,   9.01294803e+00,
          1.47810519e+01,  -1.14432911e+01,   1.57317411e+00,
         -2.33090746e+01,  -6.19152452e+00,   1.72885006e+01,
         -1.90866005e+01,   1.93489059e+01,   2.60728916e+01,
          1.00342136e+01,  -2.97257981e+00,  -1.21896539e+01,
          3.00789973e+01,  -9.76246531e+01,  -1.67891337e+01,
          3.20387778e+00,  -1.19517815e+01,   7.16927256e+00,
         -5.50927969e+00,   1.60020279e+01,  -2.36026333e+00,
          4.09225449e+01,  -5.33100027e+00,   1.49730017e+01,
          2.51725123e+01,  -1.75737350e+01,   2.03838123e+01,
         -7.59309934e+00,  -2.36437184e+01,   2.37504056e+00,
         -6.34636482e+00,  -2.16892485e+01,  -2.64450157e+01,
          2.68778746e+01,   7.86989822e+00],
       [ -2.76510401e+01,  -4.04587196e+00,   2.04344261e+01,
          3.19995548e+01,   1.14041979e+01,  -8.21678897e+00,
          2.29331875e+01,  -1.00932389e+01,   7.00455913e-01,
         -2.90579641e-01,  -1.06058670e+01,   1.05906595e+01,
         -1.04285122e+00,  -2.96077390e-01,   1.06441377e+01,
          3.81714941e+01,  -2.62570603e+01,   1.94544566e+01,
         -6.99584395e-01,   1.76538326e+01,  -4.32738074e+00,
          7.26807715e+00,  -1.39379062e+01,   2.49621286e+01,
         -1.74860034e+01,   5.84522912e+00,  -3.01611251e+01,
         -5.87331169e+01,   7.84245494e+00,  -2.32089279e+01,
         -3.39941604e+00,   2.40562795e+00,  -3.09731325e+00,
         -4.17882576e+01,  -1.76969571e+01,  -7.66613849e+00,
         -1.89706357e+01,  -1.39042161e+01,   2.33077257e+01,
          2.05083217e+00,  -1.91892268e+01,   3.97009845e+01,
         -1.58492858e+01,  -8.79817731e+00,  -9.63955485e+00,
         -3.46099360e+01,  -3.02040474e-01,   3.38742504e+00,
          2.81374209e+00,  -2.85998137e+01],
       [ -4.40921735e+00,  -7.39412044e+00,  -9.10805016e+00,
         -3.28503720e+00,  -6.41311479e+00,  -6.66427016e+00,
         -5.17284841e+00,  -4.63766447e+00,  -8.78534385e+00,
         -7.51160722e-01,   8.10754372e+00,   5.34606268e+00,
         -1.39921001e+00,  -2.04538348e+00,  -4.57593209e+00,
          8.95602671e-01,  -5.12572547e+00,  -1.69229507e+00,
          6.29637971e-01,  -6.54555446e+00,  -1.39900720e+00,
          2.64696837e+00,  -8.38169051e+00,   7.44981385e+00,
         -3.92215411e+00,  -3.13862057e+00,   8.71437445e-01,
         -1.41228754e+01,  -8.34640350e+00,  -1.47294798e+01,
         -1.13947469e+01,   9.94543950e-03,  -3.15782984e+00,
          3.43544248e+00,  -7.21410301e+00,   1.72565331e+00,
         -1.53808936e+01,  -1.29105006e+01,  -1.35482396e+01,
         -7.92995245e+00,  -2.12019079e+00,   1.24933434e+01,
         -6.57872011e+00,  -6.68069783e-01,  -4.63259184e+00,
         -9.12372460e+00,   2.41332697e+00,  -8.36993757e-01,
         -5.56929514e+00,  -1.61443903e+01],
       [  1.11681763e+00,  -8.45771962e+00,  -1.45802274e+00,
         -9.78786062e+00,  -1.30072690e+01,  -1.13363386e+01,
         -8.55420691e+00,  -8.87330194e+00,   1.04899767e+00,
         -1.18844829e+00,   1.28025184e+01,  -1.43634301e+01,
         -4.12703131e+00,  -4.02727980e+00,  -1.45799821e+01,
         -3.10615645e+00,   1.30760553e+00,   3.35760877e+00,
         -2.47965054e+00,  -1.44047803e+00,   3.20760437e+00,
         -7.31623195e+00,   1.82474978e+00,  -6.90845100e-01,
          4.24126821e+00,  -8.00789346e+00,   9.75020246e+00,
          1.87356791e+00,  -9.38866742e+00,  -1.14687238e+01,
         -7.86735504e+00,  -1.09140742e+01,  -6.31262522e+00,
          5.20656488e-01,   9.76334123e+00,   1.36301604e+00,
         -5.26159100e+00,  -1.08772836e+01,  -1.50507372e+01,
         -1.09541234e+00,   5.73613582e+00,  -5.01442240e+00,
          7.88888257e-01,  -1.26032946e+00,  -1.67048549e+00,
          3.95866146e+00,  -1.33616766e+01,  -1.09942663e+01,
         -2.29607484e+00,  -2.63849819e+00]])]Hidden bias: [array([-12.58066456, -13.76664804, -22.41589185, -15.66352316,
        -8.91212996, -13.9049324 ,  -1.49634816,  -9.97232876,
        -6.707088  , -13.58445678,  22.69691098, -10.57515367,
       -21.60952161, -10.80762879, -10.42231492,   8.91206377,
         8.92972336, -13.51714781,  -5.86886375, -10.13484818,
        11.26105891,   3.05307038,  -7.39229856,  14.05705896,
       -13.08322526, -23.42022055,   9.6919095 ,  -6.76686475,
       -11.4277334 ,  -0.3560279 , -25.33254196, -18.10996071,
        -8.26182411, -16.06339663,   2.87925651,   3.92599042,
        -6.12920585, -16.2779411 ,  -1.76251686,  -8.98984467,
        -7.01714011,  14.71199631,   4.74910639,   8.48571519,
       -20.27977476,  -6.88575136,  -7.52086776,  -7.08998841,
         3.15853011, -17.47403121])]Output weights: [[ -1.27597613]
 [ -3.54591863]
 [  4.77150726]
 [ -0.41793278]
 [ -0.04838149]
 [ -2.71313657]
 [  3.35146369]
 [  3.71036688]
 [ -0.98590907]
 [  5.47006768]
 [  3.25740451]
 [  0.86146811]
 [  7.80435901]
 [ 14.71573087]
 [  0.86497727]
 [ -1.00632234]
 [  5.56568199]
 [ -5.13490347]
 [  3.00294257]
 [ -2.39576516]
 [ -1.25228859]
 [  0.10930187]
 [  4.34670561]
 [ -0.34559523]
 [  3.09465766]
 [  1.82300007]
 [  4.8194859 ]
 [  4.31946037]
 [ -2.62128586]
 [  4.31841082]
 [  4.65363941]
 [ 10.60385934]
 [  1.87346485]
 [ -2.01620006]
 [  0.23218472]
 [ -0.61790037]
 [  4.16504362]
 [ -5.39755386]
 [ -0.09102291]
 [ -1.37216276]
 [ -3.05996582]
 [  1.05685331]
 [  1.94169603]
 [ -0.19263715]
 [  5.96667222]
 [  4.77852835]
 [  3.46270475]
 [  2.52664829]
 [  0.1074217 ]
 [  4.80806349]]Output bias: [-34.53577957]