Action MLP:Hidden weights: [array([[ -5.46558470e-02,   7.87250183e-02,  -6.48679404e-02,
          1.25662577e-03,   3.01581911e-03,   3.90892409e-02,
          5.79450005e-02,  -4.69556051e-02,   1.67426100e-02,
          9.69074303e-02,  -5.97374048e-02,   4.98681184e-02,
         -5.77863306e-02,   3.13342354e-05,  -1.18233622e-02,
         -9.09321734e-02,   1.08835610e-01,   2.63868961e-02,
         -1.88582804e-02,  -3.56434009e-02,   3.98221277e-03,
          1.27780509e-02,   4.93606958e-02,  -5.48169459e-02,
          4.84846460e-04,   8.05555291e-02,  -8.60273807e-02,
         -6.41928165e-02,  -2.55628970e-02,  -6.80009119e-02,
         -3.30697553e-02,   8.22530462e-02,  -6.90918090e-02,
          1.63936073e-02,  -7.92838287e-02,   8.01477763e-02,
          6.26443825e-03,   4.88502272e-03,   8.98884905e-02,
          1.42326410e-02,  -2.89900654e-02,   4.47383748e-02,
          5.47095483e-02,  -3.41201176e-02,  -3.24478301e-02,
          5.22298037e-02,   1.15109945e-01,  -1.07671712e-01,
         -7.41893086e-03,  -1.62222359e-02,   5.50990344e-02,
          1.95004908e-01,   1.08337314e-02,  -8.20648873e-02,
         -7.46387809e-03,  -4.89914096e-02,  -7.88902981e-02,
         -6.78778843e-02,   3.82543160e-03,  -4.50026152e-03,
          7.00796123e-02,   4.04537112e-02,   1.03365951e-01,
         -3.32989155e-03,  -4.44361360e-02,  -6.53710842e-03,
          4.72384493e-03,  -7.88432385e-02,   4.17437131e-02,
          4.56751926e-02,  -5.99663392e-02,   7.84148121e-03,
          1.81089853e-02,   2.85990088e-02,   1.14188002e-03,
          3.84978641e-02,   6.93553482e-02,   3.41382887e-02,
          1.67921608e-02,   5.96255950e-02,   9.48919920e-03,
         -5.25949894e-03,  -2.31726525e-02,   2.18257437e-02,
         -5.06540062e-03,  -1.30468765e-03,  -1.58517796e-02,
          2.42787116e-02,   7.34196188e-02,   2.78342740e-02,
          7.45735205e-03,   1.17215743e-02,  -1.77627397e-02,
          6.19173412e-02,  -1.59154114e-02,   5.94081798e-03,
         -1.72671091e-02,  -4.24764517e-02,   1.49933010e-02,
          2.21205418e-02],
       [  3.54887001e-01,   3.66981683e-01,   3.51962063e-01,
          3.20834203e-01,   3.38288715e-01,   3.37129372e-01,
          2.98997862e-01,   3.42648312e-01,   3.62916986e-01,
          3.61227557e-01,   3.56312788e-01,   3.27531939e-01,
          3.36455096e-01,   3.16386983e-01,   3.42422438e-01,
          3.52852698e-01,   3.49843844e-01,   1.43138773e-01,
          3.43920033e-01,   3.67921884e-01,   3.41552705e-01,
          3.56325767e-01,   3.62096082e-01,   3.78778528e-01,
          3.12975852e-01,   3.34973057e-01,   4.15403924e-01,
          3.63709796e-01,   3.48691752e-01,   3.47968048e-01,
          3.20199993e-01,   3.71896742e-01,   3.80651280e-01,
          3.20138514e-01,   3.51600414e-01,   3.49663340e-01,
          3.30636059e-01,   3.66494325e-01,   3.27590638e-01,
          3.00515510e-01,   3.28377630e-01,   3.02004237e-01,
          3.64164130e-01,   3.15939037e-01,   3.66097206e-01,
          3.69626493e-01,   3.57136016e-01,   3.32292408e-01,
          3.33164027e-01,   3.30160860e-01,   3.69392068e-01,
          2.47859332e-01,   3.58831204e-01,   3.90139241e-01,
          3.10559022e-01,   3.63346753e-01,   4.00141006e-01,
          4.07388400e-01,   3.54078417e-01,   3.63490545e-01,
          3.70856008e-01,   3.39785524e-01,   3.02028719e-01,
          3.40314881e-01,   3.24576044e-01,   3.07402893e-01,
          3.33595440e-01,   3.22533403e-01,   3.32917528e-01,
          3.51993632e-01,   3.22517999e-01,   3.40714849e-01,
          3.26259852e-01,   3.55612054e-01,   3.78227077e-01,
          3.61571018e-01,   3.32036261e-01,   3.52411662e-01,
          3.36524798e-01,   3.69230964e-01,   3.49106412e-01,
          3.26775349e-01,   3.38190094e-01,   3.65453300e-01,
          3.73019785e-01,   3.57041258e-01,   3.28518614e-01,
          3.02788633e-01,   3.28719382e-01,   3.50620754e-01,
          3.37895785e-01,   3.51721892e-01,   3.37390131e-01,
          3.46857717e-01,   3.33186313e-01,   3.84819623e-01,
          2.97123183e-01,   3.29114843e-01,   3.16857640e-01,
          3.28413825e-01],
       [ -3.17212149e-02,  -9.76782764e-02,   1.96034410e-02,
         -1.92654540e-05,  -3.25267863e-02,  -7.99639475e-03,
         -2.48385463e-02,  -2.39014770e-02,  -6.44623141e-02,
         -1.24164593e-01,   1.17164847e-02,  -1.36643822e-02,
         -1.62251974e-02,   2.50246959e-03,  -8.28367254e-03,
          2.86871767e-02,  -1.07965833e-01,  -1.74975192e+00,
         -1.36070317e-02,  -2.82148013e-02,  -5.39683498e-03,
         -4.67333344e-02,  -1.10180547e-02,   2.58785079e-02,
         -5.62522893e-03,  -1.32618247e-01,   6.02017987e-02,
          9.51435856e-03,  -3.65525677e-03,  -1.10166804e-02,
          2.70851576e-03,  -1.81121604e-01,   4.32372519e-02,
         -7.97665978e-03,  -1.14135122e-02,  -1.47102808e-01,
         -1.36052591e-02,  -4.50344095e-02,  -8.54886688e-02,
         -2.94343479e-02,  -1.28585180e-02,  -6.91611090e-02,
         -1.10451774e-01,  -1.29353846e-02,  -2.99494300e-03,
         -9.87174435e-02,  -1.60855488e-01,   1.86033069e+00,
         -1.43123119e-03,  -2.90718947e-02,  -1.37388924e-01,
         -3.01689623e-01,  -2.37713857e-02,   5.22430639e-02,
         -2.27994953e-03,  -1.23459965e-02,   4.73946345e-02,
          4.71381510e-02,  -2.69438576e-02,  -4.62027411e-02,
         -1.25800115e-01,  -8.94811518e-03,  -7.59332621e-02,
         -7.80613092e-04,  -1.92637591e-02,   1.41037018e-02,
         -1.16806640e-02,   1.13419320e-02,  -2.37618837e-02,
         -1.01452773e-01,   1.15175184e-02,  -1.75584438e-02,
         -1.86115104e-02,  -5.63011837e-02,  -4.92757428e-02,
         -6.81887599e-02,  -5.63963657e-02,  -3.64438611e-02,
          3.90171955e-03,  -4.62275199e-02,  -1.83065881e-02,
         -1.81935668e-02,  -2.79487761e-02,  -4.40160390e-02,
         -3.46382489e-02,   1.11723258e-03,  -1.35270801e-04,
          1.57827017e-02,  -8.89565968e-02,  -9.92391142e-03,
         -2.59798499e-02,  -2.13650938e-02,  -1.46489562e-02,
         -4.12269281e-02,   5.20634440e-03,  -6.12395813e-02,
         -1.26190125e-02,  -8.32856758e-03,  -1.96179528e-02,
         -3.94979021e-04],
       [ -2.71235443e-01,  -2.15871538e-01,  -2.95779150e-01,
         -2.88066215e-01,  -2.71655447e-01,  -2.59348898e-01,
         -2.96288817e-01,  -2.89703634e-01,  -2.33602078e-01,
         -2.49254444e-01,  -2.96384130e-01,  -2.73711658e-01,
         -3.02876288e-01,  -3.05275830e-01,  -2.73700772e-01,
         -3.10988692e-01,  -2.42543006e-01,  -1.71934370e+00,
         -2.81475709e-01,  -2.60501322e-01,  -2.66396916e-01,
         -2.45272172e-01,  -2.41098663e-01,  -2.84029523e-01,
         -2.99548002e-01,  -2.26754658e-01,  -2.74843034e-01,
         -2.82246780e-01,  -2.86729593e-01,  -2.93366566e-01,
         -2.98850069e-01,  -1.75229351e-01,  -2.90086965e-01,
         -2.88218178e-01,  -2.87671559e-01,  -2.01062612e-01,
         -2.77344353e-01,  -2.44558643e-01,  -2.52124387e-01,
         -2.90829963e-01,  -2.90051866e-01,  -2.87394201e-01,
         -2.09322281e-01,  -3.04932269e-01,  -2.67504300e-01,
         -2.02226795e-01,  -2.06439709e-01,  -1.63497799e+00,
         -2.87921847e-01,  -2.89289020e-01,  -1.95439233e-01,
         -1.46459719e-01,  -2.60390680e-01,  -2.88547336e-01,
         -3.07935021e-01,  -2.84309444e-01,  -2.90560604e-01,
         -2.75136446e-01,  -2.63035001e-01,  -2.42077043e-01,
         -2.06501552e-01,  -2.59833830e-01,  -2.97197122e-01,
         -2.71517655e-01,  -2.94096666e-01,  -3.15878997e-01,
         -2.71712137e-01,  -3.25813396e-01,  -2.71302554e-01,
         -2.27403964e-01,  -3.21939503e-01,  -2.77773080e-01,
         -2.72663992e-01,  -2.41906804e-01,  -2.33010562e-01,
         -2.35532939e-01,  -2.60105386e-01,  -2.51833962e-01,
         -2.83616139e-01,  -2.29282365e-01,  -2.71496377e-01,
         -2.88228044e-01,  -2.72910237e-01,  -2.46648307e-01,
         -2.48075850e-01,  -2.55208346e-01,  -2.82995351e-01,
         -3.01276174e-01,  -2.52710175e-01,  -2.51156789e-01,
         -2.73829848e-01,  -2.56080004e-01,  -2.83398657e-01,
         -2.48506957e-01,  -2.91309206e-01,  -2.26926255e-01,
         -3.12412905e-01,  -3.07179557e-01,  -2.97504142e-01,
         -2.81493366e-01],
       [  5.31045255e-02,   1.99171193e-02,  -2.50302923e-03,
         -2.45290959e-02,   1.04440429e-02,  -2.82941373e-02,
         -1.48556896e-02,   3.04926320e-02,   3.97361860e-02,
          9.94195727e-02,  -8.58769268e-04,  -3.56332244e-02,
          1.96016560e-02,  -3.23830084e-02,  -1.21660409e-02,
          1.22410497e-02,   6.56329463e-02,   1.29464031e+00,
         -4.29656506e-03,   3.73616414e-02,  -2.33945782e-02,
          1.90445971e-02,  -4.03684317e-02,  -1.61883573e-03,
         -2.40735122e-02,   5.87448355e-02,   1.23472232e-02,
          1.05487930e-02,  -6.65561068e-03,   3.18672881e-02,
         -9.98888523e-03,   1.05317573e-01,  -3.40180996e-03,
         -2.02068834e-02,   4.80869493e-02,   8.03194335e-02,
         -1.33495029e-02,   1.88946172e-02,   3.56633309e-02,
          7.10009083e-03,   6.00605917e-03,   5.15566703e-02,
          5.55232360e-02,   5.60273570e-04,  -3.08908625e-03,
          4.21623567e-02,   5.06805467e-02,  -1.34801221e+00,
         -2.79383664e-02,   1.41667884e-02,   9.14831952e-02,
          1.03180571e+00,  -1.40435512e-02,  -6.84764305e-03,
         -2.57487424e-02,   1.69130665e-02,  -1.97770459e-03,
         -3.21089015e-03,  -4.21715270e-03,   3.39484567e-02,
          6.22548983e-02,  -4.56887108e-02,   9.76065207e-02,
         -2.72187002e-02,   1.54419935e-02,  -3.82640704e-02,
         -1.81903550e-02,   2.67870635e-03,  -2.02537634e-02,
          5.59172669e-02,  -3.04478520e-03,  -2.25130038e-02,
         -1.92929580e-02,   2.03728074e-02,   3.70761078e-02,
          1.93419712e-02,  -3.63959052e-03,  -1.33740760e-02,
         -3.92809251e-02,  -1.84976138e-02,  -2.28120803e-02,
         -1.18462339e-02,   1.01713428e-02,   5.88880393e-03,
          1.63523624e-02,  -1.77308601e-02,  -2.67038675e-02,
         -5.69710476e-02,   4.09069878e-02,  -3.22778547e-02,
         -2.92843947e-03,  -1.62854126e-02,  -9.45799914e-03,
         -1.61802884e-02,  -2.47328247e-02,   4.43201238e-02,
         -1.01123245e-02,   8.51803812e-03,  -1.64492840e-02,
         -3.44241694e-02],
       [  5.56470123e-02,   1.31124165e-01,  -2.42899266e-02,
         -3.35429679e-02,   1.04455970e-02,  -2.49478395e-02,
          3.12048863e-02,   1.29918081e-02,   8.50070402e-02,
          5.32363594e-01,  -8.01378771e-03,  -4.77444248e-03,
          2.43138555e-02,  -5.12751746e-02,  -6.84527668e-03,
         -3.94376971e-02,   3.88783888e-01,   4.26364676e-01,
         -9.23606900e-03,   5.23694340e-02,  -2.01315434e-02,
          4.98094637e-02,   4.13618337e-04,  -1.66678859e-02,
         -6.06128912e-02,   1.99716025e-01,  -2.11123480e-02,
         -9.08713720e-03,  -4.49104744e-03,   1.67691276e-02,
         -5.35899623e-02,   2.67468308e-01,  -2.96824893e-02,
         -3.44023707e-02,   2.10771407e-02,   2.19663619e-01,
         -2.01823445e-02,   4.90764489e-02,   1.78795754e-01,
          1.66046442e-02,   1.52910375e-03,   1.25789324e-01,
          1.51637028e-01,  -1.29797512e-02,   1.79241679e-02,
          1.32044630e-01,   3.20701617e-01,  -6.96471423e-01,
         -3.73493915e-02,   1.37686627e-02,   1.83438411e-01,
          2.74043040e+00,   1.93332199e-02,  -3.13666595e-02,
         -5.04910353e-02,   1.07820258e-02,  -2.28566746e-02,
         -1.05724321e-02,   2.51153986e-02,   6.57960037e-02,
          1.62394417e-01,  -1.78458118e-02,   3.26281678e-01,
         -3.15425139e-02,  -1.77462428e-03,  -7.44261930e-02,
         -3.75263975e-02,  -4.90165966e-02,   1.78478199e-02,
          1.31862638e-01,  -5.56567236e-02,   5.07346821e-03,
         -4.24771930e-03,   5.96501134e-02,   7.92644132e-02,
          6.78539605e-02,   9.81338552e-02,   2.06913525e-02,
         -3.52425376e-02,   4.67610054e-02,   4.31323008e-03,
         -1.40109126e-02,   1.87629693e-02,   4.03709810e-02,
          4.75210530e-02,  -1.29468023e-02,  -2.70583522e-02,
         -8.07415006e-02,   1.97622986e-01,  -1.92655352e-02,
          1.42798309e-02,   1.08430504e-02,  -6.76077163e-03,
          3.30546781e-02,  -4.48974387e-02,   1.04090127e-01,
         -5.87908340e-02,  -2.25064008e-02,  -1.36843296e-02,
         -2.62376951e-02],
       [  4.21173442e-02,   5.75317692e-02,   3.48240788e-02,
          7.97187399e-02,   5.12363047e-02,   7.20070326e-02,
          7.63666864e-02,   4.55218324e-02,   5.24147478e-02,
          9.19784505e-03,   3.65378732e-02,   5.91419424e-02,
          4.38936570e-02,   7.14729266e-02,   5.17655683e-02,
          3.28380029e-02,   5.89038357e-03,  -1.23806215e-01,
          5.55596774e-02,   3.76805606e-02,   6.40083422e-02,
          4.52222682e-02,   6.66312270e-02,   2.23475070e-02,
          8.39004705e-02,   4.62730819e-02,   8.07148179e-03,
          2.88867456e-02,   5.13914739e-02,   3.21468607e-02,
          7.60610959e-02,   5.00122329e-02,   1.35125485e-02,
          8.31427141e-02,   2.78599152e-02,   5.60561040e-02,
          6.32474694e-02,   4.25447575e-02,   5.31040307e-02,
          8.06349964e-02,   5.56950360e-02,   6.75350300e-02,
          5.98263637e-02,   5.99540839e-02,   4.56103943e-02,
          4.84176795e-02,   4.24095691e-02,   3.18282157e-02,
          5.97337449e-02,   6.71951917e-02,   4.84645771e-02,
         -7.26034081e-02,   5.54107810e-02,   7.08725789e-03,
          7.22171957e-02,   3.13863604e-02,   1.18478620e-02,
          1.11368264e-02,   4.62038726e-02,   5.34585603e-02,
          4.83473539e-02,   5.78344963e-02,   1.81116335e-02,
          6.05801982e-02,   6.43538013e-02,   8.89168855e-02,
          7.35874181e-02,   6.14072878e-02,   7.25426314e-02,
          4.93602580e-02,   6.66807164e-02,   6.52731221e-02,
          6.88040011e-02,   5.11187505e-02,   4.03252991e-02,
          6.44256643e-02,   6.26912036e-02,   6.46447478e-02,
          7.60740803e-02,   6.16762527e-02,   5.31777279e-02,
          7.39914354e-02,   4.96840252e-02,   4.55759206e-02,
          3.56890301e-02,   5.42456321e-02,   7.22167447e-02,
          8.10440236e-02,   4.82272572e-02,   6.45407106e-02,
          6.57276380e-02,   5.29556977e-02,   6.32577208e-02,
          5.60994890e-02,   6.34919360e-02,   3.87774593e-02,
          7.48874986e-02,   6.22285623e-02,   8.36403520e-02,
          7.50944400e-02],
       [  6.59627706e-02,   2.13221089e-02,   5.12929928e-02,
          2.01873260e-02,   3.13178739e-02,   7.24169999e-03,
         -1.98193932e-02,   5.88246816e-02,   4.50634171e-02,
         -4.25174852e-02,   5.44556350e-02,  -7.84949424e-03,
          5.60409107e-02,   1.45564007e-02,   3.17138037e-02,
          5.34203925e-02,  -4.02044106e-02,   2.28248670e-01,
          3.87787864e-02,   6.32206279e-02,   2.61545701e-02,
          3.41433187e-02,   7.59472457e-03,   4.06375037e-02,
          2.61195563e-02,   1.62002682e-02,   4.19214431e-02,
          4.43780434e-02,   4.40638658e-02,   5.59784295e-02,
          2.85903474e-02,   5.11641598e-02,   5.01625043e-02,
          1.12163229e-02,   6.62988144e-02,   4.09535853e-02,
          2.81588609e-02,   4.47990153e-02,  -1.63835140e-02,
          1.64062823e-02,   2.63078233e-02,   1.09246658e-04,
          4.49349659e-02,   3.00982399e-02,   3.97088060e-02,
          3.31043624e-02,   1.65108911e-02,  -1.98375447e-01,
          2.52251036e-02,   3.63871291e-02,   5.15780516e-02,
         -3.06984877e-01,   3.82993593e-02,   4.77109425e-02,
          1.36060198e-02,   4.67182294e-02,   5.39631064e-02,
          4.95523413e-02,   3.83634662e-02,   5.32190547e-02,
          3.78017054e-02,   1.68315406e-02,  -5.89801008e-02,
          2.31409243e-02,   4.71540206e-02,   9.76709176e-03,
          3.82489235e-02,   4.57566630e-02,   3.88088092e-03,
          3.43147371e-02,   3.34549236e-02,   3.06856406e-02,
          1.10560738e-02,   3.00847569e-02,   5.73964048e-02,
          4.52483483e-02,  -1.96187072e-03,   1.98948803e-02,
          2.26061366e-02,   1.21916290e-02,   3.71358732e-02,
          3.06484672e-02,   4.32034657e-02,   3.16880148e-02,
          5.04428496e-02,   2.95155845e-02,   3.41621803e-02,
          2.59186349e-03,   4.44950047e-03,   2.86224679e-02,
          1.88588623e-02,   3.92073270e-02,   3.00882193e-02,
         -8.99428448e-04,   2.53949147e-02,   6.23289954e-02,
          3.28694618e-02,   3.43825400e-02,   1.51775744e-02,
          1.05802880e-02]])]Hidden bias: [array([-0.32391072, -0.30795349, -0.32163529, -0.2995068 , -0.30860124,
       -0.29732225, -0.29238441, -0.32072794, -0.31366699, -0.30465748,
       -0.32559304, -0.29660103, -0.32086533, -0.30165075, -0.30815626,
       -0.32876139, -0.29841487,  0.11578117, -0.31346977, -0.32524062,
       -0.30345518, -0.31065832, -0.30430346, -0.3318066 , -0.29923008,
       -0.2974537 , -0.34884417, -0.32495328, -0.31771939, -0.32424493,
       -0.30413247, -0.3065236 , -0.3338552 , -0.29980904, -0.326117  ,
       -0.30043437, -0.30285502, -0.31661747, -0.29748477, -0.29432708,
       -0.30844203, -0.29925819, -0.30885584, -0.306523  , -0.32077971,
       -0.30626302, -0.30070053,  0.09242039, -0.30562613, -0.31180303,
       -0.31038181, -0.33080214, -0.31408491, -0.33770495, -0.300268  ,
       -0.32781548, -0.34578358, -0.34404272, -0.3131444 , -0.31624765,
       -0.31173913, -0.29744944, -0.29739392, -0.30353148, -0.31015656,
       -0.29890145, -0.30205268, -0.3171892 , -0.30204377, -0.30743067,
       -0.31451994, -0.30901255, -0.29814412, -0.30963392, -0.32140965,
       -0.31245246, -0.30020571, -0.30736878, -0.30503788, -0.30843103,
       -0.31122806, -0.30588774, -0.30937974, -0.31508138, -0.3210106 ,
       -0.3082554 , -0.30218316, -0.28763018, -0.29992155, -0.30230054,
       -0.30778557, -0.30769033, -0.30998489, -0.30188421, -0.30679256,
       -0.32433303, -0.29687425, -0.31561484, -0.30323872, -0.30013412])]Output weights: [[ -6.02317106e-03  -4.90902549e-02]
 [  6.34461143e-03  -8.21117687e-02]
 [ -1.18770317e-02  -3.55353219e-03]
 [ -7.61508674e-03   6.30235834e-03]
 [ -1.29180275e-03  -2.88469128e-02]
 [ -2.01230313e-03  -5.62637641e-03]
 [ -7.20588371e-03  -2.33496420e-02]
 [ -6.19428259e-03  -2.82934221e-02]
 [  2.01598093e-03  -6.54564677e-02]
 [ -2.01690398e-02  -1.81293687e-01]
 [ -1.29047544e-02  -9.10665026e-03]
 [ -3.22838781e-03  -1.15305005e-02]
 [ -1.16863415e-02  -2.36972072e-02]
 [ -5.88722257e-03   1.26538523e-02]
 [ -6.47404085e-03  -1.16743688e-02]
 [ -1.13313649e-02  -1.86755735e-03]
 [ -8.00589809e-03  -1.63983609e-01]
 [  1.04728010e+00   3.18785586e-01]
 [ -5.92267792e-03  -1.25246111e-02]
 [ -6.06127491e-03  -4.69073488e-02]
 [ -5.49365925e-03  -4.09455344e-03]
 [  6.04124160e-04  -4.79168797e-02]
 [ -3.35651868e-03  -1.28894638e-02]
 [ -9.50483554e-03  -1.35807267e-02]
 [ -4.16117993e-03   1.43912875e-02]
 [  1.14304802e-02  -1.17287239e-01]
 [ -1.16614077e-02  -1.80136167e-02]
 [ -7.52308227e-03  -1.76089932e-02]
 [ -9.79487414e-03  -1.10698685e-02]
 [ -8.12184477e-03  -2.92362248e-02]
 [ -5.49018777e-03   9.60590945e-03]
 [  2.45977935e-02  -1.61362926e-01]
 [ -1.25781473e-02  -6.69956781e-03]
 [ -4.30299941e-03   1.63817720e-03]
 [ -7.30902098e-03  -3.56242593e-02]
 [  1.44281890e-02  -1.31398485e-01]
 [ -4.50679901e-03  -7.44560963e-03]
 [ -3.53424560e-04  -4.71726121e-02]
 [  9.22724206e-05  -9.73464209e-02]
 [ -6.99947152e-03  -2.01294327e-02]
 [ -6.54856814e-03  -1.69242170e-02]
 [ -2.91384802e-03  -7.59301000e-02]
 [  8.83671704e-03  -9.74360503e-02]
 [ -7.59283444e-03  -7.53289223e-03]
 [ -9.44078833e-03  -2.12357325e-02]
 [  9.76754172e-03  -8.98166961e-02]
 [  4.94964869e-03  -1.51975274e-01]
 [  9.26592815e-01  -2.23717048e-01]
 [ -5.55426943e-03   4.12691854e-03]
 [ -5.91640893e-03  -2.30627838e-02]
 [  1.90873241e-02  -1.25624308e-01]
 [ -2.00981684e-02   8.76535878e-01]
 [ -6.37526197e-03  -2.22196108e-02]
 [ -1.30683935e-02  -5.35709323e-03]
 [ -4.94072358e-03   1.08139768e-02]
 [ -5.44570523e-03  -2.79222063e-02]
 [ -1.37736547e-02  -9.59205941e-03]
 [ -1.36847475e-02  -1.50841003e-02]
 [ -5.34697756e-03  -2.80710246e-02]
 [ -2.57876496e-03  -5.27008054e-02]
 [  1.53622701e-02  -1.09918831e-01]
 [ -4.70207581e-03  -2.42076833e-03]
 [ -5.28087509e-03  -1.54556738e-01]
 [ -4.70465896e-03   5.53797990e-04]
 [ -7.85312032e-03  -1.41221264e-02]
 [ -6.48311948e-03   2.70278032e-02]
 [ -4.05954686e-03   1.37280067e-03]
 [ -1.06564570e-02   9.74466914e-03]
 [ -5.31101344e-03  -1.98157152e-02]
 [  9.35532372e-03  -9.15311642e-02]
 [ -8.27045723e-03   1.07175254e-02]
 [ -8.36953091e-03  -1.06007299e-02]
 [ -4.20028363e-03  -1.11795851e-02]
 [  2.08977598e-03  -5.29678133e-02]
 [ -1.23665607e-03  -6.21394831e-02]
 [  1.41031955e-03  -5.37658811e-02]
 [ -5.08599627e-03  -5.42598886e-02]
 [ -1.24600052e-03  -2.69844876e-02]
 [ -8.17922200e-03   8.80934244e-03]
 [  6.71880525e-04  -3.91589247e-02]
 [ -7.25651842e-03  -1.34868249e-02]
 [ -6.47225299e-03  -5.45060765e-03]
 [ -5.29706477e-03  -2.59538493e-02]
 [  5.71782382e-04  -4.25832273e-02]
 [ -3.14011310e-03  -4.46898945e-02]
 [ -5.73817108e-03  -1.03778097e-02]
 [ -9.56462053e-03   6.60666422e-03]
 [ -4.34560145e-03   3.08169307e-02]
 [ -3.24627624e-03  -1.01763289e-01]
 [ -4.07488910e-03  -5.24573543e-03]
 [ -4.12482935e-03  -2.26363181e-02]
 [ -5.94977924e-03  -1.88459514e-02]
 [ -6.33371084e-03  -9.96143220e-03]
 [  1.22951832e-03  -3.56359786e-02]
 [ -6.02320445e-03   7.20338306e-03]
 [ -1.65215804e-04  -7.36225263e-02]
 [ -4.20601234e-03   1.11131195e-02]
 [ -6.53816110e-03  -7.78914570e-03]
 [ -6.30518257e-03  -4.41327713e-03]
 [ -6.86045769e-03   3.01374762e-03]]Output bias: [-0.53901073  0.13800792]
Value MLP:Hidden weights: [array([[ -1.22825652e+00,  -5.91396209e+00,   1.31436108e+00,
          1.17751528e+01,   6.44550768e+00,   6.30929327e+00,
          5.18516042e-02,  -3.33459984e+00,  -3.94381762e+00,
          4.15839835e+00,   4.87828146e+00,  -2.96680302e+00,
          6.15858207e+00,   9.77875069e-02,   7.79226039e+00,
          3.39122561e+00,   5.18371653e+00,   9.89716498e+00,
         -6.95938471e+00,   8.73387274e+00,  -7.59306138e-01,
         -5.13720763e+00,   1.37200209e+01,   1.06646810e+00,
          1.42348348e+01,   3.14475159e+00,   6.64046490e+00,
         -9.97847662e+00,   1.42731613e+01,  -1.78581929e+00,
         -2.60187406e+00,   3.37320301e+00,  -1.15552642e+01,
         -5.33149385e+00,   1.44167934e+00,   1.77970697e+01,
         -2.79516226e+00,  -4.05218660e+00,   9.78887818e+00,
         -2.50387294e+00,   9.25816391e+00,  -1.05314560e+01,
         -7.78335194e+00,  -1.70991636e+01,   4.70071140e+00,
         -8.44641533e+00,  -1.62635404e+01,  -1.92512290e+00,
          1.20101955e+00,  -9.39862942e-01],
       [  6.22910054e+00,   4.05628900e+00,  -7.74515857e+00,
         -7.89190138e+00,   5.73279987e+00,   3.43740498e+00,
          8.55585778e+00,   9.45177324e-01,   3.11874695e+00,
         -6.70507281e+00,  -5.74385003e+00,   7.37795309e+00,
         -7.18093586e+00,  -2.62841688e+00,   5.94677637e+00,
          1.06690480e+01,   5.17023005e-02,   1.33371840e+00,
          6.14510664e+00,   2.21852696e+00,   1.20570646e+00,
          9.11704142e-01,   4.00007168e-01,   2.06755387e+00,
          1.74656427e+00,  -8.12404493e+00,  -3.07541534e+00,
          3.44993921e+00,   1.28307544e+01,   5.74158671e+00,
         -3.76890659e+00,   4.91776243e+00,   3.86945103e+00,
         -1.05927946e+01,   4.35833470e+00,   2.62605613e+00,
          7.44172530e+00,   1.52843185e+00,   9.12134385e+00,
          5.42531078e+00,  -3.44043860e+00,   6.59493807e+00,
         -9.44057596e-01,   2.03688135e-01,   4.34803697e+00,
          5.44026419e-01,  -1.38600483e+00,   2.17141972e+00,
         -9.99262646e-01,   1.25888972e+00],
       [ -8.08203107e+00,   1.20174440e+00,   5.71200142e+00,
          3.90558779e+01,   2.05488501e+01,   2.49536818e+01,
         -1.57214088e+01,   8.44449566e+00,  -2.41792551e+01,
          1.44160088e+00,  -4.96347916e+00,   2.12462216e+01,
          9.71898543e+00,  -7.08108288e-01,   1.53457053e+01,
          7.76440070e+00,   7.22848347e+00,   1.03913625e+01,
          1.23709107e+01,   1.95441836e+01,  -1.11365563e+01,
          1.52377195e+01,  -3.50795931e+00,   2.42975745e+01,
         -6.04434700e+00,   3.03220190e+00,  -3.91723425e+00,
         -2.71638823e+01,   3.23123604e+01,   5.00411698e+00,
         -1.14141051e+00,   4.62926637e+00,  -2.92871472e+01,
         -4.64847069e+00,  -2.92328275e+01,   2.41651038e+01,
         -2.59322843e+01,  -5.49962293e+00,   2.36915549e+00,
         -1.49379223e+01,   1.82019063e+01,   1.20034049e+01,
         -1.62737965e+01,  -7.27382557e+00,  -3.67044714e+00,
         -3.82604728e+01,   6.44582229e+00,   3.79026616e+00,
         -1.48519170e+01,  -3.37608134e+00],
       [  9.33476656e+00,   3.25689158e+00,   1.29813585e+01,
          1.43824900e+01,  -1.86394003e+00,   1.47314147e+01,
          2.74251596e+00,   1.32204693e+00,   7.23177541e+00,
          2.48075628e+00,  -5.97655484e+00,   1.57109337e+01,
          1.43858724e+01,   3.11378014e+00,   9.75541671e+00,
          3.78736051e+00,  -6.19360119e+00,   1.97319891e+01,
          4.08538197e+00,   1.24378807e+01,  -3.91831336e+00,
         -1.27170793e+00,   8.34509876e+00,  -2.77797910e+01,
         -5.05274989e+00,   1.11159808e+01,  -3.63684146e+00,
         -1.82382998e+00,  -1.57183974e+01,  -2.88708465e+00,
          7.83754036e+00,   1.48829827e+01,   7.51848436e+00,
          8.24512311e+00,   8.92341741e-01,   7.08122810e+00,
         -7.45030695e+00,   5.21962298e+00,  -5.25386581e+00,
         -3.59981714e+00,   1.52265780e+00,  -2.16214200e+01,
         -7.89144034e+00,   1.92947441e+00,   1.87106339e+01,
          7.21220659e+00,  -1.84683333e-01,  -2.74502745e+00,
         -7.88656065e+00,   5.22653913e+00],
       [ -8.47838612e+00,  -3.06688410e+01,   9.54711087e-01,
         -1.38799730e+01,  -1.33273429e+01,  -1.13242627e+01,
          3.16136411e+01,  -2.48619240e+01,   1.82041675e+01,
         -4.22537701e-01,  -2.68585606e+00,  -1.84844296e+01,
          5.20914477e+00,  -8.11011043e-01,   1.34120228e+01,
          1.38941656e+01,  -8.63419480e+00,   2.87546245e+00,
         -2.11904049e+01,  -5.68252690e+00,   1.57824788e+01,
         -1.80524112e+01,   1.04970638e+01,   2.51711353e+01,
          9.71610239e+00,  -2.96513090e+00,  -6.19203406e+00,
          2.84567306e+01,  -9.69133891e+01,  -2.27577435e+01,
          3.20388756e+00,  -8.98968097e+00,  -1.22737843e+00,
         -5.10465686e+00,   1.25414570e+01,   8.42713881e-01,
          4.07810245e+01,  -1.98449262e+01,   1.85918636e+01,
          2.45201042e+01,  -1.87632325e+01,   2.07486506e+01,
         -1.01812304e+01,  -2.57447504e+01,   4.59463559e-01,
         -8.89884830e+00,  -2.27079944e+01,  -2.62090750e+01,
          2.56171963e+01,   6.54553105e+00],
       [ -2.86850170e+01,   4.30582836e+00,  -4.66616897e+00,
          3.45083454e+01,   1.16034877e+01,  -3.68168423e+00,
          1.86576038e+01,   3.74947917e+00,  -8.61439450e-02,
         -2.91159803e-01,  -2.40512431e+01,   1.39732482e+01,
         -1.06543952e+00,  -2.96069104e-01,   8.97668781e+00,
          3.69649460e+01,  -2.49237316e+01,   1.91980442e+01,
          3.46066369e+00,   1.90747140e+01,  -6.27943622e+00,
          9.44670677e+00,  -2.09475761e+01,   2.35675340e+01,
         -1.78647778e+01,   5.73679027e+00,  -3.17898629e+01,
         -5.92679646e+01,   9.53639694e+00,  -1.53743067e+01,
         -3.39944105e+00,  -2.99876382e+00,  -1.07014685e+01,
         -4.16730856e+01,  -2.01751873e+01,  -8.05242571e+00,
         -1.82004930e+01,  -1.88934936e+01,   2.01746060e+01,
          5.98250688e-01,  -1.43168499e+01,   3.90864237e+01,
         -1.60692114e+01,  -1.40856684e-01,  -1.00854710e+01,
         -3.45561678e+01,   2.08797972e+00,   3.47005807e+00,
         -4.43861447e-01,  -2.97354074e+01],
       [ -3.40627098e+00,  -1.46714449e+00,  -1.02625796e+01,
         -6.59182191e+00,  -5.61036092e+00,  -7.87423857e+00,
         -5.42963141e+00,   4.03347920e+00,  -1.03042808e+01,
         -7.51161343e-01,   3.86143780e+00,   4.49338937e+00,
         -1.39921001e+00,  -2.04538365e+00,  -3.45882753e+00,
         -1.10430832e+00,  -7.12303686e+00,  -3.02762406e+00,
         -1.65687355e+00,  -5.90983246e+00,  -3.20035467e-01,
          1.96701343e+00,  -6.48885634e+00,   7.37229647e+00,
         -2.10341740e+00,  -3.16453687e+00,  -5.01651320e+00,
         -1.48737375e+01,  -7.65065257e+00,  -1.36268166e+01,
         -1.13947469e+01,  -4.09516594e+00,  -2.99576323e+00,
          2.57369642e+00,  -8.61669796e+00,   3.25589948e-01,
         -1.44838573e+01,  -6.06898456e+00,  -1.54686991e+01,
         -7.40137112e+00,   1.19474658e+00,   1.25500815e+01,
         -4.52641679e+00,   7.99107286e-01,  -4.58273612e+00,
         -9.66007620e+00,   6.23413417e+00,  -1.26401406e+00,
         -6.15684179e-01,  -1.29436603e+01],
       [  7.15350179e-01,  -8.36057482e+00,   4.39063622e-01,
         -8.79045445e+00,  -1.22316333e+01,  -1.11275286e+01,
         -4.79477086e+00,  -7.28268912e+00,  -3.95967801e-01,
         -1.18834933e+00,   9.90905576e+00,  -1.43802412e+01,
         -4.12703148e+00,  -4.02727980e+00,  -1.37212626e+01,
         -4.77568972e-02,  -1.06092749e+00,   4.99908991e+00,
         -1.99257095e+00,  -1.42523079e+00,   4.02490125e+00,
         -6.98095172e+00,   1.09732652e-03,  -3.99801888e-01,
          2.57879755e+00,  -8.00789346e+00,   8.95664220e+00,
          8.94691792e-01,  -8.36017248e+00,  -1.25834488e+01,
         -7.86735504e+00,  -1.09140776e+01,  -5.48928949e+00,
         -7.13744375e-03,   8.92611483e+00,   1.81686783e+00,
         -4.27217739e+00,  -5.55286562e+00,  -1.48015311e+01,
         -5.30648505e-01,   1.72651015e+00,  -7.60389457e+00,
          1.27654832e+00,  -6.91269481e-01,  -2.43420865e+00,
          1.09585580e-01,  -1.26680582e+01,  -1.18599024e+01,
         -1.24359942e+00,   6.49950054e-01]])]Hidden bias: [array([ -7.89704266,  -5.88840574, -21.32515308, -19.80710644,
        -9.30120281, -17.68870488,  -5.54793579,  -0.729105  ,
        -6.80854547, -13.58435867,   9.55973411, -10.98520252,
       -21.64589913, -10.80763291,  -7.54126665,  10.11573859,
         9.32594255, -13.67883969,  -3.61851175,  -5.15895481,
         8.29023473,   2.22096648, -10.90015039,  15.48824355,
        -9.76972414, -23.44599727,   6.54149739,  -8.23452463,
       -10.10174071,  -3.2805898 , -25.33253887, -18.39755078,
       -10.27917417, -15.5523106 ,   3.54075082,   4.16677914,
        -3.05396613,  -5.6991181 ,  -1.30989435,  -4.96932942,
        -0.43898408,  14.34928013,   2.97611465,   6.16560163,
       -20.29133366, -11.95436649,  -4.40758511,  -5.33982918,
         0.21869647, -17.27419528])]Output weights: [[ -4.46342315]
 [  3.1316726 ]
 [  6.2609141 ]
 [ -0.34022677]
 [  1.99455454]
 [ -2.4885576 ]
 [  2.56789451]
 [ -2.95406963]
 [ -0.3879398 ]
 [  4.22234602]
 [  7.11835281]
 [  0.75892711]
 [  6.55409655]
 [ 13.46800254]
 [ -2.69963037]
 [  2.10271831]
 [  6.38710096]
 [ -0.83291495]
 [  0.78730475]
 [ -0.233749  ]
 [ -1.93816874]
 [  0.06303506]
 [  4.13784295]
 [ -1.16979678]
 [  1.73266287]
 [  0.56998026]
 [  4.99043545]
 [ -0.13851302]
 [ -1.45618979]
 [  1.86323349]
 [  4.47937139]
 [  2.47366953]
 [ -0.78816595]
 [  2.33645673]
 [ -1.41289245]
 [ -1.72206661]
 [ -0.49633538]
 [ -3.21261427]
 [  3.6774198 ]
 [  1.56902136]
 [  0.35225136]
 [  4.46949907]
 [  0.36168796]
 [  2.05780673]
 [  2.64197927]
 [  0.25525603]
 [  1.50180427]
 [  2.89892786]
 [  0.81297488]
 [  0.53995382]]Output bias: [-33.28805138]