Action MLP:Hidden weights: [array([[ -1.30396597e-02,   7.53315543e-03,  -5.00022338e-03,
         -4.79736443e-03,   2.75492441e-03,   5.23921012e-03,
          8.78073647e-03,   1.89480768e-04,  -1.12375074e-02,
          7.98890213e-03,  -5.01196753e-03,   7.01310189e-03,
         -1.32665331e-02,   4.00558790e-03,  -2.49987307e-03,
         -1.13538232e-02,  -1.87703202e-04,   9.67061947e-03,
          1.04371061e-03,  -3.89246410e-03,  -1.70581715e-03,
         -5.98401952e-03,   1.67836118e-03,   3.02008369e-03,
          1.01365996e-03,   1.79654369e-03,  -1.44576578e-02,
         -5.76485428e-03,   2.84659557e-03,  -1.01219558e-02,
         -2.46800021e-03,  -6.66854812e-03,  -8.06878923e-04,
         -5.65346364e-04,  -1.15303599e-02,   2.42923855e-03,
          3.12868756e-03,  -6.54541195e-04,   7.01099018e-03,
         -1.09503054e-02,  -1.22664017e-02,  -5.86541123e-03,
         -6.59361334e-03,  -8.64176170e-03,  -1.10360458e-02,
         -8.36884066e-03,   7.09157663e-03,  -1.78809254e-02,
          3.01382803e-03,  -8.92187532e-03,  -5.80995437e-03,
          5.78720682e-03,  -2.56598739e-03,  -1.08553324e-02,
         -1.37322562e-03,   1.77175193e-04,  -7.07326524e-03,
         -5.71290498e-03,  -2.76551768e-03,  -9.98902750e-03,
          7.22473458e-03,   3.90594510e-03,   1.01285456e-02,
         -4.76980649e-04,  -1.29047106e-02,   1.05191630e-03,
          5.34670402e-03,  -1.16494160e-02,  -1.44557801e-03,
         -6.11990215e-03,  -3.91621859e-03,  -7.16396532e-03,
         -9.80771479e-03,  -4.00403140e-03,  -5.58264494e-03,
          1.79705406e-03,   2.08014237e-03,  -2.39176051e-03,
          5.22288646e-03,   2.74687960e-03,   5.41143852e-04,
         -7.09496257e-03,  -1.15380559e-02,   1.86384647e-04,
          2.16645772e-04,   3.39704050e-03,  -1.19652974e-02,
          4.71352746e-03,  -6.61756795e-03,   5.51945983e-03,
         -1.01703490e-02,  -1.88857875e-03,  -1.00839138e-02,
          8.08417906e-03,   4.27627709e-03,  -1.25135959e-02,
         -9.86882339e-04,  -6.66543401e-04,  -5.30222898e-03,
         -2.42822326e-03],
       [  1.22725165e-01,   1.32134840e-01,   1.20898686e-01,
          1.28212646e-01,   1.31529750e-01,   1.20496586e-01,
          1.26678040e-01,   1.29053395e-01,   1.27569437e-01,
          1.19302579e-01,   1.31597182e-01,   1.27450290e-01,
          1.35628146e-01,   1.38631995e-01,   1.24068413e-01,
          1.23131128e-01,   1.21607898e-01,   1.33717068e-01,
          1.30253415e-01,   1.27817342e-01,   1.18915315e-01,
          1.25839865e-01,   1.23161853e-01,   1.31666752e-01,
          1.29174839e-01,   1.16609520e-01,   1.30960993e-01,
          1.17650176e-01,   1.37497383e-01,   1.26346723e-01,
          1.20243477e-01,   1.34271979e-01,   1.27487193e-01,
          1.32831913e-01,   1.17729523e-01,   1.18744577e-01,
          1.27422048e-01,   1.26263088e-01,   1.27897188e-01,
          1.22916361e-01,   1.30037730e-01,   1.37500801e-01,
          1.22885314e-01,   1.29679951e-01,   1.26835201e-01,
          1.15588775e-01,   1.31224165e-01,   1.35907377e-01,
          1.27538392e-01,   1.38244159e-01,   1.24647517e-01,
          1.17009755e-01,   1.35406207e-01,   1.23284427e-01,
          1.33883542e-01,   1.32254641e-01,   1.38171965e-01,
          1.33242117e-01,   1.34318132e-01,   1.23216536e-01,
          1.33988204e-01,   1.17815873e-01,   1.20345533e-01,
          1.16005610e-01,   1.20763578e-01,   1.39174451e-01,
          1.17134736e-01,   1.26056204e-01,   1.35771170e-01,
          1.25785267e-01,   1.32869844e-01,   1.37077898e-01,
          1.20243751e-01,   1.29995522e-01,   1.29592730e-01,
          1.28840714e-01,   1.30901965e-01,   1.28623639e-01,
          1.37573271e-01,   1.29684638e-01,   1.36299214e-01,
          1.30819299e-01,   1.18828383e-01,   1.35520285e-01,
          1.30465078e-01,   1.15783062e-01,   1.18616437e-01,
          1.21957313e-01,   1.35649232e-01,   1.16133269e-01,
          1.35117444e-01,   1.23328024e-01,   1.28152050e-01,
          1.28339255e-01,   1.27091432e-01,   1.35368663e-01,
          1.25089488e-01,   1.36872795e-01,   1.40092536e-01,
          1.33654781e-01],
       [ -1.70059131e-02,  -2.22406090e-02,  -1.03243071e-02,
         -6.66959185e-03,  -8.68437670e-03,  -6.01236694e-03,
         -1.14118281e-02,  -1.40956575e-02,  -1.23413444e-02,
         -1.97332350e-02,  -1.61523724e-02,  -1.38469949e-02,
         -1.78877001e-02,  -1.18635845e-02,  -1.41114860e-02,
         -9.67189763e-03,  -7.01746690e-03,  -1.32764116e-02,
         -2.07962028e-02,  -1.69400035e-02,  -1.63228048e-02,
         -1.12936345e-02,  -2.04343952e-02,  -1.59794217e-02,
         -1.74261947e-02,  -2.41534841e-02,  -2.07527874e-02,
         -2.37106304e-02,  -1.20238877e-02,  -1.57637186e-02,
         -9.10571285e-03,  -1.72144563e-02,  -9.87147670e-03,
         -7.87352040e-03,  -1.05997052e-02,  -6.98962489e-03,
         -8.27478162e-03,  -2.14294908e-02,  -7.61942299e-03,
         -4.97535868e-03,  -7.73034942e-03,  -4.30642510e-03,
         -2.26670443e-02,  -1.20070271e-02,  -2.67901102e-02,
         -2.13602183e-02,  -2.15755400e-02,  -1.11665669e-02,
         -2.25686755e-02,  -1.60167308e-02,  -1.58447410e-02,
         -1.33278831e-02,  -2.31018748e-02,  -2.88742104e-02,
         -1.49191203e-02,  -2.92213670e-02,  -3.02330641e-02,
         -2.70044649e-02,  -1.96791958e-02,  -1.52972663e-02,
         -2.02798145e-02,  -2.27146814e-02,  -5.35988759e-03,
         -2.12942023e-02,  -1.84705191e-02,  -8.89645745e-03,
         -1.41547045e-02,  -1.34679461e-02,  -1.31360527e-02,
         -1.84258907e-02,  -7.94088592e-03,  -2.53835704e-02,
         -1.86446052e-02,  -1.12122049e-02,  -1.45022182e-02,
         -2.05955604e-02,  -1.97067535e-02,  -2.43651876e-02,
         -1.43536971e-02,  -2.13118075e-02,  -2.49721127e-02,
         -2.57554190e-02,  -2.37215630e-02,  -2.07112885e-02,
         -2.19294943e-02,  -7.60474740e-03,  -2.34111175e-02,
         -2.21739354e-02,  -5.31968612e-03,  -1.73026150e-02,
         -1.79019365e-02,  -1.77518453e-02,  -2.79590181e-02,
         -1.27914784e-02,  -1.50228777e-02,  -2.26868097e-02,
         -9.84837411e-03,  -1.11069824e-02,  -2.25916996e-02,
         -1.19415906e-02],
       [ -6.39573092e-02,  -5.46333554e-02,  -6.06002067e-02,
         -6.39078597e-02,  -6.29013830e-02,  -5.97255506e-02,
         -7.92232211e-02,  -6.93027332e-02,  -5.62814406e-02,
         -7.09680049e-02,  -6.26232801e-02,  -7.24134519e-02,
         -7.05395400e-02,  -7.06486045e-02,  -5.95982918e-02,
         -6.26939364e-02,  -6.17927075e-02,  -7.34461320e-02,
         -6.50987261e-02,  -5.57373980e-02,  -6.07068969e-02,
         -5.90979856e-02,  -5.50198411e-02,  -5.71135785e-02,
         -7.86039513e-02,  -6.67132964e-02,  -5.35829182e-02,
         -5.83006028e-02,  -6.01378023e-02,  -6.39612033e-02,
         -7.11309208e-02,  -5.38700681e-02,  -5.45041685e-02,
         -7.26164419e-02,  -6.19871707e-02,  -5.13815236e-02,
         -6.07623334e-02,  -5.99547593e-02,  -6.40076888e-02,
         -7.22633441e-02,  -6.18557512e-02,  -7.37817307e-02,
         -5.27348480e-02,  -6.90818651e-02,  -5.90414563e-02,
         -4.96729368e-02,  -5.95219757e-02,  -6.86626804e-02,
         -6.92664449e-02,  -7.14629185e-02,  -5.21922213e-02,
         -5.02727254e-02,  -6.34298552e-02,  -5.61978327e-02,
         -7.55798497e-02,  -6.98248522e-02,  -6.09516043e-02,
         -5.41066815e-02,  -5.87295256e-02,  -5.59478367e-02,
         -5.53042352e-02,  -6.55297526e-02,  -8.08240558e-02,
         -6.67465353e-02,  -7.26233395e-02,  -7.07159681e-02,
         -6.90549076e-02,  -7.27869035e-02,  -6.72242873e-02,
         -5.83990688e-02,  -6.70538581e-02,  -6.97758771e-02,
         -7.18772179e-02,  -5.66688519e-02,  -5.02233553e-02,
         -6.28694709e-02,  -6.86962016e-02,  -6.56035703e-02,
         -6.77018805e-02,  -5.46270236e-02,  -6.45265544e-02,
         -7.24426881e-02,  -6.69144129e-02,  -5.81782573e-02,
         -5.44058753e-02,  -5.29017165e-02,  -6.43607157e-02,
         -7.74622023e-02,  -6.06013318e-02,  -5.79097477e-02,
         -6.72514828e-02,  -5.92199949e-02,  -7.21256808e-02,
         -6.30377131e-02,  -6.90932889e-02,  -5.14392696e-02,
         -7.80963578e-02,  -7.01624959e-02,  -7.86918957e-02,
         -6.26134267e-02],
       [  2.42873482e-02,   1.09516168e-02,   3.57539894e-03,
          7.45296732e-03,   2.38570989e-02,   1.65157905e-02,
          5.82064691e-03,   2.26510700e-02,   2.33491883e-02,
          2.17548752e-02,   4.47952084e-03,   5.69788463e-03,
          4.98473480e-03,   6.28984606e-03,   8.99126380e-03,
          1.38291874e-02,   2.60565798e-02,   2.29289840e-02,
          1.80639401e-02,   2.33339809e-02,   1.20218912e-02,
          1.96145231e-02,   6.53378739e-03,   1.03259322e-02,
          2.41632248e-02,   1.92491737e-02,   2.18144444e-02,
          1.59144410e-02,   7.99542002e-03,   1.54181162e-02,
          1.49693329e-02,   2.46229197e-02,   8.24208846e-03,
          1.69409747e-02,   2.17435822e-02,   1.68559048e-02,
          1.72355813e-02,   2.19569498e-02,   1.89746112e-02,
          1.66640778e-02,   8.49405201e-03,   1.87910098e-02,
          1.83692703e-02,   7.08628526e-03,   7.62539401e-03,
          1.10301931e-02,   1.04975956e-02,   1.45273321e-02,
          1.09091712e-02,   2.11219119e-02,   2.37070950e-02,
          7.18659192e-03,   1.20083706e-02,   1.05346430e-02,
          1.01770612e-02,   1.93150043e-02,   1.58346327e-02,
          1.22952318e-02,   1.38203806e-02,   2.30702208e-02,
          1.96624671e-02,   6.46289621e-03,   6.61998510e-03,
          1.07360617e-02,   1.77004053e-02,   4.63914541e-03,
          2.35358509e-02,   9.48967708e-03,   1.12694379e-02,
          2.57311654e-02,   1.10055767e-02,   8.80800203e-03,
          1.34191634e-02,   2.31867154e-02,   2.21087102e-02,
          2.52931746e-02,   1.05374412e-02,   1.93231064e-02,
          5.39863383e-03,   1.05830658e-02,   1.04704357e-02,
          2.02560019e-02,   1.74013268e-02,   2.17318394e-02,
          2.01948408e-02,   8.62336809e-03,   8.21582627e-03,
          7.80418286e-03,   9.34810216e-03,   1.42518868e-02,
          1.73393335e-02,   1.12080070e-02,   1.49781373e-02,
          1.63202837e-02,   8.72328669e-03,   2.11696044e-02,
          2.20093564e-02,   1.57926781e-02,   1.97934023e-02,
          7.03375384e-03],
       [  4.46674345e-03,   1.55789124e-02,  -2.88234941e-03,
          1.48085221e-02,   1.05391709e-02,   1.23221238e-02,
          1.61779681e-02,  -6.82991062e-04,   1.51124792e-02,
          2.48119203e-02,  -4.91931709e-04,   1.77476910e-02,
          8.09684893e-03,   7.98781170e-03,   8.15852940e-03,
         -1.56720251e-03,   2.64513522e-02,   2.54247547e-02,
          1.35917325e-03,   2.46212460e-03,   1.00798127e-02,
          1.34684764e-02,   1.06550759e-02,  -4.39693452e-03,
          7.90884551e-03,   1.98129575e-02,  -5.33670242e-03,
         -3.11317818e-03,   4.91846728e-03,   1.19358197e-03,
          2.71879240e-03,   2.54204674e-02,  -4.89178182e-03,
          1.29577391e-02,  -1.36180844e-03,   2.08635522e-02,
          1.14913167e-02,   8.75248226e-03,   2.17402431e-02,
          1.91342705e-02,   6.38029513e-03,   1.92841377e-02,
          1.78592963e-02,   1.15070072e-02,   4.54021168e-03,
          1.73838513e-02,   2.53275588e-02,  -6.81855132e-03,
          4.99715809e-03,   1.04730260e-02,   2.18168424e-02,
          2.57358484e-02,   1.08897010e-02,  -2.47703715e-03,
          9.52241952e-03,  -1.88795783e-03,  -3.14429820e-03,
         -4.52410908e-03,   1.27603299e-02,   1.22824730e-02,
          1.85961521e-02,   1.23411724e-02,   2.17616822e-02,
          3.63050430e-03,   4.92727109e-03,   7.38067373e-03,
          4.45333631e-03,   1.45411378e-03,   1.76593168e-02,
          2.06312775e-02,  -5.42085552e-04,   1.61448177e-02,
          1.89690675e-02,   1.39843515e-02,   9.21702472e-03,
          1.19058818e-02,   2.19241145e-02,   1.23233758e-02,
          1.16987618e-02,   1.38616150e-02,   1.12388463e-02,
          1.52412737e-02,   7.41242497e-03,   8.85066247e-03,
          4.32101981e-03,   2.77023436e-03,   1.01029307e-02,
          1.17423062e-02,   2.56939902e-02,   6.34174192e-03,
          1.54340766e-02,   1.12306862e-02,   6.89560774e-03,
          1.34592071e-02,   1.99590776e-03,   1.43462877e-02,
          7.36437665e-03,   4.03340001e-03,   1.57467837e-02,
          1.16580969e-02],
       [  9.51889279e-03,   9.59625686e-03,   1.17136303e-04,
          1.33071167e-02,  -5.56963052e-03,   1.14063109e-02,
          1.32288369e-02,   2.71118011e-03,   6.85608808e-03,
          1.49217147e-02,   1.50293839e-03,  -3.31022766e-03,
         -1.38372170e-03,  -1.19791037e-04,  -1.43263445e-03,
          3.57827661e-03,  -4.28255692e-03,   5.59344495e-03,
          2.81757535e-03,   6.32970872e-03,   7.11788705e-03,
         -3.90498754e-03,   1.52416940e-02,  -6.23072105e-04,
          9.04636644e-03,  -3.95232266e-03,   1.11166991e-02,
          1.91501037e-04,   3.79659057e-03,  -2.88792592e-03,
          1.33534719e-02,  -2.80182794e-03,  -3.80722332e-03,
          1.42140966e-02,   4.17287244e-04,   9.53416304e-03,
          1.21621344e-03,  -1.02753918e-03,   1.13325533e-02,
          1.32858729e-02,  -7.88971719e-04,   1.34047172e-02,
          1.35760306e-02,  -2.08535542e-03,   8.16271708e-03,
          3.02007811e-03,   9.07811973e-03,  -5.46997434e-03,
         -2.21890268e-03,   8.28714609e-03,   1.84949427e-03,
          9.02118586e-03,   4.06704666e-03,  -4.52709431e-03,
         -1.22057378e-03,  -3.18464554e-03,   2.97088849e-03,
          6.61390677e-03,  -5.07530898e-03,   1.23978011e-02,
          1.30768148e-03,  -2.91638239e-03,   9.27735185e-03,
          3.21994291e-03,   9.62439033e-03,   1.20591983e-02,
          1.15238396e-02,   1.01541832e-02,   1.19074935e-02,
         -1.07733647e-03,   1.02312304e-02,   5.31834165e-03,
          4.67382191e-03,  -2.12591129e-04,   4.90050050e-03,
          1.43621996e-02,   1.00748732e-02,   7.99410081e-03,
          1.32901866e-02,   1.15682738e-02,  -3.01599868e-03,
          9.17971175e-03,  -2.73994304e-03,  -3.86596771e-03,
         -2.81799441e-03,   8.92731156e-03,   1.04097986e-02,
          9.88489124e-04,   5.53098891e-03,   9.17103251e-03,
          6.15221855e-03,   2.93533359e-04,   5.43478980e-03,
          2.44886632e-04,   3.75786042e-03,   3.42027280e-03,
         -2.45432661e-03,   7.34651771e-03,   1.31624191e-02,
          9.92161315e-03],
       [  7.63805531e-03,  -5.08295798e-03,   6.07787767e-03,
          1.47279946e-03,  -1.74061357e-03,  -4.25188424e-03,
          4.58545850e-03,   8.51569077e-03,   1.90934046e-03,
          6.01001845e-03,   8.45790079e-03,  -4.97499758e-03,
          9.72579854e-03,  -3.52304956e-03,  -2.08528546e-03,
          4.47490652e-03,  -8.68805811e-03,  -7.65336331e-03,
         -1.34125386e-04,   7.28228211e-03,  -1.71695125e-03,
         -3.74755867e-03,  -5.83611917e-03,  -6.41023137e-03,
          4.54551956e-03,  -6.24850203e-03,  -7.93175821e-03,
         -6.65361605e-03,   4.80441908e-03,   3.17257153e-03,
         -7.35700460e-03,   8.02318500e-03,   4.68679470e-03,
         -2.44067142e-03,   8.87396575e-03,   8.52123264e-03,
          3.27190015e-03,  -6.22880512e-04,  -8.53238371e-03,
          9.92787113e-03,  -8.39781086e-03,   2.51250641e-03,
          5.17434804e-03,  -2.77271107e-03,  -5.72749373e-03,
         -7.36439849e-03,   7.60974556e-03,   6.16777498e-03,
         -3.83554094e-03,   1.72275267e-03,   2.16347406e-03,
         -5.67240001e-03,   6.33751668e-03,   1.32486320e-03,
         -6.19575238e-03,  -5.69463165e-03,   5.33656326e-03,
          1.58018757e-03,   3.98509471e-03,   4.98851340e-03,
         -3.97639307e-03,   6.95286620e-03,   8.40237946e-03,
         -7.16061438e-03,   4.79377177e-03,  -7.55946620e-03,
          8.44102102e-03,   1.38677122e-03,  -5.98129946e-04,
         -2.38950771e-03,  -7.09230290e-03,   7.09936280e-03,
         -3.75415740e-03,  -2.85356009e-03,   5.29447893e-03,
          1.02074984e-02,   1.45793952e-03,  -3.24936103e-03,
          5.05972649e-03,  -7.43396574e-03,   9.39984191e-03,
          3.32190966e-03,   2.48400906e-03,  -4.52924765e-03,
          2.11711951e-03,  -5.03660716e-03,   5.60158698e-03,
         -1.86730829e-03,   5.29779679e-03,   5.52053195e-03,
         -6.61501227e-03,   9.44164836e-03,  -4.58411513e-03,
         -8.73949853e-03,  -6.54761412e-03,   8.14219281e-03,
          9.20491832e-03,  -6.60952024e-03,   3.13975746e-03,
          5.85746464e-04]])]Hidden bias: [array([-0.83677518, -0.83645386, -0.83743025, -0.83641732, -0.83618315,
       -0.83714047, -0.8355459 , -0.83612145, -0.83671512, -0.83621592,
       -0.8364242 , -0.8359238 , -0.83562863, -0.83538775, -0.83705028,
       -0.83703275, -0.83679475, -0.835015  , -0.83634003, -0.83685026,
       -0.83729387, -0.8367789 , -0.83729609, -0.8366439 , -0.8354958 ,
       -0.83700589, -0.83678421, -0.83770123, -0.83598472, -0.83668453,
       -0.83666483, -0.83621562, -0.83720242, -0.83544488, -0.83743713,
       -0.83750654, -0.83669542, -0.83667695, -0.83614557, -0.83628621,
       -0.83671005, -0.83504899, -0.83726318, -0.83611747, -0.83683554,
       -0.83806694, -0.83605934, -0.83580392, -0.83627195, -0.83522029,
       -0.83699099, -0.83762626, -0.83588416, -0.8373943 , -0.83542063,
       -0.83587127, -0.83587318, -0.83661581, -0.83624833, -0.8370481 ,
       -0.83612813, -0.83719833, -0.83583295, -0.83731794, -0.83658904,
       -0.83534411, -0.83692419, -0.83620558, -0.83552535, -0.83670036,
       -0.83608571, -0.83537764, -0.83648453, -0.83660404, -0.83692484,
       -0.83622391, -0.8357183 , -0.83624863, -0.83543024, -0.83670228,
       -0.83581142, -0.83570124, -0.83710836, -0.83623757, -0.83679637,
       -0.83803443, -0.83729658, -0.83619674, -0.83588846, -0.83770863,
       -0.83564783, -0.83704581, -0.83610116, -0.83636386, -0.83632921,
       -0.83640094, -0.83598004, -0.8354372 , -0.83461753, -0.83626715])]Output weights: [[  1.84818674e-02  -9.85091414e-03]
 [  1.52813965e-02   9.44495785e-03]
 [  2.03961083e-02  -8.83708526e-03]
 [  2.88020639e-02  -3.64553301e-04]
 [  2.58740654e-02   1.23761596e-04]
 [  2.35521038e-02   5.04114602e-03]
 [  3.43332265e-02   1.26540735e-02]
 [  2.13120939e-02  -4.81829975e-03]
 [  1.47584381e-02   2.20634174e-03]
 [  1.92212256e-02   1.55316778e-02]
 [  2.17579995e-02  -8.43726905e-03]
 [  2.19921864e-02   4.80754700e-03]
 [  2.24253515e-02  -8.20609378e-03]
 [  3.14645578e-02   3.38982626e-03]
 [  2.32546032e-02  -4.16265092e-03]
 [  2.80157541e-02  -1.23925500e-02]
 [  2.75617576e-02   1.57575518e-02]
 [  2.81096632e-02   2.05773018e-02]
 [  2.65677054e-02  -7.00576662e-04]
 [  2.03656887e-02  -7.92887716e-03]
 [  2.31326972e-02  -2.94394245e-03]
 [  1.52522732e-02   4.88648905e-04]
 [  1.85659295e-02   5.67954979e-03]
 [  2.07655175e-02  -1.11289887e-02]
 [  3.25556290e-02   5.46915496e-03]
 [  1.95768232e-02   1.13530915e-02]
 [  2.11501778e-02  -1.42170930e-02]
 [  2.65158357e-02  -1.20698579e-02]
 [  2.38065126e-02  -5.99897852e-03]
 [  2.47629573e-02  -9.02641837e-03]
 [  2.43918768e-02  -3.52967606e-03]
 [  1.50625184e-02   1.04872503e-02]
 [  2.13901236e-02  -1.16607292e-02]
 [  2.72099114e-02   5.53917102e-03]
 [  2.24285906e-02  -1.00747418e-02]
 [  1.12840732e-02   1.06935126e-02]
 [  2.95003342e-02  -1.09880118e-04]
 [  1.57535755e-02  -3.67678343e-03]
 [  2.82781732e-02   1.18256522e-02]
 [  3.35181133e-02   8.19954002e-03]
 [  2.74029439e-02   1.48994088e-03]
 [  3.42790415e-02   1.49222140e-02]
 [  1.61173233e-02   6.96834031e-03]
 [  3.01414640e-02  -5.09000649e-03]
 [  2.00099499e-02  -8.36841043e-03]
 [  1.07380252e-02   4.79549829e-03]
 [  1.80376353e-02   1.24376770e-02]
 [  3.62588992e-02  -1.72207229e-02]
 [  2.67896820e-02  -1.47624930e-03]
 [  2.80587154e-02   1.62366824e-03]
 [  1.11278127e-02   3.51495647e-03]
 [  1.02494833e-02   1.38213003e-02]
 [  1.90397477e-02   2.66973954e-04]
 [  2.71562270e-02  -1.64151037e-02]
 [  3.22065481e-02   2.71645714e-03]
 [  2.08740372e-02  -8.94932616e-03]
 [  2.47300990e-02  -1.45215492e-02]
 [  2.08825399e-02  -1.40749861e-02]
 [  2.46131392e-02  -2.28060966e-03]
 [  1.60955457e-02  -5.03671980e-03]
 [  1.29054057e-02   4.52024002e-03]
 [  2.11109914e-02   4.93397995e-03]
 [  3.52626886e-02   1.78398062e-02]
 [  1.96330997e-02  -1.32368805e-03]
 [  2.51964650e-02  -3.04678492e-03]
 [  3.50363245e-02   3.63652091e-03]
 [  2.12017142e-02   1.73548212e-03]
 [  2.98447030e-02  -8.94015768e-03]
 [  2.67630775e-02   7.80725820e-03]
 [  2.10249201e-02   4.72562208e-03]
 [  3.35185039e-02  -4.73062261e-03]
 [  2.51202670e-02  -8.31626960e-05]
 [  2.49535222e-02   1.64143482e-03]
 [  2.04396326e-02   5.49337696e-03]
 [  1.47431727e-02  -3.43490344e-03]
 [  1.55824124e-02   5.67288607e-03]
 [  2.68486618e-02   8.63609349e-03]
 [  2.22806243e-02   6.11606536e-03]
 [  2.25416033e-02   1.73730835e-04]
 [  1.75521190e-02   6.68225802e-03]
 [  2.50327377e-02   3.47598710e-05]
 [  3.37239920e-02  -2.26098839e-03]
 [  2.37170183e-02  -2.05235450e-03]
 [  2.17928161e-02   3.94668623e-03]
 [  1.96845320e-02  -3.28418458e-03]
 [  1.44094521e-02  -3.96055055e-03]
 [  3.02414536e-02  -1.91016178e-03]
 [  3.48859935e-02   5.00452617e-03]
 [  2.51509662e-02   1.29355400e-02]
 [  1.99157763e-02   3.13260978e-03]
 [  2.73376616e-02   2.44396338e-03]
 [  1.91800621e-02  -3.21305202e-04]
 [  2.57661492e-02  -2.54656521e-04]
 [  2.09269221e-02   1.00737319e-02]
 [  2.20016112e-02  -2.36121172e-03]
 [  1.56394974e-02  -3.67072713e-03]
 [  3.55389564e-02   5.52261915e-03]
 [  2.82427933e-02  -5.76934322e-03]
 [  3.61516402e-02   6.80736390e-03]
 [  3.07711522e-02   7.75409955e-03]]Output bias: [ 0.99072271  1.006919  ]
Value MLP:Hidden weights: [array([[  5.16425500e+00,   3.12498302e+00,  -1.14747587e-01,
          2.08008346e+00,  -6.63437933e-01,  -3.26136106e+00,
          6.61600902e-01,   3.52011009e+00,  -2.63458135e-01,
          1.75496957e+00,   1.32881748e+00,   5.58656079e-01,
          5.96794640e+00,   2.35455704e-01,  -7.94419696e-01,
          2.04605186e-01,   5.04380293e+00,   2.33232094e+00,
          2.23704555e+00,  -8.73446307e-01,   4.99540338e-01,
          1.78391741e+00,   9.39731848e-01,  -6.39424630e+00,
          2.60322651e-01,   1.16451251e+00,  -9.55419128e-01,
         -1.13878397e+01,   5.75656021e+00,   8.20617185e-01,
          4.33170934e-01,   5.34105604e+00,   1.35097764e-01,
          1.15104922e+00,   6.37764973e-01,  -3.19019093e+00,
         -6.89865817e+00,   4.95800330e+00,  -6.54356755e-02,
          1.33707332e+00,   8.72797096e+00,  -6.47177508e+00,
          6.42332162e-01,  -1.60762964e-01,   5.96858301e-01,
          1.08303745e+00,   2.10745012e+00,   3.84533947e+00,
         -5.18434031e+00,   3.00829366e-01],
       [ -2.22288169e-01,   1.03543820e+00,  -4.93128047e+00,
         -1.24423014e+00,  -6.58507896e+00,  -2.59932244e+00,
         -1.51665433e+00,  -1.38162207e+00,   1.24197653e+00,
         -3.49095706e+00,  -3.36607642e+00,   1.76483284e+00,
         -7.14948018e+00,  -2.61127687e+00,  -4.28216913e+00,
         -2.10171265e+00,  -2.01370194e+00,  -4.73733966e-01,
         -1.77800778e+00,   5.06019904e+00,   1.75695730e+00,
          1.36580557e+00,   3.42391052e-01,   8.30953543e-01,
          2.03648709e+00,  -2.14690861e+00,  -9.38145334e-01,
          1.57013563e+00,  -5.53856063e-01,  -2.69359872e+00,
         -3.32789527e+00,   5.86995174e+00,   1.97053106e+00,
         -6.22297802e+00,  -8.28307469e-02,   4.20120373e+00,
         -3.30157702e+00,   3.88474364e-01,  -1.71572094e+00,
          1.09831587e+00,  -5.01778547e+00,   4.49147252e-01,
         -2.02640519e-01,  -2.17198980e+00,   1.41796233e-01,
          9.07252730e-02,   2.70529532e-01,  -3.43397786e+00,
         -1.08716984e+01,  -9.50473245e-01],
       [  1.24234069e+01,   9.00190872e+00,   1.93174079e+00,
          1.19836524e+00,  -9.54826012e-01,  -1.04719080e+01,
          2.69468932e+00,   9.05623811e+00,   4.11777704e-01,
          4.03438765e+00,   4.61303229e+00,  -4.34652265e+00,
          1.46455726e+01,  -2.69735221e-01,  -2.29359551e+00,
         -3.92823730e-01,   1.26789051e+01,   3.27212559e+00,
         -2.00270696e+00,  -6.21237679e+00,   1.49612177e+00,
          7.72411537e+00,   1.75139198e+00,  -4.85488570e+00,
          2.76523050e-01,   1.76010708e+00,  -2.78770329e+00,
         -2.20683225e+01,  -2.35202058e+00,   3.16250743e+00,
          2.41373526e+00,   9.04301300e+00,   7.92227423e+00,
         -2.41555322e+00,   1.38744903e+00,  -1.21042591e+01,
         -9.87296028e+00,   1.20091152e+01,  -1.06299002e+00,
          2.16432992e+00,   1.15135855e+01,  -2.71527965e+00,
          2.54552257e+00,   3.28940456e-02,   9.76523836e-01,
          2.01414196e+00,   3.98086189e+00,   7.21599988e+00,
         -1.50139076e+01,  -1.56548159e-02],
       [  8.31502169e+00,   1.86979914e+00,   3.68256367e+00,
          3.75009575e+00,   1.71062870e-02,   2.54980643e+00,
         -1.14633987e-01,   1.87765015e+00,   1.06099170e+00,
          2.89059529e-01,  -1.40995365e+00,   3.15565384e+00,
          7.41446865e+00,   3.18483146e+00,  -5.00196305e-01,
          1.53269941e+00,   7.70270825e+00,   4.26634433e-01,
         -5.57209676e-01,   4.02815203e+00,  -2.23469842e-03,
          2.97733241e+00,   8.40513365e-01,  -2.12318155e+01,
          1.79847764e+00,   1.82148229e+00,   2.80310890e+00,
         -2.93104189e-01,   6.64118982e+00,   3.24539561e+00,
          4.16720347e+00,   5.97796526e+00,   4.90591426e-01,
          8.98166299e+00,  -1.16466328e+00,   1.91398146e+00,
          2.27233990e+00,   1.73000373e+00,   1.73861567e+00,
          1.65937659e+00,   6.75459592e+00,  -2.17879847e+01,
          1.93098004e+00,   4.96791119e+00,   5.98110249e-02,
          2.72511789e+00,   2.82646362e+00,   9.36853110e-01,
         -7.61154571e+00,   8.38983651e-01],
       [ -1.08718720e+01,  -1.14549316e+01,   2.54679436e-01,
         -7.80205350e-01,   2.55889837e-01,   9.64636918e+00,
         -5.41502984e+00,  -1.23170560e+01,  -3.76057176e+00,
         -6.02259767e+00,  -3.80159016e+00,   9.35221734e+00,
         -1.02529726e+01,  -1.74051609e+00,  -8.11222210e-01,
          1.63960665e-01,  -1.09370122e+01,  -4.01161868e+00,
          5.57084290e+00,   8.89457381e+00,  -4.80606208e+00,
          6.28706889e+00,  -4.43000329e+00,   3.91384135e+01,
         -4.92985178e+00,  -4.66287754e+00,   1.75665713e+00,
          2.37398410e+01,  -4.25243255e+01,  -7.47022697e+00,
         -1.92830371e+00,  -1.50324193e+00,  -2.07000102e+01,
          1.12726645e+01,  -2.19538596e+01,   1.06910806e+01,
          9.22392506e+00,  -1.25025795e+01,   7.04046622e-03,
         -5.37069663e+00,  -3.13096644e+00,   3.85319416e+01,
         -1.17542423e+01,  -3.47660433e-01,  -4.27615658e+00,
         -3.71399443e+01,   5.03614047e+00,  -1.64869952e+01,
          1.56710573e+01,  -1.04980865e-01],
       [ -1.30147967e+01,   1.88530729e+01,  -6.43583905e+00,
          4.27572300e+00,   7.83638620e+00,   3.61218819e+00,
         -8.66348814e+00,   1.82027563e+01,  -7.88273507e+00,
         -8.48571362e+00,  -3.48582533e+00,   1.16811961e+01,
         -3.30517836e+00,  -1.69360805e+00,  -7.35378569e+00,
         -2.69966970e-01,  -8.70092381e+00,  -7.94470774e+00,
          1.48534172e+01,   9.77905047e+00,  -8.89524770e+00,
          1.09851920e+01,  -8.04752178e+00,   8.29708829e+00,
         -1.05154254e+01,   7.01666121e+00,  -4.24548572e+00,
         -6.18505119e+01,   2.31115367e+01,   1.69817859e+01,
          1.62764504e+01,   7.57214586e+00,  -2.12028529e+00,
         -2.69849821e+01,  -1.70946186e+01,   4.97750087e+00,
         -4.09878999e+01,   1.25088100e+01,  -3.80058799e-01,
         -1.05100459e+01,  -5.73601670e+00,   9.56806033e+00,
         -4.38243115e+00,   8.01382753e+00,  -7.61008734e+00,
         -2.81938418e+01,   1.58345460e+01,   1.15913498e+01,
         -5.53759059e+00,   8.54271629e-03],
       [ -3.26386953e+00,   1.21423398e-01,  -1.84690180e+00,
         -3.60922688e+00,  -1.93854732e+00,   1.41061967e-01,
         -4.22879932e-01,   1.10783893e+00,  -1.04435996e+00,
          2.54523881e-01,   3.22886595e+00,   8.01465017e-01,
         -1.65158918e-01,  -1.99352669e+00,   1.03063852e+00,
         -8.97600945e-01,  -1.76273953e+00,  -1.05843218e+00,
         -9.33004166e-01,  -4.95467462e+00,  -1.07409390e+00,
          2.79292998e+00,  -8.29018276e-01,   8.93300918e+00,
         -2.49896022e-01,  -1.55937920e+00,  -4.36144819e+00,
         -1.55796947e+01,  -8.83293927e+00,  -1.33500124e+00,
         -4.98991040e-01,  -5.86611630e-01,  -2.05427516e+00,
         -7.86436690e+00,  -4.56162126e+00,   8.72787134e-01,
         -1.21996031e+01,  -9.03994603e-01,  -1.50934755e+00,
         -2.11297600e-01,  -1.51987855e+00,   9.31676247e+00,
         -2.83175502e+00,  -2.85534710e+00,  -1.14984239e+00,
         -8.34895228e+00,   1.82605635e+00,   3.10274198e+00,
         -4.50288360e-01,  -1.20549899e+00],
       [  3.86372875e-01,  -5.98556834e+00,  -4.88245753e-01,
         -4.51020575e+00,   5.57455346e-01,  -1.21006004e+00,
         -5.14937717e-01,  -5.56308610e+00,  -5.51065110e-01,
         -6.41194850e-01,  -7.92241078e-01,  -3.99484005e+00,
         -1.87686694e+00,  -4.02727901e+00,  -1.34529651e-02,
         -6.68281247e-01,   4.25779375e-01,  -5.29822580e-01,
          1.04540703e+00,  -5.12263688e-01,  -6.47298676e-01,
         -2.58249694e+00,  -9.48139635e-01,  -4.66076421e-01,
         -7.16176192e-01,  -2.49528521e+00,  -1.79431035e+00,
         -9.51995067e-01,  -1.61405109e+00,  -5.76303706e+00,
         -4.28593790e+00,  -4.56895764e+00,  -1.14654871e+00,
         -7.29985657e-03,  -5.04760533e-01,  -2.59981659e+00,
         -2.84820290e+00,  -6.27010723e+00,  -7.96828600e-01,
         -8.21951339e-01,   9.91358826e-01,  -4.47161485e-01,
         -2.79420881e+00,  -2.43200142e+00,  -9.08389575e-01,
         -1.17457668e+00,  -5.91255360e+00,  -8.08847989e+00,
          1.41508404e+00,  -8.29643202e-01]])]Hidden bias: [array([ -6.10364181,  -5.53028562,  -8.90454097,  -9.44742915,
        -9.65048037,  -6.37844303,  -5.65892738,  -5.75603351,
        -2.91067179,  -7.6523292 ,  -2.67668972,  -3.26375877,
       -11.31358509, -10.37286314,  -3.68994041,  -5.1448256 ,
        -5.93992682,  -4.64421281,  -3.69198366,  -0.52445779,
        -2.05732927,   0.03857409,  -5.08135669,   6.57932163,
        -3.26790276,  -7.4144135 ,  -8.89136103, -14.47687349,
       -10.70956562, -10.95823868,  -9.68836038,  -2.3985316 ,
        -6.59229237, -23.62426017,  -3.38123927,   0.79903101,
       -18.49737817,  -6.96011994,  -5.6495796 ,  -4.36331043,
        -6.94739832,   6.65376785,  -6.38504307,  -9.38012541,
        -4.54015256,  -9.08499855,  -5.49070234, -12.13312178,
        -8.39419976,  -3.92224171])]Output weights: [[  1.84054121]
 [  2.20835005]
 [  1.11991648]
 [  4.180257  ]
 [  8.62424511]
 [ -3.61085135]
 [ -0.47174081]
 [  2.53325899]
 [ -1.30852031]
 [  1.87648079]
 [  2.23737646]
 [ -9.65340246]
 [  3.60044254]
 [  7.47906104]
 [  9.95542189]
 [ 19.97216022]
 [  1.87711064]
 [ -2.02299968]
 [ -5.59116468]
 [  3.78923151]
 [ -0.53894713]
 [-15.69031021]
 [ -2.05079604]
 [  2.28052234]
 [ -1.35475091]
 [  1.39961668]
 [  1.55550843]
 [  6.98898461]
 [  0.61774266]
 [  3.04234301]
 [  6.08143064]
 [ -4.50396119]
 [  8.24331429]
 [  5.45609371]
 [ -2.39881911]
 [ -8.82550678]
 [  7.6343466 ]
 [  4.72196507]
 [ 21.70482513]
 [ -1.56126487]
 [  4.81390963]
 [  0.64655501]
 [ -3.6245233 ]
 [  3.43306559]
 [ -2.80037992]
 [ -2.19217738]
 [-14.0883519 ]
 [  6.23996376]
 [  6.51575686]
 [ 21.94848187]]Output bias: [-27.27889438]