epoch total_reward
0 -517.787239791
1 -384.670787495
2 -422.025754975
3 -455.058789154
4 -475.245538085
5 -285.81333412
6 -323.515819739
7 -403.27783342
8 -317.679381932
9 -197.333984708
10 -492.248212135
11 -208.204256211
12 -75.9211520559
13 -372.509022557
14 -481.473271559
15 -555.103267698
16 -555.846503346
17 -440.676099701
18 -500.294776665
19 -376.278940494
20 -641.087515058
21 -501.443396474
22 -474.032395329
23 -387.712746747
24 -524.397574413
25 -605.538207465
26 -388.755222162
27 -538.270930861
28 -122.118509706
29 -657.734737368
30 -279.575459458
31 -445.0597489
32 -561.887993876
33 -550.531535298
34 -238.787710438
35 -403.358337175
36 -105.529912588
37 -310.616232533
38 -397.923331096
39 -572.667283272
40 -287.290109614
41 -580.744335757
42 -467.004725455
43 -418.069450592
44 -222.106436737
45 -434.468252068
46 -393.096085657
47 -375.646501371
48 -443.806013823
49 -222.222493808
50 -484.065778895
51 -212.109044147
52 -289.431504505
53 -505.63766748
54 -320.9424855
55 -554.153441671
56 -545.071080537
57 -240.859783415
58 -482.662565323
59 -123.047074861
60 -139.944722454
61 -628.015486195
62 -314.533942993
63 -87.0372278907
64 -450.194977228
65 -193.687898243
66 -632.324355604
67 -318.884038731
68 -213.901048505
69 -367.97194682
70 -551.668041254
71 -567.637548528
72 -553.012584367
73 -448.488964252
74 -279.557797219
75 -332.024097314
76 -393.369366592
77 -343.70470487
78 -228.817122584
79 -134.597998433
80 -647.471236534
81 -468.67846765
82 -240.899998173
83 -677.252945503
84 -290.698609204
85 -410.43119215
86 -533.872294161
87 -472.671189315
88 -308.39890234
89 -143.279437358
90 -433.366578831
91 -357.913213086
92 -193.827060694
93 -341.914543207
94 -309.728159683
95 -273.484700457
96 -262.684871381
97 -107.462004837
98 -123.418765265
99 -358.752709334
100 -115.174366556
101 -169.021404823
102 -366.693953167
103 -104.462876941
104 -653.456805617
105 -209.937763175
106 -690.691790221
107 -521.695217571
108 -527.590362041
109 -548.506132784
110 -408.869408756
111 -460.344587514
112 -426.897176718
113 -253.596172641
114 -227.218083987
115 -254.871665823
116 -256.063878739
117 -392.656576867
118 -430.572287734
119 -293.72077575
120 -235.219991617
121 -216.736438537
122 -233.740520279
123 -472.469200149
124 -525.446239568
125 -98.6513231884
126 -222.036522794
127 -344.60067416
128 -629.66994109
129 -772.930902121
130 -577.313892722
131 -546.671088373
132 -325.361796717
133 -345.884788017
134 -678.282277074
135 -310.730566489
136 -545.870638338
137 -214.529195405
138 -355.848087452
139 -431.16660671
140 -305.487567922
141 -463.461979535
142 -367.477375087
143 -189.31914705
144 -334.469397411
145 -452.321302676
146 -310.919841639
147 -361.845902416
148 -342.288795804
149 -213.365339407
150 -277.516749604
151 -258.50978785
152 -84.6270259251
153 -383.336240222
154 -286.348632015
155 -226.358514724
156 -138.707017016
157 -127.436938116
158 -49.0678485359
159 -327.336850862
160 -208.835220666
161 -187.118109006
162 -76.6974776554
163 -425.917101322
164 -161.1203801
165 -190.030808468
166 -110.777091604
167 -375.178697053
168 -279.497079041
169 -423.35689497
170 -399.009836311
171 -423.592787621
172 -673.541351592
173 -143.157883311
174 -696.899927684
175 -415.968021023
176 -504.187056825
177 -98.6582508738
178 -444.980128057
179 -310.307460887
180 -452.668307991
181 -231.245058835
182 -260.042381438
183 -527.146707872
184 -156.637127154
185 -248.426563049
186 -295.363844455
187 -411.371637974
188 -578.49533088
189 -139.260308351
190 -606.317501939
191 -204.992762527
192 -128.44007697
193 -108.215797762
194 -103.796260805
195 -194.799979923
196 -281.952714623
197 -397.475681083
198 -38.9260957229
199 -69.4334811458
200 -101.349896997
201 -291.88593732
202 -331.700621585
203 -69.0312361478
204 -206.428376405
205 -329.114438341
206 -209.25258813
207 -491.563094511
208 -226.110124737
209 -131.62962226
210 -127.71573482
211 -102.467661114
212 -192.866400176
213 -190.41158123
214 -81.4338666291
215 -58.474339235
216 -60.1971222652
217 -221.839598924
218 -263.348258308
219 -116.123216094
220 -299.890424573
221 -28.0288725145
222 -150.290266956
223 -287.386005322
224 -192.025557468
225 -167.236732212
226 -38.8384608562
227 -139.741138934
228 -150.973611539
229 -152.165350259
230 -114.617867775
231 -68.8988824011
232 -266.52404439
233 -47.7341749024
234 -221.935124234
235 -261.013304892
236 -193.885555831
237 -233.961714689
238 -83.2858590567
239 -212.938976392
240 -173.078455135
241 -329.529895911
242 -200.183822742
243 -51.4665323324
244 -57.7694093279
245 -17.6374889552
246 -78.3004142128
247 -272.467512577
248 -231.458075336
249 -163.258409384
250 -32.636866761
251 -157.720804787
252 -261.323382629
253 -154.469739619
254 -305.735494339
255 -228.863019862
256 -223.739496934
257 -288.380736833
258 -286.047751817
259 -268.001539147
260 -197.335451011
261 -339.128330887
262 -288.479638045
263 -210.653769626
264 -50.0610401226
265 -222.104067882
266 -311.348707837
267 -263.319562324
268 -172.143511278
269 -117.063295335
270 -261.55049374
271 -265.050361575
272 -86.0669879291
273 -316.249093404
274 -252.43836203
275 -210.038251017
276 -213.154160646
277 -140.035488117
278 -221.337933669
279 -59.0411538509
280 -30.8498852693
281 -243.336907687
282 -197.562454823
283 -164.523620588
284 -62.2900357471
285 -176.01109964
286 -233.860964532
287 -194.144779025
288 -256.424452386
289 -247.41253134
290 -225.215059472
291 -283.425147525
292 -231.188111103
293 -221.715652297
294 -194.588750185
295 -155.999700414
296 -191.532010568
297 -32.8201082825
298 -40.5183184817
299 -32.5822161367
300 -148.672097568
301 -188.000337303
302 -204.959950836
303 -198.281243314
304 -177.200724437
305 -84.4867915766
306 -218.632993977
307 -27.784578276
308 -76.6645192937
309 -109.804650888
310 -315.236119529
311 -278.812415293
312 -196.647032892
313 -379.823140951
314 -216.98176911
315 -266.387404239
316 -336.170922614
317 -188.94788548
318 -169.673307846
319 -82.4772122708
320 -267.801866837
321 -216.851170287
322 -262.749391622
323 -171.873266976
324 -218.831627258
325 -179.075148652
326 -79.0752994046
327 -186.339238402
328 -211.306203634
329 -76.1455360725
330 -245.050592559
331 -313.800367116
332 -237.572669205
333 -195.924038788
334 -243.828794767
335 -29.6828304638
336 -189.771393061
337 -205.810381691
338 -265.245218454
339 -219.884912876
340 -214.059871316
341 -3.6716251153
342 -139.796629224
343 -317.651784078
344 -151.247764095
345 -226.263540794
346 -249.508741711
347 -222.66148232
348 -258.115007136
349 -292.621115531
350 -231.095401072
351 -267.216517462
352 -237.731870682
353 -296.952417101
354 -330.320871378
355 -290.336757405
356 -336.563953355
357 -332.55074368
358 -364.968189965
359 -196.772492312
360 -343.123123007
361 -311.329484805
362 -302.577291319
363 -326.268778606
364 -276.744230772
365 -175.131522367
366 -267.640100302
367 -220.210464943
368 -314.300224229
369 -222.869647782
370 -251.432747223
371 -282.737761209
372 -288.756537309
373 -325.665123797
374 -265.948962249
375 -317.507652298
376 -247.032304743
377 -319.172951106
378 -355.509784352
379 -259.60514974
380 -279.625439222
381 -311.758075288
382 -276.978189548
383 -89.9526698921
384 -268.432848549
385 -144.897181061
386 -302.727208686
387 -233.181729413
388 -280.013618453
389 -268.997687037
390 -251.187438717
391 -248.440553519
392 -290.816790616
393 -234.86022727
394 -256.16759318
395 -269.365760735
396 -291.56391857
397 -36.9738735204
398 -246.762656429
399 -264.283368844
400 -278.436754778
401 -272.157494195
402 -276.200876974
403 -293.703034255
404 -264.637929394
405 -186.894121385
406 -52.4737466708
407 -194.504382875
408 -248.810955888
409 -282.693990709
410 -60.3967334537
411 -267.99678057
412 -265.615410909
413 -197.392455173
414 -182.960440509
415 -204.542345405
416 -103.239057505
417 -254.319017774
418 -278.602376887
419 -249.749154253
420 -258.345460609
421 -262.448754395
422 -272.583807156
423 -255.289019157
424 -263.377799471
425 -226.367876998
426 -273.546666486
427 -182.002112808
428 -219.940798371
429 -247.570694561
430 -270.599267997
431 -273.361261631
432 -56.8760723908
433 -264.298279012
434 -278.287835671
435 -217.401880267
436 -238.048631817
437 -238.721481391
438 -47.2460674981
439 -232.263836525
440 -51.8805956825
441 -30.8317412774
442 -45.2943931468
443 -234.023527754
444 -63.4043041177
445 -245.28858604
446 -260.750304317
447 -280.100459927
448 -266.944035026
449 -217.547795154
450 -41.3407534568
451 -270.223124817
452 -215.807262354
453 -224.412139438
454 -269.114660977
455 -251.353150363
456 -193.403277451
457 -241.917988654
458 -335.402106425
459 -287.705043509
460 -229.170294395
461 -258.251793061
462 -305.653977963
463 -243.70715308
464 -237.615377796
465 -273.659987083
466 -217.904153864
467 -244.152952885
468 -181.836419803
469 -280.354550212
470 -265.600052876
471 -224.075866394
472 -296.44465535
473 -230.995346
474 -232.626177788
475 -192.166543845
476 -301.993715564
477 -230.721515166
478 -354.390423656
479 -309.531851748
480 -245.242806263
481 -258.134518551
482 -266.21581116
483 -71.3821339712
484 -230.33396124
485 -276.154929449
486 -277.458085261
487 -289.999484424
488 -342.577432319
489 -184.935431505
490 -257.690251743
491 -229.589266914
492 -279.608437894
493 -220.957093184
494 -177.854176046
495 -361.730540689
496 -202.425908622
497 -258.63836584
498 -342.360526194
499 -177.960717783
500 -79.366139417
501 -185.274692798
502 -24.0322633615
503 -237.067549422
504 -259.105149492
505 -210.699861086
506 -271.078865291
507 -254.910803039
508 -219.759176129
509 -132.400343427
510 -91.0452477362
511 -61.1873337387
512 -73.2099669077
513 -265.714564702
514 -248.219801362
515 -202.453810938
516 -292.710017449
517 -298.425506462
518 -214.741261101
519 -233.749057816
520 -214.462176032
521 -266.761054883
522 -276.828968945
523 205.495525723
524 -199.480774352
525 -162.466031096
526 -147.897587944
527 -271.248548912
528 -177.189475622
529 -61.1972518873
530 13.6065390105
531 -297.521177986
532 -263.062887918
533 -245.917077803
534 -254.941898646
535 -225.093567943
536 -286.85665403
537 -231.4621137
538 -25.9422740935
539 -166.271652297
540 -252.05420848
541 -270.343932943
542 -260.128547749
543 -196.17604771
544 -178.568216056
545 -85.1901871186
546 -200.659064612
547 -256.64923869
548 -195.414397495
549 -275.535614276
550 -237.985504661
551 -88.7013203393
552 -53.7946547679
553 -229.07063753
554 -224.214186151
555 -283.78947479
556 -271.467100052
557 -261.280052302
558 -176.929235291
559 -213.609254716
560 -26.308170885
561 -224.930305496
562 -193.429379736
563 -217.22577498
564 -295.044458682
565 -198.427056084
566 -274.749932984
567 -181.501427297
568 -257.565884302
569 -251.0209933
570 -48.7939652668
571 -236.896933236
572 -243.264833943
573 -231.786785975
574 -251.049291268
575 -195.444042522
576 -236.957427552
577 -249.187097421
578 -232.024244046
579 -287.494328187
580 -200.1684153
581 -181.118477356
582 -318.568543612
583 -26.3628036611
584 -252.822490902
585 -265.192806315
586 -288.448432074
587 -281.269707833
588 -231.982766543
589 -236.739852062
590 -264.645655656
591 -305.827574936
592 -272.984828673
593 -183.04746687
594 -234.813956405
595 -270.49699536
596 -143.918692796
597 -207.565104898
598 -259.005791445
599 -268.759441
600 -290.109372864
601 -303.54827146
602 -280.508850125
603 -211.040007252
604 -251.104557959
605 -253.31496421
606 -183.017205687
607 -245.286116271
608 -157.182694396
609 -295.621238048
610 -201.348059593
611 -205.564887744
612 -289.197610951
613 -176.072755432
614 -240.773344452
615 -259.330562311
616 -265.364989545
617 -240.787536342
618 -192.783655912
619 -215.793419921
620 -181.869457141
621 -281.631087849
622 -203.798445688
623 -216.300133717
624 -191.728398009
625 -162.450290656
626 -218.698151939
627 -258.11831124
628 -221.393814712
629 -196.909145469
630 -263.608809427
631 -193.173428019
632 -276.305733505
633 -260.862363157
634 -249.063395121
635 -166.647834294
636 -151.761296391
637 -192.054657825
638 -240.454314259
639 193.934186976
640 -171.162495059
641 -246.907088895
642 -325.903453108
643 -273.547568366
644 -281.572310838
645 -149.633413523
646 -289.989172888
647 -263.667342757
648 -169.819506568
649 -160.037781432
650 -214.179674926
651 -226.574356814
652 -292.988318994
653 -328.391999219
654 -275.328431448
655 -211.833756082
656 -351.525277464
657 -261.251779402
658 -223.311327188
659 -176.552802706
660 -92.4588507312
661 -291.662595834
662 -324.063018846
663 -237.085755158
664 -276.545608356
665 -265.438396615
666 -253.427892495
667 -289.588441027
668 -314.01450748
669 -154.230144014
670 -178.629193216
671 -258.596654787
672 -281.465108356
673 -164.034789827
674 -272.41474195
675 -279.537153073
676 -217.417535366
677 -297.06773106
678 -195.624769012
679 -266.258974761
680 -222.133912487
681 -199.747559987
682 -268.244783894
683 -195.718866758
684 -278.569224621
685 -41.9045049518
686 -223.883313553
687 -216.398671004
688 -231.540128724
689 -195.498210164
690 -175.741296883
691 -188.873156526
692 -257.107554167
693 -188.801296292
694 -219.044953323
695 -244.226838778
696 -202.982462926
697 -326.566424797
698 -280.845640107
699 -298.915666751
700 -167.663527962
701 -266.128571583
702 -261.221702681
703 -219.982617079
704 -271.083226075
705 -166.307993577
706 -271.503470444
707 -258.100566845
708 -260.041513667
709 -293.259299214
710 -204.043456631
711 -231.831126251
712 -159.720400908
713 -250.190468511
714 -273.507163797
715 -202.764818348
716 -300.879069725
717 -226.593994258
718 -210.216945019
719 -274.43810324
720 -257.0587606
721 -248.385055279
722 -225.722584188
723 -156.164011997
724 -155.712556266
725 -246.758925067
726 -252.152994627
727 -210.376432523
728 -270.677572143
729 -206.567103527
730 -189.16707465
731 188.077071753
732 -278.731893526
733 -292.608550474
734 -217.408389555
735 -326.627368774
736 -212.50496817
737 -45.8131392041
738 -188.689439078
739 -270.671804225
740 -283.336186428
741 -205.84718866
742 -255.834556144
743 -251.128682629
744 -257.952191571
745 -213.450725924
746 -288.359212416
747 -272.256857811
748 -224.238371805
749 -256.406661011
750 -215.959856018
751 -266.712350948
752 -238.502783808
753 -276.13948442
754 -249.685971314
755 -206.095752057
756 -178.589038373
757 -208.974418242
758 -277.650395687
759 -295.882873454
760 -193.268560427
761 -257.694509077
762 -175.551514976
763 -270.755367527
764 -185.342158966
765 -235.511041236
766 -252.341456666
767 -252.970160063
768 -288.865057728
769 -295.217320296
770 -248.910044275
771 -314.532413741
772 -234.317706124
773 -209.665217435
774 -247.568583723
775 -262.787195502
776 -215.054119262
777 -254.549580328
778 -308.158440746
779 -227.510618695
780 -177.458348948
781 -217.101932971
782 -243.480191503
783 -215.839089302
784 -201.783218755
785 -279.156219819
786 -249.891638612
787 -260.978197113
788 -269.731925478
789 -248.098500926
790 -254.035563975
791 -258.452704769
792 -180.745477881
793 -331.181035312
794 -288.69670333
795 -209.623907906
796 -253.961818157
797 -106.093482926
798 -232.147179771
799 -251.557797877
800 -281.2366832
801 -286.036248081
802 -194.175686396
803 -210.501828055
804 -221.936464054
805 -220.045671512
806 -209.485205656
807 -192.777374921
808 -251.651934769
809 -179.732550033
810 -203.304191394
811 -204.178049208
812 -152.564310818
813 -224.177298367
814 -328.837622395
815 -217.295224768
816 -276.200321746
817 -192.37298519
818 -184.410097186
819 -210.382276622
820 -135.290236228
821 -226.555707264
822 -248.595606824
823 -184.277688323
824 -207.585900049
825 -269.309836069
826 -218.060945201
827 -223.900472958
828 -188.379651478
829 -225.727840066
830 -251.289109938
831 -167.961122416
832 -180.172043128
833 -184.011257022
834 -258.776109672
835 -14.6519223655
836 -289.264293112
837 -174.069500343
838 -206.436073668
839 -257.236618214
840 -251.166868286
841 -240.174844304
842 -256.631119646
843 -230.219202367
844 -287.581605571
845 -318.939292185
846 -258.60249407
847 -195.651034579
848 -259.837781855
849 -159.895109074
850 -239.49514616
851 -194.967942193
852 -215.145482624
853 196.784773749
854 -169.741870741
855 -259.540227333
856 -221.077887563
857 -339.36572687
858 -67.5130081318
859 -154.518875699
860 -274.604996933
861 -241.594205041
862 -246.43233863
863 -290.724333358
864 -267.143920314
865 217.891160855
866 -215.375749828
867 -194.325492448
868 -268.026950483
869 -200.146947025
870 -203.512727951
871 -165.746282247
872 -256.818946233
873 -217.424394125
874 -208.229962467
875 -276.756536045
876 -264.810813836
877 -227.227584038
878 -247.028848669
879 -221.646556706
880 -216.352399433
881 -287.386626651
882 -197.189185574
883 -229.068479999
884 -238.707165961
885 -264.880672169
886 -115.567418436
887 -181.19061799
888 -265.984398835
889 -244.059488332
890 -264.595621255
891 -218.875256183
892 -204.315802146
893 -255.801775776
894 -228.022418415
895 -244.555804666
896 -193.722281788
897 -247.174471546
898 -158.304384093
899 -183.24215312
900 -244.478355321
901 -208.827476252
902 -254.722730978
903 -189.545196662
904 -277.184701831
905 -249.408871812
906 -248.572981347
907 -204.965702433
908 -272.989839839
909 -252.888926989
910 -258.362389324
911 -315.765948535
912 -276.065824403
913 -185.651313581
914 -211.15203933
915 -292.161564584
916 -272.9186475
917 -18.9619681773
918 -239.390818431
919 -322.533888377
920 -287.907950927
921 -274.473148763
922 -261.388017292
923 -171.223287587
924 -165.383039725
925 -291.831953321
926 -253.847696624
927 -153.129544236
928 -202.010207638
929 -251.706987495
930 -216.147036908
931 -263.357482517
932 -146.402990659
933 -261.857079494
934 -206.075827569
935 -244.853895848
936 -230.529050049
937 215.887247491
938 -271.162314175
939 -242.709781517
940 -271.312454352
941 -228.390205605
942 224.23813066
943 -226.951679326
944 -318.903678941
945 -210.359526507
946 -274.44300508
947 -182.768055226
948 -271.405795161
949 -257.845757735
950 -240.928076751
951 -302.400014967
952 -268.612933004
953 -241.607186433
954 -228.741893933
955 -248.350454165
956 -227.035387442
957 -190.788561816
958 159.582298242
959 -319.177554231
960 -256.553397654
961 222.075480651
962 -195.202468464
963 -186.737056804
964 -195.74319599
965 -204.896681428
966 -213.154554621
967 -226.22495325
968 -184.875689505
969 -224.212125377
970 -211.694932759
971 -224.154263199
972 -196.971088022
973 -225.300347809
974 -190.579276432
975 -202.863304681
976 -237.257101047
977 -181.158739365
978 -226.212977446
979 -294.521157473
980 -194.229301895
981 -153.180847287
982 -267.7443434
983 -273.128350889
984 -291.702460624
985 -187.970614213
986 -220.821268624
987 -197.164075077
988 -237.603402546
989 -230.191667005
990 -233.884719183
991 -193.319970506
992 -308.347095476
993 -168.136408635
994 -250.296365105
995 -168.02648635
996 -260.890780174
997 -174.819272224
998 -275.415334979
999 -191.57061093
1000 -190.942928804
1001 -244.109615461
1002 -219.280225034
1003 -149.836072569
1004 -219.971672451
1005 -213.130162419
1006 -206.222148343
1007 -191.962102984
1008 -202.096139566
1009 -218.708401551
1010 -212.552265278
1011 -244.869074701
1012 -217.568752058
1013 -224.151013581
1014 -219.789255518
1015 -149.812341055
1016 -268.585198095
1017 -221.423497596
1018 -200.887400377
1019 -170.016285532
1020 -158.066869478
1021 -187.423846245
1022 -191.347555369
1023 -257.048230285
1024 -37.9533582234
1025 -161.06348815
1026 -167.953280188
1027 -216.307059952
1028 235.338677723
1029 -251.591472555
1030 -166.474118958
1031 -230.071011126
1032 -250.707555871
1033 -226.207306243
1034 -277.304544793
1035 -261.08900888
1036 -179.155993417
1037 -253.522211229
1038 218.676941327
1039 -160.288292723
1040 -68.217208599
1041 -263.355756562
1042 -50.4295849404
1043 -191.103049939
1044 -307.147774046
1045 -273.390171159
1046 -237.637496518
1047 -293.142959589
1048 -223.893717155
1049 -233.734093393
1050 -189.739872692
1051 -241.863448812
1052 -186.296666819
1053 -206.403968602
1054 -312.1670403
1055 -242.190263435
1056 -206.146397399
1057 -236.422473013
1058 -245.185666754
1059 -199.162368098
1060 -44.653366652
1061 -259.971328326
1062 -259.552719379
1063 -207.172076017
1064 238.828634522
1065 -218.156309767
1066 -172.93224707
1067 -278.748918412
1068 -263.324232019
1069 -187.521222481
1070 -168.750769113
1071 -201.512970102
1072 -203.993471246
1073 -227.972262831
1074 -258.405608799
1075 -208.380940592
1076 -240.521469687
1077 -266.728903045
1078 -230.380405187
1079 -229.273454636
1080 -205.400760088
1081 -151.623508224
1082 -218.795395113
1083 -246.225849716
1084 -56.7333341056
1085 -242.126841982
1086 -195.278075207
1087 -266.134799516
1088 -259.721151529
1089 -253.056986497
1090 -272.499410153
1091 -185.367719849
1092 -222.856591089
1093 -238.203933039
1094 -210.41534057
1095 -285.916046103
1096 -230.696162387
1097 -238.491417744
1098 -151.307892326
1099 -231.26302786
1100 -265.846212493
1101 -263.906114833
1102 -220.03426786
1103 233.540085021
1104 -196.57552302
1105 -208.764430845
1106 -256.100819573
1107 -104.930836739
1108 -199.841874005
1109 -185.456556546
1110 -258.136325415
1111 -216.814919094
1112 -209.81990904
1113 -252.198503881
1114 -237.256267989
1115 -264.480736303
1116 -245.74201079
1117 -232.708435171
1118 -177.514173286
1119 -234.099968362
1120 -283.505048642
1121 -189.820902978
1122 -249.903146681
1123 -207.241238346
1124 -235.429191507
1125 -218.763232104
1126 -204.610804797
1127 -197.926755807
1128 -292.460531395
1129 -258.988068318
1130 -223.011729104
1131 -218.00993684
1132 -299.582955921
1133 -257.212980069
1134 -233.418266047
1135 -285.182155269
1136 -45.429122015
1137 -245.072797779
1138 -245.716878782
1139 -243.462639947
1140 -76.8823029317
1141 -260.792222745
1142 -177.566899274
1143 -267.363552403
1144 -200.121356069
1145 -262.893523303
1146 -288.98746485
1147 192.403760633
1148 -272.08939279
1149 -305.114089949
1150 -221.390657432
1151 -272.413784611
1152 -250.803234547
1153 -205.120429226
1154 -226.557472401
1155 -203.373610485
1156 -247.447294559
1157 -283.806405127
1158 -336.065603892
1159 -258.039371148
1160 -231.348015306
1161 -208.927231653
1162 -256.440676039
1163 -270.248574118
1164 -177.81449869
1165 -227.286493685
1166 -4.91759664234
1167 -244.434220041
1168 -176.772392878
1169 -250.469458031
1170 -253.967878089
1171 -216.072049161
1172 -200.962210028
1173 -247.409017636
1174 -158.048899757
1175 -176.630005892
1176 -39.333612365
1177 -187.703564612
1178 -296.576674211
1179 -245.674849803
1180 -257.463433184
1181 -198.863411128
1182 -287.689308737
1183 -212.036894658
1184 -222.631269649
1185 -164.363493727
1186 -222.121613608
1187 -322.732281315
1188 -198.830761382
1189 -174.833308991
1190 -215.979687109
1191 -282.001547817
1192 -73.1464770973
1193 -245.960660066
1194 -208.645549571
1195 -239.556052586
1196 -245.349997537
1197 -195.797796886
1198 -150.088166573
1199 -151.179402282
1200 -197.611973708
1201 -217.95838789
1202 -257.522086954
1203 201.410445437
1204 -166.135675126
1205 -219.623239641
1206 -238.068326891
1207 -221.663202096
1208 -255.787753064
1209 -209.207696837
1210 -109.30634224
1211 182.171874858
1212 -208.038698056
1213 -282.390953748
1214 -198.403652828
1215 -207.531483
1216 -164.503561681
1217 -273.224248307
1218 -207.147408505
1219 -26.2722467224
1220 -219.886178894
1221 -209.856264872
1222 -180.945113329
1223 -265.506015775
1224 -255.68045675
1225 -209.040606106
1226 -271.159125563
1227 -234.449814751
1228 -228.369186002
1229 -207.077257719
1230 -31.6073937683
1231 -201.343993918
1232 -219.190862038
1233 -235.276330417
1234 -231.346192258
1235 -97.2303924292
1236 -230.898392243
1237 -256.545991526
1238 -219.63974665
1239 -205.33285876
1240 -217.167138764
1241 -236.315194869
1242 -177.630396882
1243 -247.608909201
1244 -269.963537574
1245 -265.752072765
1246 -201.556497989
1247 -220.128782491
1248 -264.131846612
1249 -173.00154666
1250 -264.451280228
1251 -306.644472285
1252 -311.381113694
1253 -281.094590982
1254 -275.1691595
1255 -209.248338445
1256 -164.692917738
1257 -214.710226918
1258 -217.961044782
1259 -195.018330641
1260 -219.621432538
1261 -169.307503308
1262 -177.104579838
1263 -224.842141405
1264 -255.715115771
1265 -240.038120411
1266 -224.989976486
1267 -273.235735817
1268 -251.350351715
1269 -220.746632722
1270 -261.838091475
1271 -271.876579969
1272 -285.468902303
1273 -76.8254066929
1274 -261.517083771
1275 -175.388917793
1276 -169.091587521
1277 -268.920964498
1278 -263.714336186
1279 -250.7516618
1280 -265.903876768
1281 -272.916458658
1282 -240.260453738
1283 -180.64389331
1284 -201.992548986
1285 -208.776154202
1286 -244.218362996
1287 -186.770179453
1288 -209.288362622
1289 -229.871084953
1290 -203.403089723
1291 -188.329400612
1292 -264.735016971
1293 -262.768750774
1294 -201.980351118
1295 -310.058171924
1296 -203.716307861
1297 -255.43248781
1298 -271.45621494
1299 -180.951602811
1300 -91.9710184918
1301 -195.767402213
1302 -251.648524503
1303 -204.932582662
1304 -131.174963977
1305 -234.956270438
1306 -34.9126942617
1307 -160.468724789
1308 -234.636350156
1309 -246.865730736
1310 -225.14309714
1311 -267.55692845
1312 -245.665395816
1313 -250.363202084
1314 -298.769692977
1315 -158.083352893
1316 -202.832911521
1317 -204.077901164
1318 -205.429659798
1319 -280.685237973
1320 -210.829226357
1321 -290.697358259
1322 -148.382670599
1323 -168.829749033
1324 -257.860789748
1325 -236.306102608
1326 -223.204890076
1327 -182.025134251
1328 -184.640895679
1329 -294.78928186
1330 -183.529143302
1331 -253.700447394
1332 -272.595281732
1333 -219.2464659
1334 -163.966645985
1335 -256.848065972
1336 193.840548591
1337 -267.757123862
1338 -104.053372682
1339 -262.207846161
1340 -301.949069627
1341 -242.645715018
1342 -277.04871645
1343 -232.397845587
1344 212.804670812
1345 -263.665908862
1346 -188.277419711
1347 -333.718386897
1348 -193.712278859
1349 -154.661354264
1350 -204.377403696
1351 -195.989022382
1352 -294.22698026
1353 -220.403625391
1354 -261.894070473
1355 -233.172936865
1356 -282.922265918
1357 -252.691812604
1358 -300.784343205
1359 -41.2626117746
1360 -56.8139663504
1361 -177.946812229
1362 -283.734463872
1363 -254.082995173
1364 -159.968916629
1365 -218.017902236
1366 -127.891191002
1367 -187.161595367
1368 -218.869377673
1369 -163.206439974
1370 -223.863082801
1371 -280.692274663
1372 -163.965846138
1373 -283.390702566
1374 -243.726952858
1375 -247.783292104
1376 -188.341312861
1377 -240.26920203
1378 -181.799523018
1379 -208.109202582
1380 -219.779944112
1381 -262.875907604
1382 -171.546414421
1383 -307.401709028
1384 -170.220270208
1385 -210.750121229
1386 -231.157090995
1387 -242.110086695
1388 -324.7618626
1389 -277.804277757
1390 -276.463594238
1391 -338.138079824
1392 -192.488522392
1393 -210.697801119
1394 -171.213056847
1395 -219.359005414
1396 -267.205725781
1397 -259.501981704
1398 -249.251858792
1399 -226.537696866
1400 -162.819230995
1401 -244.27323932
1402 -217.033545408
1403 -161.83440086
1404 -277.089528564
1405 -268.089879149
1406 -261.780468215
1407 -173.412683227
1408 -182.863768813
1409 -230.900090286
1410 -174.551089908
1411 -255.978290548
1412 -167.226455607
1413 -198.12522265
1414 -254.294122107
1415 -238.193004607
1416 -219.797317027
1417 -204.363825733
1418 -198.385450608
1419 -275.428910214
1420 -276.145963413
1421 -211.746396447
1422 -228.320208779
1423 -184.163806691
1424 -228.287087686
1425 -255.318987421
1426 -234.672342351
1427 -183.395086576
1428 -207.691933798
1429 -223.622705734
1430 -202.138649712
1431 -251.354059862
1432 -168.092488021
1433 -166.222093124
1434 -179.605796045
1435 -225.490982961
1436 -258.989868458
1437 -200.150320894
1438 -272.986493087
1439 -235.579174985
1440 -220.872018049
1441 -205.57071088
1442 -158.093100672
1443 -215.037725658
1444 224.232721918
1445 -226.766880643
1446 -243.479113861
1447 -219.307099728
1448 -215.551738136
1449 -232.021278024
1450 -123.128453319
1451 -277.591057506
1452 -262.542370323
1453 -294.406033343
1454 -233.163043841
1455 -262.952634567
1456 -187.799956346
1457 -159.940580048
1458 -164.076997935
1459 -263.847963031
1460 -163.056220717
1461 -227.414906547
1462 -271.331608648
1463 -181.611063549
1464 -267.25211158
1465 -221.628372716
1466 -167.54449268
1467 -275.590754318
1468 -177.931427768
1469 -231.974792978
1470 -284.986409905
1471 -264.588142247
1472 -192.571316434
1473 -303.025256737
1474 -255.87683548
1475 -263.585675801
1476 -221.415693479
1477 -209.700772446
1478 -171.031279168
1479 -172.562285276
1480 -224.575298775
1481 -167.432639288
1482 -240.676459718
1483 -136.762976234
1484 -52.097231548
1485 -327.144419067
1486 -176.591132079
1487 -274.934141874
1488 -205.168781793
1489 -254.221407013
1490 -233.587034952
1491 -242.899952627
1492 -255.332158635
1493 -212.627902586
1494 -246.094052209
1495 -251.34794999
1496 -202.533008854
1497 -236.703389094
1498 -169.588446743
1499 -185.152717041
1500 -261.030799267
1501 -206.908537256
1502 -208.287231649
1503 -135.679610289
1504 -167.726190559
1505 -190.418020166
1506 -239.212439902
1507 -253.17514645
1508 -210.548362252
1509 -226.588353499
1510 -206.491021998
1511 -238.547027196
1512 -267.006656975
1513 -288.494179151
1514 -271.041297119
1515 -263.149088551
1516 -264.949757504
1517 -215.053107796
1518 -150.238956792
1519 -218.806007226
1520 -268.642084276
1521 -152.176701173
1522 -181.322767745
1523 -190.215729805
1524 -231.064174078
1525 -254.359436353
1526 -176.595746417
1527 -193.752005599
1528 -202.0583963
1529 -193.007020177
1530 -198.79982411
1531 -248.587633651
1532 -213.391550924
1533 -302.151568894
1534 195.858154832
1535 -214.021879621
1536 -172.421888058
1537 -277.617413069
1538 -222.383873422
1539 -201.8246399
1540 -200.97062332
1541 -241.640595315
1542 -236.502635953
1543 -159.615251849
1544 -218.062006609
1545 -217.471474537
1546 -208.738466361
1547 -149.188017918
1548 -260.265488771
1549 -293.783095586
1550 -92.814189707
1551 -198.564519062
1552 -262.415997114
1553 -258.660831667
1554 -207.391711321
1555 -234.618738385
1556 -295.661480404
1557 -293.81905587
1558 -277.420783842
1559 -207.535504128
1560 -7.55512142801
1561 -48.6348966105
1562 -263.968956354
1563 -309.864737695
1564 -244.302656449
1565 -272.218850773
1566 -240.043018565
1567 -259.413405492
1568 -171.062938119
1569 -170.532493221
1570 -268.036992962
1571 -291.923450467
1572 -285.390015893
1573 -196.883200562
1574 -286.300648059
1575 -244.205522012
1576 225.659028852
1577 -232.829732889
1578 -228.458419015
1579 -287.008330584
1580 -218.208165752
1581 -286.377227792
1582 -160.61133573
1583 -301.326497941
1584 -227.647620392
1585 -48.6058303662
1586 -241.626266183
1587 -252.83004646
1588 -250.048986683
1589 -237.212139532
1590 -247.227381949
1591 -254.629289843
1592 -262.365493671
1593 -199.854221166
1594 -277.857623588
1595 -230.517986087
1596 -199.562723826
1597 -291.016390833
1598 -228.430103892
1599 220.543985851
1600 -192.572591306
1601 -201.393552064
1602 -251.215721695
1603 -164.463963269
1604 -278.428551118
1605 -192.226961671
1606 -265.52295876
1607 -204.020248996
1608 -144.871497879
1609 -232.310108155
1610 -263.035201092
1611 -225.64203335
1612 -275.018517157
1613 -154.638644097
1614 -184.523745518
1615 -226.631980853
1616 -160.29415267
1617 -199.01665245
1618 -239.761932572
1619 -311.925697166
1620 219.440750643
1621 -269.021081616
1622 -283.211931446
1623 -258.841684859
1624 -221.582479126
1625 -264.226097504
1626 -282.190091454
1627 -33.0206067747
1628 -156.266225407
1629 -256.171077572
1630 -247.842571391
1631 -159.707881228
1632 -273.907489403
1633 -283.937027025
1634 -155.374778658
1635 -200.053677792
1636 -286.893382579
1637 -267.946696717
1638 -256.720753877
1639 -279.13568132
1640 -259.171443965
1641 -272.566855727
1642 -254.777170943
1643 -218.605791257
1644 -254.385254625
1645 -248.368027736
1646 -293.079919779
1647 -224.825755461
1648 -214.581076367
1649 -230.122064902
1650 219.190604308
1651 -241.016245513
1652 -247.364683105
1653 -216.32387507
1654 -226.367081863
1655 -214.163757684
1656 -231.587471024
1657 -258.835213278
1658 -158.595829483
1659 -226.755580421
1660 194.508882756
1661 -183.012803873
1662 -152.375671675
1663 -249.194711395
1664 -200.349539738
1665 -154.276214153
1666 -238.565927502
1667 -210.835602853
1668 -179.043104148
1669 -231.019123748
1670 -194.67223861
1671 -185.203587548
1672 -151.152489897
1673 -250.952998208
1674 -192.05790216
1675 -261.732226777
1676 -224.59759774
1677 -252.571212361
1678 -202.530288964
1679 -181.163734728
1680 -237.823423163
1681 -249.741552339
1682 -151.916109476
1683 -176.729534112
1684 -106.342254188
1685 -176.00503064
1686 -201.326895221
1687 -270.351749807
1688 -187.471342313
1689 -274.518710495
1690 -266.189627468
1691 -248.244137154
1692 -159.631462612
1693 -265.57578031
1694 -279.113841913
1695 -234.219799703
1696 -232.382809243
1697 -246.021665672
1698 -270.974640345
1699 -267.203267279
1700 -281.768500322
1701 -285.84508465
1702 -178.026650482
1703 -233.9142431
1704 -56.9148553341
1705 -258.20904352
1706 -202.093133861
1707 -215.269671482
1708 -221.073483044
1709 -208.337854448
1710 -248.506011346
1711 -210.968776998
1712 -169.187609736
1713 -167.949591265
1714 -198.869338314
1715 -255.570346989
1716 -241.505378384
1717 -200.376421145
1718 -161.909622483
1719 -259.323886632
1720 -165.46852905
1721 -232.218977204
1722 -189.301074213
1723 -163.048287687
1724 -263.893515219
1725 -203.042197873
1726 -206.572346257
1727 -269.131161307
1728 -217.698718397
1729 -227.497189639
1730 -253.005225429
1731 -239.380337886
1732 -272.389022145
1733 -258.931123279
1734 -288.202907183
1735 -231.919740596
1736 -169.124223087
1737 -324.40575036
1738 -90.1803168994
1739 -197.398413976
1740 -271.162622171
1741 -243.371581905
1742 -242.714801809
1743 -207.422868095
1744 -253.722936833
1745 -266.744474061
1746 -174.773252366
1747 -30.0548371959
1748 -223.535609622
1749 -197.565285459
1750 -250.567450558
1751 -163.265808991
1752 -13.7792180854
1753 221.547200298
1754 -198.821561652
1755 -192.472849204
1756 -147.401340013
1757 -147.928297651
1758 -270.731314575
1759 -188.111662471
1760 -211.474286511
1761 -292.845841648
1762 -275.237050617
1763 -202.075453282
1764 -178.86056899
1765 -271.350753114
1766 210.526100415
1767 -266.511608799
1768 -277.629203681
1769 -234.817696875
1770 -209.555160238
1771 -114.088612995
1772 -204.041704623
1773 -239.662850266
1774 -219.849069002
1775 -221.332315981
1776 -214.126204874
1777 -230.917652089
1778 -218.877226165
1779 -160.278418655
1780 -346.961201584
1781 -257.525705122
1782 -178.845606994
1783 -261.667399359
1784 -244.573207823
1785 -243.19277401
1786 -232.802653757
1787 -239.339854801
1788 -247.374733203
1789 -217.900776406
1790 -183.719929194
1791 -259.790762601
1792 -244.89244972
1793 -268.37528733
1794 -196.44393315
1795 -52.3768433799
1796 -280.763311205
1797 -213.916982408
1798 -200.180851273
1799 -158.258262473
1800 -215.504275382
1801 -309.302625328
1802 -246.867329969
1803 -176.935106479
1804 -196.997568
1805 -215.571214602
1806 -272.896531001
1807 -214.160718625
1808 -188.000756324
1809 -225.161041429
1810 -234.840083522
1811 -247.895514163
1812 -235.533293993
1813 -195.498293863
1814 -224.193821147
1815 -225.176664018
1816 -247.194228387
1817 -217.293887935
1818 -218.482490272
1819 -220.498525663
1820 -162.936318146
1821 -266.391512222
1822 -244.427167628
1823 -249.967629479
1824 -282.920073622
1825 -179.833020529
1826 -169.649997872
1827 -149.032560124
1828 -164.533926426
1829 -160.034776301
1830 -216.860173122
1831 -41.7930512052
1832 -203.617474668
1833 -251.74396714
1834 -233.72921593
1835 225.166225867
1836 -287.595496942
1837 -220.464749536
1838 -266.826174728
1839 -285.931387209
1840 -258.523730655
1841 -257.933600644
1842 -23.0218110998
1843 -218.04375363
1844 -186.50427735
1845 -213.600473203
1846 -196.846950357
1847 -224.291596042
1848 -249.600269067
1849 -259.197054001
1850 -221.149813779
1851 -223.615826225
1852 -221.118279784
1853 -193.156261846
1854 -186.602027965
1855 -234.107538379
1856 -229.638103344
1857 -274.231123864
1858 -194.643029195
1859 -234.440629082
1860 -219.007101564
1861 -212.727671615
1862 -253.630417088
1863 -232.557002683
1864 -174.808561579
1865 -96.293249916
1866 -163.718051613
1867 -186.368880021
1868 -217.993978516
1869 -246.251799287
1870 -220.369022435
1871 -230.166292694
1872 -214.257991037
1873 -219.989106032
1874 -249.825554813
1875 -260.648789809
1876 -154.803567243
1877 -235.770205561
1878 -252.580674381
1879 173.04023404
1880 -155.740080638
1881 -211.901216046
1882 -58.2242175813
1883 -281.587839153
1884 -214.4193302
1885 -228.760696906
1886 -253.289262507
1887 -247.437532775
1888 -253.560710217
1889 -209.432757454
1890 -216.622787194
1891 -186.762683347
1892 -228.966025885
1893 -193.495920467
1894 -270.60297964
1895 -179.095105471
1896 -234.388886145
1897 -233.754199641
1898 -280.319131874
1899 -221.298330202
1900 -320.305933638
1901 -180.260152623
1902 -241.516637377
1903 -208.464483695
1904 -211.853080045
1905 -252.882840834
1906 -272.639366935
1907 -256.786576212
1908 -221.242484949
1909 -256.998897961
1910 139.294649334
1911 -247.085325635
1912 -199.334000641
1913 -139.525584964
1914 -240.302360778
1915 -232.355384894
1916 -189.26685048
1917 252.900580347
1918 -264.831020755
1919 -233.312530569
1920 -158.142874559
1921 -258.069611275
1922 -224.226143581
1923 -248.231129624
1924 -257.886005063
1925 -209.931920067
1926 -233.361543707
1927 -236.987955592
1928 -280.476803394
1929 -242.56076519
1930 -214.878512161
1931 -262.468461105
1932 -193.732446554
1933 -256.411949205
1934 -194.205096794
1935 -58.857005556
1936 -259.611091238
1937 -201.511763026
1938 -249.042937935
1939 -262.696231285
1940 -142.418773034
1941 -203.592261973
1942 -151.951843162
1943 228.583500583
1944 -296.478685847
1945 -242.255025715
1946 -212.117313821
1947 -269.307528103
1948 -194.888173095
1949 206.170341902
1950 -258.450793981
1951 -240.575896126
1952 -232.455872285
1953 -264.173292208
1954 -196.361874948
1955 -256.602579786
1956 -263.141260258
1957 -248.357470295
1958 -111.565620069
1959 -234.27397141
1960 -277.401053649
1961 -249.954140003
1962 -223.79137948
1963 -256.607490711
1964 -245.409330358
1965 -212.280680051
1966 -256.09698357
1967 -195.747934757
1968 -242.578337984
1969 -182.602950423
1970 -220.808721184
1971 -201.032862766
1972 -242.453577312
1973 -235.38743709
1974 -194.520305482
1975 -257.707089263
1976 -243.924138589
1977 -227.348946509
1978 -246.439777355
1979 -210.50377227
1980 -217.416525747
1981 230.122853144
1982 -137.511821208
1983 -260.135266369
1984 -192.346776506
1985 -231.855345349
1986 -194.618237893
1987 -223.767030804
1988 -274.748305425
1989 -177.568975364
1990 -261.747118298
1991 -205.144243902
1992 -244.269350102
1993 221.021745453
1994 -223.377184448
1995 -135.075643684
1996 -176.434540662
1997 -257.572779946
1998 -91.2813312155
1999 -267.107241723
2000 -173.248057532
2001 -203.955630332
2002 -235.588297146
2003 -268.733629018
2004 -210.253500216
2005 -199.740593714
2006 -261.975082638
2007 -267.241241605
2008 -185.375539889
2009 -246.047650611
2010 -309.344523727
2011 -204.879036052
2012 -241.577239517
2013 -252.057713757
2014 -19.7164089528
2015 -248.914130394
2016 -229.100191996
2017 -162.454841837
2018 -246.236345347
2019 -209.78796573
2020 -227.958744027
2021 -260.175334722
2022 -267.381068057
2023 -233.778767526
2024 201.917271545
2025 -273.177314835
2026 -231.150733679
2027 -310.838560485
2028 -263.018626663
2029 -169.096039072
2030 -50.7097280905
2031 -230.50170637
2032 -79.3961342695
2033 -323.611799133
2034 -239.004185989
2035 -75.8190262838
2036 -177.727848668
2037 -202.24337433
2038 -235.487575014
2039 -38.9890755173
2040 -185.929050241
2041 229.48849303
2042 -210.234667077
2043 -248.470506311
2044 -269.205033999
2045 -220.241967327
2046 -242.457192388
2047 -172.370975892
2048 -221.716854152
2049 -188.510660142
2050 -210.615652079
2051 -161.093548555
2052 -202.692958617
2053 -262.985759597
2054 -188.865465342
2055 -235.229238084
2056 -266.065077174
2057 -201.710440313
2058 -227.101460561
2059 -268.376922946
2060 -220.142862724
2061 -254.407965185
2062 -245.515872479
2063 -257.012332274
2064 -202.683501081
2065 -251.329705797
2066 -29.2379347508
2067 -316.690585767
2068 -215.581864128
2069 -245.047830363
2070 -239.428403944
2071 -248.188420038
2072 -267.350240119
2073 -192.542549124
2074 -156.815104965
2075 -204.710973896
2076 -250.285075749
2077 198.666722542
2078 -143.292463879
2079 -231.269118256
2080 -193.10487739
2081 -271.311733149
2082 -186.451647711
2083 -205.621161502
2084 -224.017582435
2085 -249.106372185
2086 -267.709853445
2087 -244.995678605
2088 -219.496993537
2089 -128.30677011
2090 -167.680255661
2091 -249.594614691
2092 -162.024509275
2093 -240.683326886
2094 194.044439215
2095 -246.650343839
2096 -265.081106159
2097 -260.089740371
2098 -243.349704859
2099 -247.833167301
2100 -300.256662223
2101 -188.076007153
2102 247.740417554
2103 -242.028130991
2104 -226.46723494
2105 -196.122672041
2106 -247.811977266
2107 -210.259115392
2108 -208.56482976
2109 -275.753533789
2110 -59.2049276006
2111 -203.06668434
2112 -242.715649306
2113 -159.753919343
2114 -246.878507199
2115 217.435968739
2116 -332.342876142
2117 -205.879462148
2118 -258.162739241
2119 -301.771391548
2120 -157.054124515
2121 -207.296541398
2122 -234.489784822
2123 -97.6943128815
2124 -265.380356981
2125 -271.318261072
2126 -347.179354305
2127 -262.620901442
2128 -237.28618756
2129 -155.395358324
2130 191.435163242
2131 -187.676998542
2132 -116.688242867
2133 -265.153459886
2134 -251.927861924
2135 -288.419712916
2136 -199.328212169
2137 -238.497194707
2138 -172.423541707
2139 -252.671403454
2140 -264.476374516
2141 -176.483761327
2142 -177.98691358
2143 -264.522128643
2144 -198.363037476
2145 -199.131914174
2146 -54.0361042175
2147 -215.009385049
2148 11.1473114933
2149 -259.66035674
2150 -222.097912381
2151 -130.046240022
2152 -250.746891037
2153 -254.421856431
2154 -240.272539834
2155 -196.015469111
2156 -301.963373358
2157 -200.506723822
2158 -242.55400053
2159 -249.736367451
2160 -208.989931736
2161 -232.548469246
2162 -279.95409246
2163 -236.73835444
2164 -213.876227208
2165 -249.582930283
2166 -244.51133064
2167 -206.465026044
2168 -272.453484386
2169 -277.906189348
2170 -306.621644395
2171 -164.607231803
2172 -211.073717505
2173 -234.830847333
2174 -282.650966017
2175 -220.889823428
2176 -182.193422471
2177 -196.884816801
2178 -187.821595484
2179 -284.613450486
2180 -195.517803218
2181 -266.08604816
2182 -77.8447689009
2183 -185.646080021
2184 -202.151004535
2185 -142.733766629
2186 -270.291773472
2187 -294.522719371
2188 -280.118859881
2189 -201.421312091
2190 -188.397324387
2191 -182.186917001
2192 -260.270923195
2193 -303.929808682
2194 -230.211211163
2195 -236.825559483
2196 -177.074440562
2197 -204.947510625
2198 -198.715872162
2199 -256.094912636
2200 -238.14368556
2201 -235.882572584
2202 -262.619689545
2203 -253.224544797
2204 -212.814127733
2205 -180.821987361
2206 -251.875863451
2207 -202.662441242
2208 -253.591442625
2209 203.899296867
2210 -232.330784086
2211 -266.100485863
2212 -214.260176675
2213 -127.821358512
2214 -277.131866134
2215 -227.591754122
2216 204.272895442
2217 -162.944004521
2218 -244.118715621
2219 -120.150626879
2220 -66.8667338184
2221 -145.804253628
2222 -279.367460016
2223 -268.605087674
2224 -200.305726578
2225 -8.59626250355
2226 -171.972129849
2227 -193.222306218
2228 -184.127365731
2229 -248.498343526
2230 -176.994933054
2231 -266.295547732
2232 -212.330308322
2233 -306.00519689
2234 -227.532829785
2235 -227.613916814
2236 -251.928232552
2237 -170.201694619
2238 -241.077065747
2239 -183.1552767
2240 -242.168393118
2241 -48.9551692093
2242 -239.40992012
2243 -150.165476133
2244 -238.441731157
2245 -225.559968084
2246 -198.72976606
2247 -236.836947635
2248 -275.667633499
2249 -264.832374753
2250 -266.445710197
2251 -163.515258813
2252 -255.013986224
2253 -178.289723684
2254 -284.997678921
2255 -227.545971321
2256 -238.744675323
2257 -263.955021749
2258 -228.12435418
2259 -276.825167498
2260 -261.607908259
2261 214.876140807
2262 -238.053139897
2263 -242.396183869
2264 -210.366254084
2265 -263.751548824
2266 -227.850510365
2267 -204.288294369
2268 -205.030631809
2269 -285.160954451
2270 -258.642573113
2271 -217.460769345
2272 -235.886101798
2273 -228.501393298
2274 -222.195929429
2275 -250.494641874
2276 -205.236153473
2277 165.742301386
2278 -285.139108508
2279 -209.022335745
2280 -177.786161703
2281 -228.665176585
2282 -215.223564442
2283 -210.508096861
2284 -243.327150176
2285 -293.524010347
2286 -158.831583147
2287 -219.582843255
2288 -207.201072643
2289 -248.873594729
2290 -240.780497262
2291 -212.213807447
2292 -202.696142772
2293 194.668791827
2294 -189.272987805
2295 -294.747031405
2296 -181.547441979
2297 -247.741583363
2298 -187.355556964
2299 -169.540600876
2300 -214.613294995
2301 -220.55240307
2302 -254.140518692
2303 -256.994195166
2304 -214.377791556
2305 -286.98152723
2306 -248.921571075
2307 -244.004065877
2308 -278.117751633
2309 -273.287245347
2310 -205.860128566
2311 -224.824113216
2312 -219.38655966
2313 -29.6214558548
2314 -160.485227264
2315 -243.492315349
2316 -324.423801481
2317 -236.178118159
2318 -157.410285407
2319 -214.56134051
2320 -215.163618498
2321 -167.070094323
2322 15.0964680409
2323 -239.042791327
2324 -233.477777654
2325 -192.934542628
2326 -264.879900541
2327 -200.73795716
2328 -190.020909608
2329 -268.261739634
2330 -204.758406703
2331 -299.204876241
2332 -251.702184782
2333 -49.1327863823
2334 -283.466611399
2335 -140.223289083
2336 -243.357523583
2337 -233.460980378
2338 -168.041246081
2339 219.048382057
2340 -268.737718393
2341 -289.478110405
2342 -249.293879456
2343 -135.724923767
2344 -258.107344454
2345 -214.380789853
2346 -231.316327981
2347 -256.37941168
2348 -248.652631659
2349 -269.980061428
2350 -221.384403191
2351 -208.788438343
2352 -228.542223908
2353 -199.005785116
2354 -272.667445738
2355 -43.9507434333
2356 -206.031595214
2357 -289.853330741
2358 -200.471100567
2359 -249.644310449
2360 -266.451586352
2361 -253.089138544
2362 -237.473435053
2363 -245.093190018
2364 -287.584646194
2365 -232.732325202
2366 -86.7356824832
2367 -252.916069943
2368 -257.521196972
2369 -319.93952881
2370 195.155309936
2371 -237.179842386
2372 -279.672763758
2373 -274.59020419
2374 -224.755231192
2375 -277.322489095
2376 -227.684464801
2377 -162.976966199
2378 -279.534689649
2379 -193.810279376
2380 -230.597780673
2381 -171.79135982
2382 -286.424502659
2383 -277.352698279
2384 -203.883071794
2385 -241.607001661
2386 -221.83157152
2387 -270.624538196
2388 -222.185717605
2389 -263.64350276
2390 -206.36717011
2391 -236.598311302
2392 -189.40448449
2393 -224.172061823
2394 -266.612732172
2395 -238.394387451
2396 -268.003884644
2397 -258.507587063
2398 -248.913264318
2399 -223.947728801
2400 -112.550303547
2401 -155.386192848
2402 -262.710842933
2403 -12.1180606709
2404 -226.197230617
2405 -228.37285736
2406 -233.553157569
2407 -197.866787187
2408 -314.140039296
2409 -227.730083811
2410 -137.172182129
2411 -246.051115762
2412 -227.557624904
2413 -263.985008422
2414 -216.747555358
2415 -217.553082837
2416 -163.336148925
2417 -202.389222807
2418 -257.249587224
2419 -260.415760952
2420 -27.5496330889
2421 -24.2922046186
2422 -251.477465045
2423 -181.489578185
2424 -167.459621761
2425 -243.344484284
2426 -169.430339971
2427 -254.22631553
2428 -186.895045763
2429 -295.175674226
2430 -231.13268665
2431 -207.62607053
2432 -190.599221291
2433 -211.550550121
2434 -221.654971526
2435 -216.499696458
2436 -216.563795541
2437 -262.348814463
2438 -229.003164495
2439 -215.696865993
2440 -159.140933385
2441 -176.375948493
2442 -275.025954613
2443 -290.91186385
2444 -159.963551275
2445 -213.484666841
2446 -232.030104182
2447 -238.412837699
2448 -266.569238996
2449 -205.639334488
2450 -314.099813093
2451 -259.919190469
2452 -242.038658847
2453 -241.275631816
2454 -238.757457975
2455 -235.069751039
2456 -231.268239671
2457 -246.041132837
2458 -272.626626396
2459 -279.362295873
2460 -170.931979268
2461 -203.197851187
2462 -268.611542447
2463 221.219324524
2464 -187.730143468
2465 -238.255001072
2466 -138.909762891
2467 -229.609473486
2468 -245.313482041
2469 -164.459725264
2470 -259.182286783
2471 -267.486316778
2472 -304.961421198
2473 -256.472166126
2474 -222.700002414
2475 -172.848616114
2476 -254.200273047
2477 -182.664503677
2478 -224.9056708
2479 -264.130253539
2480 -285.660707387
2481 -175.107870481
2482 -278.390152812
2483 -189.574175732
2484 -204.314308578
2485 -25.7552437553
2486 -274.708184277
2487 -170.790305293
2488 -238.090123115
2489 -281.384081042
2490 -242.343877184
2491 -212.95217629
2492 197.183658866
2493 -266.959325102
2494 -252.757905251
2495 -162.535169369
2496 197.347626393
2497 -267.768949622
2498 -212.196793968
2499 -207.59244342
2500 224.099993795
2501 -302.090927912
2502 -187.967612393
2503 -198.818287512
2504 -201.247831274
2505 -20.4559607818
2506 -294.946423375
2507 253.206268872
2508 -198.577257553
2509 -266.230872699
2510 -201.31135463
2511 -143.138753813
2512 -279.964161036
2513 -237.333881314
2514 -238.428032175
2515 -164.090191938
2516 -259.990741255
2517 -208.689881237
2518 -238.534149269
2519 -296.419167457
2520 -241.711891994
2521 -204.182774426
2522 -248.131213923
2523 -253.784486836
2524 -284.466871599
2525 -244.792994664
2526 -219.418652109
2527 -153.306917719
2528 -142.861332765
2529 -200.860573278
2530 -277.446762521
2531 -275.757694696
2532 -279.103473417
2533 -160.859922298
2534 -215.780177255
2535 -207.304770805
2536 -173.123328679
2537 -208.60497821
2538 -250.188303348
2539 -295.377307871
2540 -242.583509948
2541 -139.60396558
2542 -275.12152044
2543 -118.087019003
2544 -194.855225743
2545 -245.440145593
2546 265.913386104
2547 -215.801813856
2548 226.603306599
2549 -261.198891157
2550 -318.130381443
2551 -278.466018702
2552 -272.617655866
2553 -221.29498715
2554 -288.291434724
2555 -268.57276428
2556 -284.522800049
2557 -212.108354597
2558 213.549680058
2559 -236.268068472
2560 -261.446039426
2561 -260.380993087
2562 -220.774548247
2563 -217.407007079
2564 -268.540337253
2565 -208.134723092
2566 -216.224980957
2567 -177.292256581
2568 -253.604477445
2569 -251.901732731
2570 -150.369896618
2571 -242.227548612
2572 -306.369339198
2573 -37.3221596525
2574 -219.048610267
2575 -224.611122812
2576 -312.859034287
2577 -197.164475646
2578 -8.8369291704
2579 -255.667869048
2580 -276.333317169
2581 -138.746674365
2582 -189.876766043
2583 -20.5982828785
2584 -71.2828500932
2585 -256.751458316
2586 -269.714726224
2587 -240.933432596
2588 -253.784315675
2589 -248.541137961
2590 -243.05902754
2591 -202.851467089
2592 -213.648478432
2593 -247.053349337
2594 -287.58920507
2595 -235.446625133
2596 -268.418265557
2597 -255.444109222
2598 -190.509826743
2599 -200.808477498
2600 -310.97484028
2601 -199.988614947
2602 201.92248614
2603 -313.102150533
2604 -263.72286784
2605 -283.024671067
2606 -249.820120669
2607 -184.941623974
2608 218.869052219
2609 -289.462934667
2610 -174.72242765
2611 -243.567890207
2612 -235.36128943
2613 -265.694832471
2614 -234.942693572
2615 -217.024807742
2616 -271.066810765
2617 -288.411799594
2618 -282.178839578
2619 -231.493460293
2620 -295.909888555
2621 -241.764086333
2622 -189.795070725
2623 -255.732010918
2624 -151.373403864
2625 -172.450634403
2626 -249.60695697
2627 -250.544829104
2628 -157.346769832
2629 -159.720842686
2630 -221.778209301
2631 -231.560985646
2632 -274.13187241
2633 -238.363357743
2634 -265.066045958
2635 -177.681220992
2636 -260.205504312
2637 -322.290476057
2638 -261.212383716
2639 -258.714367717
2640 -315.964835349
2641 -217.901761969
2642 251.216219037
2643 -182.065926781
2644 -251.651959535
2645 -165.126040839
2646 -247.232924461
2647 -237.249718003
2648 -196.100518251
2649 226.546189967
2650 238.183403345
2651 -253.144591371
2652 -190.327196668
2653 -207.501088029
2654 -274.810768009
2655 -242.603276099
2656 -209.005976112
2657 -239.761622182
2658 -193.567816424
2659 -238.192104421
2660 -173.754838981
2661 -269.496669291
2662 -286.916443684
2663 -15.7831331519
2664 -188.191200089
2665 245.430816589
2666 -273.253589784
2667 -199.481247038
2668 -263.639637925
2669 -148.344438845
2670 -277.083032809
2671 -268.132194009
2672 -263.643330177
2673 -270.921118418
2674 -238.755256889
2675 -270.324663052
2676 260.370854553
2677 -224.347448541
2678 -228.062828435
2679 -226.571374994
2680 -270.854589973
2681 230.654385839
2682 -264.362298375
2683 -291.650577274
2684 -212.45844648
2685 -151.124543133
2686 -229.760312662
2687 -151.774632871
2688 -207.40946351
2689 -123.69674517
2690 -273.085492977
2691 -288.558401204
2692 234.977870108
2693 -264.425549603
2694 -238.243252987
2695 -238.295838788
2696 -263.543977184
2697 -249.945835317
2698 -268.409286505
2699 -266.144082482
2700 -155.776221312
2701 -263.34114989
2702 -230.586794622
2703 -300.131425329
2704 -117.931088225
2705 -243.263687941
2706 -274.34270419
2707 -240.525059688
2708 -256.758573531
2709 -189.326542464
2710 -245.904947044
2711 -250.470410201
2712 -150.376691023
2713 -286.871172326
2714 -312.585032983
2715 -267.448548439
2716 25.1587241829
2717 -281.244928572
2718 -255.076801616
2719 -243.690386919
2720 -230.897292867
2721 -278.600949658
2722 -176.713614097
2723 -219.475735488
2724 -137.94335045
2725 -202.513126797
2726 -257.253420545
2727 -250.87208679
2728 -195.584704522
2729 -260.375337077
2730 -296.512966703
2731 -240.927432393
2732 -183.410720183
2733 -245.041088045
2734 -240.456596381
2735 -251.232155112
2736 -311.250617377
2737 -276.765763865
2738 -168.728139761
2739 -140.086975802
2740 -149.437871787
2741 -224.183136848
2742 -74.7989058588
2743 -239.861341228
2744 -296.314016484
2745 -264.757632754
2746 -249.082551533
2747 -269.28613464
2748 -256.972743126
2749 -282.64626569
2750 -169.718676482
2751 -271.208753061
2752 258.490557685
2753 -264.279038465
2754 -184.859126375
2755 -214.852484718
2756 -266.478069448
2757 -252.755839805
2758 -26.4728206685
2759 -26.0826231013
2760 -240.462804702
2761 -259.393359235
2762 -286.745100595
2763 -195.296459145
2764 -209.509510308
2765 216.057466349
2766 -295.462600983
2767 -244.364508656
2768 -219.378829476
2769 -250.53809906
2770 -164.226943844
2771 -280.133350583
2772 -244.349321027
2773 -267.620918488
2774 -261.198291327
2775 -267.563792316
2776 -274.256467419
2777 226.769403253
2778 -252.074289589
2779 -169.080278414
2780 -300.215090649
2781 -326.052053026
2782 -214.715980697
2783 -214.068502875
2784 -193.460323492
2785 264.57595635
2786 -238.580513255
2787 -306.887511407
2788 -261.935765439
2789 -274.885927827
2790 -361.004710869
2791 -295.259668405
2792 -71.9622238805
2793 -177.584219672
2794 -188.540292462
2795 -194.603091741
2796 -201.886766768
2797 -170.492504909
2798 225.580542876
2799 -257.743294607
2800 -275.329398284
2801 -209.677544749
2802 -286.345611185
2803 -218.155723045
2804 -261.638198918
2805 -288.109509939
2806 -274.719626275
2807 -341.529592737
2808 -316.767523606
2809 -239.687670204
2810 -269.586412769
2811 -279.799964894
2812 -190.687769245
2813 -290.951393423
2814 -280.067106347
2815 -221.27017818
2816 -256.999124266
2817 -172.368590133
2818 -208.844314111
2819 -162.763992686
2820 -207.268912308
2821 -72.6831891105
2822 -203.660514639
2823 -261.481199218
2824 -65.5567290077
2825 -310.983523436
2826 -104.000679564
2827 -175.927721937
2828 -268.44649106
2829 -187.248388413
2830 244.749892977
2831 194.846651592
2832 -295.191970196
2833 -240.690194207
2834 -203.139526868
2835 -224.291442799
2836 -157.262714746
2837 -218.431635755
2838 -254.280936212
2839 -261.501721939
2840 -161.059849251
2841 -147.684891283
2842 -170.913648545
2843 -183.268315618
2844 230.77731568
2845 -257.136569705
2846 -181.894493517
2847 -182.164228843
2848 -269.512833859
2849 -331.690274881
2850 -267.65889906
2851 -261.266664456
2852 188.652742501
2853 -40.8024981581
2854 -276.865933284
2855 -210.291353419
2856 -255.941745374
2857 -253.013009425
2858 213.474801025
2859 -264.573081802
2860 -228.864070006
2861 -187.318377618
2862 -277.478025325
2863 -244.607212927
2864 -197.916276381
2865 -128.579683901
2866 -246.123861342
2867 -323.227588228
2868 -159.522541909
2869 -212.505276831
2870 -313.102184653
2871 -243.034035697
2872 242.011808494
2873 -230.618023871
2874 -242.167798035
2875 -231.868832266
2876 -272.674035075
2877 -250.624585801
2878 -191.989883008
2879 -246.611296547
2880 -257.798974572
2881 -182.168555523
2882 -266.847744253
2883 -257.320346254
2884 -289.790692531
2885 -269.48168637
2886 -331.894339435
2887 -258.011341031
2888 -255.546448111
2889 -255.484961633
2890 -222.514390566
2891 -235.73274191
2892 252.301088461
2893 -217.297555162
2894 -197.855080556
2895 -218.582740508
2896 -307.416763433
2897 -273.741421571
2898 -258.49930823
2899 -38.951201341
2900 -254.600009771
2901 -241.706521947
2902 -249.42095609
2903 -249.218611778
2904 -216.55983019
2905 -289.856633599
2906 -168.229434247
2907 -189.780104832
2908 -244.892578187
2909 -231.666774152
2910 -79.4669787018
2911 -276.666438639
2912 -251.652438903
2913 -259.810048085
2914 -306.896913513
2915 -200.786368385
2916 -257.937826706
2917 -242.075999557
2918 -279.47434256
2919 -270.986527579
2920 -52.2059393451
2921 -307.82734232
2922 -160.791401899
2923 -201.762365107
2924 -277.273776112
2925 -271.938622698
2926 -284.956979293
2927 -326.612573752
2928 -282.891061432
2929 -104.235248983
2930 -184.540970019
2931 -186.04095948
2932 -251.002701834
2933 -284.016499467
2934 -38.8808047675
2935 -211.904511865
2936 -266.959373772
2937 -209.627162787
2938 -286.206492628
2939 -221.696381738
2940 -150.209511678
2941 -255.729987731
2942 -259.077609255
2943 -243.584663627
2944 -239.630046206
2945 -144.914150165
2946 -214.323510384
2947 -316.486035909
2948 -333.015845176
2949 -252.041494182
2950 -200.692220325
2951 -211.516604227
2952 -255.244217192
2953 -187.791788017
2954 -259.691703751
2955 -48.7297114131
2956 -259.69705289
2957 -286.083066564
2958 -219.407018239
2959 -280.983847348
2960 -230.454308233
2961 -173.336133415
2962 -259.071145454
2963 -135.892987275
2964 -254.382298226
2965 -221.950539815
2966 -252.672377658
2967 -215.973058492
2968 -286.689343607
2969 -256.342977133
2970 -206.257755307
2971 -252.932347582
2972 -267.701665045
2973 -216.577291803
2974 -250.483038951
2975 -274.481284753
2976 -218.132187574
2977 -220.380933049
2978 -299.984706306
2979 -250.454191142
2980 -231.291994053
2981 -219.971010154
2982 236.967426689
2983 -272.361955745
2984 -303.285272398
2985 -245.305579209
2986 -271.649494086
2987 -292.20043814
2988 201.581032025
2989 -154.502560472
2990 224.368558446
2991 -179.166639135
2992 -247.00498775
2993 -234.818533978
2994 -261.369409824
2995 -253.326898476
2996 227.486276187
2997 -254.247639751
2998 -151.417399327
2999 -161.950579969
3000 -162.786493981
3001 -208.694790773
3002 -273.568091941
3003 -220.895729426
3004 -273.124812689
3005 -277.875051031
3006 -272.530120286
3007 -197.138346096
3008 -256.747102692
3009 -254.234123426
3010 -243.614908267
3011 -266.033476089
3012 -265.440492082
3013 -200.991020327
3014 -285.200570026
3015 -184.495983555
3016 -231.275698988
3017 -272.813259243
3018 -218.416919729
3019 223.221810191
3020 -177.463994828
3021 -302.693914597
3022 -290.775686899
3023 -148.785533643
3024 -253.873036651
3025 -265.655759435
3026 -401.512804424
3027 -293.875119981
3028 -221.968713913
3029 -252.726981457
3030 -289.365100978
3031 -219.969022669
3032 -275.531670542
3033 -177.198627739
3034 -248.741082987
3035 -264.859195668
3036 -234.726085753
3037 -305.948468574
3038 -281.611945088
3039 -279.529036688
3040 -312.825738217
3041 -273.779743225
3042 -209.271510324
3043 -161.875449686
3044 -200.995819574
3045 -240.592163795
3046 -262.930092474
3047 -227.725462032
3048 -118.206056049
3049 -165.901124691
3050 244.212064698
3051 -132.185076797
3052 -299.860801083
3053 -254.840343262
3054 -296.829803302
3055 174.520726755
3056 -286.286905962
3057 8.04538055131
3058 -274.029312684
3059 -283.850473773
3060 -314.756871573
3061 -171.980664951
3062 -212.078973593
3063 -240.959992241
3064 -278.163281029
3065 -244.30192094
3066 -280.943725174
3067 -250.851502276
3068 -286.626387332
3069 -59.8025713088
3070 -265.002560155
3071 -243.879668128
3072 -276.558664301
3073 -256.283419427
3074 -318.770673611
3075 -201.790499659
3076 -231.502970863
3077 -239.835144072
3078 -281.800247811
3079 -245.807845231
3080 -273.834332422
3081 -203.568588301
3082 -229.013124798
3083 -309.739949431
3084 -284.392518468
3085 -191.726006133
3086 -299.990728171
3087 -274.764333848
3088 -302.473068822
3089 -282.373218086
3090 237.527886226
3091 -182.342534295
3092 -300.493325788
3093 -288.658775183
3094 -205.179396325
3095 225.43752435
3096 -82.1297905095
3097 -274.406846771
3098 -218.243540873
3099 -172.375112785
3100 -238.272744943
3101 -77.1231055748
3102 -236.291642604
3103 -234.007554372
3104 -185.340063981
3105 -287.543857584
3106 -259.17949633
3107 -44.7308272563
3108 -292.14905571
3109 -313.52097615
3110 -277.144630612
3111 -258.394360305
3112 -224.967398577
3113 -261.98937223
3114 -291.792370876
3115 -295.524569034
3116 -287.734910132
3117 -295.319466722
3118 -279.011669913
3119 -291.90814065
3120 -224.156665017
3121 -272.487661541
3122 -304.702561706
3123 -254.523428422
3124 -279.078321958
3125 -284.444773892
3126 -251.913455993
3127 -282.262796294
3128 -281.778274581
3129 -171.829023363
3130 -279.688925276
3131 -248.032969902
3132 -162.420483962
3133 -243.350916682
3134 -250.588042461
3135 -307.058146625
3136 -246.178028722
3137 -339.405817431
3138 -281.4424321
3139 -259.623052177
3140 -248.971113337
3141 -243.63596769
3142 -246.977587
3143 -266.312341749
3144 -303.96807441
3145 -85.7093370676
3146 -258.692239383
3147 -89.7231301292
3148 -194.500915766
3149 -274.839298271
3150 -225.581530818
3151 -247.045446692
3152 -201.183313793
3153 -246.542710795
3154 -291.285422458
3155 -246.839223976
3156 -264.333754294
3157 -203.019492906
3158 -259.258637274
3159 -252.461963062
3160 -202.656331087
3161 -266.299945187
3162 -226.206697555
3163 -222.55707068
3164 -290.251437424
3165 -225.430289946
3166 -158.099053488
3167 -265.466532224
3168 -298.369630102
3169 -267.372123833
3170 -170.976614385
3171 -170.439861875
3172 -239.871888761
3173 -208.793248563
3174 -202.501650073
3175 -271.741009505
3176 -176.307295709
3177 -265.00975673
3178 -282.214095066
3179 -275.550655803
3180 -250.186943183
3181 -295.226147559
3182 -280.158989745
3183 -233.700690401
3184 -202.512398444
3185 -169.139081948
3186 -252.112513503
3187 -64.9018921907
3188 -261.676730179
3189 -253.454265243
3190 -213.532987682
3191 -279.385154256
3192 -298.992215843
3193 -274.96418571
3194 -180.389936389
3195 -160.278912322
3196 -301.937012865
3197 -309.492114283
3198 -185.397316856
3199 -221.312224283
3200 -237.408340905
3201 -217.144407236
3202 -293.110981689
3203 -334.868422239
3204 -190.263934535
3205 -232.1361697
3206 -257.12545256
3207 -171.788847367
3208 -212.543933728
3209 -163.344442254
3210 -354.236038846
3211 -193.109039234
3212 -242.399708488
3213 -268.287224449
3214 -280.266200182
3215 -215.516542404
3216 -279.08080846
3217 -258.528641611
3218 -287.69521943
3219 -298.104753045
3220 -265.419318172
3221 -201.395951767
3222 -186.052884252
3223 -287.396275519
3224 -118.887135134
3225 -273.75115923
3226 -237.416122903
3227 -243.77003903
3228 -185.168806207
3229 -253.038918105
3230 -253.021269142
3231 -288.085455551
3232 -264.956886353
3233 -254.061209471
3234 -233.266651456
3235 -147.030035176
3236 -313.385126307
3237 245.326482533
3238 -283.6534046
3239 -203.177991986
3240 -278.051679848
3241 -252.921547422
3242 -102.923467437
3243 -269.790092202
3244 -252.120916921
3245 -233.675411594
3246 -253.833378967
3247 -230.897374677
3248 -326.703175691
3249 -339.799098333
3250 -294.713032278
3251 -261.941960034
3252 -233.447157968
3253 -175.126728512
3254 -297.615065591
3255 -257.123394362
3256 -198.088449968
3257 -184.604693792
3258 -283.344491827
3259 -195.343708184
3260 -223.102280135
3261 -236.830046837
3262 -261.014474175
3263 -312.604270435
3264 -295.09150252
3265 -195.753337568
3266 -279.23258776
3267 -187.09243432
3268 -271.63912991
3269 -309.076365187
3270 -231.869026475
3271 -255.893099697
3272 -287.723500119
3273 -284.767746696
3274 -249.753895055
3275 -177.12570897
3276 -301.650628784
3277 -255.119093612
3278 -241.794787881
3279 -156.741513103
3280 -303.866796792
3281 -287.67457083
3282 -284.773197546
3283 -148.142180337
3284 -265.636219673
3285 -269.364476609
3286 -207.001352697
3287 -282.847603678
3288 -217.681741865
3289 -251.241413208
3290 -294.211583288
3291 -273.922531182
3292 -232.784098974
3293 -294.250787922
3294 -153.012040102
3295 -154.585553881
3296 -271.055294196
3297 -238.284712804
3298 -276.53713176
3299 -218.938032093
3300 -213.855099773
3301 -285.518662633
3302 -181.229664414
3303 -187.279273605
3304 -296.298747676
3305 -280.372144817
3306 -254.276607452
3307 -267.379744126
3308 -177.276372587
3309 -221.756684453
3310 -289.419113538
3311 -276.490570743
3312 -242.055116724
3313 -230.125273756
3314 -136.164970632
3315 -288.8469434
3316 -296.064170691
3317 -520.234014493
3318 -229.913183525
3319 -199.378910831
3320 -295.009229796
3321 -272.631939402
3322 -254.608057382
3323 -189.876988539
3324 -275.148867065
3325 -265.368640405
3326 -192.996974659
3327 -269.078006275
3328 -331.743215978
3329 -276.466358376
3330 -310.616068177
3331 -242.906138952
3332 -324.361456918
3333 -549.116527669
3334 -287.092371561
3335 -256.919243272
3336 -285.870489165
3337 -265.711718966
3338 -235.231665363
3339 -297.235700963
3340 -192.457491815
3341 -219.314676787
3342 -261.281771704
3343 -289.780181706
3344 -239.45640082
3345 -295.50205335
3346 -245.228878832
3347 -219.762277753
3348 -268.729467184
3349 -275.534889954
3350 -86.8773896401
3351 -272.637383874
3352 -224.739193466
3353 -251.933743167
3354 -118.626491422
3355 -272.57308998
3356 -245.060374334
3357 -242.070731439
3358 -300.426526501
3359 -178.165269911
3360 -276.246886922
3361 -277.595879243
3362 -245.859266992
3363 -266.294507409
3364 -267.078573014
3365 -149.045348143
3366 -312.849686448
3367 -309.893843831
3368 -225.133661295
3369 -305.462925184
3370 -197.624234782
3371 -266.07517181
3372 -235.204790047
3373 -221.459662985
3374 -282.703341225
3375 -229.586381386
3376 -257.255083517
3377 -254.849420836
3378 -161.009504459
3379 -191.681065885
3380 -163.167233486
3381 -283.689145139
3382 -163.792713872
3383 -243.813211081
3384 -284.311391159
3385 -226.692764655
3386 -158.885499509
3387 -255.995536866
3388 -275.25615414
3389 -241.275182063
3390 -280.111493332
3391 -247.875214603
3392 -190.740919506
3393 -287.275123214
3394 -222.332302307
3395 -270.04705504
3396 -298.947322512
3397 -217.476083117
3398 -302.797136694
3399 -205.580898091
3400 -254.969191642
3401 -246.818842859
3402 -298.418811676
3403 -293.564208754
3404 -286.494169916
3405 -164.979944443
3406 -235.851491364
3407 -247.357305311
3408 -247.294988466
3409 -268.55368721
3410 -284.646173657
3411 -212.318194712
3412 -204.560953189
3413 -251.631159315
3414 -244.458451059
3415 -286.788561423
3416 -272.999852648
3417 -170.987129168
3418 -287.90172546
3419 -268.159893185
3420 -255.644376082
3421 -250.241815207
3422 -251.735436083
3423 -254.700018711
3424 -236.090021396
3425 -235.595768797
3426 -207.87243336
3427 -200.826817703
3428 -201.58782491
3429 -209.996533675
3430 -224.619697765
3431 -566.945948222
3432 -244.35249432
3433 -249.034000525
3434 -171.118093395
3435 -323.247996053
3436 -262.772398411
3437 -285.055145172
3438 -357.726331494
3439 -308.53887259
3440 -263.927451942
3441 -205.61430451
3442 -278.733240585
3443 -271.960867861
3444 -275.659926088
3445 -154.622253528
3446 -276.457606779
3447 -323.514776495
3448 -226.209469506
3449 -290.208344159
