Action MLP:Hidden weights: [array([[  3.27747928e-01,  -4.35252652e-01,   4.24355624e-01,
          4.26176216e-02,   4.88229618e-01,  -2.74778267e-02,
         -9.22675109e-02,  -3.23457783e-01,  -1.51302747e-01,
          3.75895288e-01,   2.58136980e-01,   3.87448196e-01,
         -2.52333689e-01,   1.38498030e-01,  -4.72356669e-01,
          1.59384704e-01,   3.42893462e-02,   5.02654823e-01,
         -9.66377171e-02,  -3.28094027e-01,   3.34054949e-01,
         -4.83006274e-01,  -1.72874715e-01,   5.12129317e-02,
          1.34712001e-02,   3.76188013e-02,   2.35467342e-01,
         -1.02866671e-01,  -2.47727909e-01,   4.00219110e-02,
          4.94186401e-01,  -3.83974681e-01,  -3.45130427e-01,
         -2.85190858e-01,  -1.88429982e-01,   2.30875261e-01,
          3.60469252e-01,   2.34297545e-01,  -4.48739784e-01,
          3.33399391e-01,  -1.88547801e-01,   9.53247695e-02,
          3.98826173e-01,  -5.83424524e-02,   2.12928480e-01,
          4.60757819e-01,   2.84523800e-01,  -2.33842215e-01,
          2.36618826e-01,  -5.65561117e-02],
       [  4.38001266e-01,   5.82120262e-01,   5.59172794e-01,
          1.68268368e-01,  -3.03491034e-01,  -7.84117371e-02,
          6.63971412e-01,   5.25930251e-01,   6.81719651e-01,
          6.67933797e-01,   5.86269370e-01,   3.20357794e-02,
          3.16797194e-01,   8.26396389e-02,   7.69875462e-02,
          8.09805323e-01,   8.07639454e-01,  -2.10091200e-01,
          7.14026923e-01,   5.65306978e-01,   6.97134533e-01,
          4.49814449e-01,   7.44235609e-02,   9.06754412e-02,
          3.79077581e-01,   2.06126088e-01,  -2.88894473e-01,
          2.41712170e-01,   1.25327170e-01,   4.27092017e-01,
          4.37775069e-01,  -1.62587680e-01,   2.21497574e-01,
         -9.70550039e-02,  -4.68765017e-02,   4.27282149e-01,
          5.26297417e-01,   3.49107520e-01,   3.44664230e-01,
         -4.07298123e-01,  -3.68641615e-01,  -5.15821892e-01,
          5.69065528e-01,   4.96993846e-01,   3.89406528e-01,
          4.27546922e-02,   1.39376913e-01,   5.83813470e-01,
         -2.64354613e-01,   6.95441919e-01],
       [ -7.98262660e-02,   1.69419874e-01,  -1.26840898e-02,
          6.53410265e-01,  -1.26994522e-01,   1.22493073e-01,
          1.38560052e-02,   3.36882510e-01,   4.57498274e-01,
         -7.78580776e-02,  -6.56011006e-02,  -2.84091179e-02,
          2.35036866e-01,   4.66691461e-01,   1.49541462e-01,
         -3.06956640e-01,   2.38508897e-01,   3.53176145e-01,
          2.46991812e-01,  -3.61969746e-01,  -4.01857313e-01,
          3.92825484e-01,   2.08177847e-01,  -1.38524857e-01,
          3.02010447e-01,  -1.38219122e-01,   2.69315051e-01,
         -4.37140196e-01,   1.72015530e-01,   1.37747696e-01,
         -3.74822222e-01,   4.72708001e-01,   4.54902928e-01,
         -9.85691567e-02,   3.54208981e-02,   4.14920319e-02,
          3.32083102e-01,   1.32186897e-01,   3.54938727e-01,
          3.04210227e-01,   8.44050641e-02,   1.81455549e-01,
          9.56979392e-02,  -8.05767224e-02,   3.46100560e-01,
         -1.31516048e-01,   2.41185313e-01,   3.98778062e-01,
         -1.16455523e-02,   5.51006114e-03],
       [ -3.70474705e-01,  -3.98333919e-01,  -5.12109190e-01,
         -7.62436598e-01,  -3.55662023e-01,  -8.36879358e-02,
         -3.69314972e-01,  -8.84559448e-02,   4.73652290e-01,
         -1.75176612e-01,  -9.33649949e-03,   1.09101154e-01,
          1.31671093e-01,  -3.59435477e-01,   4.18151178e-02,
          2.44010175e-01,  -3.37259401e-01,   3.30533804e-02,
          1.05195349e-01,   2.42759070e-01,  -7.23643466e-01,
         -5.78020202e-01,   3.52160888e-02,  -6.16661947e-01,
          3.22924172e-01,   2.21484065e-01,  -5.31633329e-02,
         -1.41580004e-02,  -5.31819546e-02,  -7.49667357e-01,
          2.01019230e-01,  -4.05124766e-01,  -3.55340762e-01,
          3.52512677e-01,  -4.15083182e-01,  -2.62353021e-01,
         -9.33309428e-01,  -3.52853808e-01,  -3.20014512e-01,
          3.41893239e-01,  -4.65583403e-02,  -2.08295440e-01,
          1.13156724e-01,  -5.55140005e-01,   1.06122585e-01,
         -4.45735442e-01,   2.77024008e-01,  -3.89319862e-01,
         -1.09650379e-01,  -1.13059081e-01],
       [ -3.59619094e-01,  -7.27883168e-01,   3.46886825e-01,
          7.80485108e-02,   3.58282835e-01,  -4.57882754e-02,
          3.84565558e-01,  -4.70844157e-01,  -5.54412030e-01,
         -4.58133309e-01,  -2.99591430e-01,  -2.97695081e-01,
         -4.83588733e-01,  -8.01343563e-02,  -1.78231708e-02,
         -4.55744170e-01,   3.75035129e-01,  -6.22195751e-02,
         -4.01939600e-02,  -1.30242824e-01,   1.67917042e-01,
          3.14792117e-01,   3.06851839e-01,  -3.12964513e-01,
         -4.26224410e-01,   1.69218972e-01,  -3.52387295e-01,
         -3.11852871e-01,   6.43776532e-02,  -2.27606040e-01,
          5.65927095e-01,   2.91705319e-01,   1.25301389e-01,
         -1.10720166e-01,   4.10383749e-01,   1.77676369e-01,
         -3.02917237e-02,   2.01670207e-01,  -4.74102142e-01,
         -2.65026428e-01,  -1.65933077e-01,  -7.19962104e-02,
         -3.98476552e-01,  -3.85954088e-01,  -3.02364276e-01,
         -4.42684903e-01,   4.91557921e-02,  -2.13751406e-01,
         -1.28558988e-01,  -2.09153476e-01],
       [ -3.60127868e-01,  -1.22635852e+00,  -5.29484326e-02,
         -2.21379399e+00,  -8.13917077e-01,  -2.37331673e-01,
          4.74097701e-02,  -3.04147505e-01,  -5.03454114e-01,
          5.60750567e-01,   1.34449418e-01,   2.22167532e-01,
         -3.32574360e-02,   1.63162992e-01,   2.72359268e-01,
          4.17819744e-01,   6.13676159e-01,   2.50939328e-01,
          7.81515073e-01,   2.73900508e-01,   2.47498113e-01,
          2.47932446e-01,   3.43677879e-01,  -4.04253918e-01,
         -1.72086510e-01,  -6.67433958e-02,  -2.19818551e-01,
         -1.10824563e-01,   4.14742119e-01,  -1.66521835e-01,
          4.46846897e-01,  -5.12135885e-01,  -5.83131951e-02,
         -4.58595499e-02,  -5.60600381e-01,   5.39202987e-01,
         -2.29702926e-01,   3.36254946e-01,   9.07212089e-02,
          5.83133938e-01,   4.95171337e-01,  -7.80782095e-01,
          1.92789072e-01,   3.10533761e-01,  -6.88404744e-02,
          2.60717581e-01,  -4.69475457e-01,   2.28844159e-01,
          5.38152243e-01,   6.36592429e-01],
       [ -4.73852623e-01,  -2.19578783e-01,   1.35697957e-01,
         -3.91401512e-01,  -2.94877298e-01,  -1.16295699e-01,
         -3.74728963e-01,  -3.50916653e-01,  -1.22839938e-01,
         -4.30167354e-01,  -3.73724070e-01,  -4.60545089e-01,
          4.09294427e-01,  -4.83416284e-01,  -3.62464952e-01,
          3.88784297e-01,  -1.89634485e-01,  -4.48366257e-01,
         -4.24307851e-01,  -1.04768592e-01,  -2.64682538e-01,
          5.11957202e-01,  -1.84367576e-02,   3.37543349e-01,
         -1.97152950e-01,   9.50969851e-02,   3.31793850e-01,
         -2.14276198e-01,  -3.32233456e-01,   4.08272201e-01,
         -3.31030759e-01,   3.30207028e-01,  -2.40420672e-01,
         -2.16851259e-01,  -2.70408895e-01,   2.33057375e-01,
          4.41308195e-01,   3.03814434e-01,   2.67276139e-01,
          4.04977105e-01,  -2.40311832e-01,   4.74495337e-01,
         -4.14423346e-01,  -1.67681218e-01,  -2.51281383e-01,
         -1.57741671e-02,  -2.94352135e-01,  -2.64610418e-01,
          3.27114388e-02,  -2.80352771e-01],
       [ -2.20875722e-01,  -2.61926433e-01,   3.12463074e-02,
         -4.01666813e-01,   2.73196475e-01,  -1.36562257e-02,
         -3.01905152e-01,  -1.68275004e-01,  -1.90849075e-01,
         -1.42474656e-02,   8.46598358e-02,   1.40926544e-02,
          1.09041000e-01,  -3.32597117e-01,   1.40255360e-01,
          3.82418463e-01,  -2.77320515e-01,   4.05951017e-01,
         -2.71492696e-01,  -5.33805970e-01,  -4.38106536e-01,
          3.16293273e-01,   3.20703098e-01,  -3.51619190e-01,
         -3.55848600e-01,  -3.37099041e-02,  -2.56537917e-01,
          4.77856015e-01,   1.47578344e-01,  -1.19479514e-03,
         -2.14725075e-01,   7.02603848e-02,   4.47154005e-01,
          1.81258800e-01,   4.93962431e-01,   4.19025591e-01,
         -3.82661394e-02,  -3.59634334e-01,   1.54196251e-02,
          3.30424790e-01,   3.59115905e-01,   8.63864047e-02,
          1.92137291e-02,  -3.34153795e-01,   6.77701062e-02,
          4.97401029e-01,   1.59935886e-01,  -4.35904197e-01,
         -3.66127582e-02,   1.97183360e-01]])]Hidden bias: [array([-0.6603927 , -0.52466364, -0.68625288, -0.48415674, -0.87610646,
       -0.59825479, -0.69504833, -0.65193647, -0.7347023 , -0.73750836,
       -0.65164437, -0.75095411, -0.66507575, -0.60572927, -0.60362402,
       -0.66620052, -0.86334027, -0.63482988, -0.67893655, -0.59972026,
       -0.69394977, -0.69499791, -0.72269681, -0.63801768, -0.57145468,
       -0.61323949, -0.74651159, -0.58859877, -0.76587095, -0.65841426,
       -0.51827116, -0.61777506, -0.61321577, -0.61271792, -0.71990901,
       -0.61583924, -0.75951216, -0.6313489 , -0.59633646, -0.77543753,
       -0.62316885, -0.92843494, -0.64976873, -0.69760229, -0.68513657,
       -0.60656537, -0.59530099, -0.69194248, -0.69380195, -0.68512301])]Output weights: [[ 0.23514135 -0.09130857]
 [ 0.0104252  -0.47043792]
 [ 0.10330402  0.11067917]
 [ 0.22910734 -0.85474728]
 [ 0.43516182  0.82465404]
 [ 0.13231293  0.06468681]
 [ 0.01953485  0.06090049]
 [-0.12090249 -0.18792669]
 [-0.32090733 -0.38954636]
 [ 0.06009683  0.29041064]
 [ 0.07918254  0.0299714 ]
 [ 0.24969879  0.34523912]
 [-0.27695028  0.14081356]
 [ 0.09894852  0.03624076]
 [ 0.11246304 -0.16154082]
 [-0.08956675  0.10432924]
 [ 0.12702693  0.36197291]
 [-0.04527507 -0.01009224]
 [-0.01871977  0.36234439]
 [-0.11639555  0.07727342]
 [ 0.28085888  0.05827897]
 [ 0.09871629 -0.24501742]
 [-0.22509866 -0.31822543]
 [ 0.38477337  0.04714286]
 [-0.28013192 -0.12984636]
 [ 0.04843767 -0.0663435 ]
 [-0.16459571  0.23447527]
 [-0.07603672  0.05729685]
 [ 0.28701576 -0.29029887]
 [ 0.23977544  0.03002958]
 [-0.10539786  0.26583682]
 [-0.14607395  0.25298571]
 [-0.01850582  0.12953602]
 [-0.26975938 -0.05450981]
 [ 0.28182222  0.43770952]
 [ 0.1882655   0.04589359]
 [ 0.34424771  0.00906213]
 [-0.03229342  0.00661388]
 [ 0.01547745 -0.32406451]
 [ 0.12405468 -0.38484039]
 [-0.25588641 -0.37633234]
 [-0.06617986  0.76138843]
 [-0.05303915  0.05796531]
 [ 0.17130101  0.0920001 ]
 [-0.27813204 -0.17157969]
 [ 0.33470169 -0.02999995]
 [-0.18132425  0.22346594]
 [ 0.03238837  0.06799773]
 [ 0.3013265  -0.26502103]
 [ 0.05540715  0.14141957]]Output bias: [ 0.93645705  0.96744204]
Value MLP:Hidden weights: [array([[ -6.01291366e-01,  -7.58262668e+00,  -4.82452702e-01,
          3.95762378e+00,  -7.65473262e+00,  -1.74377337e+01,
          1.11860604e+01,  -2.19508908e+01,  -2.87752807e+01,
          7.77839168e-01,  -1.54499609e+01,  -1.61932356e-01,
          5.24964757e+00,   2.01336361e+01,   2.66019588e+00,
         -9.56537026e+00,  -2.10239233e+00,  -9.88024501e-01,
         -3.94853817e+00,   4.86577480e+00,  -6.61298019e+00,
          1.72684297e+01,  -2.95755998e+00,  -1.48080967e+01,
         -7.04386275e-01,  -9.31488656e-01,  -1.34409187e+01,
          4.46262733e+00,  -9.42201516e+00,  -7.54236512e-02,
          2.04833033e+01,  -2.48771944e+01,   2.98866877e-01,
         -3.38672778e-01,  -1.24184021e+01,   6.92384691e+00,
          1.31704458e+01,   1.99334205e+01,  -3.28934770e+00,
         -1.57016628e-01,  -1.94276846e+00,   8.66118315e+00,
          3.92186766e+00,  -1.02377487e+00,   2.78139687e-01,
          1.03465199e+01,  -8.11369646e-01,  -4.58405674e-01,
          1.66050187e-01,   4.36781041e+00],
       [ -2.49345617e+00,  -5.50401701e+00,  -4.38124193e+00,
         -5.18920765e+00,   1.75866342e-01,  -2.24963768e+00,
          8.01178886e+00,  -3.39383135e+00,  -1.17796792e+00,
         -7.71762310e+00,  -8.86798432e+00,  -1.99057500e+00,
          1.35700507e+01,   5.73790782e+00,   2.43559324e-01,
          5.44045329e+00,  -3.23596021e+00,  -3.80472844e+00,
         -1.62058081e+00,   1.45671315e+01,  -2.04262993e+00,
          4.95267836e+00,  -3.84324903e+00,  -5.21639718e+00,
         -5.39026752e+00,  -1.07429542e+00,  -3.44583726e+00,
         -1.00595372e+00,  -9.27532521e+00,  -4.96626908e+00,
         -1.32430513e+00,  -1.04714175e+01,  -1.75363749e+00,
         -5.70297358e+00,  -4.48947306e+00,   1.57020138e+01,
          5.34009977e+00,  -4.81157031e+00,   4.87262949e-01,
         -5.05707689e+00,  -5.09075904e+00,   6.90602855e+00,
          2.21051172e-02,  -3.60928827e+00,  -1.07942537e+00,
          3.21468308e+00,  -3.91106937e+00,  -2.23098677e+00,
         -6.18499714e+00,   8.06926116e+00],
       [ -1.78995316e-01,  -4.40957139e+00,   2.77514269e+00,
         -1.87890424e+01,   6.27441961e+00,  -3.08846193e+00,
          2.73584018e+00,  -1.32115289e+00,  -4.79280855e+00,
          3.85220882e+00,  -1.16500627e+01,   8.11586260e-01,
          8.55490293e-01,   4.53121464e+00,   2.74227123e+00,
         -1.50289662e+00,  -1.42288935e+00,   6.89767781e-02,
         -1.14286318e+01,   1.12313195e+01,  -2.36612573e+00,
          1.55201570e+00,  -1.52667367e-01,  -2.45516685e+00,
          6.60712969e-01,  -6.17795881e-02,  -1.08851009e+01,
          1.81264584e+00,  -7.35452319e+00,   3.50769244e+00,
         -3.24931771e+00,  -7.90362889e-01,   2.72530716e-02,
          5.96715051e-01,  -8.93461850e+00,   7.52094177e+00,
          4.26156160e+00,   3.50255360e+01,   4.92509746e+00,
          2.51177207e+00,  -2.28654822e-01,   1.67653398e+00,
          1.54897090e+01,  -5.83719836e-01,   1.96187998e+00,
          1.81391228e+01,   4.26888538e-01,   1.56744291e+00,
          5.44513757e+00,   1.60316580e+01],
       [  5.83580417e+00,  -4.58186918e+00,   6.61094111e+00,
          5.07744128e+00,  -7.40631645e+00,  -1.91257258e+00,
         -1.52389114e+00,  -2.19878967e+00,  -3.42437776e+00,
          1.00620238e+01,  -1.34577489e+01,   2.96382537e+00,
         -1.04409980e+01,   9.95876060e-01,   6.22049076e+00,
          6.10625234e-01,   4.45815831e+00,   6.38793491e+00,
          3.78060177e-01,   7.49003635e+00,  -3.70736700e-01,
         -2.38208477e-01,   2.00298755e+00,  -1.50359769e-01,
          7.99349615e+00,  -8.71173684e+00,  -5.35739956e+00,
         -1.68082680e+01,   3.05617587e+00,   7.19862940e+00,
         -1.36518545e+00,  -8.51848345e-01,   2.11634203e+00,
          7.64221108e+00,  -4.46540752e+00,   7.05449307e+00,
         -2.08517749e-01,  -2.52905832e+01,  -2.15719257e+00,
          3.00180290e+00,   4.97349524e+00,   1.75676399e+00,
         -7.24908158e+00,   5.17737038e+00,   6.78659851e+00,
          4.87959344e+00,   4.64155648e+00,   3.81181438e+00,
         -1.29652851e+01,   4.81691290e-01],
       [ -1.64212238e+00,   1.93876534e+01,  -4.60789986e+00,
          3.29083487e+00,   1.62524033e+01,   1.44764807e+01,
         -2.27846808e+01,   9.40080928e+00,   7.81108170e+00,
         -1.44386638e+01,   4.63079412e+00,  -1.51854471e+00,
         -8.48718836e+00,  -1.46162421e+01,  -1.04297230e+01,
         -2.40804429e+00,  -2.19043614e+00,  -2.14418349e+00,
         -3.80267820e+00,  -1.24013776e+01,   6.93507731e+00,
         -1.71544874e+01,  -7.53983358e+00,   1.11545054e+01,
         -2.82402287e+00,   1.23092562e+01,   1.21105243e+01,
          4.85020267e+00,   1.32649894e+01,  -5.22850396e+00,
          4.63221505e+00,   1.84361381e+01,  -7.72932236e-01,
         -2.20289773e+00,   8.49284593e+00,  -1.91999873e+01,
         -1.36546278e+01,  -1.34618689e+01,   1.66623635e+01,
         -5.42442456e+00,  -3.10075347e+00,  -1.22492274e+01,
         -5.92287582e+00,  -1.98172001e+00,  -8.39835784e-01,
         -1.70682311e+01,  -1.68911600e+00,  -1.83937756e+00,
          1.02234599e+01,  -6.85749558e-02],
       [  1.51632287e+00,   7.38952330e+00,  -2.21460521e+00,
         -1.51498888e+01,   1.56255502e+01,   1.09236112e+01,
         -9.04910161e+00,   2.52966254e+01,   2.65527449e+01,
          1.25465405e+01,   1.35016488e+01,   1.25033815e+00,
          2.58125417e+01,  -2.99817073e+01,  -1.27601180e+01,
         -1.72926254e+01,  -7.19984779e-02,  -7.40445955e-01,
         -1.61196434e+01,  -8.27816175e-01,  -1.91772073e+00,
         -6.54875391e+00,  -2.09074078e+00,   1.27829644e+01,
         -5.77749323e-01,   6.03543822e+00,   5.24066109e+00,
         -2.82454600e+00,  -4.86806508e+00,  -2.17714248e+00,
         -1.80568759e+01,   2.12969706e+00,  -4.50149996e-01,
         -1.29290913e+00,   5.40033173e+00,   6.76162757e-01,
         -3.41132135e+00,  -7.44353862e+01,   8.75193056e+00,
         -3.77941406e+00,  -7.71485065e-01,  -1.70387461e+01,
         -2.04526316e+00,  -7.37618357e-01,   1.17978218e+00,
         -4.12777406e+01,   3.61396798e-01,   2.48026331e+00,
          1.09136076e+00,   1.44450856e+01],
       [ -2.94885610e-01,   5.45327775e+00,  -5.16517264e-02,
         -4.39389438e+00,   8.79882893e+00,  -1.72595484e+01,
         -2.93453780e+00,  -1.21151431e-01,   2.65739380e+00,
          4.61132066e+00,   9.75151066e+00,  -1.53227851e+00,
          5.76043855e+00,   1.38491011e+00,  -9.35195758e-01,
          1.10474916e+00,  -7.76687063e-01,  -1.00863110e+00,
         -1.93483996e+00,  -1.62267227e+00,   1.66991802e+00,
         -7.28826621e+00,  -1.01077164e+00,   4.80943687e+00,
         -1.17551841e-01,   7.35760101e+00,   4.30927202e+00,
         -1.66319113e+00,  -1.42635603e+00,  -1.06506230e-01,
          5.69293081e+00,   1.13256033e+01,  -1.02157072e+00,
          3.18774919e-01,   2.29049799e+00,  -7.84868262e+00,
         -9.04271807e+00,   2.79452938e+00,  -1.60766954e+01,
          1.33172422e+00,   1.33308878e+00,  -5.15662032e+00,
         -2.07245467e+00,  -2.39154205e-03,  -5.16026921e-01,
          2.66698293e+00,  -3.29485539e-01,  -1.27139044e+00,
          4.83464405e+00,  -2.87099185e+00],
       [ -3.86899215e+00,   3.04621514e+00,  -8.26081403e-02,
          1.54057414e+01,   3.67708135e+00,  -1.22179276e+01,
          2.89170393e+00,  -8.70941950e+00,  -8.94671244e+00,
          1.24303662e+00,  -7.67109567e+00,  -9.35882072e-01,
         -2.09678084e+01,   1.50985712e+01,  -4.32663125e+00,
         -6.39998132e+00,  -4.73894138e-01,  -4.55004708e-01,
          1.40812261e+01,  -1.15927988e+01,   3.99809289e+00,
         -8.00980346e+00,  -4.74865233e+00,   2.65691087e+00,
          2.69916709e-02,   4.52283572e+00,   1.30281414e+00,
          2.11235382e+00,   1.65167801e+01,  -7.51626761e-03,
          7.25597315e+00,   7.98120124e+00,   6.95863094e-02,
          1.86410456e-03,  -3.71941329e+00,  -2.39550665e+00,
         -7.08145261e+00,   1.69865551e+01,  -8.74536241e+00,
         -1.05614958e+00,  -5.92243898e-01,  -2.70049465e+00,
         -2.24182547e+00,   4.94600709e-02,  -3.45670726e-01,
         -5.82163130e+00,   9.01632514e-02,  -7.81629472e-01,
          6.44711576e+00,  -1.03799041e+01]])]Hidden bias: [array([-13.14149484,   7.69661621, -10.52200875,   4.94256178,
        17.40067738,   2.77198599,  -1.91921073,  -2.52299256,
         3.25868802, -13.18413152,   8.24591716,  -6.94779849,
         0.12915733,   5.35257606, -13.33591163,  -7.43161922,
        -7.23748439, -11.00970433,   5.86048911, -12.27348362,
         2.9048374 ,  -5.86781285, -17.29168821,   6.53584021,
       -12.93549532,  13.07462397,   4.5731639 ,  12.29037723,
         7.69481892, -11.26859463,   4.54270852,   7.11870502,
        -5.71545763, -11.18190056,   5.11166964, -18.16637592,
        -5.60600301,  22.70834028,   9.99052248, -10.79028463,
        -9.07570795,  -1.29001539,   1.06309403,  -9.32127415,
        -8.27870639,  -4.20786586,  -9.28192096,  -7.04101421,
        12.93470619,  -3.58958607])]Output weights: [[ -2.16117338]
 [ 11.19073471]
 [  0.13071314]
 [  1.47552811]
 [ -2.92024597]
 [  7.55154584]
 [  5.81815184]
 [ -4.67071176]
 [ -4.32880836]
 [ -0.37535334]
 [ -3.96764193]
 [ -2.11840965]
 [ -8.38421902]
 [  4.09181648]
 [  4.28551858]
 [  7.28374542]
 [  3.17424308]
 [ -2.03160703]
 [  0.02368688]
 [  4.68727947]
 [  6.4451887 ]
 [-11.70654578]
 [  4.63229976]
 [  5.7814858 ]
 [ -0.34887778]
 [ -8.22274186]
 [  7.38010764]
 [ -8.27894769]
 [ -3.91357385]
 [  0.2691506 ]
 [ -2.60476031]
 [-14.00903639]
 [ 10.80961717]
 [ -3.64142888]
 [  5.85320571]
 [  3.82370379]
 [-10.1912015 ]
 [  2.72304674]
 [  0.32534905]
 [ -2.80564135]
 [ -2.94972442]
 [  6.91808093]
 [  5.86556252]
 [ -3.27031658]
 [ 10.25916952]
 [ -4.68973568]
 [  0.67235522]
 [ -1.86679115]
 [-12.5808754 ]
 [ -2.06599056]]Output bias: [-10.76849875]