Action MLP:Hidden weights: [array([[  3.27673928e-01,  -4.29850292e-01,   4.23240186e-01,
          5.51603244e-02,   4.92920603e-01,  -2.79868088e-02,
         -9.28378043e-02,  -3.22035769e-01,  -1.48487879e-01,
          3.72356808e-01,   2.57745836e-01,   3.84931672e-01,
         -2.53145845e-01,   1.38151114e-01,  -4.70790786e-01,
          1.58596121e-01,   2.82873763e-02,   5.02742115e-01,
         -1.02724327e-01,  -3.28977897e-01,   3.32769454e-01,
         -4.81673018e-01,  -1.69745707e-01,   4.98419568e-02,
          1.49714680e-02,   3.80000648e-02,   2.34681965e-01,
         -1.03053565e-01,  -2.44854259e-01,   3.90227827e-02,
          4.91348188e-01,  -3.84930761e-01,  -3.45760268e-01,
         -2.84515073e-01,  -1.89520657e-01,   2.30087302e-01,
          3.59424896e-01,   2.34369363e-01,  -4.45112427e-01,
          3.36149430e-01,  -1.85390532e-01,   9.74400811e-02,
          3.98631007e-01,  -6.01224913e-02,   2.14341578e-01,
          4.60166637e-01,   2.84918828e-01,  -2.34583009e-01,
          2.39843419e-01,  -5.87061136e-02],
       [  4.36082885e-01,   5.80743720e-01,   5.57708972e-01,
          1.36962235e-01,  -2.97900939e-01,  -7.88671429e-02,
          6.63467615e-01,   5.26439273e-01,   6.80177094e-01,
          6.65157808e-01,   5.85420349e-01,   2.74070087e-02,
          3.17851622e-01,   8.14661078e-02,   7.76940700e-02,
          8.10444024e-01,   8.01890331e-01,  -2.09780755e-01,
          7.09662489e-01,   5.65696693e-01,   6.96623152e-01,
          4.49912841e-01,   7.87629305e-02,   8.64594697e-02,
          3.80424702e-01,   2.06378146e-01,  -2.88170554e-01,
          2.41883302e-01,   1.26406925e-01,   4.24796810e-01,
          4.37720952e-01,  -1.59841895e-01,   2.21776766e-01,
         -9.68814876e-02,  -4.56494727e-02,   4.24924768e-01,
          5.23162643e-01,   3.49494310e-01,   3.46282145e-01,
         -4.04352501e-01,  -3.63831170e-01,  -5.11460779e-01,
          5.69099650e-01,   4.94726351e-01,   3.91608599e-01,
          3.90605663e-02,   1.41055197e-01,   5.83080541e-01,
         -2.62461302e-01,   6.93990195e-01],
       [ -8.05830692e-02,   1.73069971e-01,  -1.13972970e-02,
          6.92707987e-01,  -1.17444006e-01,   1.22786867e-01,
          1.43430940e-02,   3.35985185e-01,   4.58136672e-01,
         -7.57445431e-02,  -6.52151768e-02,  -2.49388164e-02,
          2.36168286e-01,   4.67115327e-01,   1.48249185e-01,
         -3.06348014e-01,   2.40253542e-01,   3.52938783e-01,
          2.47988289e-01,  -3.62237323e-01,  -4.03260885e-01,
          3.90363880e-01,   2.04557211e-01,  -1.38393224e-01,
          3.01661558e-01,  -1.39047173e-01,   2.69487938e-01,
         -4.36289543e-01,   1.70201749e-01,   1.37886992e-01,
         -3.74460513e-01,   4.73062525e-01,   4.56321390e-01,
         -9.91704706e-02,   3.79967222e-02,   4.22495496e-02,
          3.32141628e-01,   1.32196720e-01,   3.52383679e-01,
          3.02405936e-01,   8.10275880e-02,   1.86122834e-01,
          9.64038600e-02,  -8.05091707e-02,   3.44362441e-01,
         -1.32106211e-01,   2.43559285e-01,   3.99302114e-01,
         -1.21242627e-02,   6.27215266e-03],
       [ -3.66538475e-01,  -3.99878768e-01,  -5.10386862e-01,
         -7.61908343e-01,  -3.52348587e-01,  -8.21835427e-02,
         -3.69086978e-01,  -9.04713998e-02,   4.70788047e-01,
         -1.74247436e-01,  -7.95060704e-03,   1.12192075e-01,
          1.27347973e-01,  -3.57955455e-01,   4.34077329e-02,
          2.42516907e-01,  -3.34809757e-01,   3.26260946e-02,
          1.05098555e-01,   2.40499276e-01,  -7.21192209e-01,
         -5.77900741e-01,   3.20203633e-02,  -6.10701378e-01,
          3.19317526e-01,   2.22276014e-01,  -5.46239148e-02,
         -1.54049098e-02,  -4.98050644e-02,  -7.45904266e-01,
          1.99081228e-01,  -4.07268734e-01,  -3.55411256e-01,
          3.50296803e-01,  -4.12078839e-01,  -2.58976354e-01,
         -9.28016704e-01,  -3.53511754e-01,  -3.19257137e-01,
          3.43020434e-01,  -4.98582669e-02,  -2.09533119e-01,
          1.12249506e-01,  -5.52728041e-01,   1.02000433e-01,
         -4.40559242e-01,   2.74904176e-01,  -3.88819786e-01,
         -1.06899297e-01,  -1.12154361e-01],
       [ -3.58567821e-01,  -7.29794419e-01,   3.45905818e-01,
          6.59604282e-02,   3.41372144e-01,  -4.64794692e-02,
          3.84304258e-01,  -4.69496071e-01,  -5.52103789e-01,
         -4.59348993e-01,  -2.99701020e-01,  -2.99745330e-01,
         -4.85530049e-01,  -8.03665253e-02,  -1.62402542e-02,
         -4.56837980e-01,   3.76113743e-01,  -6.19971872e-02,
         -3.91758818e-02,  -1.30265328e-01,   1.68142844e-01,
          3.17665306e-01,   3.09760266e-01,  -3.12977755e-01,
         -4.25726089e-01,   1.69989764e-01,  -3.54418371e-01,
         -3.12739839e-01,   6.62096251e-02,  -2.27640208e-01,
          5.64979202e-01,   2.87625793e-01,   1.23069004e-01,
         -1.10141638e-01,   4.04110647e-01,   1.77478915e-01,
         -2.99348499e-02,   2.01599156e-01,  -4.70669520e-01,
         -2.61788638e-01,  -1.62283999e-01,  -8.42140074e-02,
         -3.99012080e-01,  -3.85958060e-01,  -3.00906167e-01,
         -4.41541887e-01,   4.52898720e-02,  -2.14066106e-01,
         -1.27740552e-01,  -2.09693936e-01],
       [ -3.57688650e-01,  -1.20892920e+00,  -5.63669799e-02,
         -2.19587106e+00,  -8.31138929e-01,  -2.39438971e-01,
          4.55149594e-02,  -2.96368838e-01,  -4.87986346e-01,
          5.51301300e-01,   1.33140041e-01,   2.11497207e-01,
         -3.47055801e-02,   1.61712985e-01,   2.74024670e-01,
          4.16958828e-01,   6.05559264e-01,   2.51358788e-01,
          7.73178247e-01,   2.72952041e-01,   2.45015881e-01,
          2.52685217e-01,   3.46149244e-01,  -4.08029432e-01,
         -1.65900175e-01,  -6.55461888e-02,  -2.24165613e-01,
         -1.11369691e-01,   4.16446644e-01,  -1.68652829e-01,
          4.42027673e-01,  -5.15119579e-01,  -6.01164024e-02,
         -4.41579172e-02,  -5.69746739e-01,   5.37366004e-01,
         -2.31974775e-01,   3.36466597e-01,   9.68219773e-02,
          5.84955843e-01,   4.99338290e-01,  -7.92176069e-01,
          1.91085343e-01,   3.06959465e-01,  -6.16176142e-02,
          2.59784604e-01,  -4.76042022e-01,   2.26398181e-01,
          5.39848876e-01,   6.33649712e-01],
       [ -4.73811925e-01,  -2.17799944e-01,   1.36238211e-01,
         -3.86371969e-01,  -2.98552712e-01,  -1.16096479e-01,
         -3.74478390e-01,  -3.51006405e-01,  -1.22535851e-01,
         -4.28128978e-01,  -3.73621608e-01,  -4.59379654e-01,
          4.10507405e-01,  -4.83290145e-01,  -3.64285051e-01,
          3.89716658e-01,  -1.85832431e-01,  -4.48460270e-01,
         -4.20367732e-01,  -1.04041951e-01,  -2.64225060e-01,
          5.10933440e-01,  -2.18843472e-02,   3.37843026e-01,
         -1.97298188e-01,   9.47306327e-02,   3.32407609e-01,
         -2.13903363e-01,  -3.35599353e-01,   4.08638389e-01,
         -3.28719476e-01,   3.31838558e-01,  -2.39480477e-01,
         -2.17301674e-01,  -2.69323608e-01,   2.33374556e-01,
          4.41472433e-01,   3.03838683e-01,   2.63723907e-01,
          4.00964780e-01,  -2.43968400e-01,   4.73261177e-01,
         -4.14304318e-01,  -1.66760651e-01,  -2.51552862e-01,
         -1.60201556e-02,  -2.94748204e-01,  -2.64242623e-01,
          2.93080378e-02,  -2.78619834e-01],
       [ -2.20020031e-01,  -2.55323459e-01,   2.91240605e-02,
         -3.86284613e-01,   2.48334483e-01,  -1.48614576e-02,
         -3.02865972e-01,  -1.66910334e-01,  -1.89247536e-01,
         -1.47375937e-02,   8.44217346e-02,   1.18400167e-02,
          1.08299772e-01,  -3.32761890e-01,   1.42583591e-01,
          3.81205816e-01,  -2.78032782e-01,   4.06132543e-01,
         -2.71021096e-01,  -5.34324879e-01,  -4.38740911e-01,
          3.22938212e-01,   3.26533130e-01,  -3.52388864e-01,
         -3.55297836e-01,  -3.23673427e-02,  -2.57606969e-01,
          4.76682564e-01,   1.50361139e-01,  -1.58369594e-03,
         -2.19327869e-01,   6.47588416e-02,   4.44504979e-01,
          1.82380681e-01,   4.83276005e-01,   4.18226851e-01,
         -3.83872266e-02,  -3.59635439e-01,   1.70342023e-02,
          3.31356244e-01,   3.65655177e-01,   7.29218821e-02,
          1.89329545e-02,  -3.34346718e-01,   6.89874493e-02,
          4.97983077e-01,   1.55712109e-01,  -4.36014716e-01,
         -3.56098466e-02,   1.96344968e-01]])]Hidden bias: [array([-0.66299951, -0.52660255, -0.68681804, -0.5063393 , -0.86743126,
       -0.59786475, -0.69496629, -0.65381529, -0.74067356, -0.73729985,
       -0.65209726, -0.75329027, -0.66203523, -0.60619131, -0.60389507,
       -0.66530251, -0.86637806, -0.63462243, -0.68063352, -0.59802137,
       -0.69270202, -0.69291308, -0.71826039, -0.64036964, -0.57235355,
       -0.61348448, -0.74236608, -0.58810599, -0.76540336, -0.65956133,
       -0.51669144, -0.61146795, -0.6125675 , -0.61344841, -0.71379664,
       -0.61789174, -0.76164489, -0.63093489, -0.60118543, -0.77624291,
       -0.61767359, -0.91536616, -0.64936377, -0.69769681, -0.68499169,
       -0.60997116, -0.59275471, -0.69148887, -0.6942084 , -0.6856232 ])]Output weights: [[ 0.22971058 -0.08245523]
 [ 0.00968544 -0.4153183 ]
 [ 0.09330665  0.09678945]
 [ 0.23008663 -0.79190997]
 [ 0.43897588  0.82118817]
 [ 0.13549421  0.06727758]
 [ 0.01167709  0.05173941]
 [-0.12097768 -0.17384523]
 [-0.31307782 -0.36916466]
 [ 0.05022452  0.25899278]
 [ 0.07572374  0.01441185]
 [ 0.25226258  0.33228012]
 [-0.2735483   0.14658354]
 [ 0.0951405   0.03075426]
 [ 0.11518204 -0.17016137]
 [-0.09192196  0.08482836]
 [ 0.11569414  0.33741747]
 [-0.04283227 -0.02428251]
 [-0.02356948  0.33267857]
 [-0.11508502  0.06893748]
 [ 0.26648974  0.04150052]
 [ 0.08973167 -0.25402127]
 [-0.22229229 -0.33128372]
 [ 0.37988044  0.06208708]
 [-0.27472699 -0.12184203]
 [ 0.05359976 -0.07310492]
 [-0.16090234  0.23989578]
 [-0.07492625  0.04098233]
 [ 0.28810683 -0.30297997]
 [ 0.22804309  0.03352048]
 [-0.10678442  0.23652029]
 [-0.14438964  0.25787919]
 [-0.02122879  0.12048486]
 [-0.26232704 -0.06070547]
 [ 0.2833019   0.42468625]
 [ 0.18016433  0.01866858]
 [ 0.32907478  0.00954948]
 [-0.03970763 -0.00470226]
 [ 0.01092804 -0.31684593]
 [ 0.12920417 -0.38921369]
 [-0.25294361 -0.3869761 ]
 [-0.06157943  0.76602581]
 [-0.0549735   0.04282824]
 [ 0.15944557  0.07922073]
 [-0.276384   -0.17254718]
 [ 0.32794821 -0.04731484]
 [-0.17444152  0.22963053]
 [ 0.02382077  0.06066928]
 [ 0.30279223 -0.27484984]
 [ 0.04723225  0.11461932]]Output bias: [ 0.93102098  0.97517514]
Value MLP:Hidden weights: [array([[ -6.01291315e-01,  -2.55877612e+01,  -4.82801417e-01,
          9.65125080e+00,  -6.51889983e+00,  -1.63288011e+01,
          2.80978908e+01,  -1.97726492e+01,  -2.59998527e+01,
         -5.12796121e-01,  -1.55484611e+01,  -1.64012379e-01,
          6.96356055e+00,   2.90478736e+01,  -5.90888283e+00,
         -8.84591411e+00,  -1.79215909e+01,  -9.88023977e-01,
          1.85555215e+01,  -1.78474292e+00,  -1.72116842e+01,
          2.23460671e+01,  -2.95756060e+00,  -1.89237818e+01,
         -7.04386279e-01,  -7.38601993e-01,  -1.83483887e+01,
          1.53303811e+01,  -2.20695922e+01,  -7.49598354e-02,
          4.67183678e+00,  -2.80527782e+01,   3.11160917e-01,
         -3.38670369e-01,  -1.18005553e+01,   2.02325959e+01,
          1.99973125e+01,   2.00256605e+01,  -5.03226812e+00,
         -2.04324143e-01,  -1.92797038e+00,   1.65176197e+01,
          1.79046049e+01,  -1.02364292e+00,   3.48322212e-01,
          1.31409814e+01,  -8.11405682e-01,  -4.86626227e-01,
         -5.31782558e-01,   2.53156941e+00],
       [ -2.49345615e+00,  -3.23597642e+00,  -4.38119879e+00,
         -1.64524187e+01,  -7.90507564e-02,   3.59187994e+00,
         -2.10719824e-01,   3.84318484e+00,  -4.33583411e+00,
         -5.11997192e+00,  -1.13994045e+01,  -1.99048354e+00,
          1.67715983e+01,   6.54382215e+00,   1.34172646e+00,
         -9.12685599e+00,  -6.23287532e+00,  -3.80472828e+00,
         -5.90708009e+00,   1.26138316e+01,  -1.77954608e+00,
         -2.75781378e+00,  -3.84324918e+00,  -9.02030998e+00,
         -5.39026753e+00,  -1.30595003e+00,  -1.26651227e+01,
          4.73777594e+00,  -7.26491308e+00,  -4.96665794e+00,
         -2.84562791e+00,  -3.67271844e+00,  -1.75791706e+00,
         -5.70297267e+00,  -5.54551276e+00,   1.07220313e+01,
          6.38181750e+00,   7.98117311e+00,   1.13588785e+00,
         -5.04826654e+00,  -5.08516152e+00,   1.12708145e+01,
         -1.76837669e+00,  -3.60923945e+00,  -1.04403154e+00,
          3.58659902e-01,  -3.91108352e+00,  -2.22596798e+00,
         -5.50710601e+00,   1.22237139e+01],
       [ -1.78995269e-01,  -1.85461062e-01,   2.77411083e+00,
         -2.90180282e-01,   8.03552789e+00,  -5.78460945e+00,
          8.53487061e-01,  -2.73362449e+00,  -1.45600832e+01,
          1.06211209e+01,  -9.81166766e+00,   8.07985973e-01,
         -2.44322813e+00,   8.97469922e+00,  -2.06282288e+01,
         -7.51036062e+00,  -5.88915309e+00,   6.89770869e-02,
          1.86973762e+00,  -3.87950618e+00,   1.68139915e+00,
          4.51311433e+00,  -1.52668186e-01,  -5.69856776e+00,
          6.60712965e-01,   4.58845943e-01,  -8.99060708e+00,
          1.82408988e+01,   1.89056211e+00,   3.50650695e+00,
          1.43852173e+01,  -2.61966981e-02,   5.56849809e-02,
          5.96716025e-01,  -6.38777635e+00,  -3.96411522e-02,
          7.83842389e-01,   2.97072842e+00,   5.81183572e-01,
          2.43177109e+00,  -2.22348448e-01,   8.54384277e+00,
          1.22911820e+01,  -5.83652442e-01,   2.05967783e+00,
          1.35692925e+00,   4.26858037e-01,   1.48376786e+00,
          3.28659761e+00,   1.37555212e+01],
       [  5.83580416e+00,  -7.15118176e+00,   6.61134380e+00,
         -3.98248430e+00,  -6.85998679e+00,   7.72994426e-01,
          8.82134222e-01,  -1.19377367e+00,  -6.82278395e-01,
          3.81463244e+00,  -1.46187039e+01,   2.96402625e+00,
         -1.49086319e+01,  -6.49187950e-01,   6.86882204e+00,
         -2.78823965e+00,   5.72171613e-01,   6.38793486e+00,
          4.62911026e+00,   1.00508822e+01,   3.44062295e-01,
         -2.95146561e+00,   2.00298735e+00,   2.92374489e+00,
          7.99349615e+00,  -8.95505831e+00,  -2.77798397e+00,
         -1.23085354e+01,   5.87339980e-01,   7.20003671e+00,
         -1.15187701e+01,   2.53271983e+00,   2.11721399e+00,
          7.64221111e+00,  -2.09318583e-01,   4.51784401e+00,
         -2.07719734e+00,  -1.16817220e+01,  -2.90643932e+00,
          3.03326720e+00,   4.97354117e+00,   3.60794621e+00,
         -2.89067496e+00,   5.17736214e+00,   6.78303417e+00,
          3.40435740e+00,   4.64155559e+00,   3.83080559e+00,
         -1.36282910e+01,   7.96299112e-01],
       [ -1.64212238e+00,   7.17281785e+00,  -4.60631777e+00,
          1.64686561e+01,   1.54448930e+01,   8.59527087e+00,
         -2.47221588e+01,   1.21374682e+01,   1.00313943e+01,
         -2.01998752e+01,   4.85901116e+00,  -1.51863765e+00,
         -9.14483871e+00,  -1.86948612e+01,  -5.67874714e-01,
          2.97471757e+01,   1.23848292e+01,  -2.14418382e+00,
          9.08010589e+00,  -1.02201963e+01,   1.81847867e+01,
         -2.18597532e+01,  -7.53983387e+00,   1.69175823e+01,
         -2.82402287e+00,   1.14421996e+01,   1.49339264e+01,
         -6.18154819e-01,   1.60707013e+01,  -5.22110629e+00,
          7.05868576e+00,   2.62339251e+01,  -7.42932982e-01,
         -2.20289873e+00,   8.95018314e+00,  -2.76255768e+01,
         -1.69424423e+01,  -2.85475477e+01,   1.91435266e+01,
         -5.23627907e+00,  -3.10387833e+00,  -1.28702005e+01,
         -3.48019854e+00,  -1.98180302e+00,  -8.56077418e-01,
         -1.16790969e+01,  -1.68911184e+00,  -1.81452801e+00,
          9.92504787e+00,  -9.26428221e+00],
       [  1.51632281e+00,   9.58250772e+00,  -2.21382804e+00,
          3.54210018e+00,   1.90200458e+01,   1.66626121e+01,
         -9.31504156e+00,   2.79341761e+01,   2.75279540e+01,
          2.06664390e+01,   1.60460266e+01,   1.25050117e+00,
          1.75912806e+01,  -2.29707767e+01,  -1.67663783e+01,
          8.74421441e+00,   5.10822441e+00,  -7.40446296e-01,
         -1.21343469e+01,   5.31526966e-01,   8.10928674e+00,
         -4.94726876e+00,  -2.09074111e+00,   4.73514822e+00,
         -5.77749324e-01,   4.85449813e+00,   2.89455129e+00,
         -9.59535548e+00,   9.25745927e+00,  -2.17286282e+00,
         -3.18578735e+00,  -2.28873757e+00,  -4.42761578e-01,
         -1.29290902e+00,   6.05118641e+00,  -8.62411537e+00,
         -6.48695488e+00,  -8.60163747e+01,   1.16324038e+01,
         -3.45834119e+00,  -7.74836594e-01,  -6.95955717e+00,
         -8.80149763e-02,  -7.37707446e-01,   1.18235875e+00,
         -4.86685150e+01,   3.61415112e-01,   2.48289783e+00,
         -2.94094168e-01,   1.49394059e+01],
       [ -2.94885639e-01,   1.25107415e+01,  -5.17010213e-02,
          5.70920833e-02,   9.82630547e+00,  -6.36154688e+00,
          2.21343878e+00,  -1.99017022e+00,   1.67967478e+01,
          7.41504547e+00,   3.54707437e+00,  -1.53225789e+00,
          2.51021186e+01,  -4.78240086e+00,  -7.97606638e+00,
          8.31688143e+00,   1.02969135e+01,  -1.00863120e+00,
         -5.97385777e+00,  -6.84201385e-01,   4.79437604e+00,
         -1.00522380e+01,  -1.01077164e+00,   9.58495130e+00,
         -1.17551840e-01,   7.35760088e+00,   9.94807110e+00,
         -5.03956598e+00,   1.02631511e+01,  -1.06542749e-01,
          8.96512295e+00,   7.81394928e+00,  -1.01911585e+00,
          3.18772491e-01,   1.78947586e+01,  -3.05626373e+00,
         -4.63822017e+00,  -9.03489041e+00,  -7.94546352e+00,
          9.37707226e-01,   1.31887893e+00,  -1.23936191e+01,
         -2.14915838e+01,  -2.48707018e-03,  -5.16421962e-01,
         -2.58184933e+00,  -3.29471860e-01,  -1.26855755e+00,
          4.83464405e+00,   4.83724327e+00],
       [ -3.86899215e+00,  -5.29957225e+00,  -8.26005135e-02,
          1.88254293e+01,   4.05359777e+00,  -3.04142569e+01,
          9.94917294e+00,  -2.06357121e+01,  -5.51160921e+00,
         -7.42234065e+00,  -1.52394974e+01,  -9.35871518e-01,
         -1.76861840e+01,   1.08417668e+01,  -6.17388155e+00,
          9.61827687e-01,  -1.19517271e+01,  -4.55004585e-01,
          1.37130537e+01,  -1.15927988e+01,   2.89709882e+00,
         -3.92682351e+00,  -4.74865233e+00,  -4.67449077e+00,
          2.69916724e-02,   4.52283656e+00,   5.00395069e-01,
          1.06907498e+01,   1.73696251e+01,  -7.50929994e-03,
          1.86486748e+01,   1.17305485e+01,   6.83467954e-02,
          1.86347418e-03,  -6.64523667e+00,  -3.03571370e+00,
          1.67036217e+01,   8.40734580e+00,  -3.54501855e+00,
         -1.05044647e+00,  -5.92184205e-01,  -8.98704802e+00,
          4.56163427e+00,   4.94995739e-02,  -3.45663737e-01,
         -6.91409421e+00,   9.01643530e-02,  -7.81444659e-01,
          6.44711576e+00,  -1.06773195e+01]])]Hidden bias: [array([-13.14149489,   5.26346811, -10.52323085,  21.67530846,
        15.41912438,  -2.26933142,   3.99807837, -13.02087174,
         0.41810836,  -9.62370101,   6.06531388,  -6.94836116,
         5.39279183,   7.51404887,  -7.41723547,  -0.55067563,
         6.7869299 , -11.00970461,   5.60919491, -20.85552385,
         0.5408921 ,   2.84752421, -17.29168763,  -1.26715354,
       -12.93549531,  14.27049272,   4.30785998,   6.37349029,
         4.06750685, -11.27249713,  17.17873331,   1.32975844,
        -5.7009712 , -11.18190237,  -0.68043726,  -7.46206374,
        -1.21494673,   4.25802164,  19.09228456, -11.07246844,
        -9.09012955,  -4.32621711,   3.9764799 ,  -9.32139893,
        -8.20645459,   0.49529063,  -9.28188139,  -7.06737951,
        13.53061749,  -1.02487275])]Output weights: [[ -1.3292714 ]
 [  6.67545213]
 [  0.96165106]
 [-13.00418966]
 [  4.20748133]
 [  6.32372486]
 [  9.2542216 ]
 [ -4.09645757]
 [ -0.65193507]
 [  4.38190152]
 [  5.296519  ]
 [ -1.28561722]
 [ -0.79413132]
 [  6.86410094]
 [  0.3330827 ]
 [  3.95572737]
 [  9.62319602]
 [ -1.19970485]
 [ -1.58756422]
 [ 11.40606393]
 [  6.22922197]
 [ -2.570841  ]
 [  5.46420176]
 [  4.05946411]
 [  0.48302417]
 [ -8.96357722]
 [  1.63660115]
 [  4.36984574]
 [  1.46790639]
 [  1.09884981]
 [ -7.15151655]
 [ -5.91451132]
 [ 11.64180832]
 [ -2.80952657]
 [ -4.84361788]
 [ -6.49827521]
 [ -4.69880795]
 [ -0.1767635 ]
 [  2.76226297]
 [ -1.93397284]
 [ -2.11392671]
 [ -1.00700602]
 [  6.62330122]
 [ -2.4383758 ]
 [ 11.09429529]
 [ -6.03406815]
 [  1.50426737]
 [ -1.00500631]
 [-13.68104558]
 [  0.45928864]]Output bias: [-11.6004007]