Action MLP:Hidden weights: [array([[  3.27819739e-01,  -4.28822838e-01,   4.22542488e-01,
          5.65912919e-02,   4.92818114e-01,  -2.83832821e-02,
         -9.30174350e-02,  -3.21581471e-01,  -1.47798368e-01,
          3.71123531e-01,   2.57638075e-01,   3.82848785e-01,
         -2.54594996e-01,   1.37858860e-01,  -4.69701391e-01,
          1.58041359e-01,   2.65949559e-02,   5.02965348e-01,
         -1.04635749e-01,  -3.29309096e-01,   3.32588835e-01,
         -4.80677087e-01,  -1.67842604e-01,   4.95799342e-02,
          1.53211649e-02,   3.85281739e-02,   2.34291350e-01,
         -1.03601585e-01,  -2.43134101e-01,   3.87154231e-02,
          4.90431429e-01,  -3.85948908e-01,  -3.47387700e-01,
         -2.83836156e-01,  -1.91412027e-01,   2.29961362e-01,
          3.59325678e-01,   2.34403689e-01,  -4.41012350e-01,
          3.37662496e-01,  -1.83727286e-01,   9.70221063e-02,
          3.98252674e-01,  -6.06578179e-02,   2.15256768e-01,
          4.60687446e-01,   2.84664575e-01,  -2.35026219e-01,
          2.41251715e-01,  -5.95072199e-02],
       [  4.36120077e-01,   5.80749915e-01,   5.57566993e-01,
          1.25711933e-01,  -2.95318780e-01,  -7.87960967e-02,
          6.63365058e-01,   5.26344492e-01,   6.79516364e-01,
          6.64072694e-01,   5.85405644e-01,   2.64209908e-02,
          3.17677386e-01,   8.14717406e-02,   7.84869871e-02,
          8.10368646e-01,   7.99829218e-01,  -2.09723450e-01,
          7.07509892e-01,   5.65553084e-01,   6.96667902e-01,
          4.50566905e-01,   8.06110047e-02,   8.63750509e-02,
          3.80485229e-01,   2.06579233e-01,  -2.88129461e-01,
          2.41841356e-01,   1.28142002e-01,   4.24715565e-01,
          4.37300524e-01,  -1.59237538e-01,   2.21996276e-01,
         -9.68930220e-02,  -4.42500037e-02,   4.24784300e-01,
          5.23058740e-01,   3.49553366e-01,   3.46307041e-01,
         -4.02640356e-01,  -3.61870315e-01,  -5.10033289e-01,
          5.69059073e-01,   4.94476318e-01,   3.91743116e-01,
          3.91383332e-02,   1.41315930e-01,   5.83002878e-01,
         -2.60611930e-01,   6.93474724e-01],
       [ -8.09448468e-02,   1.72350403e-01,  -1.17866183e-02,
          6.99702048e-01,  -1.17876842e-01,   1.22365817e-01,
          1.45067798e-02,   3.35648004e-01,   4.57645294e-01,
         -7.46724955e-02,  -6.52926767e-02,  -2.64442341e-02,
          2.35168567e-01,   4.66684777e-01,   1.47911143e-01,
         -3.06316758e-01,   2.41974878e-01,   3.53194839e-01,
          2.49738778e-01,  -3.62046326e-01,  -4.03329394e-01,
          3.89808760e-01,   2.03694975e-01,  -1.38435566e-01,
          3.01465506e-01,  -1.38812237e-01,   2.69655701e-01,
         -4.36847717e-01,   1.69202944e-01,   1.37669516e-01,
         -3.73855287e-01,   4.72541533e-01,   4.54240071e-01,
         -9.84476775e-02,   3.58349247e-02,   4.23115341e-02,
          3.32024816e-01,   1.32188978e-01,   3.56604434e-01,
          3.01716547e-01,   7.99701738e-02,   1.85989691e-01,
          9.60124272e-02,  -8.04824546e-02,   3.44913740e-01,
         -1.31758481e-01,   2.43888033e-01,   3.99039979e-01,
         -1.32336099e-02,   6.62508406e-03],
       [ -3.66253543e-01,  -3.99684703e-01,  -5.10418374e-01,
         -7.60793954e-01,  -3.52717698e-01,  -8.21468458e-02,
         -3.69185669e-01,  -9.02935081e-02,   4.71593359e-01,
         -1.74858554e-01,  -7.89770436e-03,   1.12232141e-01,
          1.26831588e-01,  -3.57839006e-01,   4.39827351e-02,
          2.42207319e-01,  -3.35541648e-01,   3.25964809e-02,
          1.04123931e-01,   2.40222589e-01,  -7.21213497e-01,
         -5.77649625e-01,   3.27577927e-02,  -6.10491023e-01,
          3.19404524e-01,   2.22453283e-01,  -5.49378927e-02,
         -1.54941675e-02,  -4.88521800e-02,  -7.45760288e-01,
          1.98447175e-01,  -4.07826385e-01,  -3.55404730e-01,
          3.50259196e-01,  -4.12253874e-01,  -2.58872692e-01,
         -9.27767887e-01,  -3.53539514e-01,  -3.19101215e-01,
          3.43821539e-01,  -4.93142111e-02,  -2.10162770e-01,
          1.12203979e-01,  -5.52800107e-01,   1.01959510e-01,
         -4.40302274e-01,   2.74368162e-01,  -3.88828203e-01,
         -1.06167017e-01,  -1.12516437e-01],
       [ -3.58467689e-01,  -7.29444565e-01,   3.46728177e-01,
          6.54107491e-02,   3.40475196e-01,  -4.59552571e-02,
          3.84310723e-01,  -4.69283927e-01,  -5.51360906e-01,
         -4.59456198e-01,  -2.99566057e-01,  -2.95868040e-01,
         -4.83971990e-01,  -7.96998497e-02,  -1.62382530e-02,
         -4.56894295e-01,   3.75963427e-01,  -6.23958891e-02,
         -3.93695874e-02,  -1.30325766e-01,   1.68133452e-01,
          3.17845367e-01,   3.10040210e-01,  -3.13017913e-01,
         -4.25832771e-01,   1.69392785e-01,  -3.54490885e-01,
         -3.11900120e-01,   6.63830688e-02,  -2.27425189e-01,
          5.64839227e-01,   2.87513287e-01,   1.25809512e-01,
         -1.11141956e-01,   4.06201247e-01,   1.77457419e-01,
         -2.99021990e-02,   2.01593313e-01,  -4.76883461e-01,
         -2.61872632e-01,  -1.62126599e-01,  -8.58257931e-02,
         -3.98230356e-01,  -3.85738855e-01,  -3.02132783e-01,
         -4.42268946e-01,   4.50022587e-02,  -2.13422937e-01,
         -1.27701202e-01,  -2.09789089e-01],
       [ -3.56894019e-01,  -1.20506286e+00,  -5.50652333e-02,
         -2.19064536e+00,  -8.34735055e-01,  -2.38346402e-01,
          4.51265355e-02,  -2.94903832e-01,  -4.84398729e-01,
          5.49730355e-01,   1.33323239e-01,   2.18263481e-01,
         -3.08985261e-02,   1.62961945e-01,   2.73431207e-01,
          4.16852746e-01,   6.03801575e-01,   2.50443993e-01,
          7.71641917e-01,   2.72576213e-01,   2.44619415e-01,
          2.53123025e-01,   3.45118616e-01,  -4.08395824e-01,
         -1.65178370e-01,  -6.66699513e-02,  -2.24117518e-01,
         -1.09533364e-01,   4.15781318e-01,  -1.68210623e-01,
          4.40372099e-01,  -5.14083402e-01,  -5.39054182e-02,
         -4.63390273e-02,  -5.66281165e-01,   5.37192667e-01,
         -2.31978091e-01,   3.36453801e-01,   8.31939826e-02,
          5.82790908e-01,   4.98428093e-01,  -7.92784017e-01,
          1.92462399e-01,   3.07009157e-01,  -6.34511174e-02,
          2.57987202e-01,  -4.77303043e-01,   2.27367564e-01,
          5.39047307e-01,   6.33265730e-01],
       [ -4.73827211e-01,  -2.17853607e-01,   1.36468849e-01,
         -3.86343669e-01,  -2.98585312e-01,  -1.15950717e-01,
         -3.74407917e-01,  -3.51152444e-01,  -1.22615829e-01,
         -4.27275210e-01,  -3.73595535e-01,  -4.58832790e-01,
          4.11307201e-01,  -4.83242155e-01,  -3.65252347e-01,
          3.90144903e-01,  -1.84496756e-01,  -4.48546835e-01,
         -4.18763867e-01,  -1.03800767e-01,  -2.64151352e-01,
          5.10260095e-01,  -2.37250966e-02,   3.37981174e-01,
         -1.97386954e-01,   9.45061471e-02,   3.32836428e-01,
         -2.13708683e-01,  -3.37302422e-01,   4.08799884e-01,
         -3.28096912e-01,   3.32877363e-01,  -2.38853948e-01,
         -2.17561783e-01,  -2.68474803e-01,   2.33448786e-01,
          4.41504954e-01,   3.03809902e-01,   2.61985881e-01,
          3.99186077e-01,  -2.45600321e-01,   4.74099016e-01,
         -4.14246834e-01,  -1.66436675e-01,  -2.51772489e-01,
         -1.62943976e-02,  -2.94672206e-01,  -2.64089774e-01,
          2.77201407e-02,  -2.77972205e-01],
       [ -2.19754686e-01,  -2.54097848e-01,   2.89945997e-02,
         -3.86250324e-01,   2.46134892e-01,  -1.49830652e-02,
         -3.02899200e-01,  -1.66473400e-01,  -1.88006626e-01,
         -1.41961335e-02,   8.44178837e-02,   1.17486788e-02,
          1.08627164e-01,  -3.32787556e-01,   1.42041483e-01,
          3.81462817e-01,  -2.77032428e-01,   4.06152438e-01,
         -2.69719594e-01,  -5.34128527e-01,  -4.38709123e-01,
          3.23183658e-01,   3.25698559e-01,  -3.52459534e-01,
         -3.55069845e-01,  -3.23688867e-02,  -2.57871822e-01,
          4.76714722e-01,   1.49249996e-01,  -1.56135362e-03,
         -2.19037418e-01,   6.47783781e-02,   4.44602002e-01,
          1.82317943e-01,   4.82865653e-01,   4.18243795e-01,
         -3.84001565e-02,  -3.59653259e-01,   1.62227400e-02,
          3.30379699e-01,   3.64890944e-01,   7.07658262e-02,
          1.88944537e-02,  -3.34116720e-01,   6.93972365e-02,
          4.97892572e-01,   1.54946989e-01,  -4.35949665e-01,
         -3.67929198e-02,   1.96821400e-01]])]Hidden bias: [array([-0.66328849, -0.52719779, -0.68689076, -0.52044352, -0.86168216,
       -0.59776741, -0.69484298, -0.65466478, -0.74264131, -0.73673766,
       -0.65211219, -0.75499202, -0.6617738 , -0.60637685, -0.60448317,
       -0.66471169, -0.86610656, -0.63447877, -0.68012825, -0.59767158,
       -0.69240481, -0.69320784, -0.71893279, -0.64008038, -0.57280616,
       -0.61337434, -0.74106349, -0.58832864, -0.76613689, -0.65949272,
       -0.51564466, -0.60875977, -0.61277621, -0.61333924, -0.71100327,
       -0.61788578, -0.76174104, -0.63090178, -0.6008538 , -0.7770027 ,
       -0.61810232, -0.91053844, -0.64964571, -0.69742161, -0.68488033,
       -0.60989282, -0.59164229, -0.69150878, -0.69479607, -0.68510662])]Output weights: [[ 0.22942289 -0.09354563]
 [ 0.00968506 -0.41447531]
 [ 0.09280185  0.09797497]
 [ 0.22992217 -0.78989393]
 [ 0.43890094  0.80809672]
 [ 0.13546706  0.05754155]
 [ 0.01133118  0.05469207]
 [-0.1210582  -0.18315812]
 [-0.31278568 -0.37794126]
 [ 0.04980142  0.25584777]
 [ 0.07560764  0.01158249]
 [ 0.25224828  0.33175596]
 [-0.27347713  0.13973283]
 [ 0.09473624  0.02886447]
 [ 0.11518723 -0.16342554]
 [-0.09185114  0.08720616]
 [ 0.1151014   0.33648317]
 [-0.04295012 -0.02416685]
 [-0.02380839  0.33043492]
 [-0.11487052  0.06954913]
 [ 0.26594141  0.04136902]
 [ 0.08916135 -0.24309082]
 [-0.22234062 -0.32407494]
 [ 0.37956898  0.0532323 ]
 [-0.27455157 -0.13284676]
 [ 0.05380455 -0.0706861 ]
 [-0.16096066  0.22885762]
 [-0.07481635  0.03803325]
 [ 0.28799465 -0.29759242]
 [ 0.22741488  0.02523163]
 [-0.10676029  0.23245027]
 [-0.14457835  0.24873588]
 [-0.02153712  0.11905172]
 [-0.26207819 -0.05932186]
 [ 0.28319528  0.41348209]
 [ 0.17971468  0.02298176]
 [ 0.32822019 -0.00120786]
 [-0.04017535 -0.00084529]
 [ 0.01061136 -0.31821172]
 [ 0.12923081 -0.37907224]
 [-0.25301546 -0.37760387]
 [-0.0616306   0.75332141]
 [-0.0550592   0.03718745]
 [ 0.1588916   0.08116495]
 [-0.27642575 -0.18441909]
 [ 0.32754974 -0.04640528]
 [-0.17428361  0.2177329 ]
 [ 0.02332532  0.06272025]
 [ 0.30265542 -0.26830487]
 [ 0.04688856  0.11527189]]Output bias: [ 0.93101097  0.97195186]
Value MLP:Hidden weights: [array([[ -6.01291315e-01,  -2.52486075e+01,  -7.21897050e-01,
          4.82277842e+00,  -1.78719291e+01,  -1.46659151e+01,
          3.36924273e+01,  -2.22261984e+01,  -2.48347317e+01,
          3.64580785e+00,  -1.48828220e+01,  -1.64892074e-01,
          6.29131045e+00,   2.91123558e+01,  -4.22338827e+00,
         -1.03070928e+01,  -2.25800191e+01,  -9.84334816e-01,
          9.35028866e+00,  -1.78302010e+00,  -2.15419329e+01,
          1.99145119e+01,  -2.89580073e+00,  -1.88063343e+01,
         -6.33818070e-01,   3.41088507e-02,  -1.89777392e+01,
          1.59278397e+01,  -2.32054717e+01,  -3.86218556e-01,
          4.76681475e+00,  -2.89842451e+01,   7.17192568e+00,
         -3.81484347e-01,  -8.22840508e+00,   2.96886830e+01,
          2.03718478e+01,   2.08229838e+01,  -3.85686912e-01,
         -3.81423487e-02,  -2.05661445e+00,   1.63272752e+01,
          1.53293981e+01,  -1.04746965e+00,   3.98272838e-01,
          1.99567641e+01,  -8.11391105e-01,  -4.89570891e-01,
         -7.66165718e-01,  -7.59022720e-01],
       [ -2.49345615e+00,  -3.48186411e+00,  -4.36309607e+00,
         -1.44921514e+01,   6.58175115e+00,   1.60893780e+00,
          3.12337492e+00,   3.99802508e+00,  -7.09022029e+00,
          1.10210769e+00,  -7.34752596e+00,  -1.99041721e+00,
          1.64659209e+01,   5.27029150e+00,  -3.27542171e-01,
         -2.19690815e+00,  -3.91315403e+00,  -3.80611089e+00,
         -9.09262626e+00,   1.23966467e+01,  -2.85293225e+00,
         -3.79564181e+00,  -3.91054475e+00,  -9.23318479e+00,
         -5.41671534e+00,  -1.34906620e+00,  -1.30488140e+01,
          6.63830039e+00,  -7.30181058e+00,  -4.94422053e+00,
         -2.05591994e+00,  -8.58612001e-01,   5.79245047e+00,
         -5.68692711e+00,  -2.57373955e+00,   5.53712932e+00,
          5.88341223e+00,   8.61568185e+00,   2.67083880e+00,
         -5.05507418e+00,  -5.03676233e+00,   1.31770808e+01,
          2.55068997e+00,  -3.60030307e+00,  -1.02981862e+00,
         -1.84479220e+00,  -3.91108953e+00,  -2.22583016e+00,
         -4.59177674e+00,   1.15050783e+01],
       [ -1.78995269e-01,  -1.00575865e+01,   2.24509032e+00,
          8.98833381e+00,   1.95640934e+01,  -4.55619804e+00,
         -3.56462230e-01,  -1.97341549e+00,  -1.26902842e+01,
         -1.36099225e+00,  -1.84210443e+01,   8.06742640e-01,
         -2.03253704e+00,   2.74342817e+00,  -2.10020545e+01,
          1.70847677e+01,  -7.71392949e-01,   7.71476204e-02,
          3.21835998e+00,  -3.68999758e+00,  -1.85260072e+00,
          1.01157577e+00,  -1.83311281e-02,  -4.89483197e+00,
          8.17004216e-01,   2.09505779e+00,  -8.85763557e+00,
          1.74740710e+01,  -1.39811572e+00,   2.81873738e+00,
          1.38999457e+01,   5.98237131e-01,   4.85193313e+00,
          5.01874576e-01,  -3.31876228e+00,   4.27541051e+00,
          1.94010232e+00,   1.78950169e+00,   1.04708138e+01,
          2.78022337e+00,  -5.10088295e-01,   5.46977401e+00,
          1.04099742e+01,  -6.36438297e-01,   2.13157449e+00,
          2.56774228e+00,   4.26891476e-01,   1.48009406e+00,
          1.65462795e+00,   1.00049976e+01],
       [  5.83580416e+00,  -3.61933393e+00,   6.81307338e+00,
         -9.61405661e+00,  -7.58440570e+00,   3.98251765e+00,
          2.68860391e+00,  -1.71995912e+00,  -1.26073334e-01,
          5.17534012e+00,  -1.19985498e+01,   2.96404019e+00,
         -1.57799518e+01,   3.87170657e-01,   8.62373304e+00,
         -1.08076784e+01,  -2.78505327e-01,   6.38690099e+00,
         -6.24160482e+00,   9.93714205e+00,   9.14890869e-01,
         -3.53188838e+00,   1.77520777e+00,   2.81943602e+00,
          7.97371979e+00,  -9.48370890e+00,  -2.34249041e+00,
         -1.19549584e+01,   1.84583811e+00,   7.45729315e+00,
         -1.11777185e+01,   1.21716854e+00,   1.98469423e+00,
          7.65423833e+00,   2.14279968e-01,   3.85732034e-01,
         -2.55670993e+00,  -1.08582805e+01,  -3.81394245e+00,
          2.94454279e+00,   5.01291519e+00,   3.45063439e+00,
         -3.27129501e+00,   5.18404299e+00,   6.77695472e+00,
          1.22713906e+00,   4.64155150e+00,   3.83092578e+00,
         -1.29841806e+01,   9.48580109e-01],
       [ -1.64212238e+00,   9.35039363e+00,  -3.67986127e+00,
          8.30982129e+00,  -1.54324544e+01,   8.54208087e+00,
         -2.27032270e+01,   1.32634003e+01,   1.25893218e+01,
         -3.35121008e+01,   5.17887221e+00,  -1.51869968e+00,
         -7.74980304e+00,  -1.99022309e+01,   2.85160395e+00,
          1.93147619e+01,   1.00098237e+01,  -2.15536018e+00,
          8.10658741e+00,  -1.02277156e+01,   1.43578949e+01,
         -2.41647876e+01,  -7.72896854e+00,   1.68370087e+01,
         -3.03781141e+00,   8.93012413e+00,   1.52500769e+01,
         -1.82271217e+00,   1.51094813e+01,  -4.02178353e+00,
          7.04662263e+00,   2.70234843e+01,  -1.07097028e+01,
         -2.07313581e+00,   7.00792208e+00,  -1.96571905e+01,
         -1.58298114e+01,  -2.87120660e+01,   1.67090002e+01,
         -5.56779288e+00,  -2.70668935e+00,  -1.20343780e+01,
         -7.87329318e+00,  -1.90959558e+00,  -8.70416476e-01,
         -4.03762460e+00,  -1.68915533e+00,  -1.81379548e+00,
          1.10005758e+01,  -5.66847465e+00],
       [  1.51632281e+00,   7.83539105e+00,  -1.39942663e+00,
          4.09973218e+00,   2.16891813e+01,   1.54460120e+01,
         -1.50350987e+01,   2.71237714e+01,   2.81355422e+01,
          2.87169560e+00,   6.84127753e+00,   1.25031026e+00,
          1.98270791e+01,  -2.69292613e+01,  -1.40258654e+01,
          1.82802823e+01,   6.42555878e+00,  -7.63495755e-01,
         -8.10420315e+00,   4.87866874e-01,   9.38624300e+00,
         -6.96134190e+00,  -1.99964662e+00,   4.49595651e+00,
         -1.01865709e+00,   1.58595810e+00,   2.81728847e+00,
         -8.48503720e+00,   8.40058745e+00,  -1.08864739e+00,
         -3.12245692e+00,   1.93233729e+00,  -2.04458971e+01,
         -1.02550043e+00,   4.41921852e+00,  -1.43302005e+01,
         -6.75178901e+00,  -8.58679638e+01,   1.94022926e+01,
         -4.28744545e+00,   2.06690360e-02,  -8.30103904e+00,
         -1.64686251e+00,  -5.88779912e-01,   1.18584406e+00,
         -4.68082059e+01,   3.61324324e-01,   2.48370647e+00,
          8.38978090e-01,   1.81471635e+01],
       [ -2.94885639e-01,   1.24608939e+01,  -4.75017045e-02,
          5.70920833e-02,   1.05621415e+01,  -5.85843583e+00,
         -2.38048983e+00,  -1.20594447e+00,   1.57751527e+01,
          7.22225356e+00,   1.62139830e+00,  -1.53225112e+00,
          2.54772447e+01,  -2.98744478e+00,  -7.64182898e+00,
          1.16597276e+01,   1.54067373e+01,  -1.00863121e+00,
         -8.65526786e-01,  -6.84201385e-01,   6.29461840e+00,
         -1.06840154e+01,  -1.01077164e+00,   1.09514098e+01,
         -1.17551838e-01,   7.35760087e+00,   8.78797948e+00,
         -5.00600419e+00,   9.84524381e+00,  -9.69536951e-02,
          8.96512295e+00,   7.22461976e+00,  -1.60076470e+00,
          3.18772078e-01,   1.89174142e+01,  -6.09934691e+00,
         -4.87378356e+00,  -9.16690714e+00,  -6.72634474e+00,
          6.44397093e-01,   1.31848344e+00,  -1.25410407e+01,
         -2.23622801e+01,  -2.49875111e-03,  -5.16999016e-01,
         -4.17288256e+00,  -3.29470723e-01,  -1.26816339e+00,
          4.83464405e+00,   5.20198978e+00],
       [ -3.86899215e+00,  -5.39519057e+00,  -8.25999684e-02,
          1.88254293e+01,   2.67209478e+00,  -3.16746577e+01,
          4.84454269e+00,  -2.05048227e+01,  -6.09634768e+00,
         -5.57552018e+00,  -2.40796915e+01,  -9.35865724e-01,
         -1.66269293e+01,   9.89855473e+00,  -4.84376021e+00,
         -1.46622049e+00,  -9.11052273e+00,  -4.55004570e-01,
          1.88202707e+01,  -1.15927988e+01,   8.38050025e-01,
         -3.58578369e+00,  -4.74865233e+00,  -3.75722656e+00,
          2.69916730e-02,   4.52283656e+00,   7.20187488e-02,
          1.03120668e+01,   1.79396649e+01,  -7.50901739e-03,
          1.86486748e+01,   1.17626180e+01,  -3.87976680e+00,
          1.86321360e-03,  -1.55444863e+01,   1.04450441e+00,
          1.73924606e+01,   8.42684733e+00,  -5.70439428e+00,
         -1.05093946e+00,  -5.92563514e-01,  -1.02306235e+01,
          4.14874297e+00,   4.94980733e-02,  -3.45640486e-01,
         -8.26255291e+00,   9.01647332e-02,  -7.81403245e-01,
          6.44711576e+00,  -1.09986765e+01]])]Hidden bias: [array([-13.14149489,  -0.88906211, -11.09508194,  25.67494396,
         7.54083784,  -6.49935824,   3.31980801,  -9.78881327,
        -4.84610052,   5.8162223 ,  -1.59645002,  -6.948779  ,
         4.50396276,   5.98109168, -11.17029051,  13.09064114,
         4.41572833, -11.00537031,  18.95490005, -21.08287364,
        -5.68365216,   3.14953289, -17.33788533,  -0.11466523,
       -12.85258614,  16.46052688,   2.15420639,   8.4031316 ,
         0.88500867, -12.02829666,  17.91998865,  -0.98684248,
         4.0289111 , -11.23221489,  -3.84985636,   1.93869269,
        -0.19007296,   4.09760701,  16.78047887, -10.57368498,
        -9.24341846,  -3.77969269,   7.92151086,  -9.34940949,
        -8.15767832,   5.82234344,  -9.2818642 ,  -7.06859194,
        14.10408006,  -8.38880435])]Output weights: [[ -1.1071439 ]
 [  7.8895304 ]
 [  2.79518061]
 [-14.1444293 ]
 [  5.78808693]
 [  2.9944068 ]
 [  5.37615416]
 [ -4.69945086]
 [ -4.25359096]
 [-13.3879292 ]
 [  9.63457516]
 [ -1.06294756]
 [  2.85014574]
 [  8.22691265]
 [  4.35491452]
 [ 11.63461301]
 [ 11.3140536 ]
 [ -0.96845783]
 [ -7.07100382]
 [ 11.61666432]
 [  9.45425273]
 [ -9.30207072]
 [  7.40987415]
 [ -1.78001375]
 [  0.72703208]
 [-10.79048218]
 [ -1.89854832]
 [  1.55450283]
 [ -1.94438821]
 [  2.89303081]
 [ -7.17445067]
 [ -6.50607835]
 [  9.39966508]
 [ -1.05870578]
 [ -2.95826387]
 [-10.01164134]
 [  0.90879983]
 [  0.9350682 ]
 [  7.34600067]
 [ -1.87934551]
 [ -0.45761272]
 [  2.82074768]
 [  4.1393939 ]
 [ -2.20211036]
 [ 11.31850848]
 [ -7.03301344]
 [  1.72639766]
 [ -0.77938285]
 [-15.45854693]
 [  1.97186809]]Output bias: [-11.82252821]