Action MLP:Hidden weights: [array([[  3.27616153e-01,  -4.34207540e-01,   4.23935388e-01,
          4.44795356e-02,   4.89166832e-01,  -2.76788630e-02,
         -9.24511471e-02,  -3.22924859e-01,  -1.50160875e-01,
          3.74759430e-01,   2.57949748e-01,   3.86571757e-01,
         -2.52385245e-01,   1.38326207e-01,  -4.72043462e-01,
          1.59168125e-01,   3.26483997e-02,   5.02700938e-01,
         -9.81233511e-02,  -3.28237334e-01,   3.33498976e-01,
         -4.82555479e-01,  -1.72024385e-01,   5.06471809e-02,
          1.41155571e-02,   3.77140040e-02,   2.35221491e-01,
         -1.02894117e-01,  -2.47218954e-01,   3.95871149e-02,
          4.93409462e-01,  -3.84207012e-01,  -3.45285905e-01,
         -2.84909247e-01,  -1.88863338e-01,   2.30476891e-01,
          3.59936315e-01,   2.34330336e-01,  -4.47687694e-01,
          3.34203294e-01,  -1.87614552e-01,   9.58313917e-02,
          3.98758845e-01,  -5.89622688e-02,   2.13581110e-01,
          4.60421846e-01,   2.84550382e-01,  -2.34095251e-01,
          2.37259333e-01,  -5.72003372e-02],
       [  4.36997689e-01,   5.81886334e-01,   5.58499273e-01,
          1.58000526e-01,  -3.01641477e-01,  -7.86318026e-02,
          6.63770784e-01,   5.26274823e-01,   6.81413973e-01,
          6.66883462e-01,   5.85856556e-01,   3.01651760e-02,
          3.17408005e-01,   8.20601409e-02,   7.70761260e-02,
          8.10099914e-01,   8.05448348e-01,  -2.09953515e-01,
          7.12556120e-01,   5.65585259e-01,   6.96778087e-01,
          4.49813846e-01,   7.60483305e-02,   8.85227177e-02,
          3.79725372e-01,   2.06160797e-01,  -2.88603430e-01,
          2.41869456e-01,   1.25256590e-01,   4.25845997e-01,
          4.37862842e-01,  -1.61559504e-01,   2.21605153e-01,
         -9.70917812e-02,  -4.66506155e-02,   4.26082982e-01,
          5.24523544e-01,   3.49299766e-01,   3.45180516e-01,
         -4.06465508e-01,  -3.66762048e-01,  -5.14202488e-01,
          5.69127760e-01,   4.95912732e-01,   3.90432547e-01,
          4.06810853e-02,   1.39937472e-01,   5.83492833e-01,
         -2.64193978e-01,   6.94874383e-01],
       [ -7.99566554e-02,   1.68610292e-01,  -1.21851639e-02,
          6.61748669e-01,  -1.24337001e-01,   1.22664748e-01,
          1.40704098e-02,   3.36420635e-01,   4.57817045e-01,
         -7.71555484e-02,  -6.53868142e-02,  -2.70559654e-02,
          2.35190483e-01,   4.66883262e-01,   1.49176804e-01,
         -3.06909180e-01,   2.39709585e-01,   3.53117861e-01,
          2.47943283e-01,  -3.62066092e-01,  -4.02531173e-01,
          3.92148081e-01,   2.06862833e-01,  -1.38189198e-01,
          3.01789367e-01,  -1.38410975e-01,   2.69287918e-01,
         -4.36929564e-01,   1.71489778e-01,   1.37944250e-01,
         -3.74700917e-01,   4.72716016e-01,   4.55335921e-01,
         -9.88820119e-02,   3.63991806e-02,   4.18874161e-02,
          3.32325065e-01,   1.32158570e-01,   3.54199463e-01,
          3.04099625e-01,   8.32437148e-02,   1.82816193e-01,
          9.58601547e-02,  -8.04436760e-02,   3.45450889e-01,
         -1.31354950e-01,   2.41657296e-01,   3.99006371e-01,
         -1.18057539e-02,   5.84043838e-03],
       [ -3.68578360e-01,  -3.99380876e-01,  -5.11093456e-01,
         -7.62194937e-01,  -3.53333412e-01,  -8.28450237e-02,
         -3.69099327e-01,  -8.96657661e-02,   4.71869991e-01,
         -1.74322069e-01,  -8.58507873e-03,   1.10890523e-01,
          1.29720469e-01,  -3.58633777e-01,   4.24624458e-02,
          2.43356785e-01,  -3.35687852e-01,   3.28219302e-02,
          1.05488070e-01,   2.41775290e-01,  -7.22315616e-01,
         -5.77816290e-01,   3.34111142e-02,  -6.13663491e-01,
          3.20889137e-01,   2.21776127e-01,  -5.36765028e-02,
         -1.46842204e-02,  -5.15978230e-02,  -7.47696744e-01,
          2.00325537e-01,  -4.05840988e-01,  -3.55284766e-01,
          3.51184540e-01,  -4.13003789e-01,  -2.60598507e-01,
         -9.30580590e-01,  -3.53152331e-01,  -3.20282864e-01,
          3.42052182e-01,  -4.81656585e-02,  -2.08021261e-01,
          1.12750363e-01,  -5.53752614e-01,   1.03839356e-01,
         -4.43234241e-01,   2.76052663e-01,  -3.88944613e-01,
         -1.08477825e-01,  -1.12444043e-01],
       [ -3.59459380e-01,  -7.27673541e-01,   3.46800236e-01,
          7.68274900e-02,   3.55037499e-01,  -4.58823895e-02,
          3.84535279e-01,  -4.70666614e-01,  -5.54174343e-01,
         -4.57956527e-01,  -2.99596872e-01,  -2.97782751e-01,
         -4.83779816e-01,  -8.01304494e-02,  -1.76990565e-02,
         -4.55786467e-01,   3.75514283e-01,  -6.22194164e-02,
         -3.97260261e-02,  -1.30213194e-01,   1.68006193e-01,
          3.15036980e-01,   3.07056621e-01,  -3.12978946e-01,
         -4.26243089e-01,   1.69299859e-01,  -3.52543748e-01,
         -3.11982348e-01,   6.44287293e-02,  -2.27581421e-01,
          5.65984416e-01,   2.91236373e-01,   1.25021032e-01,
         -1.10640546e-01,   4.09126426e-01,   1.77691174e-01,
         -3.02081891e-02,   2.01663741e-01,  -4.73941735e-01,
         -2.65252959e-01,  -1.65749295e-01,  -7.39734057e-02,
         -3.98524009e-01,  -3.85848642e-01,  -3.02298752e-01,
         -4.42593665e-01,   4.86196869e-02,  -2.13733830e-01,
         -1.28800284e-01,  -2.09067586e-01],
       [ -3.59898665e-01,  -1.22118715e+00,  -5.42702921e-02,
         -2.21002754e+00,  -8.18666113e-01,  -2.38113718e-01,
          4.67495501e-02,  -3.01549651e-01,  -4.98318741e-01,
          5.57430179e-01,   1.33803802e-01,   2.18701242e-01,
         -3.34936312e-02,   1.62563834e-01,   2.72961241e-01,
          4.17518812e-01,   6.10315965e-01,   2.51070746e-01,
          7.78352995e-01,   2.73705069e-01,   2.46342001e-01,
          2.49423364e-01,   3.45275656e-01,  -4.05926769e-01,
         -1.69775395e-01,  -6.64090498e-02,  -2.20976078e-01,
         -1.11013242e-01,   4.15410423e-01,  -1.67623303e-01,
          4.45253489e-01,  -5.12839306e-01,  -5.90082969e-02,
         -4.50206868e-02,  -5.63785612e-01,   5.38178699e-01,
         -2.31054640e-01,   3.36337671e-01,   9.31426874e-02,
          5.83884587e-01,   4.96785655e-01,  -7.83045883e-01,
          1.92300214e-01,   3.09038603e-01,  -6.62347226e-02,
          2.59909737e-01,  -4.71081565e-01,   2.27995856e-01,
          5.38682919e-01,   6.35241105e-01],
       [ -4.73768803e-01,  -2.18415402e-01,   1.35682777e-01,
         -3.88357644e-01,  -2.96783341e-01,  -1.16316078e-01,
         -3.74676655e-01,  -3.50774657e-01,  -1.22386467e-01,
         -4.30006028e-01,  -3.73719783e-01,  -4.60541292e-01,
          4.09205057e-01,  -4.83407838e-01,  -3.62656961e-01,
          3.88775133e-01,  -1.88905987e-01,  -4.48370938e-01,
         -4.23704172e-01,  -1.04641769e-01,  -2.64526777e-01,
          5.12155140e-01,  -1.87117738e-02,   3.37619211e-01,
         -1.97068126e-01,   9.51038393e-02,   3.31610074e-01,
         -2.14294320e-01,  -3.32622590e-01,   4.08347344e-01,
         -3.30544969e-01,   3.30109549e-01,  -2.40473871e-01,
         -2.16924539e-01,  -2.70530033e-01,   2.33097196e-01,
          4.41383971e-01,   3.03810120e-01,   2.67092272e-01,
          4.04878775e-01,  -2.40653150e-01,   4.72688436e-01,
         -4.14454391e-01,  -1.67524110e-01,  -2.51147067e-01,
         -1.56682109e-02,  -2.94694458e-01,  -2.64580573e-01,
          3.23899922e-02,  -2.80114418e-01],
       [ -2.20752862e-01,  -2.60428232e-01,   3.08131771e-02,
         -3.98318059e-01,   2.68483048e-01,  -1.39038936e-02,
         -3.02049457e-01,  -1.68023540e-01,  -1.90563280e-01,
         -1.43270202e-02,   8.46059955e-02,   1.37384187e-02,
          1.08784856e-01,  -3.32625476e-01,   1.40593967e-01,
          3.82122035e-01,  -2.77318463e-01,   4.05972042e-01,
         -2.71348691e-01,  -5.33899766e-01,  -4.38236811e-01,
          3.17564185e-01,   3.21809154e-01,  -3.51852029e-01,
         -3.55740369e-01,  -3.34644163e-02,  -2.56847732e-01,
          4.77607298e-01,   1.47917880e-01,  -1.32704726e-03,
         -2.15319209e-01,   6.92155281e-02,   4.46666711e-01,
          1.81516525e-01,   4.91783559e-01,   4.18802773e-01,
         -3.83271097e-02,  -3.59635843e-01,   1.59963682e-02,
          3.30775445e-01,   3.60259723e-01,   8.30239418e-02,
          1.91702984e-02,  -3.34219511e-01,   6.79825966e-02,
          4.97457464e-01,   1.59295105e-01,  -4.35924031e-01,
         -3.64006079e-02,   1.97049092e-01]])]Hidden bias: [array([-0.66127988, -0.52439185, -0.68666762, -0.48922545, -0.87403376,
       -0.59825902, -0.69509454, -0.65219911, -0.73638542, -0.73816227,
       -0.65187737, -0.75234422, -0.66456055, -0.60611717, -0.60360855,
       -0.66604374, -0.86476475, -0.63471786, -0.68004781, -0.59935439,
       -0.69358936, -0.69445916, -0.72109367, -0.63953586, -0.57152017,
       -0.61322467, -0.74582601, -0.58846754, -0.76583636, -0.65918792,
       -0.51786563, -0.61631056, -0.61312563, -0.61307616, -0.7186191 ,
       -0.61678539, -0.76068929, -0.631196  , -0.596694  , -0.77440615,
       -0.62115568, -0.92622699, -0.64971452, -0.69809248, -0.68471809,
       -0.60821418, -0.59470381, -0.69204781, -0.6936304 , -0.6854432 ])]Output weights: [[ 0.23244039 -0.08835372]
 [ 0.01118229 -0.45421829]
 [ 0.09781399  0.10779224]
 [ 0.23120515 -0.83628995]
 [ 0.43677712  0.82621781]
 [ 0.13385444  0.06687811]
 [ 0.01513979  0.05936033]
 [-0.12048995 -0.18282041]
 [-0.3162872  -0.38241558]
 [ 0.05447876  0.28158774]
 [ 0.07712834  0.02657515]
 [ 0.25068497  0.3431282 ]
 [-0.27502789  0.14215067]
 [ 0.09703518  0.03580302]
 [ 0.11353155 -0.16225304]
 [-0.09128497  0.09769699]
 [ 0.12060407  0.35555747]
 [-0.04415159 -0.0117546 ]
 [-0.02168707  0.35447443]
 [-0.1161225   0.07519855]
 [ 0.27292361  0.05337446]
 [ 0.09390304 -0.24721908]
 [-0.22411281 -0.31983727]
 [ 0.38242786  0.05050044]
 [-0.27700244 -0.12661138]
 [ 0.05075843 -0.06648007]
 [-0.16261937  0.23634764]
 [-0.07593808  0.05458907]
 [ 0.28713087 -0.29215788]
 [ 0.23389703  0.0300645 ]
 [-0.106978    0.25880795]
 [-0.14514549  0.2556388 ]
 [-0.01992903  0.12969114]
 [-0.26623447 -0.05401714]
 [ 0.28224032  0.43764045]
 [ 0.1834581   0.03843492]
 [ 0.33665914  0.00871174]
 [-0.0364475   0.00342397]
 [ 0.01337846 -0.32298143]
 [ 0.12654051 -0.38614255]
 [-0.25476887 -0.37788077]
 [-0.0639455   0.76309887]
 [-0.05415571  0.05452893]
 [ 0.16494963  0.08791557]
 [-0.27705404 -0.17049576]
 [ 0.33096288 -0.03535014]
 [-0.17758627  0.22759046]
 [ 0.02802405  0.06649728]
 [ 0.3016789  -0.26722639]
 [ 0.05063104  0.13396202]]Output bias: [ 0.93417866  0.96721195]
Value MLP:Hidden weights: [array([[ -6.01291342e-01,  -1.29101796e+01,  -4.82431292e-01,
          1.07414356e+01,  -6.05148181e+00,  -1.80989505e+01,
          2.47551552e+01,  -2.15976414e+01,  -2.62937191e+01,
         -3.54937745e+00,  -1.61621544e+01,  -1.61249287e-01,
          3.59451429e+00,   2.61126059e+01,   6.95764275e+00,
         -1.14332065e+01,  -8.60831127e+00,  -9.88024172e-01,
          1.04954775e+01,   1.55821363e-01,  -1.30700328e+01,
          2.23571293e+01,  -2.95755997e+00,  -1.80405088e+01,
         -7.04386278e-01,  -1.05648294e+00,  -1.43641505e+01,
          9.43337663e+00,  -1.18555740e+01,  -7.52440822e-02,
          1.86051049e+01,  -2.72529562e+01,   2.99957347e-01,
         -3.38671717e-01,  -1.36352725e+01,   8.74871034e+00,
          1.62184229e+01,   2.03994867e+01,  -4.79210601e+00,
         -1.52169369e-01,  -1.93184016e+00,   1.64048051e+01,
          1.70742626e+01,  -1.02371268e+00,   2.91049192e-01,
          1.04236187e+01,  -8.11385679e-01,  -4.21119349e-01,
          1.68999247e-02,   2.44001821e+00],
       [ -2.49345616e+00,  -1.06167608e+01,  -4.38124497e+00,
          1.29180416e-01,   6.91794450e-01,  -3.97105556e+00,
          4.43972636e+00,  -2.74446390e+00,   2.30200577e+00,
         -8.41803055e+00,  -1.03743053e+01,  -1.99102288e+00,
          1.54330169e+01,   5.18114173e+00,   5.13489414e+00,
          3.87196275e+00,  -4.89115495e+00,  -3.80472832e+00,
          1.86610787e+00,   1.99700660e+01,  -3.37149671e+00,
          1.85360843e+00,  -3.84324903e+00,  -6.11442957e+00,
         -5.39026752e+00,  -1.24705193e+00,  -7.39507787e+00,
          1.65964262e+00,  -1.07975376e+01,  -4.96630094e+00,
         -2.37320831e+00,  -6.82904153e+00,  -1.75477621e+00,
         -5.70297317e+00,  -1.71647115e+00,   1.49683165e+01,
          3.89795552e+00,   4.48349072e+00,   8.71270076e-01,
         -5.05722443e+00,  -5.08661678e+00,   8.48333766e+00,
          6.30115818e+00,  -3.60926434e+00,  -1.06645240e+00,
          5.77051787e+00,  -3.91107529e+00,  -2.24460008e+00,
         -5.10797989e+00,   8.06997179e+00],
       [ -1.78995291e-01,   1.03172564e+01,   2.77516904e+00,
         -1.60334989e+01,   8.10940054e+00,  -8.16044918e-01,
          3.24667111e+00,  -7.68073625e+00,  -8.79698881e+00,
          1.42747551e+00,  -1.33858113e+01,   8.12696101e-01,
         -3.01626130e+00,   6.69021130e+00,   1.15434635e+01,
         -2.21106350e+01,  -1.02985461e+01,   6.89769940e-02,
         -7.27377309e+00,   2.64142335e+00,  -1.89837291e+00,
          2.66260369e+00,  -1.52667362e-01,  -4.08919886e+00,
          6.60712967e-01,  -1.27902093e-01,  -8.56744080e+00,
          5.26688087e+00,  -3.55884927e+00,   3.50793097e+00,
          8.67805806e+00,  -4.53195065e+00,   3.08559503e-02,
          5.96715458e-01,  -7.28391558e+00,   1.07547142e+01,
          4.53511396e+00,   2.62658642e+01,   2.11925176e+00,
          2.52275617e+00,  -2.23010094e-01,   8.23081605e+00,
          1.74192329e+00,  -5.83696490e-01,   1.97879577e+00,
          1.79693894e+01,   4.26874550e-01,   1.62017501e+00,
          4.28041446e+00,   1.50616790e+01],
       [  5.83580417e+00,  -7.48185738e+00,   6.61093959e+00,
          5.61997900e+00,  -6.88026867e+00,  -4.39298800e-01,
          1.63466104e+00,  -8.78233544e-01,  -2.16894444e+00,
          7.02865576e+00,  -1.23746230e+01,   2.96355248e+00,
         -1.40874836e+01,  -8.20706378e-02,   5.17735873e+00,
          5.83811184e-01,   3.76500413e+00,   6.38793489e+00,
          5.21620044e+00,   4.22815427e+00,  -1.28482095e+00,
         -8.88355584e-02,   2.00298755e+00,   5.57406822e-01,
          7.99349615e+00,  -8.75754507e+00,  -4.84600582e+00,
         -1.73466239e+01,  -2.12366377e+00,   7.19859806e+00,
         -4.62204292e+00,   4.31347156e-01,   2.11602623e+00,
          7.64221109e+00,  -4.29547254e+00,   6.73133604e+00,
         -1.50275509e+00,  -1.74201163e+01,  -3.55356294e+00,
          2.99893282e+00,   4.97353085e+00,   4.13282650e+00,
          1.23435607e+00,   5.17736051e+00,   6.78798001e+00,
          2.88442126e+00,   4.64155631e+00,   3.80415870e+00,
         -1.27876806e+01,   4.42045665e-01],
       [ -1.64212238e+00,   1.38490838e+01,  -4.60789929e+00,
          8.00715991e+00,   1.50060010e+01,   1.37496224e+01,
         -2.19601173e+01,   9.76699332e+00,   3.11617420e+00,
         -1.74084782e+01,   4.33420027e+00,  -1.51874706e+00,
         -7.40209252e+00,  -1.67940797e+01,  -1.15423179e+01,
          7.59337746e+00,   4.41797216e+00,  -2.14418362e+00,
         -1.05224113e+00,  -1.41812151e+01,   1.29296043e+01,
         -1.68383065e+01,  -7.53983359e+00,   1.15358290e+01,
         -2.82402287e+00,   1.23001912e+01,   1.39591041e+01,
          4.57020081e+00,   1.54892912e+01,  -5.22855230e+00,
          1.07908497e+01,   2.07650477e+01,  -7.66660940e-01,
         -2.20289803e+00,   7.20518920e+00,  -1.95918946e+01,
         -1.54576188e+01,  -2.87191337e+01,   1.65834850e+01,
         -5.43070275e+00,  -3.10262276e+00,  -1.28089626e+01,
         -1.03147854e+01,  -1.98176310e+00,  -8.42377953e-01,
         -1.79037648e+01,  -1.68911424e+00,  -1.84488456e+00,
          1.02284032e+01,  -1.66498024e+00],
       [  1.51632285e+00,   1.30890631e+01,  -2.21459127e+00,
         -1.20407268e+01,   1.99793566e+01,   1.59566233e+01,
         -6.94785951e+00,   2.40035980e+01,   3.07795681e+01,
          1.58545025e+01,   1.32244648e+01,   1.25187640e+00,
          2.13452504e+01,  -2.68425659e+01,  -1.36669890e+01,
         -1.43444597e+01,   5.43384063e+00,  -7.40446017e-01,
         -1.82802553e+01,  -1.59080713e+00,   1.00250419e+00,
         -7.18221121e+00,  -2.09074077e+00,   1.19258906e+01,
         -5.77749323e-01,   5.95878346e+00,   1.89201436e+00,
         -1.11666700e+01,  -1.87610986e+00,  -2.17710763e+00,
         -1.04318324e+01,  -1.27319317e+00,  -4.54710385e-01,
         -1.29290905e+00,   6.99959369e+00,   1.02897596e+00,
         -8.64981124e+00,  -8.05626344e+01,   1.12185342e+01,
         -3.79090322e+00,  -7.73705756e-01,  -7.63450935e+00,
         -1.36678687e+01,  -7.37681714e-01,   1.17717606e+00,
         -4.25804291e+01,   3.61402417e-01,   2.53017768e+00,
          8.79564320e-01,   1.84400742e+01],
       [ -2.94885634e-01,   6.72130837e+00,  -5.16426498e-02,
         -7.44227568e+00,   9.21026686e+00,  -1.49725051e+01,
          2.89743702e+00,  -1.09256253e+00,   1.25192386e+00,
          7.60143845e+00,   1.03627316e+01,  -1.53227962e+00,
          2.11439069e+01,  -6.05552527e+00,  -4.99040881e-01,
         -2.96595162e+00,  -1.95835131e+00,  -1.00863117e+00,
         -4.03953040e+00,  -6.84227753e-01,   4.27503221e+00,
         -8.48913541e+00,  -1.01077164e+00,   5.35824036e+00,
         -1.17551841e-01,   7.35760101e+00,   3.80245181e+00,
         -7.61193795e+00,  -1.71173385e+00,  -1.06483055e-01,
          5.64460495e+00,   1.00687786e+01,  -1.02046778e+00,
          3.18773960e-01,   5.20160280e+00,  -7.25122225e+00,
         -8.24181363e+00,  -3.92060960e+00,  -1.08738512e+01,
          1.34193077e+00,   1.32254987e+00,  -1.23990603e+01,
         -1.02223233e+01,  -2.43855018e-03,  -5.16073037e-01,
         -4.49142227e-01,  -3.29476772e-01,  -1.26931049e+00,
          4.83464405e+00,   9.60071234e-01],
       [ -3.86899215e+00,  -3.06038463e+00,  -8.26083941e-02,
          1.61982317e+01,   3.09377785e+00,  -1.29619077e+01,
          1.52174941e+01,  -1.66488414e+01,  -1.26989628e+01,
         -6.46591034e+00,  -6.62541201e+00,  -9.35878834e-01,
         -1.85958805e+01,   1.08618899e+01,  -5.61167028e+00,
         -5.94081179e+00,  -1.06886052e+01,  -4.55004609e-01,
          1.34348160e+01,  -1.15927988e+01,   7.22218429e+00,
         -6.09979163e+00,  -4.74865233e+00,  -2.74106228e+00,
          2.69916718e-02,   4.52283654e+00,   4.48391341e+00,
          2.58789766e+00,   1.65167801e+01,  -7.51687256e-03,
          1.61614182e+01,   1.02997773e+01,   6.75231914e-02,
          1.86413613e-03,  -7.45897986e+00,  -2.19763353e+00,
          3.90749495e+00,   1.06242660e+01,  -5.19097807e+00,
         -1.05081454e+00,  -5.91215982e-01,  -9.43800639e+00,
          1.46340939e+00,   4.95158652e-02,  -3.45666363e-01,
         -2.98610095e+00,   9.01632221e-02,  -7.81635341e-01,
          6.44711576e+00,  -8.72698011e+00]])]Hidden bias: [array([-13.14149486,   5.9574695 , -10.521999  ,  12.78455807,
        14.51032713,   5.8036693 ,   0.15673776,  -6.98014371,
        -1.3824258 , -10.51264304,   4.81195482,  -6.94654322,
         6.98366255,  -0.79866635,  -5.51158589,  -0.55880207,
        -6.17650368, -11.00970465,   2.23694614, -11.11266497,
         4.74574151,  -3.1293112 , -17.29168822,   6.21151643,
       -12.93549532,  13.05447774,   7.94980516,   7.98469956,
        10.74277408, -11.26843889,   6.12183329,   5.93406038,
        -5.70245535, -11.18190164,   4.7742969 , -17.02506322,
        -5.4149941 ,   0.90723896,  17.7277937 , -10.77816773,
        -9.0863912 ,  -7.64424418,  -6.02506812,  -9.32133249,
        -8.26373469,  -2.72947241,  -9.28190429,  -6.99848382,
        13.97624241,  -2.43381594])]Output weights: [[ -0.99660845]
 [  0.27861288]
 [  1.29527679]
 [ -1.98232369]
 [ -4.9079635 ]
 [  8.50603351]
 [  5.96227919]
 [ -1.56527564]
 [ -0.92598208]
 [ -6.89019503]
 [  1.35392616]
 [ -0.95402942]
 [ -4.43414936]
 [  4.397442  ]
 [  3.70509651]
 [ -3.85767411]
 [ -5.98047012]
 [ -0.86704197]
 [ -3.89901321]
 [  3.30586373]
 [  5.98453862]
 [ -6.35968688]
 [  5.79686469]
 [  4.80776668]
 [  0.81568714]
 [ -9.38821029]
 [  7.9049901 ]
 [ -4.70568988]
 [ -6.30870222]
 [  1.43378769]
 [ -7.92509836]
 [ -7.91425352]
 [ 11.97467516]
 [ -2.47686376]
 [ -1.83933438]
 [ -3.06969664]
 [ -5.31748376]
 [  4.73116668]
 [  2.3002029 ]
 [ -1.64368774]
 [ -1.7827829 ]
 [ -1.00469412]
 [  9.39263784]
 [ -2.10573512]
 [ 11.42438313]
 [ -4.3280873 ]
 [  1.83692484]
 [ -0.71208151]
 [-14.45265743]
 [ -2.00051848]]Output bias: [-11.93306367]