Action MLP:Hidden weights: [array([[ 0.03666799,  0.0235417 , -0.00509783, ...,  0.0220586 ,
        -0.02391   ,  0.0945149 ],
       [ 0.052797  ,  0.04706688,  0.00402306, ...,  0.04295443,
         0.00164756,  0.13182156],
       [ 0.06026148,  0.04756326,  0.03240508, ...,  0.06292547,
         0.0381103 ,  0.0918877 ],
       ..., 
       [ 0.00545756,  0.01560352,  0.0123864 , ...,  0.01675918,
         0.00628266,  0.01829553],
       [-0.00811806, -0.00139668, -0.00981053, ..., -0.00979635,
        -0.0094717 , -0.00277137],
       [ 0.00754013, -0.00648464,  0.00073838, ..., -0.00021142,
         0.00049675, -0.00688568]])]Hidden bias: [array([-0.87528481, -0.88231929, -0.9112684 , -0.90220186, -0.96310295,
       -0.86925305, -0.95132355, -0.89562875, -0.769049  , -0.89096049,
       -0.8996517 , -0.89981727, -0.86711314, -0.93146609, -0.90130505,
       -0.86193778, -0.88366515, -0.88874019, -0.92517527, -0.83126405])]Output weights: [[ 0.00529238 -0.0631664 ]
 [ 0.00750058 -0.04583893]
 [ 0.04660087  0.00640363]
 [ 0.03362284 -0.02247782]
 [ 0.09299053  0.0403657 ]
 [ 0.02055113 -0.08982217]
 [ 0.08483254  0.04293663]
 [ 0.03572275 -0.0413271 ]
 [-0.21636444 -0.4570886 ]
 [ 0.02996724 -0.03541927]
 [ 0.04331422 -0.03285331]
 [ 0.02671799 -0.01382969]
 [-0.00093685 -0.08284358]
 [ 0.05886035  0.01362038]
 [ 0.04421733 -0.04691168]
 [ 0.00324861 -0.10916645]
 [ 0.02020324 -0.05018235]
 [ 0.02679258 -0.05803372]
 [ 0.06193559  0.00244447]
 [-0.02615737 -0.17570331]]Output bias: [ 0.23343836  0.04425067]
Value MLP:Hidden weights: [array([[ -1.46865620e+00,  -1.74103103e+00,  -1.39341422e+00, ...,
         -1.68416509e+00,  -1.62199107e+00,  -1.55841954e+00],
       [ -9.22917590e-01,  -1.08938678e+00,  -8.81428055e-01, ...,
         -1.06558851e+00,  -1.02052939e+00,  -9.86249083e-01],
       [ -2.64682988e-01,  -2.97959636e-01,  -2.56357239e-01, ...,
         -2.91359060e-01,  -2.94795449e-01,  -2.89775976e-01],
       ..., 
       [ -2.83139070e-01,  -3.28370832e-01,  -2.67016403e-01, ...,
         -3.06776339e-01,  -3.08978926e-01,  -2.86686003e-01],
       [  9.10619710e-03,   1.50787755e-03,   5.75610989e-05, ...,
         -8.49048078e-03,   4.74718374e-03,  -8.83604189e-03],
       [  2.21748901e-06,   6.54287479e-03,  -4.76696094e-03, ...,
         -4.35596148e-03,  -8.45453003e-03,  -5.32585438e-03]])]Hidden bias: [array([-2.92531799, -3.21898404, -2.84501338, -3.12829483, -3.00669491,
       -3.01924002, -2.95003205, -2.97114544, -3.02368802, -3.0725654 ,
       -2.94415817, -3.21874006, -2.69492641, -3.0139888 , -2.87237629,
       -2.9186164 , -2.81385214, -3.16382498, -3.0812701 , -3.02082339])]Output weights: [[ 4.38196129]
 [ 4.34505582]
 [ 4.38975125]
 [ 4.34739565]
 [ 4.36112431]
 [ 4.34741247]
 [ 4.39310449]
 [ 4.35699119]
 [ 4.37127019]
 [ 4.35285   ]
 [ 4.37660716]
 [ 4.32276826]
 [ 4.41039093]
 [ 4.36949925]
 [ 4.39813562]
 [ 4.38107365]
 [ 4.37720954]
 [ 4.32454376]
 [ 4.35825659]
 [ 4.37002076]]Output bias: [-3.79411078]