Action MLP:Hidden weights: [array([[  4.24184099e-02,  -6.04439675e-02,  -3.40746487e-02,
         -3.80910401e-02,  -3.98110600e-02,  -4.06162073e-02,
         -7.85590973e-02,  -4.17542215e-02,  -6.03611770e-02,
         -7.59714869e-02,  -3.31902692e-02,   8.01522501e-02,
         -7.27869790e-02,  -4.25443388e-02,   8.95232255e-02,
         -3.77268094e-02,  -7.49793995e-02,  -5.47633959e-02,
         -4.02871281e-02,  -3.62885947e-02],
       [  7.08013187e-02,   8.56026711e-02,   1.07830109e-01,
          1.07588054e-01,   1.13492570e-01,   1.13503952e-01,
          8.19416647e-02,   9.49984745e-02,   9.01424519e-02,
          8.63648633e-02,   1.08506799e-01,   1.08900185e-01,
          8.64144571e-02,   1.12342807e-01,   1.14104532e-01,
          1.07075603e-01,   7.94909233e-02,  -3.07808917e-01,
          1.15232454e-01,   1.03706605e-01],
       [  3.40139917e-01,  -6.66109877e-02,   7.54224485e-03,
          3.32411552e-03,   1.61703955e-02,   1.72888357e-02,
         -7.83701080e-02,  -2.94112386e-02,  -5.30386555e-02,
         -7.50022108e-02,   8.54918859e-03,   1.74459407e-01,
         -7.04182673e-02,   1.56583482e-02,   2.45006064e-01,
          7.95581803e-03,  -8.19103894e-02,   4.84941373e-01,
          2.20270917e-02,  -3.30802665e-03],
       [ -4.64797935e-01,  -6.46401377e-03,  -5.87177916e-02,
         -5.56176630e-02,  -6.37150850e-02,  -6.42853642e-02,
          1.77106201e-02,  -3.28062322e-02,  -1.52938939e-02,
          5.68009387e-03,  -5.97460719e-02,  -2.85347198e-01,
          5.81614248e-04,  -6.34288931e-02,  -3.64261529e-01,
         -5.62917351e-02,   1.87341007e-02,  -3.79316251e-01,
         -6.85238785e-02,  -5.07861155e-02],
       [ -1.29715806e-01,  -9.11816925e-02,  -1.60943381e-03,
         -7.44685928e-03,   1.05714525e-02,   1.21849190e-02,
         -1.04388767e-01,  -4.87325580e-02,  -7.50620194e-02,
         -9.95595822e-02,  -3.01711385e-04,  -1.96497322e-01,
         -9.44207423e-02,   9.41785821e-03,  -1.77877305e-01,
         -3.37106121e-04,  -1.07879917e-01,   4.39709783e-02,
          1.83866219e-02,  -1.64950554e-02],
       [  1.03248311e+00,   5.36462033e-02,   2.48329863e-02,
          2.46793929e-02,   2.46441958e-02,   2.40511206e-02,
          1.25910246e-01,   2.90519089e-02,   4.07926502e-02,
          8.32417632e-02,   2.50159763e-02,   7.64724800e-01,
          6.76173385e-02,   2.20042862e-02,   8.71928082e-01,
          2.52360533e-02,   1.22978326e-01,   1.73966453e+00,
          2.21296554e-02,   2.46371190e-02],
       [  6.69017159e-03,   7.66847001e-02,   1.06327515e-01,
          1.01264252e-01,   1.16598802e-01,   1.13974469e-01,
          7.70130371e-02,   8.87004297e-02,   8.06096514e-02,
          8.85224238e-02,   1.08414925e-01,   1.11244067e-02,
          8.28038313e-02,   9.88807334e-02,   1.69700097e-02,
          1.13529409e-01,   8.32687448e-02,  -5.08783419e-02,
          1.06652873e-01,   9.52002108e-02],
       [  1.36036662e-01,   1.11022798e-01,   9.97336338e-02,
          1.00026921e-01,   9.29851882e-02,   9.68164525e-02,
          1.11737837e-01,   9.31538106e-02,   1.06486687e-01,
          1.19151583e-01,   9.77798227e-02,   9.71813652e-02,
          1.17232658e-01,   1.06185871e-01,   1.01435350e-01,
          8.91355685e-02,   1.11117451e-01,   2.12680233e-01,
          1.00883493e-01,   9.16391250e-02]])]Hidden bias: [array([ 0.02474947, -0.17502641, -0.12532106, -0.12943221, -0.11891886,
       -0.11796066, -0.18186415, -0.14974451, -0.1651399 , -0.17852637,
       -0.12501909, -0.04801913, -0.17487925, -0.12098997, -0.00779475,
       -0.12015598, -0.18142127, -0.39564966, -0.11685722, -0.13303676])]Output weights: [[ 0.12010879  0.15181929]
 [-0.06509782 -0.07092286]
 [-0.00196157 -0.00899384]
 [-0.00512259 -0.01283251]
 [ 0.00159651 -0.001807  ]
 [ 0.00250259 -0.00129408]
 [-0.1068519  -0.09695311]
 [-0.02792942 -0.03790267]
 [-0.05133671 -0.05908109]
 [-0.08728925 -0.08363194]
 [-0.00124282 -0.00793719]
 [ 0.02471269  0.06167394]
 [-0.07694896 -0.07727018]
 [ 0.00294751 -0.00383621]
 [ 0.06512041  0.11561266]
 [-0.00388749 -0.00784951]
 [-0.10736631 -0.09721808]
 [ 0.1004261  -0.22203658]
 [ 0.00717526  0.00214582]
 [-0.00872259 -0.01724149]]Output bias: [-0.18746482  0.60163601]
Value MLP:Hidden weights: [array([[ -7.69915991e+04,  -3.30100246e+24,   3.04880446e+03,
         -1.04628558e+09,  -9.23027305e+04,   2.28354890e+05,
         -1.51096179e+05,   2.90601365e+02,  -2.08693593e+04,
         -8.39179506e+04,  -6.75746247e+04,   2.97645034e+03,
         -1.17587764e+07,   8.71541315e+17,   9.96403241e+05,
         -1.09176185e+30,  -2.06488144e+05,  -4.00854301e+06,
          3.30213535e+02,  -1.21546767e+05],
       [ -6.64561744e+06,  -1.62700330e+23,  -1.76181640e+04,
         -2.96388860e+10,   1.05782253e+07,   1.17165602e+06,
         -1.27803840e+07,  -2.66776458e+04,  -4.87469333e+04,
         -3.79719662e+05,   1.45424001e+07,  -2.66352576e+04,
         -5.91599013e+07,  -2.17617781e+17,   1.48894294e+07,
          3.46716254e+27,  -9.12478961e+05,  -1.74372906e+07,
          5.78652760e+05,  -1.03327838e+07],
       [ -2.78178730e+06,  -4.43080011e+24,   2.45369804e+03,
         -1.15929943e+10,   4.65251518e+06,   4.32762985e+05,
         -5.35889562e+06,  -8.38618635e+03,  -4.52650233e+04,
         -2.33064211e+05,   6.28556197e+06,  -1.22521107e+03,
         -4.60043510e+07,   2.55989305e+18,   8.71941159e+06,
         -1.21139064e+30,  -5.74018669e+05,  -1.11502502e+07,
          2.59298093e+05,  -4.33074995e+06],
       [  2.15447891e+06,  -2.78560195e+24,   1.15498762e+04,
         -2.43734254e+09,  -3.10119066e+06,  -2.30013199e+05,
          4.13790294e+06,   3.35644154e+03,   4.56630542e+04,
          1.03251130e+05,  -4.17822488e+06,   1.45292939e+04,
          4.34926666e+07,   1.90925993e+18,  -3.83373744e+06,
         -1.00874348e+29,   2.39916914e+05,   4.47851893e+06,
         -1.60763557e+05,   3.34654371e+06],
       [  2.18750275e+06,   9.11103482e+24,  -1.69673059e+03,
          1.57314102e+09,  -2.84918627e+06,  -2.30705159e+05,
          4.21383469e+06,  -4.91021524e+03,  -8.14865270e+03,
          2.04388137e+02,  -4.09979391e+06,   1.20035047e+03,
          2.00823416e+07,  -2.18998533e+18,  -2.53299778e+06,
         -1.33307245e+31,   1.04410682e+04,   3.28461386e+05,
         -1.70094367e+05,   3.40542112e+06],
       [  9.90388893e+05,   4.73845656e+24,   1.51825703e+03,
          2.42382977e+09,  -2.86083100e+06,  -1.22805980e+05,
          1.90567660e+06,  -2.75039977e+03,  -3.20144471e+04,
         -1.13393716e+05,  -3.38026741e+06,   2.85334476e+03,
         -1.79479962e+07,  -6.13716206e+17,  -5.53299676e+06,
          3.38397636e+30,  -2.71599654e+05,  -5.17869285e+06,
         -1.35629614e+05,   1.54050701e+06],
       [ -2.24025834e-03,   7.27580420e-03,  -4.19465720e-04,
         -5.73417288e-03,   2.66458548e-03,   4.00440090e-04,
          7.40025891e-03,   4.41202642e-03,   2.36933731e-03,
          5.34484939e-03,  -8.52065248e-03,  -4.86116449e-03,
          4.26055564e-03,   5.32462741e-03,   5.71794160e-04,
         -1.68317038e-03,   5.29891783e-03,  -3.40499940e-03,
          2.92837214e-03,  -2.16330416e-03],
       [  3.70958614e-03,  -7.44073742e-03,   2.23892564e-03,
         -9.16625750e-03,  -5.11669760e-03,  -7.66011348e-03,
         -5.43269663e-03,  -8.63832213e-03,   3.03698529e-03,
          6.53552926e-03,  -3.15120231e-04,  -3.82988233e-03,
         -3.84315456e-03,  -1.61505209e+18,  -9.72800222e-03,
          2.54658362e+30,  -2.40118038e-03,  -8.00528766e-04,
         -6.15278248e-03,  -8.23484493e-03]])]Hidden bias: [array([ -7.03643191e+06,   3.26536255e+24,  -2.08069014e+04,
        -3.13526295e+10,   1.09549196e+07,   1.13790296e+06,
        -1.35299657e+07,  -2.97631483e+04,  -8.58868584e+04,
        -4.63748952e+05,   1.51256375e+07,  -3.03743789e+04,
        -7.97794226e+07,  -1.61505209e+18,   1.64615660e+07,
         2.54658362e+30,  -1.11164591e+06,  -2.12075894e+07,
         5.99827895e+05,  -1.09392171e+07])]Output weights: [[ -3.98588121e+21]
 [ -3.31985231e+21]
 [ -3.94927705e+21]
 [ -4.00920020e+21]
 [  4.01991983e+21]
 [  3.96671506e+21]
 [ -3.97898249e+21]
 [  1.88915572e+21]
 [ -8.46758316e+20]
 [ -2.06746893e+21]
 [  3.99025362e+21]
 [ -3.97531122e+21]
 [ -3.99910496e+21]
 [  4.90259044e+21]
 [  2.60440314e+21]
 [  3.97663884e+21]
 [ -3.00739630e+21]
 [ -2.95702503e+21]
 [  3.99928670e+21]
 [ -3.97898249e+21]]Output bias: [  3.97531122e+21]