Action MLP:Hidden weights: [array([[-0.02013631, -0.01629452, -0.0236609 , ..., -0.02759669,
        -0.02858649, -0.02586587],
       [ 0.37181806,  0.35230069,  0.41562992, ...,  0.26496778,
         0.38965737,  0.37349691],
       [-0.07299601, -0.07563036, -0.08047735, ..., -0.0446601 ,
        -0.07118235, -0.05931161],
       ..., 
       [-0.02425018, -0.00776637, -0.01507615, ..., -0.04048267,
        -0.02319208, -0.05068063],
       [ 0.04697156,  0.02823459,  0.07901634, ...,  0.01878143,
         0.04214933,  0.04437008],
       [ 0.0423965 ,  0.04020402,  0.06893282, ...,  0.00493317,
         0.05667418,  0.04818733]])]Hidden bias: [array([-0.21910876, -0.22833481, -0.22671618, -0.23533869, -0.22194181,
       -0.25369398, -0.2394541 , -0.25636871, -0.22349412, -0.21341344,
       -0.21030076, -0.23931215, -0.20354415, -0.2045663 , -0.23388133,
       -0.20466683, -0.19738504, -0.21326165, -0.2205568 , -0.24299346,
       -0.2267296 , -0.20681477, -0.22210023, -0.20458286, -0.21989734,
       -0.2140057 , -0.24107731, -0.20514321, -0.20676917, -0.22330888,
       -0.21436269, -0.21317919, -0.22268398, -0.20195408, -0.21318685,
       -0.23816285, -0.22224096, -0.18765375, -0.20576275, -0.21803835,
       -0.21573889, -0.23180663, -0.20895083, -0.23100773, -0.23900228,
       -0.20739027, -0.22646659, -0.21722578, -0.22867897, -0.18356534,
       -0.19701666, -0.19557987, -0.22679138, -0.22520292, -0.22267647,
       -0.23046976, -0.21136954, -0.21299233, -0.20481775, -0.24820963,
       -0.22323165, -0.21890566, -0.20848519, -0.23338193, -0.19299924,
       -0.24019599, -0.22567848, -0.25671745, -0.19812212, -0.22543067,
       -0.19894502, -0.25929227, -0.20412396, -0.22706625, -0.22773622,
       -0.20728926, -0.22341381, -0.2065175 , -0.21255134, -0.20366053,
       -0.21921829, -0.23250869, -0.22920864, -0.23545569, -0.20314597,
       -0.21284054, -0.20011538, -0.21886304, -0.21966803, -0.21611895,
       -0.21311738, -0.22371235, -0.23968438, -0.19234005, -0.2244555 ,
       -0.21536687, -0.2236056 , -0.23539805, -0.20428503, -0.21509918,
       -0.23611403, -0.25620487, -0.22838634, -0.19207562, -0.24465497,
       -0.20326079, -0.22690289, -0.208911  , -0.2051096 , -0.20397785,
       -0.23216675, -0.24749168, -0.208283  , -0.22044183, -0.20138786,
       -0.23428016, -0.24912445, -0.19581019, -0.21693715, -0.2115786 ,
       -0.20328384, -0.22220924, -0.19876763, -0.21782037, -0.21220872,
       -0.22109984, -0.21963382, -0.24084132, -0.2286215 , -0.20700126,
       -0.20870474, -0.22576403, -0.22194153, -0.23995116, -0.23445509,
       -0.2198043 , -0.21570813, -0.22263015, -0.22991868, -0.22665704,
       -0.26397619, -0.21407192, -0.20999116, -0.21640791, -0.22687234,
       -0.21047581, -0.20531129, -0.21172642, -0.22080618, -0.20538651,
       -0.21996369, -0.21896551, -0.19779836, -0.23269948, -0.21708766,
       -0.22150927, -0.19114028, -0.21302665, -0.23795241, -0.19991317,
       -0.23990707, -0.21006314, -0.20914198, -0.19680301, -0.21499588,
       -0.23059448, -0.23755012, -0.2046242 , -0.22985498, -0.21077204,
       -0.20411031, -0.21506605, -0.23255237, -0.23854087, -0.2207253 ,
       -0.23000555, -0.20268388, -0.23389826, -0.24620777, -0.21959643,
       -0.22563786, -0.20736642, -0.22396902, -0.19741326, -0.21152762,
       -0.22227073, -0.23562092, -0.21378399, -0.19644192, -0.19759329,
       -0.20610891, -0.20432902, -0.24015365, -0.20801624, -0.22213357,
       -0.21633367, -0.23055031, -0.21379752, -0.23373574, -0.22379812,
       -0.23222293, -0.2310504 , -0.21992145, -0.19848984, -0.22604638,
       -0.23776884, -0.21174455, -0.22671815, -0.24287338, -0.21786715,
       -0.23453557, -0.2162252 , -0.21297578, -0.19999394, -0.23350253,
       -0.22099377, -0.23031421, -0.21610152, -0.20467041, -0.22031029,
       -0.20777229, -0.19759207, -0.22997129, -0.2138454 , -0.23054652,
       -0.21712307, -0.21841956, -0.21148642, -0.20973301, -0.20934869,
       -0.22433769, -0.2238489 , -0.22578228, -0.23623859, -0.22515159,
       -0.19493074, -0.21027292, -0.23400914, -0.2046617 , -0.20551185,
       -0.23183396, -0.21539313, -0.19930046, -0.22744336, -0.21807128,
       -0.21937908, -0.23654925, -0.26065615, -0.24193097, -0.21285204,
       -0.23165666, -0.23262423, -0.21859622, -0.20782724, -0.2178661 ,
       -0.22447523, -0.22712109, -0.21625661, -0.231441  , -0.20536804,
       -0.21140051, -0.2030835 , -0.20972332, -0.20388379, -0.20222667,
       -0.23228919, -0.21224399, -0.23540262, -0.20653541, -0.21755988,
       -0.22554324, -0.22052452, -0.21229538, -0.21568702, -0.2393837 ,
       -0.207228  , -0.198316  , -0.22867592, -0.2294231 , -0.24000355,
       -0.21559008, -0.2122038 , -0.23662733, -0.20955447, -0.23407151,
       -0.21125386, -0.20937785, -0.20969885, -0.20926048, -0.21992983,
       -0.2372572 , -0.22478589, -0.22957084, -0.21173265, -0.22260024,
       -0.22838174, -0.2211684 , -0.19696499, -0.23860777, -0.21885768,
       -0.20154034, -0.2392829 , -0.24537287, -0.21303069, -0.19574327,
       -0.24670617, -0.21128035, -0.22093669, -0.22469773, -0.23394638,
       -0.21585146, -0.23993387, -0.22321429, -0.23163056, -0.22091166,
       -0.20783688, -0.20368684, -0.21245191, -0.2126076 , -0.24942861,
       -0.1956051 , -0.21627676, -0.22305498, -0.20560652, -0.22562888,
       -0.20935796, -0.22387036, -0.20767599, -0.21908877, -0.20343614,
       -0.23670579, -0.20598639, -0.21414421, -0.2047941 , -0.22913463,
       -0.20351168, -0.20917934, -0.21484705, -0.20842324, -0.22916631,
       -0.2175914 , -0.2132428 , -0.20774914, -0.22743775, -0.22450539,
       -0.19914372, -0.21433375, -0.22649284, -0.20371477, -0.22526715,
       -0.2526987 , -0.22844381, -0.25472099, -0.22912496, -0.20956   ,
       -0.25748297, -0.22669542, -0.22818677, -0.23124494, -0.20971058,
       -0.20581396, -0.22889013, -0.23961809, -0.23119017, -0.22600574,
       -0.24592134, -0.20269642, -0.22600717, -0.24063348, -0.24831393,
       -0.22860319, -0.21680665, -0.26481548, -0.21531543, -0.23775981,
       -0.22812583, -0.21290027, -0.19852011, -0.24986897, -0.21438391,
       -0.2153111 , -0.22022859, -0.21037286, -0.22501027, -0.2322248 ,
       -0.20899483, -0.20783196, -0.24930434, -0.23487588, -0.21854723,
       -0.21085051, -0.20638971, -0.21668561, -0.20335769, -0.20284689,
       -0.23502113, -0.22291473, -0.21385708, -0.21699199, -0.2209435 ,
       -0.21776364, -0.21038906, -0.2015422 , -0.21708198, -0.22160937,
       -0.20141844, -0.22827103, -0.22932035, -0.21878244, -0.24349598,
       -0.19681299, -0.21556656, -0.23552986, -0.23716227, -0.22755093,
       -0.21974542, -0.19467347, -0.20494945, -0.21137914, -0.24443706,
       -0.21858399, -0.22312921, -0.19918959, -0.2318062 , -0.2192245 ,
       -0.1996496 , -0.2087794 , -0.24900043, -0.21667498, -0.20768677,
       -0.22140633, -0.24348147, -0.22743087, -0.21419602, -0.22710316,
       -0.23576072, -0.22413102, -0.22207139, -0.19522744, -0.22724557,
       -0.21865576, -0.20392642, -0.23737202, -0.23095766, -0.21155773,
       -0.20663281, -0.20248498, -0.23180412, -0.23930305, -0.20463928,
       -0.20160505, -0.20480865, -0.22553971, -0.22456243, -0.21922928,
       -0.20304725, -0.2370634 , -0.20570948, -0.23066405, -0.22631105,
       -0.23754764, -0.25242913, -0.22475231, -0.1960714 , -0.19695601,
       -0.24340544, -0.2114649 , -0.21583036, -0.22787325, -0.20399821,
       -0.23778331, -0.20890345, -0.2482813 , -0.24841242, -0.22585369,
       -0.21918028, -0.23521076, -0.23571067, -0.22855099, -0.21163496,
       -0.2054234 , -0.23095825, -0.20906324, -0.24343009, -0.21749043,
       -0.20295977, -0.21248219, -0.2417968 , -0.24124019, -0.24309442,
       -0.21594676, -0.22291081, -0.23278001, -0.22775422, -0.20673632,
       -0.23311864, -0.21653251, -0.2178436 , -0.22844841, -0.20829771])]Output weights: [[-0.0281229   0.00256904]
 [-0.01467379  0.0147438 ]
 [-0.08103109  0.00126962]
 [ 0.01153503  0.01722267]
 [ 0.07415589  0.00584254]
 [-0.00020261  0.0355217 ]
 [-0.00684031  0.0217432 ]
 [-0.05317766  0.03964241]
 [ 0.00089248  0.00815353]
 [ 0.00442455 -0.01052027]
 [-0.01978605 -0.00679938]
 [-0.03938049  0.02269228]
 [ 0.01577287 -0.00895638]
 [ 0.04738594 -0.00279341]
 [-0.02070899  0.01412509]
 [ 0.05711997 -0.00714151]
 [-0.03081    -0.01987875]
 [ 0.08404559  0.00180162]
 [ 0.05287632  0.00671955]
 [-0.05775014  0.01754187]
 [-0.01774602  0.00245283]
 [-0.00743698 -0.01013036]
 [ 0.02501768  0.00696073]
 [-0.02761128 -0.00755641]
 [-0.01330128  0.00625176]
 [ 0.05733631 -0.00385478]
 [ 0.08573237  0.02665349]
 [ 0.00805611 -0.01764544]
 [ 0.09803863 -0.01115597]
 [-0.06402383  0.00957014]
 [ 0.01637712 -0.00044802]
 [-0.05904653 -0.01108781]
 [-0.06054891  0.00147485]
 [-0.03229529 -0.01094374]
 [ 0.00138504  0.00022997]
 [-0.03335253  0.0219005 ]
 [ 0.04506397  0.00512902]
 [-0.02711577 -0.03199198]
 [ 0.04870029 -0.01851507]
 [-0.00098849  0.00212998]
 [-0.02186051 -0.0059027 ]
 [-0.02697072  0.00993916]
 [ 0.01386686 -0.00694383]
 [-0.06649657  0.00619334]
 [-0.09802203  0.00433858]
 [-0.00080283 -0.01615425]
 [-0.00092415  0.00508365]
 [ 0.08405459  0.0017547 ]
 [ 0.07667727  0.01682023]
 [-0.02469073 -0.04033794]
 [ 0.07145054 -0.02497621]
 [ 0.00731164 -0.02464465]
 [-0.1048487  -0.00738135]
 [ 0.05175438  0.00997179]
 [-0.07558162 -0.00090454]
 [-0.06396155  0.01011533]
 [ 0.05282661 -0.00868054]
 [-0.0345996  -0.00972706]
 [-0.00028549 -0.01388156]
 [ 0.06848731  0.03588383]
 [-0.06300371 -0.00314055]
 [ 0.05232425  0.00867864]
 [ 0.04090623 -0.0059007 ]
 [-0.03906918  0.01088734]
 [-0.00631902 -0.02795065]
 [ 0.05881337  0.02637963]
 [-0.01287437  0.00237655]
 [-0.05320364  0.03114674]
 [-0.02747889 -0.02354974]
 [-0.03351296  0.00722731]
 [-0.03756884 -0.02533046]
 [-0.10163955  0.02695809]
 [-0.04477377 -0.01520249]
 [-0.00683077  0.01327146]
 [-0.03531184  0.00303215]
 [-0.03527423 -0.01241235]
 [ 0.0024082   0.00534953]
 [ 0.01990945 -0.00297785]
 [ 0.01157549 -0.00468016]
 [ 0.02248673 -0.01513556]
 [-0.0244476   0.00527321]
 [ 0.0283901   0.01942909]
 [-0.018103    0.00796669]
 [ 0.0549335   0.02095394]
 [ 0.0139112  -0.02142006]
 [ 0.04712927 -0.00616095]
 [-0.00549312 -0.01740566]
 [-0.03547883  0.00028686]
 [-0.05053596  0.00117065]
 [-0.02840609 -0.00675435]
 [ 0.00317181 -0.00739659]
 [ 0.00491286  0.00911346]
 [-0.07261198  0.01589043]
 [ 0.01508014 -0.02851889]
 [-0.03115576  0.00373866]
 [-0.05542536 -0.0036018 ]
 [ 0.09074012  0.01037206]
 [-0.00852883  0.01736089]
 [ 0.0848088  -0.0160053 ]
 [-0.03107855 -0.00261565]
 [-0.02194464  0.01838221]
 [-0.08246113  0.03086368]
 [ 0.02647852  0.0154367 ]
 [-0.02202413 -0.02392476]
 [ 0.03949998  0.03204853]
 [-0.00658186 -0.01310679]
 [-0.00096512  0.01520238]
 [ 0.03819886 -0.00961847]
 [ 0.06170037 -0.00815447]
 [-0.05780868 -0.02311127]
 [ 0.01722533  0.01992244]
 [-0.02677442  0.0314064 ]
 [-0.00729548 -0.00663834]
 [-0.05789337 -0.00081944]
 [-0.02784719 -0.01936613]
 [ 0.03539636  0.02565078]
 [ 0.00733103  0.03516433]
 [-0.06427694 -0.03337131]
 [-0.00078886  0.00529816]
 [-0.05957561 -0.00690092]
 [-0.01228599 -0.0136062 ]
 [ 0.02358047  0.00638755]
 [ 0.05759249 -0.01955562]
 [ 0.01406737 -0.0026633 ]
 [-0.0297609  -0.01242237]
 [-0.03203863  0.00474629]
 [-0.05650553 -0.00043556]
 [-0.05700452  0.02174612]
 [ 0.01345771  0.01556863]
 [-0.02715041 -0.01903801]
 [ 0.059666   -0.00494474]
 [ 0.05816434  0.01036323]
 [-0.05189144  0.00799222]
 [-0.09261844  0.01419332]
 [-0.04846992  0.01312286]
 [ 0.01835638  0.00075442]
 [-0.01656129 -0.00141819]
 [-0.05443884 -0.00058686]
 [-0.02932891  0.01565647]
 [-0.05117015  0.00093415]
 [-0.06731481  0.03780556]
 [ 0.00429196 -0.00055603]
 [ 0.07270681  0.00025986]
 [ 0.0743607  -0.00065124]
 [ 0.05122153  0.01508634]
 [ 0.00357127 -0.01266309]
 [-0.0662289  -0.01754486]
 [-0.07470757 -0.01795443]
 [ 0.03125839  0.00612922]
 [-0.02674675 -0.01520666]
 [ 0.07549991  0.0032767 ]
 [-0.09744622 -0.01231804]
 [ 0.03700644 -0.01955093]
 [-0.01794391  0.01589625]
 [-0.03205574  0.00207261]
 [-0.08291805 -0.0095033 ]
 [-0.00683293 -0.02465904]
 [ 0.04039073 -0.0019929 ]
 [-0.05708759  0.0241998 ]
 [-0.01223139 -0.01346764]
 [ 0.01250231  0.02579939]
 [-0.06929298 -0.01796169]
 [-0.00741494  0.00046385]
 [-0.06628521 -0.035656  ]
 [-0.03433565 -0.00675034]
 [-0.00845422  0.01491136]
 [ 0.05693081  0.02674284]
 [-0.03196527 -0.01461328]
 [-0.09884056 -0.0021156 ]
 [ 0.02416985 -0.00883576]
 [ 0.0796581  -0.00931476]
 [-0.05709406 -0.00652379]
 [ 0.0323061   0.01997842]
 [-0.05002536  0.01883285]
 [-0.04936097 -0.00144284]
 [ 0.03579751  0.01650536]
 [-0.0342075  -0.01951642]
 [ 0.04758558  0.0233866 ]
 [ 0.02105947  0.03354703]
 [-0.05403914  0.00308866]
 [-0.08564506 -0.00056175]
 [ 0.05287157 -0.0100813 ]
 [ 0.02572673  0.00925499]
 [ 0.01761945 -0.01544631]
 [-0.05975995 -0.01129113]
 [ 0.0296954   0.00452231]
 [-0.02312517  0.01527694]
 [ 0.01249214  0.00421498]
 [ 0.01755722 -0.03192011]
 [-0.00724608 -0.02516837]
 [-0.05633731 -0.02483666]
 [ 0.01377695 -0.00385324]
 [-0.06250911  0.02272121]
 [ 0.05490211 -0.00788767]
 [ 0.10133224  0.00615503]
 [-0.03955225 -0.00802423]
 [ 0.00574284  0.01680297]
 [ 0.05718394 -0.00619325]
 [-0.09020177  0.00369526]
 [ 0.0692351   0.01086219]
 [-0.00390211  0.01794352]
 [-0.07720154  0.0099995 ]
 [ 0.0460762   0.00632889]
 [-0.02775996 -0.02317427]
 [ 0.00567969  0.00817479]
 [-0.02114167  0.02410004]
 [ 0.02443272 -0.00648144]
 [ 0.08129705  0.01395778]
 [ 0.01198085  0.02543214]
 [-0.03065615 -0.00102811]
 [ 0.03468272  0.02405687]
 [ 0.01675423 -0.00193657]
 [ 0.05362177 -0.00620424]
 [-0.00849658 -0.02229139]
 [ 0.03506143  0.01978355]
 [ 0.05646439  0.00228344]
 [-0.10090797 -0.00020864]
 [-0.04846413 -0.00314135]
 [ 0.01638728 -0.00585198]
 [-0.09377946 -0.00979278]
 [ 0.04317219 -0.00814786]
 [-0.03563314 -0.01843451]
 [ 0.01874803  0.01265965]
 [ 0.10724289  0.00026199]
 [-0.04122446  0.01225531]
 [-0.00527524  0.00465325]
 [-0.02218557 -0.00260881]
 [-0.01943882 -0.01001052]
 [-0.05373373 -0.0120923 ]
 [ 0.06483463 -0.0129844 ]
 [-0.11090376 -0.01188904]
 [-0.05005126  0.00432288]
 [-0.01224568  0.0087849 ]
 [-0.03963662  0.01404958]
 [ 0.09528793  0.00732434]
 [ 0.07631865 -0.02894803]
 [-0.0782231  -0.01949644]
 [ 0.00198821  0.01882868]
 [-0.03879064 -0.01492146]
 [-0.03335443 -0.00965976]
 [-0.03150302  0.01689305]
 [ 0.00461487 -0.00166067]
 [ 0.05046794 -0.01814445]
 [-0.04334167  0.00739827]
 [ 0.05995479  0.004263  ]
 [-0.00447067  0.00382716]
 [-0.03288763  0.0113425 ]
 [-0.03150675  0.03667138]
 [-0.00104995  0.02599387]
 [-0.03664747 -0.0028425 ]
 [-0.07820726  0.00625728]
 [ 0.07569006  0.02245084]
 [ 0.00631699  0.00034567]
 [-0.01366493 -0.00418287]
 [ 0.06736686  0.00741395]
 [ 0.03090233  0.00758909]
 [-0.0487721   0.00459372]
 [-0.07501904 -0.00928299]
 [-0.05007884  0.0146374 ]
 [-0.00488935 -0.00802144]
 [-0.0212442  -0.00601821]
 [ 0.05665399 -0.00771771]
 [-0.00534867 -0.00477493]
 [ 0.01387073 -0.01850064]
 [-0.04274961 -0.02046742]
 [-0.04432293  0.01426992]
 [-0.02542187 -0.00791906]
 [ 0.08318836  0.02220477]
 [ 0.03834619 -0.01067753]
 [ 0.07750782  0.00349988]
 [-0.06597739  0.0067126 ]
 [ 0.00866645  0.00072125]
 [ 0.09431839 -0.00350835]
 [ 0.02961913 -0.00438191]
 [-0.0201106   0.02435116]
 [ 0.02959082 -0.01524632]
 [ 0.05049055 -0.01909026]
 [ 0.04609114  0.00843603]
 [-0.11986324 -0.00929827]
 [-0.0750162   0.01908035]
 [-0.04522181 -0.00290694]
 [-0.072958   -0.00806437]
 [ 0.02660315  0.02390176]
 [-0.05472052 -0.01158251]
 [ 0.04558451  0.02306518]
 [-0.02524062 -0.00410808]
 [-0.08581263 -0.02420017]
 [-0.05748997 -0.01236582]
 [ 0.04789998 -0.0045513 ]
 [ 0.11059194 -0.00312397]
 [ 0.0173879   0.01838094]
 [-0.02996161  0.01073068]
 [ 0.00393034  0.01013131]
 [ 0.06273972 -0.00303288]
 [-0.0636409  -0.00051265]
 [-0.00813714  0.01148033]
 [ 0.00401386  0.01267512]
 [ 0.05437524 -0.01884061]
 [ 0.00486306  0.02336321]
 [-0.03466823  0.00409069]
 [-0.08179142 -0.03333147]
 [-0.0840897   0.01415682]
 [-0.10361513  0.01198976]
 [-0.03828547 -0.00565695]
 [ 0.03044648 -0.02430445]
 [ 0.04431175  0.03328537]
 [ 0.05288878 -0.00137023]
 [-0.06747515 -0.0068533 ]
 [-0.06109004  0.00125108]
 [ 0.02776333  0.01298843]
 [ 0.0638607  -0.00374778]
 [ 0.02259794  0.02710706]
 [-0.03786003  0.00014731]
 [ 0.02436858  0.01495916]
 [ 0.07252339  0.00041293]
 [-0.00356091 -0.0086183 ]
 [-0.02973123 -0.01595441]
 [ 0.02838525 -0.00111088]
 [ 0.04963466 -0.00835736]
 [-0.00435466  0.0358656 ]
 [-0.04266886 -0.01982746]
 [ 0.09548242 -0.00269402]
 [ 0.03369859  0.00778974]
 [ 0.07870954 -0.01155185]
 [-0.02371083  0.00759909]
 [-0.07011283 -0.02260451]
 [-0.0005859   0.00837331]
 [ 0.04677309 -0.00510944]
 [-0.00233128 -0.00452908]
 [ 0.01151051 -0.01673857]
 [ 0.06775442  0.02106325]
 [-0.04075923 -0.00560939]
 [ 0.02540739 -0.00358037]
 [-0.00508079 -0.00660702]
 [-0.07694939  0.00361999]
 [ 0.06164862 -0.01937377]
 [ 0.01254943 -0.00571018]
 [-0.07665828 -0.00757972]
 [ 0.00738848 -0.00623512]
 [-0.05306569  0.00512591]
 [-0.00904782 -0.00296758]
 [ 0.01061146 -0.00301211]
 [ 0.00215262 -0.01282763]
 [ 0.0690677   0.0163538 ]
 [ 0.09271214  0.00995163]
 [-0.01989152 -0.02077707]
 [-0.02896159  0.00480553]
 [-0.03067588  0.00719135]
 [-0.00199314 -0.0216512 ]
 [-0.05709939  0.00906779]
 [-0.07422853  0.03136171]
 [ 0.01690926  0.01028284]
 [ 0.0279491   0.04039794]
 [-0.00980882  0.01440575]
 [-0.05225674 -0.00509459]
 [ 0.05055046  0.04563898]
 [ 0.05591069  0.0132036 ]
 [ 0.01951572  0.01044231]
 [-0.04586355  0.01078397]
 [ 0.02577628 -0.00337447]
 [-0.01650431 -0.01381089]
 [-0.02729384  0.01195801]
 [-0.00564544  0.02108762]
 [ 0.0919397   0.01704439]
 [ 0.0279577   0.01331219]
 [-0.0330293   0.02594114]
 [-0.0021093  -0.0074494 ]
 [ 0.01384968  0.01050579]
 [-0.02474371  0.02129535]
 [ 0.03270892  0.03614905]
 [ 0.05262806  0.00941045]
 [ 0.00298928 -0.00189558]
 [-0.01778142  0.05165266]
 [-0.0413863   0.0005684 ]
 [-0.07268469  0.01239696]
 [-0.07645002  0.00417526]
 [ 0.0082536  -0.00386292]
 [-0.03908647 -0.0265571 ]
 [ 0.10446186  0.02983327]
 [ 0.02062206  0.00532308]
 [-0.00201234 -0.00776459]
 [-0.00206283  0.00379678]
 [ 0.02878217 -0.00901343]
 [-0.03174506  0.01149203]
 [ 0.02512963  0.01733892]
 [ 0.02225444 -0.01283399]
 [ 0.01432835  0.0006815 ]
 [ 0.02637798  0.02892453]
 [-0.02310838  0.01337176]
 [-0.09032006 -0.01551928]
 [-0.01616734 -0.00721984]
 [ 0.01261256 -0.00704596]
 [ 0.03550679  0.00354245]
 [-0.02729677 -0.02267761]
 [ 0.03651122 -0.01421204]
 [-0.06533584  0.00594349]
 [-0.06801949 -0.00544563]
 [ 0.00167358 -0.00592556]
 [-0.043499    0.00592768]
 [ 0.0695802   0.00567245]
 [ 0.078986    0.0048602 ]
 [ 0.01447072 -0.00187633]
 [-0.03031027 -0.02361389]
 [-0.02306303 -0.00338429]
 [-0.02207941  0.00412864]
 [ 0.01899461 -0.0167427 ]
 [ 0.06981464  0.01447467]
 [-0.0442295   0.00818329]
 [ 0.01102795  0.00293574]
 [-0.0245042   0.03052815]
 [-0.03307394 -0.02571233]
 [-0.02080065 -0.00354014]
 [-0.08719849  0.00176044]
 [-0.00164725  0.025704  ]
 [-0.07305309  0.00300582]
 [-0.07395543 -0.00300737]
 [ 0.06708818 -0.02325702]
 [-0.08960288 -0.03197971]
 [ 0.02457882 -0.00258306]
 [-0.00410141  0.0270556 ]
 [-0.03810961  0.00306664]
 [ 0.05195451  0.00713675]
 [-0.04378088 -0.01980062]
 [-0.04001988  0.01148754]
 [ 0.01020856  0.00667765]
 [-0.03151117 -0.01139894]
 [ 0.00585738 -0.0046405 ]
 [-0.0341224   0.02786151]
 [-0.02244311 -0.00057735]
 [ 0.00397567 -0.01251008]
 [ 0.04972267  0.00470752]
 [ 0.05690639  0.03573854]
 [ 0.06144484  0.01196558]
 [ 0.06670045 -0.00533723]
 [-0.00365843  0.01330418]
 [-0.00614608  0.02280136]
 [ 0.05792673  0.0118381 ]
 [-0.06055557 -0.00578709]
 [-0.01206055 -0.02254561]
 [-0.01168448  0.0107021 ]
 [-0.03491803 -0.00082774]
 [-0.0831191  -0.03186286]
 [-0.01489179  0.01912346]
 [-0.00744489  0.01817205]
 [-0.03891631 -0.00886663]
 [ 0.03271435 -0.00929677]
 [ 0.04579011 -0.01386153]
 [-0.08989163  0.00594477]
 [ 0.00612669  0.02411812]
 [ 0.0122585  -0.01747058]
 [-0.00907911 -0.0108696 ]
 [ 0.01214105 -0.01186595]
 [-0.06055238  0.00541944]
 [-0.02918504  0.01146725]
 [-0.05928504 -0.00353285]
 [ 0.01847474 -0.0189537 ]
 [-0.0751      0.01170873]
 [-0.06927793 -0.02081484]
 [ 0.00830162  0.0125691 ]
 [-0.09086363  0.00160145]
 [ 0.08319631  0.02072512]
 [-0.08877625  0.02444281]
 [-0.06151784  0.00614688]
 [-0.02858103 -0.02397818]
 [-0.0499474  -0.03218882]
 [ 0.05817732  0.03061578]
 [-0.05377986 -0.00718337]
 [ 0.02505049  0.00620738]
 [-0.07368551  0.00587194]
 [-0.01124276 -0.01819837]
 [ 0.05682949  0.02631187]
 [ 0.0813406  -0.00413434]
 [ 0.01507163  0.03150534]
 [ 0.08380981  0.03088994]
 [ 0.00488779  0.00796294]
 [ 0.02731677  0.00781459]
 [-0.09089482  0.00490167]
 [ 0.01548736  0.02108592]
 [ 0.03443721  0.0133652 ]
 [ 0.08888963 -0.01026191]
 [ 0.00034327 -0.02123016]
 [-0.04093503  0.00857945]
 [ 0.03485213 -0.00839305]
 [-0.02644434  0.02447921]
 [-0.03374385 -0.00672447]
 [-0.06463104 -0.02113851]
 [ 0.02953075 -0.00351094]
 [ 0.07997959  0.02756782]
 [ 0.04284912  0.02609679]
 [-0.05409317  0.02118442]
 [-0.02777183 -0.00289667]
 [ 0.00586334  0.01042553]
 [ 0.04445944  0.01961039]
 [-0.0438173   0.01377591]
 [ 0.08885495 -0.01032456]
 [-0.05249753  0.01227111]
 [ 0.01830588  0.00520628]
 [ 0.06862504 -0.00116099]
 [-0.04772916  0.0060875 ]
 [-0.02742542 -0.00390126]]Output bias: [ 0.55909694 -0.21215801]
Value MLP:Hidden weights: [array([[  8.89262482e+01,  -4.93718276e+07,   3.27188649e+04, ...,
         -2.79966594e+05,  -4.55789381e+03,  -1.10015762e+03],
       [ -5.10418978e+01,   1.08025960e+07,  -1.08763690e+06, ...,
         -1.16371789e+05,   8.54084851e+02,  -1.28299571e+02],
       [  6.68499371e+01,  -1.50633027e+07,   8.32872357e+05, ...,
         -1.76652344e+04,  -2.58710947e+03,  -2.69208940e+03],
       ..., 
       [ -9.36113418e+00,   6.72703289e+03,  -2.03526286e+05, ...,
         -6.20848461e+05,  -4.33961449e+04,   5.22400575e+02],
       [ -3.21798879e+00,   2.79046339e+03,   2.22337657e+00, ...,
          3.76356406e+00,  -2.38016040e+00,  -1.62281621e+00],
       [ -8.81069263e-01,   7.06637764e+00,   2.33713294e+00, ...,
          6.35713910e+00,   8.67185234e+03,  -8.71497849e-01]])]Hidden bias: [array([ -1.70985607e+02,   8.63014581e+07,  -1.16359378e+06,
        -4.22277806e+03,   3.81395207e+04,  -8.39738194e+04,
         3.64474969e+05,   3.25679934e+02,   2.84674068e+10,
         3.66225495e+03,   2.73517600e+10,   1.75323414e+02,
         9.57570120e+12,   2.90833022e+10,  -3.42561675e+04,
         3.44978971e+15,  -2.37606904e+03,   9.32993707e+10,
         1.92825863e+03,   1.59604410e+03,  -4.92816313e+03,
         2.69207542e+05,   6.51046442e+07,   4.39210997e+01,
        -1.48363976e+06,  -7.04473960e+11,   1.95419938e+05,
        -2.26972365e+03,  -1.27480151e+03,   4.03225481e+01,
         1.10784051e+05,   7.42850106e+01,  -6.68599518e+09,
        -1.16525193e+03,  -1.82299501e+06,   2.90535875e+02,
        -5.29757520e+03,  -5.83040918e+03,  -6.34205389e+05,
         2.42927906e+04,   7.91003355e+05,  -8.54308665e+03,
        -8.30002521e+06,   1.08813439e+15,   1.97535997e+03,
        -3.93492810e+02,  -4.78785141e+03,  -4.65327557e+06,
         2.04360650e+03,   8.10952944e+10,   3.83739479e+08,
         1.21880504e+05,  -1.68843852e+09,   1.31447811e+02,
        -1.40291206e+10,   1.02606379e+14,  -7.70484622e+05,
        -1.97687610e+05,  -5.76031108e+01,   5.75081256e+03,
         2.04921240e+09,   3.08605077e+07,   9.82101798e+12,
        -2.49737333e+05,   1.83121994e+05,   2.02997618e+06,
        -5.18542660e+04,  -3.76617214e+03,  -2.67595246e+14,
         3.09228986e+10,  -1.13010978e+06,  -1.48258426e+05,
        -4.41826016e+05,   2.26356225e+03,   2.35566010e+06,
        -1.17000957e+03,  -2.94654692e+11,  -9.21961635e+06,
         4.91206461e+04,  -4.09482013e+02,   7.05846249e+04,
        -2.26207304e+06,  -6.78985310e+03,  -4.98901088e+10,
         1.60867498e+09,   8.62571915e+01,   2.08122355e+09,
         3.78051338e+03,  -4.65865817e+02,  -2.01472814e+04,
        -3.74515967e+09,  -1.49776732e+04,   7.62696157e+11,
        -6.38998322e+01,   4.91461684e+06,  -5.71469033e+03,
        -8.94867635e+02,   2.18907753e+06,   7.16735929e+07,
         2.41366834e+05,   9.03338256e+03,  -1.38122100e+06,
        -5.22940303e+01,   5.20349174e+05,   1.08250837e+06,
         1.72606839e+08,   1.41424675e+11,  -4.45898147e+04,
        -3.02367344e+02,  -8.87845387e+04,   4.49445371e+02,
        -2.22771854e+02,  -1.13853993e+09,   9.26317917e+05,
         1.54930816e+04,  -2.70019952e+02,  -3.55462301e+06,
         1.13354080e+04,  -1.57240647e+02,   1.52456606e+16,
         2.42908442e+09,   2.59355622e+07,   8.23486510e+05,
        -4.50716262e+13,  -3.46466259e+05,   7.17590033e+12,
        -5.11641414e+03,  -8.39451670e+08,   2.31981498e+04,
        -5.77474183e+10,   1.23088747e+06,  -2.87528517e+03,
        -2.42518067e+07,  -1.76277364e+02,  -2.32766929e+06,
         7.94483573e+05,  -2.14237999e+04,   3.97938413e+01,
        -6.25498611e+04,   1.27176669e+06,   6.18962842e+07,
        -7.18728778e+07,  -4.85574772e+02,   4.68325999e+06,
        -8.40700989e+06,  -6.45389388e+04,  -4.87601550e+08,
        -7.62697663e+03,   1.43973930e+03,  -1.41432361e+04,
         1.05748182e+04,   5.22047743e+09,  -6.62617205e+16,
        -5.90161276e+09,   8.08404673e+01,  -6.39146394e+04,
         3.13810856e+01,  -1.22431008e+14,   1.82629665e+03,
         4.58233905e+05,   4.48892243e+04,   1.42154767e+07,
        -1.37943161e+10,   5.94918543e+03,   1.47693793e+04,
        -1.60349039e+10,   9.36421142e+06,   3.90514165e+10,
         1.32125633e+08,  -1.58812510e+02,  -9.35369768e+04,
         1.90596700e+08,   3.36585105e+03,   6.70193491e+02,
        -1.98155191e+04,   9.53012090e+02,  -1.97847053e+02,
         3.21490156e+05,   5.06892012e+02,  -1.62877809e+03,
         1.03795339e+07,  -8.99105169e+01,  -6.76539153e+01,
        -1.28036393e+05,   1.32899533e+02,  -1.30885234e+04,
         2.25974109e+12,   4.30248107e+06,   1.90251297e+09,
         2.68145824e+03,   3.02370003e+04,   8.06321783e+06,
        -6.67454539e+05,   9.63076641e+06,   6.61275497e+03,
         2.12345687e+05,  -1.53815703e+09,   5.28705974e+02,
        -3.20177350e+02,  -8.08094752e+13,   2.44877958e+05,
         1.26501991e+15,  -1.37517524e+10,  -2.93675833e+02,
        -3.47998139e+14,  -3.97694300e+06,  -6.09802190e+02,
         3.62809786e+04,   1.73749853e+03,  -1.82919518e+03,
         4.39328729e+01,  -1.43637058e+17,  -2.95525305e+14,
         3.98987149e+08,  -4.81898630e+02,   9.43880560e+07,
        -7.05651793e+09,   5.04964211e+03,   1.35945148e+04,
        -2.81303139e+15,   5.25300034e+02,   2.40865846e+05,
        -2.64968388e+02,   9.45294707e+04,  -1.10453915e+03,
         2.95541200e+04,  -3.13547508e+03,   1.65460284e+04,
         5.44859708e+04,   1.20054405e+05,  -4.59967307e+02,
         4.23116928e+01,   1.43528543e+03,  -1.60249839e+11,
         5.68265497e+11,  -8.08221621e+06,   5.30155097e+03,
        -3.12042310e+04,   7.71069612e+08,   7.85232610e+06,
        -6.95701598e+01,  -1.02998269e+08,  -2.57438766e+06,
         9.30581407e+04,  -7.55980215e+08,  -6.62227401e+05,
        -4.35517040e+04,   2.93450936e+03,  -4.34490020e+01,
         8.40662084e+05,  -2.53430168e+02,  -5.11151636e+05,
         1.18739391e+03,  -5.81154426e+04,  -6.56720984e+01,
        -5.08275905e+07,  -2.50767786e+05,   2.74152905e+05,
         4.56690722e+12,   1.46748849e+11,  -1.54592773e+10,
         1.61428577e+06,  -7.45082548e+01,  -1.30453368e+02,
        -3.55978102e+12,   1.02393144e+04,   2.05674343e+03,
         1.86162857e+10,   1.26908415e+03,   5.18489067e+10,
        -3.65356055e+07,  -1.54429992e+03,  -1.02412056e+07,
         1.59850817e+07,  -1.43422922e+07,   1.42144501e+11,
        -7.77557684e+03,   9.88955783e+13,   2.19079206e+09,
        -1.84692664e+13,   7.41073981e+03,  -6.58624552e+04,
        -8.95942491e+08,  -6.38050915e+04,   3.17989526e+08,
        -3.43303591e+03,   1.32415896e+05,   2.20999684e+02,
        -3.16109726e+07,  -9.87261683e+03,  -1.04098262e+04,
         4.91393372e+08,  -5.73674164e+03,   3.57215184e+10,
        -4.14991016e+03,  -3.21317144e+10,   2.90362376e+03,
         7.04106620e+05,  -8.60831629e+07,   2.83759388e+03,
         5.64571955e+02,  -1.49395503e+05,   7.62487083e+02,
        -1.73060955e+03,  -8.08050661e+03,  -1.07476309e+09,
         3.94205976e+01,   2.69155539e+11,  -1.46679961e+03,
        -1.20593439e+04,   3.23525659e+06,  -4.16543782e+02,
         2.87004823e+09,  -1.50205513e+09,   1.77637551e+02,
        -4.59494477e+05,   8.74561073e+03,  -3.01591747e+02,
        -1.57131664e+03,   7.05407266e+07,   1.91036772e+03,
         9.37012616e+08,   9.76760844e+06,   1.64782101e+06,
         1.09122592e+08,   1.56196186e+07,  -9.77706963e+03,
        -5.20554501e+14,   3.23318917e+04,  -7.61941686e+04,
         2.60601625e+08,   1.18397730e+08,  -5.42621705e+06,
         4.29992551e+04,   4.57694233e+04,  -1.44287574e+08,
        -4.24342260e+09,   6.77352927e+01,   2.17396857e+10,
         8.50820168e+04,   2.53327065e+02,  -5.95984944e+03,
         9.75124376e+02,  -2.26776346e+03,  -9.30055732e+04,
         2.85433545e+06,   5.04452869e+10,   1.66067147e+13,
         4.08315582e+02,   1.31744350e+03,   7.43985391e+03,
         3.46150846e+03,   1.51440100e+05,  -1.15232018e+07,
         4.75935067e+05,   2.56018039e+05,  -8.15076454e+01,
        -7.92147507e+08,   2.55748856e+04,  -3.25892563e+05,
         1.51569477e+09,  -5.66499222e+01,  -3.59968880e+10,
         4.16969150e+04,   2.40693384e+01,  -2.72876410e+04,
         1.41148361e+05,  -9.88678551e+01,   1.03780348e+05,
         6.00333935e+13,   1.31827430e+06,  -6.03624352e+06,
        -6.52261464e+02,   4.23687799e+05,   1.85384838e+07,
         2.18772288e+05,   3.37437822e+02,  -1.04898179e+05,
        -7.86923131e+08,  -8.70364844e+01,  -1.70467754e+04,
        -8.94304631e+08,   1.59124925e+05,  -2.84661789e+11,
        -1.11780996e+04,   2.81724144e+03,   5.98986757e+01,
        -7.95692285e+06,  -4.22715339e+02,  -3.93577247e+01,
        -1.00853084e+03,   2.24587403e+04,  -2.82486672e+03,
        -3.82627150e+07,  -2.67423099e+06,   1.56917606e+13,
         2.17881317e+05,   2.61898908e+04,  -3.37323254e+03,
         8.95492420e+03,  -2.09880503e+10,   6.56420595e+07,
        -6.96728892e+12,   1.81090816e+04,  -3.71691428e+04,
         5.45802249e+07,  -1.32768132e+13,   1.77568010e+03,
         6.14134649e+02,   5.33615407e+03,  -1.43100338e+05,
        -2.12465751e+02,  -7.13708597e+04,   2.66514488e+02,
        -4.46787203e+11,  -2.86271022e+06,   1.29430280e+04,
         4.15157543e+07,  -4.31157978e+05,  -1.10179565e+08,
        -6.18523337e+09,  -2.55870152e+04,  -5.04357794e+05,
         7.44656362e+04,  -1.88943596e+16,   1.02020674e+04,
        -1.43451722e+10,  -1.55393297e+15,  -2.07139747e+02,
         2.73739629e+04,   6.75426534e+01,  -2.02298305e+08,
         1.83613065e+09,  -2.34071532e+09,  -4.26634337e+04,
         2.85613969e+10,   4.86608629e+07,  -2.20297564e+03,
         1.23259192e+02,  -1.87024584e+14,  -6.29271698e+03,
        -1.00948831e+06,  -3.82277389e+13,   3.01965742e+07,
         2.22778166e+02,   4.50280163e+01,  -9.41931544e+07,
        -3.21635139e+08,   1.82241843e+04,  -2.63308330e+03,
        -1.77700600e+06,   2.35290500e+03,  -4.89099329e+11,
         6.16560782e+08,   3.51926275e+02,   1.21624346e+03,
        -7.44938341e+03,   9.94153394e+01,  -2.78222157e+03,
        -4.11760542e+03,   2.66902987e+09,   1.46726093e+04,
        -1.11436768e+18,   6.28351784e+06,  -4.46854465e+05,
         6.04836048e+11,  -4.69869927e+06,  -7.29229686e+06,
        -5.03830438e+02,  -3.01182420e+10,  -1.69302189e+09,
        -1.00071931e+04,   5.72045000e+12,  -9.56570329e+12,
         1.33840679e+10,   3.61830501e+05,  -8.93921176e+01,
        -1.26320669e+02,  -1.19282116e+10,   4.50764249e+08,
         2.77312049e+02,  -2.76302905e+08,   3.55009590e+13,
         8.94625945e+05,  -6.83764489e+08,   1.47784501e+06,
         8.99503925e+05,   1.65346521e+03,   4.56428945e+03,
         2.95035025e+08,   2.23425824e+06,  -9.23765926e+02,
        -4.49833561e+07,   2.67990271e+04,  -3.17733592e+02,
        -2.25246384e+03,   3.07388598e+11,  -5.80494965e+05,
         8.71728331e+03,  -3.38503564e+03])]Output weights: [[  8.71788069e+09]
 [ -1.41783074e+10]
 [  1.13336899e+10]
 [ -6.67315920e+09]
 [  1.43434400e+10]
 [ -7.22178974e+09]
 [ -8.48450041e+09]
 [ -7.07234070e+09]
 [ -8.73346491e+09]
 [ -8.71788189e+09]
 [ -1.29759976e+10]
 [ -8.71788087e+09]
 [ -6.50350941e+09]
 [ -6.50780438e+09]
 [  8.71788021e+09]
 [ -7.50924228e+09]
 [  8.71788120e+09]
 [ -1.19200540e+10]
 [ -8.71768141e+09]
 [  3.35647624e+09]
 [ -3.36027507e+09]
 [ -9.45969251e+09]
 [ -8.79172426e+09]
 [ -8.71788095e+09]
 [  1.26220312e+10]
 [  6.50972941e+09]
 [ -8.71657050e+09]
 [  8.71792868e+09]
 [  8.71788202e+09]
 [ -8.71788096e+09]
 [ -4.30036371e+09]
 [ -8.71788097e+09]
 [  1.39539726e+10]
 [  8.71788194e+09]
 [  7.10073698e+09]
 [ -7.09575360e+09]
 [  8.71788200e+09]
 [  8.04856177e+09]
 [  1.00299127e+10]
 [ -8.71788415e+09]
 [ -7.44223951e+09]
 [ -7.39989203e+09]
 [ -1.55804364e+10]
 [  6.61078345e+09]
 [ -8.71788152e+09]
 [ -1.49113891e+10]
 [  1.23543622e+10]
 [  1.25278089e+10]
 [ -8.71788256e+09]
 [  1.33541803e+10]
 [ -1.29752474e+10]
 [ -1.41783070e+10]
 [  1.22398272e+10]
 [ -8.71788188e+09]
 [  7.33009991e+09]
 [ -5.83917901e+09]
 [  8.70383108e+09]
 [ -3.36027402e+09]
 [  8.71788079e+09]
 [ -5.36346507e+09]
 [ -1.56756632e+10]
 [ -8.67183542e+09]
 [ -8.79362322e+09]
 [  1.19182048e+10]
 [  6.60522137e+09]
 [ -7.44811160e+09]
 [ -7.40697132e+09]
 [  8.71788399e+09]
 [  5.58929652e+09]
 [  7.08730745e+09]
 [  8.38433203e+09]
 [  1.44799527e+10]
 [ -7.65192104e+09]
 [  3.36027584e+09]
 [ -1.26458204e+10]
 [  2.46241168e+09]
 [  9.16689098e+09]
 [ -1.33511917e+10]
 [ -1.29060967e+10]
 [  7.09575357e+09]
 [  1.45011202e+10]
 [  1.19175060e+10]
 [  8.71824358e+09]
 [  8.26092728e+09]
 [ -8.71738713e+09]
 [ -8.71788075e+09]
 [ -1.28828462e+10]
 [  6.67315915e+09]
 [ -3.36027511e+09]
 [  8.54450136e+09]
 [ -3.35325014e+09]
 [  1.44798326e+10]
 [ -8.74155628e+09]
 [  2.45668019e+09]
 [ -1.39539635e+10]
 [ -1.88904107e+09]
 [ -7.80075132e+09]
 [  1.45019754e+10]
 [ -8.66629658e+09]
 [ -8.14409463e+09]
 [ -8.71788075e+09]
 [  1.08251401e+10]
 [  8.71788094e+09]
 [ -1.80049823e+10]
 [ -4.30035990e+09]
 [ -8.70382024e+09]
 [ -1.26464968e+10]
 [ -6.58593695e+09]
 [  8.72281723e+09]
 [  1.19222043e+10]
 [ -8.71788093e+09]
 [  8.71788094e+09]
 [  6.75859650e+09]
 [  7.08095213e+09]
 [ -9.56330133e+09]
 [  7.09575358e+09]
 [  1.22777350e+10]
 [ -1.56339642e+10]
 [  7.09575356e+09]
 [ -4.34126724e+09]
 [  1.47681905e+10]
 [  3.35312238e+09]
 [ -6.50653897e+09]
 [  8.75225617e+09]
 [ -6.78911270e+09]
 [ -9.18044868e+09]
 [  7.14910550e+09]
 [  3.83570812e+09]
 [  7.65192121e+09]
 [  1.13603733e+10]
 [ -1.06472536e+10]
 [  2.53665096e+09]
 [ -7.22032906e+09]
 [  8.71785279e+09]
 [  1.41783074e+10]
 [ -8.69400602e+09]
 [ -7.80075171e+09]
 [ -8.71788096e+09]
 [  8.71730178e+09]
 [ -6.91479823e+09]
 [ -8.70171288e+09]
 [  8.73953799e+09]
 [  7.09575358e+09]
 [ -1.24803163e+10]
 [  1.26220369e+10]
 [  6.74722759e+09]
 [  3.83570924e+09]
 [  2.71749884e+09]
 [ -8.71788192e+09]
 [  1.10272677e+10]
 [  3.36027321e+09]
 [ -7.44376779e+09]
 [  1.36529211e+10]
 [ -1.33503538e+10]
 [ -8.71788097e+09]
 [  1.11544678e+10]
 [ -8.71788079e+09]
 [  2.37563366e+10]
 [ -8.71788167e+09]
 [ -1.30230837e+10]
 [ -1.23685573e+10]
 [ -1.19189758e+10]
 [  1.26884262e+10]
 [ -8.71788204e+09]
 [ -6.74722791e+09]
 [  1.23152633e+10]
 [ -8.76516278e+09]
 [ -2.41640539e+09]
 [ -1.56613407e+10]
 [  7.09575361e+09]
 [  1.23261093e+10]
 [ -8.72546285e+09]
 [ -8.73466720e+09]
 [ -9.67655122e+09]
 [ -6.88628502e+09]
 [  3.31399535e+09]
 [  9.23591057e+09]
 [ -6.74679088e+09]
 [ -8.72281695e+09]
 [  7.04790282e+09]
 [ -1.06311793e+10]
 [  8.71788071e+09]
 [  8.71788091e+09]
 [ -3.36027480e+09]
 [ -8.71788086e+09]
 [ -7.40747082e+09]
 [ -8.51820873e+09]
 [  6.53674490e+09]
 [ -8.71695514e+09]
 [  4.62035236e+09]
 [  1.24466218e+10]
 [ -7.30157395e+09]
 [  1.00301016e+10]
 [ -1.30735942e+10]
 [  6.67315926e+09]
 [ -1.39539621e+10]
 [  8.49708983e+09]
 [ -8.72281720e+09]
 [  8.71788036e+09]
 [  7.08365956e+09]
 [ -8.72684562e+09]
 [ -1.44142626e+10]
 [  1.39540507e+10]
 [ -6.97306879e+09]
 [  1.88881697e+10]
 [  1.14657004e+10]
 [  8.71788040e+09]
 [ -1.08277459e+10]
 [  1.72169550e+10]
 [  8.71787617e+09]
 [ -8.71788096e+09]
 [  1.90692883e+10]
 [ -1.02360494e+10]
 [  1.88906235e+09]
 [  8.71788197e+09]
 [ -8.73661651e+09]
 [  1.39539808e+10]
 [ -1.36673508e+10]
 [ -8.71788407e+09]
 [  1.59535030e+10]
 [  7.30984988e+09]
 [ -8.75841824e+09]
 [  8.71766906e+09]
 [ -1.00301017e+10]
 [  7.24566261e+09]
 [  1.43434402e+10]
 [ -3.36027511e+09]
 [  7.80075158e+09]
 [ -8.71830699e+09]
 [  1.19012374e+10]
 [ -1.47770615e+10]
 [ -8.71788096e+09]
 [ -1.09541896e+10]
 [  1.15454987e+10]
 [ -8.26993675e+09]
 [  1.39540848e+10]
 [  1.43434403e+10]
 [  1.56712493e+10]
 [ -8.71789123e+09]
 [ -1.30780242e+10]
 [  7.09575360e+09]
 [  1.30747253e+10]
 [  8.76886696e+09]
 [ -1.24525406e+10]
 [ -7.00023873e+09]
 [  1.27526632e+10]
 [  9.45969277e+09]
 [ -8.73361228e+09]
 [  8.71788061e+09]
 [ -1.06322006e+10]
 [  1.13336081e+10]
 [  6.74679180e+09]
 [ -8.71826177e+09]
 [  8.71786980e+09]
 [  8.71788098e+09]
 [  8.31055104e+09]
 [ -1.47765892e+10]
 [ -1.30233148e+10]
 [  1.33488147e+10]
 [ -9.59044971e+09]
 [  8.38804821e+09]
 [ -3.83475520e+09]
 [  8.71788045e+09]
 [  7.09575361e+09]
 [  8.77601802e+09]
 [ -1.20989603e+10]
 [  7.39777887e+09]
 [ -1.56564522e+10]
 [  7.01381034e+09]
 [ -1.00299334e+10]
 [  1.29755265e+10]
 [ -7.21316489e+09]
 [  1.13393936e+10]
 [  3.35338349e+09]
 [  1.30233148e+10]
 [ -1.16084472e+10]
 [  8.71788302e+09]
 [ -1.43628998e+10]
 [ -8.82316430e+09]
 [  8.69894382e+09]
 [  6.67315923e+09]
 [  8.70959094e+09]
 [  3.83597442e+09]
 [  1.13336859e+10]
 [ -1.44701839e+10]
 [  4.00245822e+09]
 [ -8.69551854e+09]
 [ -8.71788193e+09]
 [  1.32989029e+10]
 [  8.76997386e+09]
 [  9.70050789e+09]
 [ -1.57835015e+10]
 [  8.71788196e+09]
 [ -6.15308266e+09]
 [ -7.80075180e+09]
 [ -7.22116149e+09]
 [ -8.71788198e+09]
 [  1.25175816e+10]
 [  8.71788112e+09]
 [ -8.71766974e+09]
 [ -7.09575357e+09]
 [ -1.42859617e+10]
 [ -7.09575355e+09]
 [  8.71787541e+09]
 [ -7.80075178e+09]
 [  9.23600752e+09]
 [  1.21852335e+10]
 [ -4.16373830e+09]
 [ -3.36027514e+09]
 [  8.70399854e+09]
 [ -1.39539634e+10]
 [  1.11630298e+10]
 [ -3.83522362e+09]
 [ -7.81354181e+09]
 [ -7.09575358e+09]
 [  7.33106790e+09]
 [ -8.71788053e+09]
 [  7.08194801e+09]
 [  8.71412557e+09]
 [ -1.41783070e+10]
 [  6.67315919e+09]
 [  1.45052151e+10]
 [ -1.39540760e+10]
 [ -6.50654078e+09]
 [ -1.22746540e+10]
 [ -7.10073696e+09]
 [  1.26219368e+10]
 [  1.03247629e+10]
 [ -7.75561341e+09]
 [ -7.65192126e+09]
 [  1.56471120e+10]
 [ -2.42099906e+09]
 [  3.32209992e+09]
 [ -1.00301015e+10]
 [ -8.96604776e+09]
 [  8.73919648e+09]
 [  1.06477711e+10]
 [ -8.71788097e+09]
 [ -8.71592017e+09]
 [ -8.73078732e+09]
 [ -8.71788391e+09]
 [ -7.80075176e+09]
 [ -8.71788038e+09]
 [  7.24566322e+09]
 [  1.49379675e+10]
 [ -1.29194028e+10]
 [ -1.08251459e+10]
 [ -1.11465423e+10]
 [ -8.71788209e+09]
 [ -8.71768102e+09]
 [ -8.71788233e+09]
 [  3.42686246e+09]
 [ -3.83469967e+09]
 [  2.46105572e+09]
 [ -1.27100311e+10]
 [ -2.43121844e+09]
 [  8.71788193e+09]
 [  6.74722422e+09]
 [ -8.73899550e+09]
 [ -6.60140202e+09]
 [ -1.32253798e+10]
 [  8.71788097e+09]
 [  1.19182359e+10]
 [ -1.13326409e+10]
 [ -8.71788093e+09]
 [  8.71767581e+09]
 [ -1.27100311e+10]
 [  8.71788076e+09]
 [ -1.56707299e+10]
 [ -3.57687961e+09]
 [ -2.43107415e+09]
 [ -3.35338380e+09]
 [  8.71831792e+09]
 [  3.36027458e+09]
 [ -1.39539635e+10]
 [ -1.80049823e+10]
 [ -7.09575357e+09]
 [  1.56756665e+10]
 [  1.07755050e+10]
 [  8.71788096e+09]
 [  8.71542632e+09]
 [  2.41659364e+09]
 [ -1.13336098e+10]
 [ -1.33570317e+10]
 [  8.72869017e+09]
 [  6.67315914e+09]
 [ -8.71788144e+09]
 [  8.71831885e+09]
 [ -3.36027511e+09]
 [  8.71788094e+09]
 [  1.83778871e+10]
 [  7.80075142e+09]
 [ -1.31368640e+10]
 [  8.23686530e+09]
 [  4.30035632e+09]
 [ -1.28174857e+10]
 [ -7.33102791e+09]
 [  7.80075152e+09]
 [  7.44631065e+09]
 [ -8.71788326e+09]
 [  1.06472458e+10]
 [ -9.16686019e+09]
 [  6.70629501e+09]
 [  3.31399535e+09]
 [ -1.02362535e+10]
 [ -6.09199938e+09]
 [  8.73518749e+09]
 [ -8.71788108e+09]
 [ -8.71823690e+09]
 [  3.35338358e+09]
 [  1.30839651e+10]
 [  8.71768027e+09]
 [  3.83469967e+09]
 [ -1.43462274e+10]
 [  1.16014160e+10]
 [  8.73277159e+09]
 [  7.80075174e+09]
 [ -1.30751625e+10]
 [  8.17553244e+09]
 [ -3.35313244e+09]
 [  8.71802785e+09]
 [ -7.80075137e+09]
 [  8.73957666e+09]
 [ -8.71788032e+09]
 [ -1.06761459e+10]
 [ -1.13335989e+10]
 [  8.71930494e+09]
 [  9.85400895e+09]
 [  7.09817846e+09]
 [ -2.53888084e+09]
 [ -8.71788098e+09]
 [  1.06472537e+10]
 [ -1.26496482e+10]
 [  6.74680292e+09]
 [  1.41732705e+10]
 [ -1.26884281e+10]
 [ -3.32211219e+09]
 [  8.71788195e+09]
 [ -7.09575359e+09]
 [  2.71693936e+09]
 [  2.90550845e+09]
 [ -7.00048363e+09]
 [  1.16313787e+10]
 [ -1.32252804e+10]
 [ -8.71831841e+09]
 [ -8.71788096e+09]
 [  1.01962357e+10]
 [  1.14968496e+10]
 [  7.08095211e+09]
 [  8.71845043e+09]
 [  8.73953751e+09]
 [  6.67315927e+09]
 [ -7.64466350e+09]
 [ -8.70400964e+09]
 [ -7.09575360e+09]
 [ -8.71788201e+09]
 [  7.84218755e+09]
 [ -8.71788098e+09]
 [  8.71788189e+09]
 [ -3.36027513e+09]
 [ -1.57911180e+10]
 [ -1.43837033e+10]
 [  9.87666230e+09]
 [  7.65192120e+09]
 [  8.74173410e+09]
 [  7.00041500e+09]
 [  4.30035736e+09]
 [ -1.88904857e+09]
 [ -3.35054659e+09]
 [  7.43603904e+09]
 [ -1.45171509e+10]
 [  1.42299551e+10]
 [  7.71030182e+09]
 [  6.08960946e+09]
 [  1.45165337e+10]
 [ -1.27690319e+10]
 [  8.71788097e+09]
 [  7.24574131e+09]
 [  1.26416890e+10]
 [ -3.83470089e+09]
 [ -7.09575359e+09]
 [  8.59435273e+09]
 [ -2.44864031e+09]
 [ -4.60957605e+09]
 [  1.05413411e+10]
 [  1.35767050e+10]
 [  7.08095180e+09]
 [ -7.28681656e+09]
 [  6.67315919e+09]
 [ -1.26515355e+10]
 [ -8.71834956e+09]
 [ -7.36872659e+09]
 [  1.39539622e+10]
 [ -7.33107317e+09]
 [  7.09575358e+09]
 [ -6.67315918e+09]
 [ -1.36039934e+10]
 [ -1.56468104e+10]
 [  1.88904804e+09]
 [  7.21230445e+09]]Output bias: [ -8.71788094e+09]