Action MLP:Hidden weights: [array([[ 0.04550373, -0.06559883,  0.06945792, ...,  0.11169087,
         0.0017578 ,  0.03465885],
       [-0.04695461,  0.09314867,  0.06814242, ...,  0.00120595,
         0.05639402,  0.14862569],
       [ 0.01680772,  0.05418475,  0.12361189, ...,  0.09480553,
         0.03198979,  0.00933103],
       ..., 
       [-0.0295545 , -0.06304277,  0.05245555, ...,  0.07593047,
         0.07861001, -0.06429049],
       [-0.04309432,  0.03022771, -0.04071395, ...,  0.04990077,
         0.06678395,  0.04122415],
       [-0.07074842, -0.02707713,  0.08071237, ..., -0.00885225,
        -0.08631628,  0.05755307]])]Hidden bias: [array([-0.8541328 , -0.8328921 , -0.83765168, -0.92143233, -0.84380147,
       -0.8285795 , -0.83615143, -0.84111649, -0.84593212, -0.83718324,
       -0.59738636, -0.84939848, -0.80977851, -0.82923659, -0.8420261 ,
       -0.82690782, -0.82437687, -0.82294179, -0.80420998, -0.83975011])]Output weights: [[ -8.25127430e-03  -4.66778447e-03]
 [  1.41334577e-04   1.01804612e-02]
 [  2.57075659e-03   7.14193802e-03]
 [  6.20985010e-01  -2.61881715e-01]
 [  2.27697151e-03  -2.43723581e-03]
 [ -5.76446051e-03   3.06252654e-03]
 [  1.69829864e-02  -4.78520896e-02]
 [ -7.44196090e-03  -1.18942065e-03]
 [  1.02297802e-03  -1.11882541e-02]
 [ -2.52444009e-03  -4.46827942e-04]
 [ -3.20408368e-02   4.32459973e-01]
 [  2.16252447e-01  -1.66494165e-01]
 [ -1.63209196e-03  -1.05348302e-02]
 [ -1.26165140e-04   3.37007445e-03]
 [  3.13861453e-02   1.12433062e-02]
 [  1.57062400e-05  -2.68107783e-04]
 [  4.42996719e-03   6.74457296e-03]
 [ -1.35410798e-03   1.69109439e-03]
 [  2.57148242e-03   3.31903170e-03]
 [ -8.22210606e-04   5.35555051e-03]]Output bias: [ 0.10872175 -0.03305686]
Value MLP:Hidden weights: [array([[ 1.40656607,  0.87599109,  0.16601022, ...,  0.03589119,
         0.05750286, -0.75918151],
       [ 1.09618696,  0.84413565, -0.68876413, ...,  0.30327087,
         0.12457759, -0.54981141],
       [ 0.72866049,  0.72917012, -1.54648276, ...,  0.5442955 ,
         0.08782904, -0.14074736],
       ..., 
       [ 0.31143362,  0.16976035, -0.35357757, ...,  0.32732799,
        -0.37442005, -0.01755713],
       [-0.07515559, -0.03841522, -0.01329418, ...,  0.09467875,
        -0.08993162, -0.07551911],
       [ 0.05053428,  0.03507649,  0.01494226, ...,  0.00705129,
        -0.00348767, -0.0038739 ]])]Hidden bias: [array([ 1.73042418,  1.19407065, -3.008409  ,  1.31083886, -2.43439192,
       -2.61978657,  2.89764122, -2.97133743, -2.18318751, -5.02535719,
       -2.57276705,  2.89459422, -4.60691997,  3.70888597,  4.02165301,
       -3.28437268, -3.00639449,  1.10426947, -2.47123058, -2.64162793])]Output weights: [[ -7.97145243]
 [ -7.84641955]
 [  3.01319364]
 [ 16.42705294]
 [  7.95037096]
 [  7.42905034]
 [-14.16942433]
 [  6.38060254]
 [  7.70781738]
 [ -6.87398241]
 [  5.157244  ]
 [ -6.97918627]
 [ -1.52325463]
 [ -4.67833434]
 [ -6.45070814]
 [ -0.67810608]
 [ -2.97575506]
 [ -8.2188314 ]
 [  3.46174038]
 [  7.93931323]]Output bias: [-7.75776635]