Action MLP:Hidden weights: [array([[ 0.04550379, -0.06559905,  0.06945777, ...,  0.11169082,
         0.00175774,  0.03465874],
       [-0.04695462,  0.09314861,  0.06814239, ...,  0.00120593,
         0.05639401,  0.14862566],
       [ 0.01680771,  0.0541849 ,  0.12361198, ...,  0.09480557,
         0.03198982,  0.00933113],
       ..., 
       [-0.02955448, -0.06304273,  0.05245557, ...,  0.07593048,
         0.07861001, -0.06429047],
       [-0.04309431,  0.03022771, -0.04071395, ...,  0.04990077,
         0.06678394,  0.04122416],
       [-0.07074842, -0.02707713,  0.08071236, ..., -0.00885225,
        -0.08631629,  0.05755307]])]Hidden bias: [array([-0.85413269, -0.83289191, -0.8376516 , -0.92142334, -0.84380157,
       -0.82857929, -0.83615239, -0.84111632, -0.84593236, -0.83718318,
       -0.59738549, -0.84939339, -0.80977865, -0.82923652, -0.84202673,
       -0.82690782, -0.82437685, -0.82294172, -0.80420998, -0.83974998])]Output weights: [[ -8.25029184e-03  -4.66694061e-03]
 [  1.37148173e-04   1.01834939e-02]
 [  2.57216265e-03   7.14265354e-03]
 [  6.20988137e-01  -2.61869064e-01]
 [  2.27422726e-03  -2.43673606e-03]
 [ -5.75318599e-03   3.06049956e-03]
 [  1.69636376e-02  -4.78551817e-02]
 [ -7.43915994e-03  -1.18646511e-03]
 [  1.01070214e-03  -1.11892938e-02]
 [ -2.53259877e-03  -4.43622925e-04]
 [ -3.20265395e-02   4.32465268e-01]
 [  2.16218642e-01  -1.66532368e-01]
 [ -1.64388691e-03  -1.05337635e-02]
 [ -1.16604278e-04   3.37133980e-03]
 [  3.13850475e-02   1.12494709e-02]
 [  1.32262244e-05  -2.64353583e-04]
 [  4.43608510e-03   6.74671171e-03]
 [ -1.36319467e-03   1.68991674e-03]
 [  2.56655146e-03   3.32500114e-03]
 [ -8.27384479e-04   5.35961294e-03]]Output bias: [ 0.10869638 -0.03303734]
Value MLP:Hidden weights: [array([[ 1.40656607,  0.87599106,  0.16601029, ...,  0.03585719,
         0.05751408, -0.75917706],
       [ 1.09618696,  0.84413561, -0.68876403, ...,  0.30321573,
         0.12458553, -0.54981399],
       [ 0.72866049,  0.72917011, -1.5464827 , ...,  0.54426227,
         0.08783149, -0.14076826],
       ..., 
       [ 0.31143362,  0.16976039, -0.35357757, ...,  0.32732781,
        -0.3744139 , -0.01757096],
       [-0.07515559, -0.03841522, -0.01329418, ...,  0.09467857,
        -0.08992149, -0.07551895],
       [ 0.05053428,  0.03507649,  0.01494226, ...,  0.00705118,
        -0.00348152, -0.0038738 ]])]Hidden bias: [array([ 1.73042418,  1.19407086, -3.0084089 ,  1.31094022, -2.43421873,
       -2.61968444,  2.89764122, -2.97134654, -2.18133027, -5.02507562,
       -2.57274884,  2.89459422, -4.60691997,  3.70888597,  4.02165301,
       -3.28437265, -3.00639448,  1.10421409, -2.47121866, -2.64172937])]Output weights: [[ -8.62735265]
 [ -8.50231975]
 [  3.66909386]
 [ 15.7711525 ]
 [  8.60627529]
 [  8.08495355]
 [-14.82532454]
 [  7.03650236]
 [  8.36376491]
 [ -6.21809706]
 [  5.81314521]
 [ -7.63508649]
 [ -0.86735442]
 [ -5.33423456]
 [ -7.10660836]
 [ -0.02220588]
 [ -2.31985484]
 [ -8.87473321]
 [  4.11764099]
 [  8.59520816]]Output bias: [-8.41366657]