Action MLP:
Initial hidden weights: [array([[ -2.49595691e-01,   2.21545756e-01,  -2.29520343e-01,
         -4.59394729e-01,  -3.97749746e-01,  -2.98508710e-01,
          3.69655068e-01,  -2.94697722e-01,   1.05103609e-01,
         -3.48109812e-01,  -4.19226730e-01,  -3.48348101e-01,
         -3.35323224e-01,  -1.68690650e-01,  -4.39257522e-01,
         -4.25797051e-03,  -4.99406137e-01,  -3.49962263e-02,
          4.04623167e-01,  -4.89004236e-01,   4.32883180e-01,
          7.42848816e-02,  -4.05280497e-01,   2.51646298e-01,
          1.80798832e-01,   3.56599214e-01,   1.74590276e-01,
          3.20126791e-01,  -4.67452037e-02,   3.88689109e-01,
         -4.92177486e-01,   1.81539705e-01,  -2.32350644e-01,
         -2.78499990e-01,  -5.32845822e-02,  -3.36313290e-01,
         -1.35315723e-01,  -2.92335357e-01,   3.57980407e-01,
          4.45288189e-01,   4.95759179e-01,  -1.32995973e-01,
          1.76602160e-01,   3.52634889e-01,   1.70860686e-01,
         -1.95427040e-01,   4.41292311e-02,   3.50437073e-01,
         -2.28570188e-01,   1.83119860e-01],
       [ -3.11964093e-01,   1.59817999e-02,  -4.22226680e-01,
          3.08668167e-02,  -1.14309740e-01,  -2.94706777e-01,
          2.06561533e-01,  -2.60781300e-01,   2.30044627e-01,
         -4.17853957e-01,   1.11172885e-01,   1.58856451e-01,
          2.34265842e-01,  -4.42099745e-01,  -2.94283961e-01,
          2.53212513e-01,  -2.20212656e-01,  -4.82671518e-01,
         -1.02996591e-01,  -1.28149320e-01,   2.61695465e-01,
          2.71085421e-01,  -2.46973143e-01,  -4.42769476e-01,
         -4.14988743e-01,  -2.39983260e-01,   2.88205445e-01,
          1.46307685e-01,  -3.15226989e-01,   3.23289483e-01,
         -2.65041962e-02,   4.93066771e-01,  -1.44258155e-01,
          2.89163683e-02,  -4.49182670e-02,  -4.74432710e-01,
         -2.20917850e-02,  -9.60988716e-03,  -2.84077187e-01,
         -3.93573370e-02,  -1.29889858e-02,  -1.12093566e-01,
          3.95217495e-02,   4.43979472e-01,   1.62476082e-01,
         -2.94738736e-01,   4.53970068e-01,  -1.82329922e-01,
          4.36956113e-01,  -2.54383462e-01],
       [ -1.64217799e-02,   1.31075027e-02,   2.20731321e-01,
         -2.08221462e-01,   2.99904030e-01,  -1.88220330e-01,
          4.82573983e-01,  -4.71427521e-01,  -4.77739549e-01,
         -2.05240303e-01,   2.87048871e-01,  -1.12160057e-01,
          4.48401775e-01,  -2.19781778e-01,  -3.88069126e-01,
         -4.30657817e-01,   2.26887291e-01,  -3.38383379e-01,
         -2.98752550e-01,   4.28646105e-01,   4.69671473e-01,
         -2.65311982e-01,  -2.43057328e-01,  -4.50439131e-01,
          9.22876731e-02,  -2.93006385e-01,  -2.69063046e-01,
          3.09247511e-01,   4.96191740e-01,   3.65049666e-01,
         -7.41667272e-02,  -1.43941401e-01,   4.37122126e-03,
         -4.83888928e-01,   3.64736404e-01,  -5.31355144e-02,
          1.11765784e-01,   1.76388153e-01,   1.81518697e-01,
          2.01389800e-01,   4.37259604e-01,   4.11608377e-01,
         -4.93974171e-01,  -2.31299257e-01,  -3.29945276e-01,
         -3.26204182e-01,  -3.06525593e-02,  -2.96274123e-01,
         -2.42479809e-01,  -1.64113009e-01],
       [ -1.14226327e-01,  -3.68906613e-01,   4.82028634e-01,
         -5.83489228e-02,   1.99970101e-01,   1.75886543e-01,
          1.25808504e-01,   2.46385475e-01,   4.70932836e-01,
         -4.42031659e-01,  -4.25955300e-01,   1.64445261e-01,
          4.54323351e-01,  -3.94689545e-01,   6.24933955e-02,
         -3.94661807e-01,   1.88978958e-01,   5.89156483e-02,
          4.96711426e-02,  -4.41983125e-01,   3.80578692e-01,
         -3.03225536e-01,  -4.00578653e-01,  -3.15035196e-01,
          1.89269755e-01,  -1.41523026e-02,   3.45181188e-01,
          3.77347233e-01,  -1.20512988e-02,  -2.32217665e-01,
         -4.04820827e-01,   2.17508932e-02,  -2.21187830e-01,
          3.62015815e-01,   2.14897444e-01,  -3.99395411e-01,
          4.09703607e-01,  -4.31320395e-01,   3.49300845e-01,
         -4.39595577e-01,  -8.67878273e-02,   2.46797719e-01,
          9.50810786e-02,   2.88144891e-01,   1.54680934e-01,
          3.91620243e-01,   2.08321223e-02,  -1.08639047e-01,
         -6.64558019e-02,   8.53281161e-02],
       [ -3.19356985e-01,  -2.20855007e-01,   4.71594070e-01,
         -6.72622001e-02,   4.64112772e-01,  -2.38641194e-01,
          1.85445616e-01,   3.44224856e-01,  -1.73094708e-01,
          3.74407725e-03,  -2.58285121e-01,  -4.49886051e-01,
          3.80916098e-01,   4.75920045e-01,  -2.07211748e-01,
          4.25742405e-01,  -3.00423603e-01,  -2.91651306e-01,
         -2.02876571e-01,   4.98962135e-01,   8.76087435e-02,
         -1.53933427e-01,  -4.90277398e-01,  -8.65159888e-03,
          4.73811486e-01,  -3.31307802e-02,  -2.86158567e-01,
         -3.20475630e-01,  -4.97002810e-01,   4.57039601e-01,
          2.16039445e-01,  -1.51818563e-01,  -9.72234103e-02,
          9.60088821e-02,  -3.78258501e-01,  -1.15289591e-01,
          3.74898927e-01,  -3.59030678e-01,  -3.48177217e-01,
          3.74421231e-01,  -3.42149844e-01,  -2.26646446e-01,
         -1.81341887e-01,   4.26751636e-01,   4.88584915e-02,
         -2.21168067e-01,   4.15571034e-01,   4.59471807e-01,
         -5.31413440e-02,  -2.35444049e-01],
       [ -9.24056939e-02,   2.71522184e-01,  -4.20720769e-01,
          4.38425252e-01,   1.85644149e-01,  -4.32896997e-01,
         -8.26117859e-02,  -1.08645681e-01,  -4.74394944e-01,
          1.41742110e-01,   7.62879461e-02,  -1.45167776e-01,
         -1.58301058e-01,   4.58479011e-01,  -2.95090808e-01,
         -2.13494237e-01,   2.40840307e-01,  -1.69510912e-02,
         -1.43318288e-01,  -6.21120394e-02,  -3.79025449e-01,
         -7.82088182e-02,  -4.45039296e-01,  -3.58983312e-01,
          3.26266222e-01,   4.73559742e-01,  -4.65218690e-01,
          4.62585497e-01,   1.50127293e-01,   8.64656418e-02,
         -3.30753103e-01,  -3.61419499e-02,   1.17313590e-01,
         -3.07742196e-01,  -5.45377598e-02,   3.49911124e-01,
         -2.31311607e-01,  -1.42849230e-01,   2.48899273e-01,
          3.28048702e-01,   4.75518435e-01,   2.11780003e-01,
          1.53000926e-01,  -1.77868903e-01,   2.08293339e-01,
          3.91677629e-01,   7.78275396e-02,  -3.38789028e-01,
         -3.84385845e-01,  -1.79170003e-01],
       [  2.05378177e-01,  -4.98121494e-01,  -1.78098756e-01,
          1.74758615e-02,  -3.58708283e-01,  -5.58208490e-02,
         -4.29156353e-01,   2.60977215e-01,  -4.59050036e-01,
         -3.23405059e-01,   2.28395614e-01,   3.81261935e-01,
         -2.56720180e-01,  -1.14590376e-01,  -2.53301425e-02,
         -2.40801216e-02,   2.80575042e-01,   3.25745895e-01,
          7.21821011e-02,  -2.72073569e-01,   3.17764449e-01,
         -3.13032672e-03,   3.61405917e-01,   3.57573122e-01,
         -1.49945454e-01,  -1.26890518e-01,  -3.58076216e-01,
         -1.57089029e-01,   3.63437624e-01,  -2.56089323e-01,
         -4.19821741e-01,   2.28706698e-01,   3.09694983e-01,
          1.11291850e-02,   3.37012412e-01,   4.89832314e-01,
         -3.70244325e-01,   1.68612309e-01,  -3.31756853e-01,
         -1.17069722e-01,  -2.27239751e-01,   4.30341006e-01,
          3.90000929e-01,  -2.09832111e-01,  -3.36540682e-01,
         -3.54293398e-01,  -2.89265619e-01,   8.11070405e-02,
          4.05759625e-01,   1.51677762e-01],
       [  3.92296183e-01,   2.34468415e-01,  -8.30777088e-02,
         -1.64558525e-02,  -1.64258743e-01,   3.29554146e-01,
         -4.26810114e-02,   3.28337367e-01,  -7.11704369e-02,
          2.30083129e-01,  -1.99404875e-01,   4.61234087e-01,
          2.97461321e-01,   2.91964444e-01,   4.87370563e-01,
          3.15414883e-01,   1.51006336e-01,   2.87512113e-01,
          2.20444495e-01,   3.05230925e-01,   3.27051837e-01,
          1.83156172e-01,   3.69249549e-01,  -9.19218198e-02,
         -2.71310805e-01,  -1.76318078e-01,   2.70000170e-01,
         -3.27590606e-01,  -1.51207067e-01,  -2.80670755e-02,
          3.89846437e-01,   3.17120937e-01,  -1.88453835e-01,
         -3.72412573e-01,  -1.83460014e-01,   4.52204484e-02,
          2.79823885e-01,  -3.78371130e-01,   1.86581027e-01,
          3.84692773e-01,  -4.01438607e-03,  -1.26161909e-01,
          3.24447281e-01,   2.24357138e-01,  -3.56625104e-04,
         -4.42339185e-01,  -4.46266700e-02,  -2.94098214e-01,
          2.36701802e-01,  -1.47639180e-01]])]
Initial hidden bias: [array([-1., -1., -1., -1., -1., -1., -1., -1., -1., -1., -1., -1., -1.,
       -1., -1., -1., -1., -1., -1., -1., -1., -1., -1., -1., -1., -1.,
       -1., -1., -1., -1., -1., -1., -1., -1., -1., -1., -1., -1., -1.,
       -1., -1., -1., -1., -1., -1., -1., -1., -1., -1., -1.])]
Initial output weights: [[ 0.24401084 -0.47433176]
 [ 0.21577358 -0.08014231]
 [-0.46727793 -0.02588468]
 [-0.3077891   0.07309485]
 [-0.29812158  0.10762348]
 [-0.08619942  0.00320511]
 [ 0.34094913 -0.16810688]
 [ 0.03056533 -0.4564085 ]
 [-0.47343816 -0.25997454]
 [ 0.08673097 -0.4466159 ]
 [ 0.38064508 -0.31304198]
 [-0.03122    -0.29204161]
 [ 0.09478826 -0.01672719]
 [-0.29122534  0.33347061]
 [ 0.34640475  0.24006417]
 [-0.05546023  0.4881037 ]
 [-0.1650752   0.28417766]
 [-0.05850521  0.29714553]
 [ 0.14866422  0.38250258]
 [ 0.01718309  0.29622718]
 [-0.17827848 -0.1615576 ]
 [ 0.21231174 -0.0228217 ]
 [ 0.4786297   0.37894157]
 [ 0.09561879  0.38271439]
 [-0.18067481 -0.34104767]
 [-0.49470244  0.14670762]
 [-0.18893076 -0.25657547]
 [ 0.12700342  0.04483862]
 [-0.25208153 -0.23576904]
 [ 0.43941964  0.4187402 ]
 [ 0.34110484 -0.28997825]
 [-0.17391459 -0.17042747]
 [ 0.41692038  0.18462865]
 [-0.1904399  -0.48319068]
 [ 0.24447336  0.23966793]
 [-0.32104993  0.44104812]
 [-0.28436564  0.39187591]
 [ 0.12353027 -0.02501106]
 [ 0.30039968 -0.46722613]
 [ 0.26849942  0.11734424]
 [-0.15551315  0.49545569]
 [-0.45872778 -0.11133077]
 [ 0.38251213 -0.16363489]
 [ 0.42057812 -0.18426122]
 [ 0.4510253   0.43672497]
 [ 0.05871607 -0.45661837]
 [-0.42271504 -0.17328999]
 [ 0.38351769  0.20784112]
 [ 0.4176814  -0.31653593]
 [-0.13110268 -0.12214169]]
Initial output bias: [ 1.  1.]
Value MLP:
Initial hidden weights: [array([[ 0.27590707,  0.11774268,  0.45257389,  0.11996159,  0.45360258,
        -0.412179  ,  0.38177188, -0.38512402,  0.16066632, -0.15020287,
        -0.24112192, -0.37105774,  0.28310134,  0.47649279,  0.48969264,
         0.05928774,  0.14193858,  0.45029991, -0.20921678, -0.3856595 ,
         0.48767792,  0.2159444 ,  0.20128243, -0.12782718,  0.23470511,
         0.28230623, -0.16547415,  0.24349701,  0.19238831, -0.29151704,
        -0.399051  ,  0.47690098,  0.10745401,  0.10021881,  0.11593453,
         0.14241647,  0.43312894,  0.14216944, -0.22643671, -0.23852391,
        -0.44177428,  0.04543491,  0.01039264,  0.11450273, -0.28064751,
         0.19559791, -0.32386944,  0.41635077,  0.13669952, -0.0555277 ],
       [-0.18378596, -0.17145769, -0.14051333,  0.30186263,  0.01893623,
        -0.00087168,  0.38585486,  0.15878782,  0.39248842, -0.22182114,
        -0.35222341, -0.11710179, -0.19281968, -0.0111362 , -0.07011065,
         0.17524499,  0.33770366,  0.13042672,  0.29954081, -0.35220356,
         0.29482597, -0.45615181, -0.42280396,  0.19287367, -0.36769084,
         0.04611368, -0.02130477,  0.20161344, -0.0460869 , -0.42028706,
         0.20984669,  0.16486975,  0.4948396 , -0.29416943,  0.22655636,
         0.13562526, -0.18206727, -0.079529  ,  0.03769826, -0.12476297,
         0.43838905, -0.02169458, -0.0016456 ,  0.44229106,  0.31891064,
        -0.11047484, -0.43807458, -0.15255911,  0.416272  , -0.31368085],
       [-0.38337603,  0.27683404, -0.01042781,  0.04453867, -0.01039863,
        -0.19204119,  0.41427137,  0.23389684,  0.38345919, -0.25976495,
        -0.08259135,  0.45507193, -0.33072807, -0.07617764, -0.04219218,
        -0.16041704,  0.26470892,  0.49942077,  0.46710015,  0.1176272 ,
        -0.42486157, -0.32125308, -0.31314584,  0.08690613,  0.34704998,
         0.47109172, -0.21836403, -0.22301434,  0.04869721, -0.41851191,
         0.25717166,  0.09865749, -0.33185487, -0.30330576,  0.3810952 ,
        -0.4108886 ,  0.48643535,  0.1671496 ,  0.39427147, -0.40856195,
         0.40453072, -0.31792347, -0.21564516,  0.17685245, -0.29725471,
         0.3532515 , -0.39159105,  0.00157585, -0.15354227,  0.15817971],
       [-0.33377982, -0.47095452,  0.43939491,  0.44626315,  0.02160359,
        -0.0388121 , -0.36237106,  0.41910209,  0.14624123,  0.12826516,
         0.07742922, -0.23517304, -0.16759453,  0.43088661,  0.45672695,
         0.00093309,  0.37847702,  0.25105367,  0.30700014,  0.28682858,
         0.37527725, -0.1129143 ,  0.33147281,  0.38225515,  0.46762117,
        -0.32061527, -0.32147689,  0.23028771, -0.49565417,  0.48086993,
        -0.37629298, -0.00075339,  0.20267104, -0.40193228, -0.26686007,
        -0.1896847 ,  0.06146143,  0.44293657, -0.0167527 ,  0.00868878,
        -0.38129509, -0.0567031 , -0.49130847, -0.14031452, -0.31053678,
         0.28159028, -0.0394826 ,  0.48350169,  0.33500821, -0.1423646 ],
       [ 0.33067565,  0.05195211,  0.19880383, -0.37142541,  0.02201921,
        -0.29252649, -0.045614  ,  0.21761588, -0.0065855 ,  0.47042393,
        -0.18756454,  0.3128688 , -0.13525931, -0.32686047,  0.40193621,
         0.42542624, -0.45769253,  0.42323087,  0.30784583, -0.27138313,
         0.24307253, -0.19415241,  0.46453808, -0.1910405 ,  0.15193176,
        -0.12019895,  0.25135429,  0.12648668, -0.29788594,  0.11714609,
         0.05995921, -0.01254568, -0.15892469,  0.19479074,  0.39504989,
        -0.33272834,  0.39451098, -0.19015155,  0.31692095, -0.25826341,
        -0.02227457,  0.12451684,  0.3867319 ,  0.00558532, -0.34931865,
         0.3912712 , -0.16182776,  0.44385419,  0.34115357,  0.04893635],
       [-0.49219748,  0.40232433, -0.37978797,  0.04795231,  0.19484553,
         0.37198306, -0.37969407,  0.2439068 , -0.18719891,  0.22032912,
        -0.41049336,  0.39715077, -0.44443364,  0.23077036,  0.34445891,
         0.4429283 , -0.43127104,  0.10632544,  0.17848418, -0.05085458,
         0.44320769, -0.27421049,  0.28966978, -0.11822955,  0.17482595,
        -0.45569458, -0.17789638, -0.31257631, -0.08945605, -0.47345425,
        -0.13593025,  0.19927756, -0.43577136,  0.23869057,  0.08450807,
         0.47486425, -0.40554309, -0.23404151, -0.31140756,  0.42764765,
         0.46323085,  0.12218863,  0.46047598, -0.2535906 ,  0.48898077,
         0.14535566, -0.19791695,  0.39380764, -0.48408702, -0.05798018],
       [ 0.18825186,  0.24503658,  0.23099952,  0.36871904,  0.25290493,
         0.42138715, -0.35382457,  0.26144992, -0.48713224, -0.10776981,
         0.00666922, -0.31260294, -0.023872  ,  0.20539726, -0.17016735,
         0.1007088 , -0.30891118, -0.15057776, -0.06065439, -0.44159368,
        -0.29571862,  0.31286715, -0.03874688,  0.09773776, -0.34959978,
        -0.39199843,  0.13520887, -0.09871489, -0.42745287,  0.19325971,
        -0.44666255,  0.02016315, -0.00539796,  0.25218785,  0.35214432,
         0.11443781,  0.23482556,  0.19837107, -0.39516597,  0.32217895,
        -0.20827466,  0.07455871,  0.3293871 ,  0.44103039,  0.03158811,
        -0.3105912 ,  0.20045575,  0.44886448, -0.06452243, -0.45405224],
       [ 0.11469486, -0.32763705, -0.00371988, -0.45646557, -0.35193895,
         0.17596427, -0.11339207,  0.28973426,  0.10777433,  0.017063  ,
        -0.4384774 ,  0.23893502, -0.01689036,  0.0830726 , -0.15684165,
        -0.31613674, -0.06962506,  0.24539798,  0.26489014, -0.41927953,
        -0.1324427 , -0.41614084,  0.10358175,  0.17614089, -0.04087537,
         0.48972976,  0.05243814, -0.43158455,  0.29197486,  0.17621764,
         0.03848565,  0.06370637,  0.14758816,  0.10906592,  0.47285615,
         0.26653658,  0.36469277,  0.44783088,  0.18303366, -0.0349401 ,
         0.43094798,  0.22118872,  0.34180333,  0.14405067,  0.35559052,
        -0.01923358, -0.40949845,  0.39828767, -0.37611673, -0.07373023]])]
Initial hidden bias: [array([-1., -1., -1., -1., -1., -1., -1., -1., -1., -1., -1., -1., -1.,
       -1., -1., -1., -1., -1., -1., -1., -1., -1., -1., -1., -1., -1.,
       -1., -1., -1., -1., -1., -1., -1., -1., -1., -1., -1., -1., -1.,
       -1., -1., -1., -1., -1., -1., -1., -1., -1., -1., -1.])]
Initial output weights: [[  1.21574379e-04]
 [  2.10487550e-02]
 [  2.82371478e-01]
 [  8.73434308e-02]
 [ -2.47072694e-01]
 [  2.06526687e-01]
 [ -2.16574901e-01]
 [ -2.48437395e-01]
 [ -1.09527436e-01]
 [ -8.32077906e-02]
 [  4.27541037e-01]
 [ -1.38407742e-02]
 [ -6.36846897e-03]
 [ -1.09970106e-01]
 [  7.84507783e-02]
 [ -3.22172838e-01]
 [ -3.74720338e-01]
 [  2.42155499e-01]
 [  4.81691502e-01]
 [  4.62338867e-01]
 [ -3.20194180e-01]
 [ -3.59676303e-01]
 [ -1.26979712e-01]
 [  4.34829852e-02]
 [  3.06816195e-01]
 [ -3.64495599e-02]
 [ -4.81163809e-01]
 [  3.70240342e-01]
 [  3.29831299e-01]
 [ -2.73084757e-01]
 [ -3.07387342e-01]
 [  1.89669524e-01]
 [  1.00574840e-01]
 [  3.10998894e-01]
 [  1.25629200e-01]
 [  2.92155537e-01]
 [  4.39578705e-01]
 [ -1.09974286e-01]
 [  5.44906342e-02]
 [  3.98126623e-01]
 [ -9.10373696e-02]
 [ -3.49577030e-01]
 [  3.41329667e-01]
 [  1.33474070e-01]
 [  3.72614504e-01]
 [  3.43080857e-01]
 [  4.70362053e-01]
 [  3.38559496e-01]
 [ -3.20132545e-01]
 [  2.60233505e-01]]
Initial output bias: [ 1.]
