Action MLP:Hidden weights: [array([[ -3.11613335e-01,   2.06418960e-01,  -2.25407546e-01,
         -4.46419398e-01,  -3.69524096e-01,  -3.01190377e-01,
          3.24976711e-01,  -3.51601953e-01,   7.20588215e-02,
         -3.98490069e-01,  -4.72750298e-01,  -3.87526441e-01,
         -3.46945346e-01,  -1.20425885e-01,  -4.06215845e-01,
          9.83281326e-02,  -4.48515238e-01,   5.75888895e-03,
          4.63178890e-01,  -4.60045310e-01,   4.32987438e-01,
          9.05646518e-02,  -3.48124205e-01,   2.97606553e-01,
          1.62409153e-01,   3.96547493e-01,   1.46966393e-01,
          3.39263679e-01,  -7.02219981e-02,   4.12854776e-01,
         -5.50033146e-01,   1.72576006e-01,  -2.05618230e-01,
         -3.21370897e-01,  -2.04723737e-02,  -2.96568243e-01,
         -1.04294124e-01,  -2.98506386e-01,   3.14392813e-01,
          4.28732505e-01,   5.96312864e-01,  -1.26159547e-01,
          1.71370780e-01,   3.31878590e-01,   2.15976022e-01,
         -2.20479124e-01,   5.94997470e-02,   3.71194633e-01,
         -2.67472312e-01,   1.73053868e-01],
       [ -1.81628472e-01,   2.00842521e-01,  -3.46511805e-01,
          1.98931941e-01,  -1.18671450e-03,  -2.13938184e-01,
          3.75832223e-01,  -2.25184209e-01,   3.35415592e-01,
         -3.86551853e-01,   3.29767464e-01,   3.08370529e-01,
          3.81011102e-01,  -2.46246254e-01,  -2.37657998e-01,
          3.44816217e-01,  -1.17797819e-01,  -4.06740862e-01,
          2.24250795e-02,  -1.35558519e-02,   3.90378387e-01,
          4.51160707e-01,  -1.95048245e-01,  -3.95963374e-01,
         -4.02799320e-01,  -7.36825224e-02,   4.47965074e-01,
          3.24759334e-01,  -2.37004205e-01,   5.37321047e-01,
          1.95463132e-01,   5.87187914e-01,   4.00585197e-02,
          1.40902450e-01,   3.89833691e-02,  -3.68296136e-01,
          2.72346676e-02,   1.73937034e-01,  -2.64416926e-01,
          1.80638048e-01,   1.34459287e-01,  -3.49574057e-02,
          1.33651518e-01,   5.90285742e-01,   4.79068650e-01,
         -3.45338479e-01,   4.92716369e-01,  -9.48090345e-02,
          6.72057909e-01,  -1.52683682e-01],
       [ -2.02829049e-02,   1.00178845e-02,   1.81358815e-01,
         -2.88456271e-01,   3.06594203e-01,  -2.08391194e-01,
          4.85601324e-01,  -5.13727451e-01,  -5.09931689e-01,
         -2.06155849e-01,   3.26528319e-01,  -7.23935625e-02,
          4.50308073e-01,  -2.97429933e-01,  -3.59761614e-01,
         -3.74052887e-01,   2.56847462e-01,  -3.25989248e-01,
         -3.12846883e-01,   4.67777981e-01,   5.25335840e-01,
         -2.19829380e-01,  -2.25555698e-01,  -4.26374754e-01,
          9.78794670e-02,  -3.52119244e-01,  -2.33639123e-01,
          2.61370831e-01,   5.07565105e-01,   3.51783473e-01,
         -8.39137756e-03,  -1.46549812e-01,   3.47979483e-02,
         -4.56258057e-01,   3.41647473e-01,  -6.23164403e-02,
          3.53057493e-02,   1.81192736e-01,   1.59858660e-01,
          1.96341564e-01,   4.42894935e-01,   4.48852926e-01,
         -4.28310638e-01,  -1.59538928e-01,  -3.84789834e-01,
         -3.02462946e-01,  -3.32763327e-02,  -2.33002327e-01,
         -7.03425209e-02,  -1.70371627e-01],
       [ -2.05935759e-01,  -4.68447421e-01,   4.51081011e-01,
         -7.16225302e-02,   1.91559995e-01,   1.39886987e-01,
          2.25766604e-02,   8.33712466e-02,   4.53844430e-01,
         -5.69903624e-01,  -5.94478692e-01,   7.76772846e-02,
          3.92555112e-01,  -3.89279218e-01,   8.40603769e-02,
         -2.76860517e-01,   1.96494901e-01,   6.73799367e-02,
          3.69220578e-02,  -4.49196157e-01,   3.59945855e-01,
         -3.81872692e-01,  -3.77012592e-01,  -2.78114711e-01,
          1.32566276e-01,  -3.32620201e-02,   2.85120271e-01,
          3.04772051e-01,  -8.56740170e-03,  -3.01531519e-01,
         -5.51947565e-01,  -1.81849845e-02,  -2.73166652e-01,
          2.67385493e-01,   1.53195907e-01,  -3.74589143e-01,
          4.20348177e-01,  -5.34387612e-01,   3.09008662e-01,
         -5.25683934e-01,  -1.26227713e-01,   2.63043059e-01,
          2.32153159e-02,   1.89975871e-01,   1.03536152e-01,
          3.28528319e-01,   2.88634667e-02,  -1.15648733e-01,
         -2.43933986e-01,   3.73313407e-02],
       [ -2.69734015e-01,  -1.94095338e-01,   4.69009212e-01,
         -3.11542138e-02,   4.23733701e-01,  -2.38183242e-01,
          2.25344543e-01,   4.64745181e-01,  -1.44498047e-01,
          1.08511211e-01,  -1.89705903e-01,  -4.55936008e-01,
          4.09741631e-01,   5.03664599e-01,  -2.07641279e-01,
          2.75514083e-01,  -3.60403568e-01,  -3.29004128e-01,
         -2.38337446e-01,   4.40792670e-01,   5.38018699e-02,
         -1.66909311e-01,  -4.55886779e-01,  -3.98408196e-02,
          5.19366880e-01,  -1.13036276e-04,  -2.78489692e-01,
         -3.15005848e-01,  -5.09247624e-01,   3.81930925e-01,
          2.97070523e-01,  -1.42410135e-01,  -1.03380527e-01,
          1.24810335e-01,  -3.57747795e-01,  -1.59751938e-01,
          3.33920146e-01,  -3.29849114e-01,  -2.82913396e-01,
          3.80527332e-01,  -4.54917956e-01,  -2.75365566e-01,
         -1.81108299e-01,   4.21192866e-01,  -2.04516951e-02,
         -1.49701801e-01,   4.27971573e-01,   3.88082572e-01,
         -8.18688458e-02,  -2.28230487e-01],
       [ -4.55151434e-03,   3.43441498e-01,  -4.05046481e-01,
          5.39179794e-01,   1.11589014e-01,  -4.34972704e-01,
         -1.36729300e-01,  -1.05807471e-02,  -5.11671862e-01,
          1.93843644e-01,   2.44788045e-02,  -2.03995521e-01,
         -1.48012686e-01,   6.38882153e-01,  -3.16390730e-01,
         -2.53636402e-01,   1.51646565e-01,  -1.54633205e-01,
         -1.52558540e-01,  -1.31512358e-01,  -4.70892837e-01,
         -5.98595152e-02,  -3.86838344e-01,  -4.26208496e-01,
          3.32662390e-01,   5.20691940e-01,  -5.63097928e-01,
          5.39641705e-01,   1.28821621e-01,   2.60934408e-01,
         -3.37340312e-01,  -7.26077717e-02,   1.74058637e-01,
         -3.74313601e-01,  -9.94780991e-03,   2.77304937e-01,
         -2.54832394e-01,  -1.50977677e-01,   2.83207424e-01,
          4.53670115e-01,   4.91703337e-01,   2.09912240e-01,
          2.65164978e-01,  -1.84650803e-01,   5.89902955e-01,
          4.62284733e-01,  -2.78918847e-02,  -3.65496410e-01,
         -6.15046722e-01,  -1.68818568e-01],
       [  2.39631190e-01,  -4.93080378e-01,  -1.71738579e-01,
          1.30365212e-02,  -3.56977326e-01,  -4.72480192e-02,
         -4.23512805e-01,   2.94633280e-01,  -4.54626706e-01,
         -2.86605538e-01,   2.52752759e-01,   4.14626328e-01,
         -2.49298566e-01,  -1.27822407e-01,  -3.08002847e-02,
         -2.83701768e-02,   2.56901304e-01,   3.14637853e-01,
          7.45517918e-02,  -2.73104758e-01,   3.44357332e-01,
          3.69886227e-04,   3.27222144e-01,   3.43548718e-01,
         -1.28634826e-01,  -1.33367086e-01,  -3.51033302e-01,
         -1.74196334e-01,   3.93717470e-01,  -2.76145693e-01,
         -4.07859114e-01,   2.41082286e-01,   2.71618516e-01,
          4.10627491e-02,   3.16122867e-01,   4.47666356e-01,
         -3.63404940e-01,   1.76292057e-01,  -3.11290355e-01,
         -1.14574213e-01,  -2.45735715e-01,   4.46497146e-01,
          3.93423376e-01,  -2.04458922e-01,  -3.57007215e-01,
         -3.35508020e-01,  -2.79673550e-01,   7.97488379e-02,
          4.37068606e-01,   1.66437300e-01],
       [  3.31569904e-01,   2.03594161e-01,  -4.87839415e-02,
         -4.45223051e-03,  -1.67916683e-01,   3.52105054e-01,
         -8.05041896e-02,   3.26934702e-01,  -3.22029246e-02,
          2.13776299e-01,  -2.31843490e-01,   4.41374036e-01,
          2.94198314e-01,   3.29308536e-01,   4.71430293e-01,
          3.05229875e-01,   1.58196634e-01,   3.13141366e-01,
          2.33698732e-01,   2.91665792e-01,   3.22353242e-01,
          1.53210800e-01,   3.47467323e-01,  -6.34266706e-02,
         -2.51890699e-01,  -1.57489346e-01,   2.84761007e-01,
         -3.37472570e-01,  -1.52184722e-01,  -8.62404028e-02,
          3.36073361e-01,   3.27849917e-01,  -2.11973765e-01,
         -3.82151866e-01,  -1.68705059e-01,   6.72137731e-02,
          3.34915625e-01,  -3.89982818e-01,   1.71409401e-01,
          3.61269812e-01,  -1.47078163e-02,  -1.24738058e-01,
          3.05630688e-01,   1.89432645e-01,  -4.63005513e-02,
         -4.10080531e-01,  -2.84478345e-02,  -3.08491227e-01,
          1.58909002e-01,  -1.36823229e-01]])]Hidden bias: [array([-0.88856612, -0.82525083, -0.86091802, -0.77459518, -0.86019374,
       -0.85320911, -0.85343408, -0.85295855, -0.80152758, -0.90174374,
       -0.80717918, -0.79060836, -0.82168572, -0.74197594, -0.95510053,
       -0.94909358, -0.87235508, -0.87672267, -0.83781289, -0.89439037,
       -0.79944268, -0.83222342, -1.02071706, -0.93823759, -0.91948367,
       -0.75345948, -0.76407059, -0.79956081, -0.85996702, -0.89616671,
       -0.78135935, -0.81901117, -0.88354262, -0.80934199, -0.89798397,
       -0.89386586, -0.86661184, -0.79395382, -0.97617795, -0.81366659,
       -0.80481277, -0.84463965, -0.91465596, -0.8677752 , -0.75250064,
       -0.99340098, -0.8752249 , -0.92147512, -0.79350316, -0.83327851])]Output weights: [[ 0.19104888 -0.39414514]
 [ 0.25834396  0.03081991]
 [-0.35734842  0.04171858]
 [-0.1240716   0.16187826]
 [-0.13123266  0.00832124]
 [-0.10237974  0.11113089]
 [ 0.3426968  -0.13918529]
 [-0.03964661 -0.46480153]
 [-0.37779732 -0.13201427]
 [ 0.10715347 -0.53889423]
 [ 0.45648425 -0.29367216]
 [-0.03222116 -0.21512263]
 [ 0.14847337 -0.10103866]
 [-0.23559338  0.24736424]
 [ 0.23994115  0.28076851]
 [-0.00110389  0.26128337]
 [-0.12145486  0.2334404 ]
 [-0.07938658  0.32988016]
 [ 0.11731314  0.44541089]
 [ 0.12710587  0.08669552]
 [-0.13599166 -0.22292824]
 [ 0.23125348  0.02874562]
 [ 0.36717511  0.31064993]
 [ 0.06720468  0.39776888]
 [-0.0661303  -0.42799908]
 [-0.32633082  0.20466359]
 [-0.12435439 -0.17858578]
 [ 0.11200264  0.23654557]
 [-0.21459682 -0.16152214]
 [ 0.4280416   0.30171698]
 [ 0.29049825 -0.34160752]
 [-0.04017458 -0.02498236]
 [ 0.41910454  0.08862118]
 [-0.15066414 -0.33040433]
 [ 0.21070179  0.20410193]
 [-0.20963754  0.15226121]
 [-0.21825048  0.36408355]
 [ 0.24864316 -0.09300315]
 [ 0.27287228 -0.33830859]
 [ 0.28209345  0.12199819]
 [-0.07598685  0.56272801]
 [-0.38673274 -0.09476855]
 [ 0.31267491 -0.05804845]
 [ 0.32012912 -0.07157167]
 [ 0.40063722  0.5600111 ]
 [ 0.15265527 -0.41432403]
 [-0.16732378 -0.12011273]
 [ 0.34197788  0.19066539]
 [ 0.37490722 -0.36841146]
 [-0.08691445 -0.03456871]]Output bias: [ 0.91975961  0.96046353]
Value MLP:Hidden weights: [array([[  6.51611537e-01,  -1.78709004e-01,   1.38667676e-01,
         -1.31125537e+00,   5.05212745e-01,  -7.57298633e+00,
         -1.20637212e+00,  -2.86997813e-01,  -2.07610426e-01,
          4.62065705e-02,  -7.52582770e-01,  -6.95039144e-01,
         -2.02264899e+00,   2.15691785e-01,  -1.89263019e-02,
          3.31057596e-01,  -8.88811683e-02,  -5.84922114e-01,
         -1.05947840e+00,  -4.42333702e-01,   3.51430982e-02,
         -2.79626467e+00,   1.62804337e-01,   3.72822536e-01,
         -2.54082223e+00,   1.33865314e+00,  -6.00705581e-01,
          1.73124349e-01,  -2.97790078e+00,   2.50443142e-01,
         -7.77533456e-01,   3.96446787e-01,   2.70497872e-01,
         -6.67074359e+00,  -2.36310460e+00,  -5.58322083e+00,
         -2.17389030e+00,  -2.37769752e+00,  -1.02325571e+00,
         -1.28259728e+00,  -4.81601965e-01,  -1.62448986e+00,
          6.40467767e-02,   4.45619273e-01,  -2.47225873e-01,
          3.78526585e-01,   5.34998546e-02,  -3.19031017e+00,
          5.46200403e+00,  -9.69915284e-01],
       [ -1.23069761e+00,  -1.41302596e+00,  -1.36254566e+00,
         -2.16230419e+00,  -1.51863875e+00,  -5.91810645e+00,
         -1.97209830e+00,  -1.08981354e+00,  -8.84323967e-01,
         -1.16432198e+00,  -1.97414254e+00,  -1.55089914e+00,
         -3.42613572e+00,  -1.42230153e+00,  -1.50303186e+00,
          3.08888068e+00,  -1.09182674e+00,  -1.95651943e+00,
         -7.04789421e-01,  -1.27507963e+00,   2.61740063e+00,
         -1.13278665e+00,  -1.48967203e+00,  -1.14485561e+00,
         -3.24996243e-01,   4.30648396e-01,  -1.23698181e+00,
         -1.08241051e+00,  -2.98969788e+00,  -1.03276772e+00,
         -1.20267077e+00,  -1.22358226e+00,  -8.59855264e-01,
         -6.00707822e+00,  -2.38079842e-01,  -4.72536430e+00,
         -3.14052642e+00,  -2.41170131e+00,  -1.47118383e+00,
         -1.42403375e+00,  -1.01119464e+00,  -5.97172009e+00,
         -1.69025908e+00,  -3.01990083e+00,  -9.87552738e-01,
         -1.21099168e+00,  -8.67769433e-01,  -6.74290214e-01,
          2.80121638e+00,  -1.53215364e+00],
       [  3.95381403e-01,  -7.12393222e-01,  -2.97293242e-01,
         -2.50530283e+00,   1.08553161e+00,  -1.30152603e+01,
         -1.13800513e+00,   2.18409366e-01,   4.32201875e+00,
          2.32956634e-01,  -3.95938641e-01,  -1.72725576e-01,
         -2.29375315e+00,   4.10913484e+00,  -2.09676891e-01,
          1.55009692e+00,  -1.13577651e-01,  -3.88353461e-01,
          2.11720913e+00,  -1.48742509e-03,  -3.87127586e-01,
         -3.10141556e+00,  -6.16273986e-01,   3.10229611e+00,
         -4.77565449e+00,   5.91255667e+00,  -5.57808776e-01,
         -2.90456006e-02,  -3.65992347e+00,   2.45282553e+00,
          2.66846225e-01,  -4.71607553e-02,   2.00984769e+00,
         -1.17674470e+01,  -3.91171096e+00,  -8.75969616e+00,
         -9.16868321e-01,  -2.23097870e+00,   1.56819582e-01,
          3.06451447e+00,   1.66192410e-01,  -8.30962825e-01,
          1.91145273e-01,   1.47746125e+00,  -1.93957069e-01,
         -5.97540781e-01,   1.91541434e+00,  -3.35814256e+00,
          1.31356452e+01,  -6.47449053e-01],
       [  1.68517543e+00,   3.30923104e-01,   9.44099016e-01,
          1.27265722e+00,   6.73677658e-01,  -6.41844608e+00,
          3.40294435e+00,   1.88413083e+00,   1.47257115e+00,
          1.44575207e+00,   4.27169925e+00,   2.12807439e+00,
          5.93072211e+00,   5.44042799e+00,   1.84274617e+00,
          3.05687911e-01,   5.29262496e-01,   1.24749063e+00,
          1.47544982e+00,   9.35130537e-01,  -2.51321942e+00,
          3.11189195e+00,   1.35109189e+00,   8.83078492e-01,
          1.66395028e+00,   1.63042784e+00,   2.35261342e+00,
          7.85431074e-01,   4.36467795e+00,   1.25623172e+00,
          9.45987345e-01,   1.32215930e+00,   1.56003581e+00,
         -2.91382943e+00,  -1.27210354e+00,   1.93240746e+00,
          3.49304939e+00,   4.04518101e+00,   7.61467513e-01,
          6.01892792e+00,   1.30722183e-01,  -6.01136356e-02,
          1.85810988e+00,   8.58391280e-01,   9.95830561e-01,
          1.58044599e+00,   1.88341455e+00,   3.70910158e+00,
         -3.93009501e+00,   2.09263710e+00],
       [ -5.13222744e-01,  -2.66607533e-01,  -1.55393492e-01,
         -9.86769233e-01,   2.76852901e-01,   3.49348738e+00,
         -1.41350914e+00,  -1.06618830e-01,  -8.84567791e+00,
         -2.07919926e-01,  -1.56341161e+00,   5.36095108e-02,
         -3.66147942e-01,  -2.57378001e+00,  -8.95323322e-01,
          1.86380390e+00,  -1.74693673e-01,   5.58878202e-01,
         -5.33267233e+00,  -1.98163925e-01,   1.13588319e+00,
         -2.04374448e+00,   1.15206587e-01,  -2.91542780e+00,
          1.91556646e+00,  -8.00836415e-01,  -3.90399541e-01,
         -6.54441251e-02,  -1.20300193e+00,  -2.21154163e+00,
         -4.05628132e-01,  -4.58704985e-01,  -3.67873423e+00,
         -5.88668550e-01,   6.38116635e+00,   3.69849563e+00,
         -2.24036521e+00,  -1.36247789e+00,   1.38636461e-01,
         -1.27503378e+00,   1.33351884e-01,  -2.95192054e+00,
         -8.61789547e-01,  -1.57928270e+00,  -4.99458537e-01,
         -1.18671882e-01,  -4.19406150e+00,  -1.65640626e+00,
         -1.78251780e+01,  -5.59541958e-01],
       [  3.96386627e-01,  -3.10654399e-02,   2.92671036e-02,
         -6.85856260e+00,   5.04032459e+00,  -5.16720249e+00,
         -3.06545034e+00,  -1.08397144e-01,  -7.45494814e+00,
          2.18313679e-01,   2.21896333e+00,  -6.36820131e-01,
          6.82179148e+00,   9.80472314e+00,   6.53204839e-01,
          5.06718691e+00,   5.91904421e-02,  -8.04168620e-01,
         -1.14861771e+01,   1.44367982e-01,   3.15904704e+00,
         -2.35167175e+00,  -7.76174536e-02,   5.46702842e+00,
         -6.97546873e-01,   1.33420242e+01,  -5.45218232e-01,
          1.41257341e-01,  -2.95205619e+00,   5.86634350e+00,
          2.25779341e-01,   2.11153228e-01,   6.01744992e+00,
         -1.87882764e+01,   1.54075313e+01,   2.15848377e+00,
         -7.24302894e-02,  -5.89853639e-01,   4.86710411e+00,
          1.19289908e+01,   3.78833446e-02,  -5.42081973e+00,
          7.28362026e-02,   3.96606761e+00,   1.46770809e-01,
          6.41555516e-01,  -5.10930530e+00,  -8.60898151e-01,
         -3.04825887e+01,  -7.31662464e-01],
       [ -6.69923743e-01,   4.13934064e-01,  -1.80786124e-02,
          2.75563620e-02,   1.14134893e+00,   2.17701374e-01,
         -1.86616795e-01,  -3.82672221e-01,  -8.08208693e-01,
         -5.85884404e-01,  -8.54964375e-01,  -7.08458844e-01,
         -1.69876830e+00,   4.91255968e-01,  -2.60721793e-01,
         -1.09884502e+00,  -4.82968108e-01,  -1.20426413e-01,
          5.30080123e-02,  -7.22785357e-01,  -1.32042537e+00,
         -1.20553753e-01,   4.71815678e-02,  -1.99539679e+00,
         -3.83353132e-01,   5.16973528e-01,  -1.99115478e-01,
         -4.01756598e-01,  -5.00001526e-01,  -1.66783798e+00,
         -4.06741617e-01,  -4.45865262e-01,  -7.56843408e-02,
         -3.06595931e+00,  -3.34347261e-01,  -1.63619194e+00,
          7.03022225e-03,   1.12735530e-01,  -1.90246318e+00,
          5.86114248e-01,  -2.02531094e-01,   2.81890420e+00,
         -8.55553908e-02,   2.98832108e-01,  -5.79146989e-01,
         -2.22925622e+00,  -1.10141769e+00,  -3.90429266e-01,
          5.72396967e+00,  -5.12060889e-01],
       [ -9.70226285e-01,  -4.15869182e-01,  -3.21953161e-01,
          9.92192327e-02,  -1.21431119e+00,   7.41557065e-01,
         -6.55493662e-01,  -3.31223798e-01,  -6.19677505e-01,
         -2.77657080e-01,  -3.27671685e+00,  -5.64726894e-01,
         -2.18517879e+00,  -3.82038475e+00,  -6.50788874e-01,
          4.94813335e-01,  -3.03661019e-01,  -1.48072887e-01,
         -8.35200444e-01,  -5.87484608e-01,   1.89315651e-01,
         -6.04857432e-01,   2.39248561e-02,  -5.66586486e-01,
         -1.21835096e-01,  -1.20613481e+00,  -7.84049304e-01,
         -7.01016072e-01,  -2.24916818e-01,  -6.80755857e-01,
         -2.06347636e-01,  -5.61993724e-01,  -3.72207052e+00,
          4.56942985e+00,   2.45574832e+00,   1.38829879e+00,
         -5.02498954e-01,  -2.73348226e-01,  -5.42819955e-01,
         -3.53184777e+00,   1.16365830e-01,   6.68372691e-01,
         -1.16182558e+00,   8.48228284e-02,  -2.72099125e-01,
         -6.47978110e-01,  -1.45848213e+00,  -2.17229184e-01,
          8.41578882e-01,  -2.65328089e-01]])]Hidden bias: [array([ -4.35003112,  -4.53898271,  -3.37856906,  -3.67886303,
        -4.65084927,  -4.50425066,  -7.58746632,  -3.80077432,
        -4.79646643,  -3.39072185,  -8.37847946,  -4.75595384,
       -10.34427823,  -8.59991771,  -4.37383566,   5.49972038,
        -3.20352889,  -5.85114979,  -5.86231612,  -3.41943168,
         4.00609599,  -4.96187512,  -4.63043765,  -6.74248663,
        -1.19439149,  -3.39292107,  -5.10107804,  -3.28332033,
        -8.5411844 ,  -6.18202972,  -3.77558619,  -3.98316572,
        -6.69853216, -10.01168512,   0.74914941,  -8.45565216,
        -8.36871528,  -7.46074908,  -5.32414825,  -8.56204139,
        -3.45955185,  -6.92707667,  -5.24885906,  -5.10889475,
        -3.7951103 ,  -7.08498341,  -3.79476785,  -7.11456955,
         3.22941555,  -5.51206284])]Output weights: [[  4.76437211]
 [  5.71256355]
 [  7.36150122]
 [  3.10514471]
 [  0.9568861 ]
 [ 11.89283896]
 [  2.42324782]
 [  3.959874  ]
 [-12.02147173]
 [  6.05604484]
 [  5.65379176]
 [  4.11399009]
 [  0.01251141]
 [  2.16173746]
 [  2.41090086]
 [ -0.83854706]
 [  6.50115313]
 [  3.56681767]
 [ -5.26944476]
 [  7.669879  ]
 [ -0.08474111]
 [ -3.26131699]
 [  5.53315426]
 [  2.90658149]
 [  0.08843715]
 [  1.84185937]
 [  4.62769342]
 [  7.40423086]
 [  1.31415432]
 [  2.26283741]
 [  6.44676098]
 [  5.42939969]
 [  2.17078531]
 [ 10.38524978]
 [ -5.73158297]
 [  3.60787313]
 [  6.57701769]
 [  4.59727008]
 [  3.0686215 ]
 [  2.55578138]
 [  6.18307879]
 [  2.33351137]
 [  0.48891608]
 [  1.04367413]
 [  5.7507976 ]
 [  4.09169832]
 [ -3.36006785]
 [ -3.88055761]
 [  9.64547018]
 [  6.20381132]]Output bias: [-6.55084861]