Action MLP:Hidden weights: [array([[ 0.06164907,  0.37773169, -0.11435214, -0.23766877, -0.25777288,
        -0.3520581 ,  0.24879505,  0.243945  ,  0.18405539,  0.18401563,
         0.38805956, -0.1343155 ,  0.21217734,  0.0430336 , -0.24683346,
         0.03929937, -0.49034923, -0.21211722, -0.38613877, -0.11305384,
         0.35808606,  0.0123928 ,  0.44003166, -0.34412991, -0.09034385,
         0.20519645, -0.37131822, -0.26531042, -0.26969068, -0.29822915,
        -0.35362526, -0.15891794,  0.34475024,  0.44426994, -0.34860561,
        -0.43866293,  0.03363907,  0.05878983,  0.11664971, -0.36304193,
         0.34951543,  0.07119129,  0.13620003, -0.14930256, -0.04352399,
         0.10865183, -0.33458224, -0.15180707, -0.35425332, -0.47748226],
       [-0.13753889, -0.07723192, -0.36043424,  0.08903766, -0.1041406 ,
         0.47928551, -0.18386876,  0.25228725,  0.37195833,  0.15341039,
         0.0066704 , -0.17703161, -0.15858763, -0.40006797,  0.45375596,
         0.03261697,  0.37939002, -0.45171534, -0.49934346,  0.01204329,
         0.10226639,  0.13041524, -0.43569194, -0.44872198, -0.06557297,
         0.05138484, -0.30876823, -0.45085962,  0.35176614, -0.38452265,
        -0.37007042,  0.37986626, -0.43335202,  0.30052237, -0.308492  ,
        -0.40520092,  0.16711737,  0.22022376,  0.32494346,  0.43492919,
        -0.04731823,  0.46010862, -0.30631691, -0.13249048, -0.05418487,
        -0.44427915,  0.20209834,  0.40215184, -0.41910251, -0.12738275],
       [ 0.24389222, -0.18202871, -0.01986961, -0.36243282, -0.39183891,
         0.03649697,  0.08609759, -0.41471889,  0.09527019,  0.0189    ,
         0.30638233, -0.39085477,  0.31706191, -0.17557607,  0.182062  ,
        -0.11082211, -0.01998832, -0.40815915, -0.23203271,  0.02404985,
         0.14830904, -0.15058796, -0.3441674 , -0.15528149, -0.26505377,
        -0.40134809, -0.1372655 ,  0.10606839,  0.34598963, -0.26785432,
        -0.08213063,  0.48004721,  0.25239258, -0.03921887,  0.46981746,
         0.05240714, -0.29693978, -0.27629566,  0.30574843, -0.48866699,
         0.1696676 ,  0.29191209,  0.16430558, -0.07508968, -0.06231118,
        -0.15645971,  0.08793424, -0.44074242,  0.17872269, -0.35456984],
       [ 0.42366854, -0.4645088 , -0.06895064, -0.26890303,  0.09912612,
        -0.37252325, -0.43700454,  0.47147973, -0.38765783, -0.27169716,
        -0.32037578,  0.17214897, -0.3894224 ,  0.37003294, -0.46807463,
        -0.20055694,  0.13975388,  0.35069106, -0.21059183,  0.1774418 ,
         0.12288055, -0.09816792, -0.26560163, -0.33512116, -0.18969772,
        -0.07736321, -0.29922153,  0.32894519,  0.03869412, -0.38478803,
        -0.21066676, -0.15275906, -0.20749434,  0.40789901,  0.01324879,
        -0.08613209,  0.21079407,  0.36527933,  0.14626013,  0.52506876,
        -0.09238499, -0.09380575,  0.32799033, -0.23735499, -0.05424604,
         0.44718922,  0.19371165, -0.34214652, -0.25769858, -0.08593301],
       [-0.21203092, -0.05279428,  0.48399743, -0.03709489,  0.24084568,
         0.25476763,  0.44381304,  0.12128418,  0.15804122, -0.1682333 ,
        -0.08876212,  0.15741002, -0.05571372,  0.40613532, -0.33332757,
        -0.08532866, -0.01325363,  0.11300402,  0.26855784, -0.36011916,
        -0.07677238, -0.26463002,  0.28599292, -0.31517024,  0.02196731,
        -0.11307465,  0.02512175, -0.38086477,  0.26432925,  0.23277047,
        -0.306725  , -0.31280426, -0.05093082,  0.20602274,  0.03073436,
        -0.31700649, -0.03466351, -0.4866221 , -0.05807923,  0.08398862,
         0.34458896, -0.33051219, -0.32361408, -0.16451813,  0.32007334,
        -0.17835613,  0.14337036, -0.36528879,  0.23631378, -0.48143912],
       [-0.11222458,  0.19469019, -0.19756603, -0.12796983,  0.04529474,
         0.02362074,  0.37321119, -0.39109982,  0.16883942, -0.27605598,
         0.31514731,  0.25128238, -0.17168991,  0.47955237,  0.12749935,
         0.02743107,  0.37341854,  0.12837694,  0.47146913,  0.16592826,
        -0.27599264,  0.1964143 ,  0.44556366,  0.26900209,  0.00104927,
         0.08582394, -0.11149554,  0.13653993,  0.09679682, -0.29584439,
        -0.34982874, -0.02457363, -0.00549078,  0.15261751, -0.33061234,
        -0.07021469,  0.49378912,  0.34784329,  0.31527217,  0.04732467,
         0.01643606,  0.18718443, -0.1896215 , -0.00180714,  0.4414633 ,
         0.29882202,  0.44788898,  0.27996255, -0.48095053, -0.27961902],
       [-0.22390353, -0.11147192, -0.15067882, -0.4223538 ,  0.07567849,
         0.35898388,  0.38824182,  0.32080375,  0.16272282,  0.40264151,
         0.4390984 , -0.2809805 , -0.13852906,  0.02654876,  0.17484423,
         0.20648638,  0.3647376 , -0.4026009 , -0.09869749, -0.29338238,
        -0.15732806,  0.13852295,  0.38822205, -0.39485796, -0.01882657,
         0.05181344,  0.28741067, -0.18712067, -0.41465969, -0.41088353,
        -0.22253781,  0.26599793, -0.23189123,  0.41817841, -0.33431671,
         0.17519145, -0.14760817,  0.49013213,  0.01784356, -0.38936429,
        -0.24054154, -0.25428613, -0.342408  ,  0.48343027,  0.44455981,
        -0.14445872, -0.46819675,  0.29038148,  0.14306932, -0.24789843],
       [ 0.16385943,  0.05024621,  0.32045627, -0.40442303, -0.18850491,
         0.00995752, -0.33914192,  0.47683195, -0.37461651,  0.07469773,
        -0.26673137,  0.13538907,  0.032541  ,  0.34813275,  0.13694555,
        -0.19833802,  0.46202479, -0.18644328, -0.07862179, -0.27368813,
         0.30827064,  0.01606078,  0.33888874, -0.49282726, -0.00221608,
        -0.4970358 , -0.42279117, -0.00662484,  0.22258817, -0.3477492 ,
        -0.14617892,  0.37419681, -0.20514842,  0.41076964, -0.42467277,
        -0.30332735,  0.45372806,  0.17708363,  0.17186958, -0.11802634,
         0.35712495,  0.0021888 ,  0.16525033,  0.20259424, -0.21366173,
        -0.04738067, -0.04629614, -0.17380223,  0.25073876, -0.137472  ]]), array([[-0.41984765, -0.45933383,  0.15782317, ...,  0.30617219,
         0.16309843, -0.29619118],
       [-0.42168046, -0.47990874,  0.48589005, ..., -0.07689195,
        -0.06475942,  0.46091904],
       [ 0.44710846, -0.01429214,  0.32980455, ...,  0.02561815,
         0.3254193 , -0.41661361],
       ..., 
       [ 0.23416632,  0.39628951, -0.32129666, ..., -0.08213669,
         0.42306542,  0.22750817],
       [ 0.41433823,  0.13490491,  0.41569624, ...,  0.14750008,
        -0.29577829, -0.06844717],
       [ 0.45510769,  0.25954226, -0.11574264, ..., -0.42148605,
        -0.17019835,  0.20473742]])]Hidden bias: [array([-0.99980471, -0.95934499, -1.00596434, -1.0015119 , -1.02293572,
       -0.98545361, -1.00282412, -0.98344457, -0.99713696, -1.01838002,
       -0.96486992, -0.98927571, -0.99240417, -0.99273544, -0.94347472,
       -1.01642753, -0.98378259, -1.01131033, -1.002813  , -0.98490466,
       -1.00345787, -1.00103051, -0.98581784, -0.97808155, -0.99293524,
       -0.99343198, -1.01177114, -1.01435477, -0.99825978, -0.97924629,
       -0.9982613 , -0.99309156, -0.99546914, -0.99879659, -0.97306346,
       -0.98880165, -0.99131904, -1.00583319, -0.99975919, -0.99907887,
       -1.01622641, -1.03051594, -0.99739091, -1.00696246, -1.0075123 ,
       -0.98626664, -1.00426784, -1.00165517, -0.97130149, -1.00740677]), array([-1.00473921, -1.00772655, -0.99572806, -1.0033304 , -1.01058752,
       -0.99551072, -1.01322806, -1.00040811, -1.000025  , -0.99771274,
       -1.00096671, -0.98240572, -0.9963389 , -0.99387216, -1.01350915,
       -0.99450779, -0.9793648 , -1.00010596, -1.00753629, -1.00001541,
       -0.97737636, -0.99338056, -1.00335034, -1.00533402, -1.01869609,
       -1.00921376, -1.00249153, -0.99906722, -0.99520169, -1.0071341 ,
       -1.0144345 , -1.01994207, -0.98939234, -0.99961906, -1.0160548 ,
       -0.99958297, -0.99859857, -1.00660298, -1.00298666, -1.00606254,
       -0.99976303, -0.99714292, -1.00351898, -0.99719383, -1.01231117,
       -1.01077894, -0.98730718, -1.0026723 , -1.01906907, -0.97870596])]Output weights: [[-0.0720524   0.19846189]
 [-0.2772033   0.13000981]
 [ 0.47595569  0.17017938]
 [-0.27267517  0.48616148]
 [ 0.42524717  0.18458843]
 [-0.03058717  0.46928667]
 [-0.28737763  0.44290575]
 [ 0.08136471 -0.22765998]
 [-0.44047518  0.18255456]
 [-0.05727756 -0.16721435]
 [-0.34675096  0.41381184]
 [ 0.46561102  0.23988966]
 [-0.08872302 -0.22001515]
 [-0.2908237  -0.39147624]
 [ 0.36322689  0.47819801]
 [-0.12728354 -0.44880368]
 [ 0.42570429 -0.18282323]
 [ 0.18271261 -0.24964704]
 [ 0.23423526  0.29919587]
 [-0.08226238 -0.01918877]
 [ 0.33984255  0.12864999]
 [ 0.05222812 -0.29385394]
 [ 0.35477541 -0.42924707]
 [ 0.41099648  0.13259591]
 [-0.30882736 -0.38769599]
 [ 0.19207919  0.08897275]
 [ 0.02615247 -0.04966214]
 [ 0.30243759 -0.11730297]
 [ 0.30490542 -0.26978307]
 [ 0.30777651  0.17611065]
 [ 0.1426197   0.41744447]
 [ 0.45700818 -0.13252797]
 [ 0.12893274  0.34248116]
 [ 0.25546522 -0.31471074]
 [-0.18922457  0.48463925]
 [ 0.06248138  0.37771948]
 [ 0.01675885 -0.19947068]
 [-0.18116744  0.08801872]
 [ 0.44208463 -0.04931564]
 [-0.11630911  0.37093313]
 [ 0.2150834  -0.13073893]
 [-0.39097558 -0.23737075]
 [ 0.13457087  0.29601077]
 [-0.16246811 -0.39240752]
 [-0.37658789 -0.04763202]
 [ 0.22248164  0.18606711]
 [-0.12674892 -0.45818649]
 [ 0.22718653  0.34339399]
 [ 0.35184606  0.38559721]
 [ 0.36126926 -0.20240902]]Output bias: [ 1.01154545  0.97384977]
Value MLP:Hidden weights: [array([[  7.77564647e+00,  -8.03285964e+00,   5.48897333e-01,
          1.89706933e+00,   6.91510392e-01,  -1.53850838e+00,
          1.49725733e+00,  -2.50445138e+00,  -4.87430963e+00,
          4.36868575e+00,   3.43043826e+00,   1.75484481e+00,
          6.55248638e-01,   3.45618671e+00,   1.48037966e+00,
         -3.45826014e+00,   6.16927227e-01,  -3.63755782e+00,
         -5.11017205e+00,  -2.48080440e+00,   3.82273669e+00,
         -1.30420664e+00,   1.74312986e+00,   1.60809495e-01,
          7.24691086e-01,  -2.92793005e+00,  -2.66324344e+00,
          3.11994477e+00,   2.08617343e-01,  -1.32504588e+00,
         -7.76836088e+00,   8.59971451e-01,   3.37865545e+00,
          5.56170500e-01,  -5.25187241e-02,   2.25973970e+00,
         -1.46883922e-01,  -2.33963562e-01,  -7.50176568e-02,
         -3.57354853e+00,  -1.64336374e+00,  -1.97177041e+00,
          9.02339898e-01,  -3.10462198e+00,   4.66801665e+00,
         -3.48495203e+00,   5.12585836e+00,  -6.40014454e-02,
          3.52096331e+00,   1.84643745e+00],
       [  2.02063640e+00,   3.24271237e-01,   2.40298630e+00,
          1.95231784e+00,  -2.32056921e+00,   3.52611138e+00,
          4.45405051e+00,   8.09845785e-01,   1.24944079e+00,
         -2.96111420e+00,  -1.68714106e+00,   3.86984222e-01,
          7.77052598e-01,   8.72020568e-01,  -1.22191116e+00,
          1.68027941e-01,  -1.36487544e+00,  -5.19628221e-01,
          2.90870015e-01,   4.46973575e+00,  -2.33308820e+00,
          4.06191947e+00,  -1.35415370e+00,   1.11237132e+00,
         -2.22608159e+00,  -1.68271912e+00,   2.05205013e+00,
          3.25750472e+00,   2.64420130e-01,  -7.50207008e-01,
         -4.00161205e+00,   3.16777829e+00,   2.30316186e-01,
          1.01132007e+00,  -7.54204879e-01,   2.71425343e+00,
         -1.67490701e+00,  -1.22970666e+00,   5.90597410e-01,
          2.88284634e+00,   1.16544894e-01,   4.24722818e+00,
          5.41486535e+00,   5.31167164e-01,   2.32177346e+00,
          1.61013401e-01,   6.10271870e+00,  -8.66952141e-01,
          2.60978652e+00,   3.09477157e+00],
       [  4.75238768e+00,  -2.71187016e+00,   1.24877479e+01,
         -4.55487242e+00,   2.27813275e-01,   7.65876609e+00,
         -5.83304007e-01,   1.38022400e+00,  -1.43543674e+01,
          1.40590142e+01,  -9.02794336e+00,  -2.41128890e+00,
         -6.85797343e+00,  -1.83453603e-01,  -1.88044735e-01,
          3.50057702e+00,   1.46543640e+00,  -2.46909282e+00,
          2.74522659e+00,   6.47597194e+00,   1.26088356e+00,
         -2.12178103e+00,   1.62472311e+00,   7.05694041e+00,
          1.35878153e+00,   5.15220832e+00,   2.95222875e+00,
          4.55566062e+00,  -6.81294687e+00,  -2.09780108e+00,
         -1.27889263e+01,   4.07425535e-01,  -7.35252458e+00,
          3.82366547e+00,   7.96849587e-01,  -3.48516751e+00,
          4.05781126e-01,  -2.25754513e+00,   9.74134847e+00,
         -1.04615504e+01,   6.17124873e+00,   3.19795413e+00,
          1.12453443e+01,   2.57695686e+00,   7.52415734e+00,
          1.80648359e+00,  -1.12928158e+01,  -3.81817369e-01,
          7.14973133e+00,  -9.38507567e+00],
       [  3.34409464e+00,  -1.66839733e+00,   2.33890575e+00,
         -1.09468329e+00,  -1.52310519e+00,   2.90326392e-01,
          3.55620689e+00,  -9.17824406e-01,  -2.06584501e+00,
          2.04607912e+00,   1.28616826e+00,  -4.81852783e-01,
          2.00689912e+00,  -8.71201880e-01,   5.76034041e-02,
          2.54848089e+00,   1.71228567e+00,  -7.34414487e-01,
         -4.26487611e-01,  -6.44901694e-01,   2.31297575e+00,
         -4.93532368e-01,   2.43532211e+00,  -8.42554208e-02,
          1.61437962e+00,  -1.13413075e+00,  -1.19124637e-01,
          1.51869679e+00,  -8.17772194e-01,   1.84619160e+00,
         -4.70221436e+00,  -1.91919573e-01,   1.07755659e-01,
          1.70777522e+00,   1.94119754e-02,   1.05761241e+00,
          2.89191809e-01,   2.99640540e+00,  -8.63723382e-01,
         -2.10285447e+00,  -1.08469240e-01,  -4.04062877e-01,
          3.68514801e+00,   1.04652955e+00,   1.70754052e+00,
          1.49028463e-01,   1.31538632e+00,   1.05094526e+00,
          2.29189604e+00,  -1.31297721e+00],
       [  3.92199162e+00,  -4.54571337e+00,  -2.89636913e+00,
          8.01118559e+00,   2.58864770e+00,  -6.95279300e+00,
          5.98441905e+00,  -1.72366257e+01,   4.66512905e-02,
          7.83311169e-01,   7.09599705e+00,   5.71058143e+00,
          7.44937953e+00,   7.30913039e+00,   1.11199438e+01,
         -8.07940689e+00,   1.52091053e+00,   1.02834757e+00,
         -8.09194371e+00,  -6.72752978e+00,   5.17062052e+00,
         -4.04472614e+00,   5.81900768e+00,  -2.78298966e+00,
          1.47436743e+00,  -6.63507687e+00,  -7.12920950e+00,
          2.95059690e+00,   6.78521697e+00,  -5.24389431e+00,
          1.66289419e+00,  -2.03073308e+00,   7.26852245e+00,
         -5.24040553e+00,   6.15932673e-01,   4.73715439e+00,
         -3.52340907e-01,   1.97243283e+00,  -6.03192817e+00,
         -2.61402466e-01,  -5.31873130e+00,  -3.90675217e+00,
          2.81097685e+00,  -8.70010978e+00,   3.36683044e+00,
         -5.99843490e+00,   4.03929212e+00,   4.64922919e-01,
         -2.40726206e+01,   4.80228625e+00],
       [  8.78200651e+00,  -8.61277913e+00,   1.25165766e+01,
          1.20836541e+01,   9.18640420e+00,  -6.12370512e+00,
          2.31815968e+01,  -4.18282196e+00,  -1.13255685e+01,
          1.20233615e+01,  -2.21686714e+00,   8.91684150e+00,
          1.68361144e+01,   7.69802666e+00,   1.61621496e+01,
         -1.02935169e+01,   6.56646148e+00,   4.78551688e+00,
         -6.11895904e+00,  -8.09445080e+00,   1.15715594e+01,
         -1.13410851e+01,   4.02700765e+00,   2.31906952e+00,
          5.02915756e+00,  -3.39138765e+00,  -4.52268185e+00,
          1.03635976e+01,   1.73321183e+00,  -1.34856348e+01,
         -1.45032106e+01,  -1.12936537e+01,  -5.50058016e-01,
         -6.18356256e+00,   2.31208222e+00,   9.88070337e+00,
          3.29994485e-01,   6.56850302e+00,   3.14143420e+00,
         -9.13888891e+00,  -5.60617531e+00,  -4.38509190e+00,
          2.19279208e+01,  -9.22037986e+00,   6.94857078e+00,
         -8.67705940e+00,  -8.07955626e+00,  -1.69652252e-01,
         -1.67630166e+00,  -4.57678956e+00],
       [ -9.20825887e-01,  -1.24857995e+00,   1.78435891e+00,
          1.62808028e+00,   1.56380471e+00,  -8.26580212e-01,
         -4.59715184e+00,   1.40803071e+00,  -4.56284067e+00,
          2.89616210e+00,   3.70385035e-01,  -2.03908622e+00,
         -2.51667566e+00,  -3.16229398e-01,  -5.88911657e-01,
          2.15669103e+00,   4.08991725e-01,  -2.09002577e-01,
          7.86272316e-01,  -1.44059780e+00,  -4.44761591e-01,
         -3.25714506e+00,  -1.13339382e+00,   9.87038992e-02,
          2.78220108e+00,   9.33940840e-01,  -1.28398010e+00,
          2.13413508e+00,  -1.98875373e+00,  -2.87725069e+00,
         -1.73724465e+00,  -4.52452835e-01,   5.28721364e-01,
         -1.79265153e+00,  -7.33349793e-01,  -2.06511479e+00,
          5.31465313e-02,   2.70788585e-02,   9.01531582e-02,
         -2.93211965e+00,  -2.28323728e-03,  -1.53657188e+00,
          1.14388637e+00,  -8.85596197e-01,   1.33647671e-01,
          8.30726498e-01,  -4.90182859e+00,  -5.73189083e-01,
          5.59652219e-01,  -2.42112860e+00],
       [ -2.74843869e+00,   5.04896427e-01,  -4.42958186e+00,
         -1.37535079e-02,  -1.31144203e+00,  -1.61649251e+00,
         -3.66446315e+00,   9.05113577e-01,   8.47765965e-01,
         -1.29136573e+00,   3.84970350e-01,  -1.39619419e+00,
         -6.89228393e-01,   4.29278881e-01,  -2.24161246e+00,
         -5.26990634e-01,   5.88287825e-01,  -1.73637909e+00,
         -1.39206938e+00,   8.00111160e-01,  -8.61905328e-01,
          3.94442399e+00,  -1.11656661e+00,  -2.92998350e+00,
         -3.52171628e-01,  -8.85769298e-01,  -1.98270716e+00,
         -1.41254799e+00,   2.15507573e+00,   6.95542463e-01,
          7.67063588e+00,   4.18146892e-02,   1.18735527e+00,
         -1.10620906e+00,   9.33500966e-01,  -8.40732862e-01,
         -3.48058317e-01,  -1.48716064e-02,  -1.75828181e+00,
          7.43578029e-01,  -9.57444991e-01,  -2.44248764e+00,
         -2.79009739e+00,  -2.63553906e-01,   2.79276768e-01,
          8.18451622e-01,  -5.02196459e-01,  -2.45027163e-01,
         -8.67077495e-01,   1.46387022e+00]]), array([[ 0.45436693, -0.95381784, -0.63714223, ..., -0.10984231,
         0.86574159,  0.56289533],
       [ 0.32266192,  0.29522975, -0.22178541, ..., -0.77724355,
        -4.73578758, -1.7182448 ],
       [ 1.57288065, -1.7585069 , -1.15626642, ..., -0.34268088,
         0.55564239,  0.64862588],
       ..., 
       [ 1.66944808, -0.77597961,  0.27727049, ..., -0.64285517,
         2.46926118,  1.28580442],
       [-0.71124906, -0.60721069, -2.77174895, ..., -1.21913779,
        -4.8081245 , -2.28675885],
       [-2.08010443,  1.08288523,  0.10587645, ..., -1.03906035,
         4.20787809,  1.08608669]])]Hidden bias: [array([-8.69587151, -1.29354211, -0.21749073,  0.78801621, -3.2815815 ,
        3.35750034, -3.21051089, -1.71175585, -1.97984414, -2.40509461,
       -8.50650033, -1.04681277, -6.47854536, -1.52568692,  0.81598432,
       -2.52823935, -2.73548006, -3.00325984, -0.38366776,  5.06853579,
       -5.30790959,  2.034061  , -4.25821061, -0.12458613, -1.04854391,
       -1.12635614,  0.15626077,  2.71030532, -1.30436235, -7.45050278,
        0.39711422,  1.45776009, -4.85769217, -4.08248799, -2.18545103,
       -1.38436539, -3.44449047, -4.15295643, -0.75693844,  2.21509543,
        1.32191306, -0.33123908, -1.86023917, -2.19339437, -1.73967466,
        0.93956685, -5.72805706, -3.37724852, -4.18214517, -2.69965268]), array([-2.70576021, -0.65025527, -1.78486098, -2.20744193, -2.43992967,
       -1.1405637 , -1.95414194, -2.944317  , -0.89742825, -2.18610617,
       -1.12327679, -1.50200777, -3.87075731,  0.66481976, -0.54017134,
       -0.51785978, -1.60641963, -1.51200909,  1.27451374, -3.06064045,
       -1.50865169, -1.54872982, -2.69369698, -2.04906826, -1.55801078,
       -0.68087866, -0.88076573, -3.38128167, -2.12296796, -2.05285567,
       -1.5102024 , -1.85308453,  0.33549909, -0.34014248, -0.62063644,
       -2.32426018,  2.07788515, -2.33292294, -2.24660211, -3.48829463,
       -0.70517899, -2.59327082, -0.76380757, -1.9584231 ,  0.31710129,
       -0.55910827, -2.3469946 , -0.53659663, -5.39837385, -2.23166179])]Output weights: [[  9.45619054]
 [  7.3576514 ]
 [  2.84689582]
 [ 11.49812134]
 [  7.80139615]
 [  7.03231482]
 [ -1.48251628]
 [  8.50455936]
 [ 12.79750613]
 [  8.72764303]
 [  5.45904224]
 [ -6.66658186]
 [  7.64199587]
 [  4.4247828 ]
 [ -5.96049655]
 [  3.0359959 ]
 [ -7.21971246]
 [ 10.57286831]
 [ -2.36677096]
 [  7.95433625]
 [  5.24877688]
 [  5.39147262]
 [  7.83463208]
 [  7.45457334]
 [  9.92655069]
 [  1.18492619]
 [ -0.49484322]
 [ 12.71711406]
 [ 13.59330569]
 [  7.02556594]
 [ 13.17695302]
 [  0.47860792]
 [ -0.26297889]
 [  3.72822958]
 [  1.42365208]
 [  7.14502088]
 [-10.05553953]
 [ 18.26872948]
 [  1.44953904]
 [  9.47873275]
 [ 14.42648708]
 [ 23.66218348]
 [  9.32301255]
 [  3.91176847]
 [  9.70576583]
 [ -4.04307713]
 [  8.08174121]
 [  3.01597114]
 [ 49.81172521]
 [ 10.05656108]]Output bias: [-61.21903915]