Action MLP:Hidden weights: [array([[ 0.06165268,  0.37784417, -0.11429875, -0.23766967, -0.25770722,
        -0.35204012,  0.24875743,  0.24387818,  0.18406271,  0.18401794,
         0.38805987, -0.13429361,  0.2121882 ,  0.0430415 , -0.24680544,
         0.03929537, -0.49038158, -0.21211649, -0.38618267, -0.11305631,
         0.35808654,  0.01236461,  0.44001453, -0.34412967, -0.0903363 ,
         0.20520825, -0.37132899, -0.26530513, -0.26968345, -0.2982256 ,
        -0.3536188 , -0.1589146 ,  0.34474627,  0.4442004 , -0.34860951,
        -0.43866513,  0.03360793,  0.05881022,  0.11661841, -0.36305934,
         0.34947385,  0.07117825,  0.13620245, -0.14933405, -0.04351561,
         0.1086422 , -0.33464082, -0.15181042, -0.35428706, -0.47748431],
       [-0.13753866, -0.07724739, -0.36043637,  0.08903181, -0.10414292,
         0.47926747, -0.18387011,  0.25230129,  0.37194072,  0.15341497,
         0.00666342, -0.17702733, -0.15859346, -0.40006583,  0.45371212,
         0.032617  ,  0.37939964, -0.45171811, -0.49934037,  0.01205149,
         0.10227348,  0.13043409, -0.43569239, -0.44872194, -0.06556952,
         0.05138653, -0.3087647 , -0.45086506,  0.35175338, -0.38452271,
        -0.37007515,  0.37986346, -0.43334743,  0.30053065, -0.30848747,
        -0.4051954 ,  0.16712966,  0.22021296,  0.32493607,  0.43493545,
        -0.04731344,  0.46013768, -0.30631454, -0.13248199, -0.05418041,
        -0.44427914,  0.20211578,  0.40213978, -0.41909827, -0.12738346],
       [ 0.24388592, -0.18220236, -0.01995357, -0.36244085, -0.39192119,
         0.03646537,  0.08614966, -0.41462138,  0.09524914,  0.01890204,
         0.30637955, -0.39087961,  0.31703985, -0.17558256,  0.18199542,
        -0.11081639, -0.01993165, -0.40815686, -0.23197119,  0.02405843,
         0.14832089, -0.15053414, -0.34414483, -0.15527878, -0.26505594,
        -0.40136221, -0.13724994,  0.10605669,  0.34596964, -0.26784554,
        -0.08213714,  0.48003802,  0.25239927, -0.03911729,  0.46982532,
         0.05241319, -0.2968901 , -0.27633026,  0.30579019, -0.48864568,
         0.16972976,  0.29194689,  0.16430595, -0.0750476 , -0.06232214,
        -0.15644479,  0.08802676, -0.44074331,  0.17877957, -0.35457178],
       [ 0.42366501, -0.46462637, -0.06900391, -0.26890497,  0.09906821,
        -0.37253815, -0.43696853,  0.47153377, -0.38766422, -0.2716985 ,
        -0.32037566,  0.17212768, -0.38943404,  0.37002473, -0.46810081,
        -0.20055296,  0.13978639,  0.35069456, -0.21055461,  0.17744355,
         0.12288396, -0.09813916, -0.26558748, -0.33511983, -0.18970212,
        -0.07737463, -0.29921286,  0.32894051,  0.03868825, -0.38478287,
        -0.21066915, -0.15276354, -0.20749252,  0.40796368,  0.01325194,
        -0.08613054,  0.21081892,  0.36526146,  0.14629213,  0.52507962,
        -0.09234754, -0.09379498,  0.32798933, -0.23732882, -0.05425586,
         0.44720167,  0.19376665, -0.3421413 , -0.25766384, -0.08593354],
       [-0.21200135, -0.05189199,  0.48443365, -0.03708265,  0.24133766,
         0.25491003,  0.44352013,  0.12077254,  0.1581106 , -0.16822541,
        -0.08876072,  0.15757666, -0.05561693,  0.40618226, -0.33308537,
        -0.0853607 , -0.01352794,  0.11299342,  0.26822288, -0.36014289,
        -0.07679308, -0.26486708,  0.28586815, -0.31517655,  0.02200682,
        -0.11298683,  0.02504081, -0.38082043,  0.26439832,  0.23275881,
        -0.30668765, -0.31277091, -0.05096069,  0.20548708,  0.03070144,
        -0.31702588, -0.03490726, -0.48646709, -0.0583217 ,  0.0838699 ,
         0.34426261, -0.33062624, -0.32360282, -0.16474707,  0.32014391,
        -0.17843851,  0.1429049 , -0.36531195,  0.23602445, -0.48144214],
       [-0.11220561,  0.19534734, -0.19727689, -0.12796504,  0.0456532 ,
         0.02372663,  0.37300664, -0.39144009,  0.16888983, -0.27604619,
         0.31515401,  0.25141311, -0.17162936,  0.47960048,  0.12767489,
         0.02740837,  0.37323271,  0.1283714 ,  0.47124416,  0.16591193,
        -0.27599831,  0.19624118,  0.44547754,  0.26899964,  0.00108225,
         0.08589127, -0.11155135,  0.13657065,  0.0968335 , -0.29584638,
        -0.34980032, -0.02455275, -0.00550959,  0.152239  , -0.33063331,
        -0.07022925,  0.49363607,  0.34796231,  0.31509942,  0.04724155,
         0.01622084,  0.18709992, -0.18961369, -0.00197291,  0.44151569,
         0.29875405,  0.44756501,  0.27994488, -0.48113671, -0.27962416],
       [-0.22390357, -0.11147188, -0.15067904, -0.42235407,  0.07567903,
         0.35898375,  0.38824174,  0.32080358,  0.1627228 ,  0.40264162,
         0.43909838, -0.28098063, -0.13852925,  0.02654895,  0.1748444 ,
         0.20648596,  0.36473766, -0.40260079, -0.09869774, -0.29338237,
        -0.1573279 ,  0.13852267,  0.38822189, -0.39485769, -0.0188261 ,
         0.05181327,  0.2874103 , -0.18712066, -0.4146597 , -0.41088279,
        -0.22253709,  0.2659978 , -0.23189129,  0.41817828, -0.33431658,
         0.17519174, -0.14760827,  0.49013226,  0.01784352, -0.3893648 ,
        -0.2405415 , -0.25428616, -0.34240793,  0.48342963,  0.44455969,
        -0.14445869, -0.46819676,  0.29038169,  0.14306995, -0.24789843],
       [ 0.16387806,  0.05078342,  0.32071692, -0.4044144 , -0.1882181 ,
         0.01004304, -0.33931387,  0.47652883, -0.37457413,  0.07470056,
        -0.2667303 ,  0.13548024,  0.03260131,  0.34815518,  0.13709132,
        -0.19835462,  0.46186134, -0.1864462 , -0.07882476, -0.27370337,
         0.30825405,  0.0159188 ,  0.33881381, -0.49283369, -0.0021973 ,
        -0.49698389, -0.42284025, -0.00659646,  0.22263324, -0.3477601 ,
        -0.14615791,  0.37421807, -0.20516747,  0.41045024, -0.42469409,
        -0.30333955,  0.4535775 ,  0.17717889,  0.17172709, -0.1180956 ,
         0.35692893,  0.00211995,  0.16525655,  0.20246   , -0.21362232,
        -0.04742649, -0.04657751, -0.17381537,  0.25056539, -0.13747262]]), array([[-0.41982992, -0.45929715,  0.15767129, ...,  0.30617081,
         0.16306685, -0.29631607],
       [-0.42167225, -0.47989089,  0.48581688, ..., -0.07689246,
        -0.06477444,  0.46086333],
       [ 0.44710992, -0.01429023,  0.32980024, ...,  0.02561862,
         0.32541602, -0.41660333],
       ..., 
       [ 0.23418287,  0.39632458, -0.32144077, ..., -0.08213809,
         0.42303617,  0.22738698],
       [ 0.41435348,  0.13493603,  0.41557579, ...,  0.14749919,
        -0.29580494, -0.06854712],
       [ 0.45512725,  0.25958349, -0.11590521, ..., -0.42148748,
        -0.17023233,  0.20459785]])]Hidden bias: [array([-0.99978609, -0.95884204, -1.00571238, -1.00150961, -1.02266238,
       -0.98539478, -1.00299401, -0.98372457, -0.99711708, -1.01837121,
       -0.96487706, -0.9891788 , -0.99235322, -0.99270628, -0.94338269,
       -1.01644539, -0.98393093, -1.0113195 , -1.00300324, -0.98490956,
       -1.00346556, -1.00114664, -0.98589162, -0.97808632, -0.99291089,
       -0.99338028, -1.01181357, -1.01433383, -0.99823314, -0.97925679,
       -0.99824635, -0.99307399, -0.99548055, -0.99909806, -0.97307757,
       -0.98880657, -0.99144624, -1.00575307, -0.99990776, -0.99913853,
       -1.01641059, -1.03054959, -0.99738244, -1.00708292, -1.00746715,
       -0.98631269, -1.0045163 , -1.00168281, -0.97146438, -1.00740812]), array([-1.00475861, -1.00776691, -0.99556157, -1.00337223, -1.01038078,
       -0.99552768, -1.01323029, -1.00040807, -1.00002863, -0.9977363 ,
       -1.00096685, -0.98237995, -0.99635114, -0.9938747 , -1.01324948,
       -0.99452281, -0.97922811, -1.00010041, -1.00751837, -1.00002026,
       -0.97712694, -0.99334132, -1.00331586, -1.00515611, -1.01890254,
       -1.00909038, -1.00247141, -0.99900244, -0.99518579, -1.00702372,
       -1.01442617, -1.01990149, -0.98936591, -0.99961757, -1.01605513,
       -0.99957563, -0.99859841, -1.00663958, -1.00282538, -1.00614942,
       -0.9997624 , -0.99743984, -1.00351823, -0.99727156, -1.01233171,
       -1.01072112, -0.98732958, -1.00267083, -1.01903441, -0.97857081])]Output weights: [[-0.071461    0.19846073]
 [-0.27786047  0.13001769]
 [ 0.47542283  0.17018699]
 [-0.27333198  0.48616418]
 [ 0.42481213  0.18459909]
 [-0.03107121  0.46928457]
 [-0.28810848  0.44291021]
 [ 0.08062974 -0.22765587]
 [-0.44120646  0.18255852]
 [-0.05778374 -0.16720549]
 [-0.34748597  0.41381602]
 [ 0.4648971   0.23989681]
 [-0.08938095 -0.22001279]
 [-0.29155464 -0.39147226]
 [ 0.36316527  0.47818479]
 [-0.12795291 -0.44880089]
 [ 0.42510459 -0.18279338]
 [ 0.1819927  -0.24964293]
 [ 0.23493634  0.29918732]
 [-0.08296762 -0.01918541]
 [ 0.33960959  0.12866599]
 [ 0.05209176 -0.29383558]
 [ 0.35408857 -0.42924458]
 [ 0.41052655  0.13259492]
 [-0.30905222 -0.38767575]
 [ 0.19178063  0.08897319]
 [ 0.02612254 -0.04966961]
 [ 0.30181662 -0.11730104]
 [ 0.3041969  -0.26977868]
 [ 0.30725125  0.17611015]
 [ 0.14190555  0.41745137]
 [ 0.4562202  -0.13250341]
 [ 0.12831322  0.3424824 ]
 [ 0.25473269 -0.31470676]
 [-0.1899567   0.48464428]
 [ 0.06181061  0.37772313]
 [ 0.01603309 -0.19946623]
 [-0.18049803  0.08800879]
 [ 0.44156287 -0.04930345]
 [-0.116302    0.37094631]
 [ 0.2143497  -0.13073454]
 [-0.39105484 -0.23737966]
 [ 0.13383842  0.29601475]
 [-0.16289645 -0.39240731]
 [-0.37729615 -0.04762269]
 [ 0.22189251  0.18606974]
 [-0.12741879 -0.45816904]
 [ 0.22645429  0.34339808]
 [ 0.35116333  0.38560006]
 [ 0.3617847  -0.20242295]]Output bias: [ 1.01228083  0.97384574]
Value MLP:Hidden weights: [array([[  7.94906662e+00,  -7.72793358e+00,   3.79073523e-01,
         -1.40058445e+00,  -1.51701287e+00,  -1.27769253e+00,
          5.73538137e+00,  -1.59953148e+00,  -2.55641179e+00,
          2.12795365e+00,   3.52014004e+00,   1.47124499e+00,
          2.52382349e+00,   8.70479898e+00,  -1.64094092e+00,
         -5.87735483e+00,   2.91699429e+00,  -4.40560736e+00,
          9.63160733e+00,  -9.55092410e-01,   4.24655367e+00,
          4.17884605e+00,   2.30185555e+00,  -6.44237194e-01,
          1.69510748e+00,  -4.11217255e+00,  -1.75207145e+00,
          9.53470508e-01,  -4.55541723e+00,  -1.21455226e+00,
         -5.73178456e+00,  -1.17534707e+00,   3.91966473e+00,
          3.76178120e+00,  -2.65883482e-01,   4.34504066e-01,
         -1.29246454e-01,  -2.48472214e+00,  -3.94095017e+00,
         -3.99244608e+00,  -1.59751992e+00,  -3.19529169e+00,
         -1.33378099e+00,  -3.31967890e+00,   1.45350324e+00,
         -8.47339669e-01,   8.61615971e+00,  -5.63408805e-02,
          1.54060387e+00,   7.97897337e+00],
       [  6.60366128e+00,  -1.49817227e+00,   4.86378296e+00,
         -3.74318751e+00,   1.47843690e+00,  -6.48017715e+00,
         -7.86015024e+00,   9.40414990e-01,   2.88553362e+00,
         -3.14436393e+00,   4.31953109e+00,   5.65647366e+00,
          3.76500753e+00,  -3.81598387e+00,   4.59132022e+00,
          5.32069796e-01,  -1.03090973e+00,   1.22479778e+00,
         -3.42706991e+00,   2.93694858e+00,  -2.27855031e+00,
          5.03608954e+00,  -1.32932172e+00,   1.02668058e+00,
         -1.90037985e+00,  -9.94216179e+00,  -7.88681152e+00,
          1.01122484e+01,   6.38581821e+00,  -7.34753787e-01,
         -1.37136317e+01,   9.52985606e-02,   4.56271412e+00,
          2.58680789e+00,  -9.98865274e-01,   2.37350392e+01,
         -1.67374714e+00,   1.71986503e+00,   5.15070703e+00,
         -8.56669012e+00,   3.79436529e-01,   2.77522386e+00,
          1.32249121e+01,   8.74142942e+00,   1.28956828e+01,
         -1.29499960e+01,   3.25243959e+00,  -8.47148888e-01,
          1.27131546e+01,   1.51271873e+01],
       [  8.87306798e+00,  -2.75724157e+00,   2.44447831e+01,
         -2.96699261e+00,  -7.08540337e+00,   1.34093246e+01,
          4.09096924e+00,   1.08133290e+01,  -1.83549595e+01,
          1.85588365e+01,  -1.11828509e+01,  -3.68362785e+00,
         -6.74151673e+00,   5.63009789e-01,  -7.33543082e+00,
          9.40731459e+00,   3.58483839e+00,  -3.57639140e+00,
          4.64273053e+01,   7.95695851e+00,   8.32980496e-01,
          3.87479501e+00,   6.95716483e-01,   1.04904223e+01,
         -1.05777823e+00,   6.83212122e+00,   1.04970739e+01,
          1.50711173e+00,  -3.41228510e+01,  -1.85905636e+00,
         -7.16123613e+00,   5.85681939e+00,  -1.16607840e+01,
          7.09414361e+00,   7.32987023e-01,  -1.44367639e+01,
          3.64646299e-01,  -7.03319848e+00,   1.35446261e+01,
         -1.62622238e+01,   1.01396611e+01,   4.62555880e+00,
          8.65644905e+00,   9.12159576e+00,   2.22503875e+00,
          1.22941612e+01,  -6.55628589e+00,  -3.59576116e-01,
          1.12005207e+01,  -5.52859587e+00],
       [  2.92643549e+00,  -1.93121820e+00,   4.53005113e-01,
          5.98841298e-01,  -1.92991114e+00,   3.94792121e+00,
          4.19348127e+00,  -1.98859380e+00,  -1.98678492e+00,
          9.33352988e-01,   7.69790222e-01,  -5.67924754e-01,
          1.66436622e+00,  -4.83009590e-01,  -1.89549049e+00,
          3.18882579e+00,   2.97191614e+00,  -1.15336816e+00,
         -4.52845542e+00,   9.42983763e-03,   2.47382029e+00,
         -8.18939566e-01,   2.44388451e+00,   7.47992435e-01,
          1.70667734e+00,   1.60167233e+00,   3.76467080e+00,
         -2.78639217e-01,   2.73810563e+00,   1.95865400e+00,
         -1.54139444e+00,   8.47237167e-01,   1.70771229e+00,
          1.22760461e+00,   3.01709815e-01,  -5.58214874e+00,
          2.92897385e-01,   2.04384106e+00,   2.09994484e-01,
          3.12796418e+00,  -1.18737287e+00,  -1.50702318e+00,
          2.36799734e+00,   3.04787985e+00,  -1.19833934e+00,
          5.32628317e+00,   3.57048875e+00,   1.05515378e+00,
          4.45958908e-01,  -1.33525499e+00],
       [  4.20249905e+00,  -4.73684815e+00,  -9.87833279e+00,
          1.10582313e+01,   6.16950446e+00,  -1.00884679e+01,
          5.55068343e+00,  -1.95372202e+01,   4.63476991e+00,
         -4.52801559e+00,   8.66630421e+00,   7.94509057e+00,
          1.01611915e+01,   7.62414136e+00,   1.43604622e+01,
         -1.11444569e+01,  -4.56170099e+00,   3.53669694e+00,
         -2.64096533e+01,  -7.11752917e+00,   4.80866496e+00,
         -4.74538275e+00,   5.74061238e+00,  -6.49595997e+00,
          4.03317906e+00,  -9.70697519e+00,  -9.93719028e+00,
          2.33261439e+00,   2.16981307e+01,  -5.28721141e+00,
         -2.82413256e+00,  -5.84463719e+00,   1.11917256e+01,
         -7.77310367e+00,  -1.12047102e+00,   1.37801624e+01,
         -3.42852189e-01,   5.83995852e+00,  -1.18840164e+01,
          1.80687872e+00,  -6.33936529e+00,  -6.97368637e+00,
          1.75968047e+00,  -1.43340653e+01,   3.85266286e+00,
         -1.29889431e+01,   4.61346586e+00,   3.97762748e-01,
         -2.62898776e+01,   8.73179615e+00],
       [  9.14793584e+00,  -1.01238055e+01,   1.14494347e+01,
          1.53348817e+01,   8.96602414e+00,  -7.70414321e+00,
          2.38826417e+01,  -5.50803988e+00,  -9.58378458e+00,
          9.87405193e+00,  -1.14965035e+00,   1.02832124e+01,
          1.95491907e+01,   7.88318852e+00,   1.79001747e+01,
         -1.16421332e+01,   6.34868061e-01,   7.19694688e+00,
         -1.23748368e+01,  -8.56878214e+00,   1.09540315e+01,
         -1.36429600e+01,   2.56603147e+00,   1.46136464e+00,
          6.71247364e+00,  -5.79487671e+00,  -5.23346193e+00,
          9.82467414e+00,   6.66544647e+00,  -1.34019620e+01,
         -1.71049315e+01,  -1.14688228e+01,   2.25902994e+00,
         -6.90255259e+00,   5.22228252e-01,   1.67985906e+01,
          2.78397865e-01,   7.10873162e+00,   6.07342499e-01,
         -7.85125530e+00,  -5.97848902e+00,  -4.87984348e+00,
          2.10904542e+01,  -1.20851557e+01,   7.50392209e+00,
         -1.20200684e+01,  -7.22163797e+00,  -2.25974903e-01,
         -3.61068917e+00,  -3.51919491e+00],
       [ -9.09514611e-01,   2.47253575e-02,   2.63795647e+00,
          2.18343422e+00,   2.34388585e+00,  -1.02106419e+00,
         -5.18617963e+00,   3.88683660e+00,  -5.43598361e+00,
          3.99235930e+00,   3.69852546e-01,  -3.61425161e+00,
         -2.53154099e+00,  -1.37600271e+00,  -1.46863185e+00,
          2.25898019e+00,   3.41725672e-01,   2.93403757e+00,
          6.38092991e-01,  -3.73594553e+00,  -7.08009250e-01,
         -2.24603212e+00,  -2.08821872e+00,   8.06696802e-02,
          3.14852901e+00,   9.04314614e-01,   3.64125846e-01,
          2.06876652e+00,  -2.00834019e+00,  -2.89416933e+00,
         -2.04512922e+00,  -6.93150303e-01,   4.89798521e-01,
         -2.35149869e+00,  -9.12773695e-01,  -2.06927292e+00,
         -1.72524309e-02,   1.99526101e+00,   9.06010883e-02,
         -4.91126926e+00,  -6.11657111e-01,  -1.49211146e+00,
          1.11632664e+00,  -7.98817102e-01,  -6.01429718e-01,
          1.47263627e+00,  -4.93001275e+00,  -5.71795963e-01,
          4.22753228e-02,  -2.06035279e+00],
       [ -1.95692088e+00,   1.78126331e+00,  -4.08800063e+00,
         -2.59762778e+00,  -1.46393807e-01,  -1.59122479e+00,
         -3.29792375e+00,   4.79320455e+00,   8.95590023e-01,
         -1.51038013e+00,   5.92333851e-01,  -1.78808007e+00,
          3.24523378e-01,   7.00090802e-01,  -1.95708222e+00,
          1.18883631e+00,  -4.19886867e+00,  -1.18326419e+00,
         -1.47856911e+00,  -2.56584863e-01,  -1.36527861e+00,
          3.35118217e+00,  -1.25864308e+00,  -4.16446085e+00,
         -1.12978380e-01,   6.08313475e-01,  -1.30858897e-05,
         -1.69366262e+00,   2.33661458e+00,   5.04245186e-01,
          3.73171675e+00,   8.47885135e-01,  -1.80316551e+00,
         -1.42568037e+00,  -6.99691345e-01,   6.08205760e-01,
         -3.46138662e-01,   2.07547561e+00,  -3.15948674e+00,
          9.70844375e-01,  -1.20729110e+00,  -3.37461478e+00,
         -2.69611030e+00,  -2.73922557e-01,   7.33664025e-02,
         -2.19288947e+00,  -1.64217659e+00,  -2.63163579e-01,
         -8.60107915e-01,   1.87909696e+00]]), array([[  0.04293342,  -0.10919422,  -1.15097125, ...,  -0.69747528,
         -2.22965901,   0.56458894],
       [  0.79071273,  -0.38650274,  -0.12551224, ...,  -0.56837336,
         -7.31564216,  -0.93077263],
       [  2.05904111,  -0.62113289,  -1.54727581, ...,  -0.88128305,
        -12.23128519,   1.90682517],
       ..., 
       [  0.67234514,  -0.85568396,  -0.13991263, ...,  -0.3304031 ,
          3.13349912,   1.05395321],
       [  1.49977139,  -0.41457081,  -2.92648893, ...,  -1.39628003,
        -15.29386735,  -0.05685913],
       [ -1.76635945,   0.65611407,   0.38820679, ...,  -1.51827435,
          7.94591869,   0.62466269]])]Hidden bias: [array([ -3.30281977,  -0.73342886,   4.75524086,  -8.06350619,
         0.35951607,  -8.82338235, -15.560138  ,   0.83278135,
         0.25612705,  -2.62659837,  -2.60732058,   2.9986505 ,
        -1.38835502,  -8.68235456,   6.78759824,   0.97011317,
        -7.50337208,   1.46412818,   6.58147817,   1.67613638,
        -6.52419738,   1.15961122,  -5.43974123,  -1.09884752,
         1.10287703, -10.95675257, -15.31430096,  12.52938191,
        -3.47068737,  -7.68493323, -17.40171411,   1.65642608,
        -2.98204136,  -2.38002621,  -3.75582769,  26.31298198,
        -3.49639522,   1.02411285,   4.95105814, -12.45309499,
         3.03186184,  -1.85541369,   8.81863637,   7.86760389,
        12.24302673, -15.82084884, -12.86257883,  -3.38485787,
         7.83528816,  11.24934237]), array([-1.7084744 , -0.570725  , -1.36702746, -2.26646988, -1.79483327,
       -2.12701864, -1.54905774, -1.20605917, -1.18038365, -1.1913474 ,
       -0.87162391, -1.88879305, -3.74830568,  0.3082227 , -0.96101486,
       -0.02435996, -1.45349008,  1.62730826,  2.01834545, -4.89691179,
       -1.6357143 , -1.30468833, -2.23344109, -1.02081259, -1.58266332,
       -0.54982961, -0.68329321, -2.99719084, -3.8664139 , -2.18229331,
       -1.21723596, -1.26259465, -0.1220249 , -0.34491929, -0.40401732,
       -2.08952552,  2.23011321, -1.32442843, -2.36990558, -3.14402813,
        0.91213234, -1.90651819, -0.52773315, -2.20781204, -0.56955782,
       -0.76972005, -2.03564593, -0.84925548, -6.0623683 , -2.003714  ])]Output weights: [[  9.62713323]
 [  6.27291866]
 [ -0.359236  ]
 [ 10.72613653]
 [ 10.35509159]
 [ 12.10773387]
 [ -5.08367586]
 [  6.84694088]
 [ 14.71971895]
 [  7.96528253]
 [  3.98093575]
 [ -0.15781237]
 [  7.8286346 ]
 [ -2.57759028]
 [ -7.82254746]
 [  2.27124197]
 [ -5.98970581]
 [  8.1034328 ]
 [ -8.496335  ]
 [ 10.78844234]
 [  4.55871173]
 [  7.07602397]
 [  9.89120472]
 [  8.61264044]
 [ 10.84805819]
 [  2.95440025]
 [ -3.75308945]
 [ 12.31018575]
 [ 20.59362179]
 [  9.00619264]
 [ 12.05115662]
 [  4.48860416]
 [ -4.90428267]
 [  4.72943023]
 [  0.61713861]
 [  6.15947339]
 [-15.84462836]
 [ 19.29846005]
 [  7.05109969]
 [ 10.83646599]
 [ 13.12323529]
 [ 21.38742012]
 [ 11.43175063]
 [ -5.78305184]
 [  7.73131876]
 [ -4.58571905]
 [  8.99524879]
 [ -3.65836664]
 [ 41.77870309]
 [ 11.0533145 ]]Output bias: [-68.42492558]