Action MLP:Hidden weights: [array([[ -1.62532803e-01,  -4.32623086e-02,  -1.48461763e-01,
         -4.02243983e-02,  -1.29666645e-01,  -2.44099940e-01,
         -1.61056847e-01,  -9.57632349e-02,  -5.53627567e-02,
         -6.08673456e-02,   5.27506306e-02,  -2.48816526e-02,
          1.85695594e-02,   3.03378897e-02,  -3.40877925e-02,
         -6.66667780e-02,  -6.97488897e-02,  -7.58817567e-02,
          1.71455601e-01,  -1.07581359e-02],
       [  3.43995179e-01,   1.72357567e-01,   2.79230131e-01,
          2.04028836e-01,   5.45235652e-01,   6.69216132e-01,
          3.08615628e-01,   1.84609958e-01,   2.33951745e-01,
          2.08266602e-01,   2.28203591e-01,   3.61932026e-01,
          3.14228360e-01,   1.13005549e-01,   1.75808985e-01,
          2.86514178e-01,   1.81172193e-01,   4.78288150e-01,
          1.65174641e+00,   1.36614943e-01],
       [ -9.05281856e-03,  -4.51245506e-02,  -2.66665087e-02,
         -4.50540862e-02,  -3.77453298e-02,  -3.75017845e-02,
         -3.89811513e-02,  -6.69671169e-02,  -5.17582795e-02,
         -4.85310586e-02,  -2.49000721e-02,  -4.87266384e-02,
         -5.49952299e-02,  -1.07211223e-02,  -3.80428029e-02,
         -4.02588738e-02,  -6.69475812e-02,  -4.58288644e-02,
         -1.34365004e-01,  -5.02296839e-02],
       [  4.79979961e-01,   4.05075072e-01,   4.39699111e-01,
          4.23917629e-01,   5.39614505e-01,   6.28529236e-01,
          4.71338576e-01,   4.06721766e-01,   4.28368510e-01,
          4.00684065e-01,   4.21321422e-01,   4.52024317e-01,
          4.30055185e-01,   3.56472274e-01,   4.01080675e-01,
          4.45196014e-01,   3.86801811e-01,   5.00918417e-01,
          1.90583485e+00,   3.52809754e-01],
       [ -4.07950432e-01,  -1.43901648e-01,  -3.93895773e-01,
         -1.25379650e-01,  -3.07767823e-01,  -5.53271481e-01,
         -4.38653723e-01,  -2.49746842e-01,  -1.63806097e-01,
         -1.72053210e-01,   1.99285221e-01,  -4.73877521e-02,
          6.49812350e-02,   7.27536974e-02,  -7.32625029e-02,
         -1.66980241e-01,  -2.30374331e-01,  -1.55274811e-01,
          4.88445783e-01,  -4.19684682e-02],
       [ -2.07219488e-01,  -6.72632329e-02,  -2.00229298e-01,
         -4.55628899e-02,  -1.19380522e-01,  -2.31202713e-01,
         -2.39880973e-01,  -1.39575666e-01,  -7.42209281e-02,
         -8.77070019e-02,   1.47730564e-01,   8.97190350e-04,
          5.98045283e-02,   4.13488190e-02,  -3.47754672e-02,
         -7.50448368e-02,  -1.29356131e-01,  -4.57485143e-02,
          3.14621625e-01,  -3.02485685e-02],
       [  1.01275967e-01,   1.81178209e-01,   1.06406273e-01,
          1.86040352e-01,   7.73623853e-02,  -1.04568279e-02,
          1.04206990e-01,   1.50892351e-01,   1.67442534e-01,
          1.54368606e-01,   2.36180826e-01,   1.64297678e-01,
          1.89683522e-01,   1.92592385e-01,   1.89283993e-01,
          1.49518163e-01,   1.47855558e-01,   1.21396146e-01,
         -8.56259710e-02,   1.73906106e-01],
       [  6.30149346e-02,   1.77773936e-01,   7.11387955e-02,
          1.96747676e-01,   7.28205642e-02,  -5.18409098e-02,
          5.65448397e-02,   1.26235915e-01,   1.64994012e-01,
          1.43298181e-01,   3.08838447e-01,   1.85963713e-01,
          2.27613180e-01,   2.15700139e-01,   1.94002570e-01,
          1.49745569e-01,   1.24091970e-01,   1.37497719e-01,
          1.05113784e-01,   1.74022722e-01]]), array([[ -1.68264838e-01,  -1.17210437e-01,  -7.99440105e-02,
         -8.24880568e-02,  -7.55317400e-02,  -8.68665238e-02,
         -1.30789478e-01,  -7.62864578e-02,  -1.03186393e-01,
         -1.73010959e-01,  -1.46422949e-01,  -1.93568125e-01,
         -1.06389426e-01,  -8.24259485e-02,  -2.33026750e-01,
         -3.69130700e-01,  -8.21609785e-02,  -1.21204930e-01,
         -1.64612185e-01,  -9.65526941e-02],
       [ -8.76455556e-02,  -8.88952193e-02,  -8.62397843e-02,
         -9.34225711e-02,  -9.93438574e-02,  -8.09643724e-02,
         -8.25296417e-02,  -8.55313347e-02,  -7.80015615e-02,
         -8.54067372e-02,  -8.34769155e-02,  -8.04363279e-02,
         -7.85823918e-02,  -8.30670005e-02,  -1.00687184e-01,
         -1.25862399e-01,  -8.36629649e-02,  -7.43943521e-02,
         -7.17436279e-02,  -8.83098313e-02],
       [ -1.62013454e-01,  -8.91731099e-02,  -5.93185612e-02,
         -6.45352353e-02,  -4.85631680e-02,  -6.90224578e-02,
         -1.10507507e-01,  -7.57346299e-02,  -9.01103618e-02,
         -1.64165401e-01,  -1.30516556e-01,  -1.81380719e-01,
         -1.02774730e-01,  -6.97581313e-02,  -2.20441669e-01,
         -3.48250387e-01,  -6.19969286e-02,  -1.12834013e-01,
         -1.50233269e-01,  -7.07802623e-02],
       [ -8.74795920e-02,  -8.41902146e-02,  -1.12357692e-01,
         -1.03362451e-01,  -1.03183928e-01,  -9.46723879e-02,
         -9.19717287e-02,  -9.68221613e-02,  -1.05290007e-01,
         -8.44150787e-02,  -7.81025094e-02,  -8.99888531e-02,
         -8.35392164e-02,  -9.84439202e-02,  -9.04365251e-02,
         -1.00928428e-01,  -8.71939866e-02,  -9.16432892e-02,
         -7.55120803e-02,  -1.01469308e-01],
       [ -1.46993358e-01,  -1.31057402e-01,  -1.48354520e-01,
         -1.30365051e-01,  -1.41516582e-01,  -1.40025034e-01,
         -1.46861657e-01,  -1.32237074e-01,  -1.54316170e-01,
         -1.50073358e-01,  -1.63299586e-01,  -1.65227551e-01,
         -1.52863405e-01,  -1.41942800e-01,  -1.98874472e-01,
         -2.68703659e-01,  -1.18156752e-01,  -1.40960475e-01,
         -1.61933873e-01,  -1.40068139e-01],
       [ -2.43091692e-01,  -1.69822719e-01,  -1.36978237e-01,
         -1.46784449e-01,  -1.30377261e-01,  -1.40227738e-01,
         -1.91626502e-01,  -1.44263453e-01,  -1.70024514e-01,
         -2.36898084e-01,  -2.34267000e-01,  -2.56110837e-01,
         -1.84496715e-01,  -1.57883271e-01,  -3.26308255e-01,
         -4.79007835e-01,  -1.33940434e-01,  -1.88244055e-01,
         -2.31812010e-01,  -1.34049435e-01],
       [ -1.79753486e-01,  -1.07659791e-01,  -6.03835331e-02,
         -7.60137255e-02,  -6.13390691e-02,  -6.70131130e-02,
         -1.29145445e-01,  -6.73646289e-02,  -9.91341875e-02,
         -1.67994072e-01,  -1.56988524e-01,  -1.92513910e-01,
         -1.01553204e-01,  -8.03657816e-02,  -2.47910232e-01,
         -3.93639943e-01,  -6.96071983e-02,  -1.19382492e-01,
         -1.63693111e-01,  -6.79336924e-02],
       [ -1.20382691e-01,  -8.78703909e-02,  -6.90283686e-02,
         -6.28701996e-02,  -5.92881490e-02,  -6.35826162e-02,
         -8.98598808e-02,  -6.40020108e-02,  -6.82088100e-02,
         -1.13806965e-01,  -1.02103794e-01,  -1.25329889e-01,
         -8.16210844e-02,  -7.47665407e-02,  -1.39775696e-01,
         -2.32632102e-01,  -5.72226885e-02,  -9.24201481e-02,
         -1.09696759e-01,  -7.16371877e-02],
       [ -9.46452082e-02,  -9.80010876e-02,  -1.07682231e-01,
         -9.89639754e-02,  -1.01769636e-01,  -9.90423197e-02,
         -9.26402499e-02,  -9.44555104e-02,  -1.03660165e-01,
         -8.98921655e-02,  -8.99950849e-02,  -1.12154347e-01,
         -8.35533838e-02,  -9.19552116e-02,  -1.07020951e-01,
         -1.49609131e-01,  -9.86543907e-02,  -9.13291289e-02,
         -8.55837518e-02,  -9.13457918e-02],
       [ -9.21601435e-02,  -8.04232590e-02,  -8.87090668e-02,
         -8.30162268e-02,  -8.66486185e-02,  -8.85956279e-02,
         -8.50318186e-02,  -7.93778274e-02,  -7.90923844e-02,
         -8.97735559e-02,  -9.50738396e-02,  -9.67835888e-02,
         -8.68472431e-02,  -9.03925614e-02,  -1.03889344e-01,
         -1.68907333e-01,  -7.39993211e-02,  -7.86063680e-02,
         -9.02838169e-02,  -8.13622633e-02],
       [ -5.34298531e-04,  -8.30944392e-02,  -1.80928962e-01,
         -1.30485558e-01,  -1.93973671e-01,  -1.64789247e-01,
         -6.77741504e-02,  -1.33705604e-01,  -1.33728227e-01,
          1.19029632e-03,  -2.27332241e-02,   2.13115749e-02,
         -9.84693906e-02,  -1.28951703e-01,   8.43267917e-02,
          1.93165044e-01,  -1.49953494e-01,  -7.28628931e-02,
         -5.25855106e-03,  -1.38300249e-01],
       [ -6.74578968e-02,  -9.82229708e-02,  -1.47344381e-01,
         -1.26721250e-01,  -1.51638434e-01,  -1.38602176e-01,
         -9.70558285e-02,  -1.34580097e-01,  -1.31977092e-01,
         -7.69502397e-02,  -9.88579830e-02,  -7.02667100e-02,
         -1.18157198e-01,  -1.24681939e-01,  -5.01031978e-02,
         -3.84279712e-02,  -1.35466147e-01,  -9.91089730e-02,
         -9.00845931e-02,  -1.24738618e-01],
       [ -4.22070464e-02,  -9.87815938e-02,  -1.60752663e-01,
         -1.22648975e-01,  -1.74434981e-01,  -1.40835342e-01,
         -7.94336444e-02,  -1.29482013e-01,  -1.32681709e-01,
         -4.61126376e-02,  -6.22973081e-02,  -1.87143369e-02,
         -1.04581814e-01,  -1.32007224e-01,   2.15982544e-03,
          6.59354506e-02,  -1.37784116e-01,  -9.48507464e-02,
         -5.54799421e-02,  -1.36476324e-01],
       [ -2.06571710e-02,  -6.27560178e-02,  -1.16422593e-01,
         -8.98078126e-02,  -1.12576278e-01,  -1.08601764e-01,
         -4.42172816e-02,  -9.72350322e-02,  -8.80238188e-02,
         -1.40405297e-02,  -2.39479164e-02,  -2.19628495e-02,
         -5.82001724e-02,  -8.51376348e-02,   2.04844872e-02,
          5.80602198e-02,  -9.88887698e-02,  -5.79580915e-02,
         -1.85016451e-02,  -9.36488714e-02],
       [ -6.49126461e-02,  -9.01247301e-02,  -9.80755773e-02,
         -1.01325467e-01,  -1.03294312e-01,  -1.01728709e-01,
         -7.73711541e-02,  -9.51994687e-02,  -8.44126978e-02,
         -7.36979354e-02,  -7.10565346e-02,  -6.79055638e-02,
         -7.94205246e-02,  -8.06075590e-02,  -5.63421740e-02,
         -7.18957807e-02,  -9.23020866e-02,  -7.48809459e-02,
         -6.80361595e-02,  -1.02688066e-01],
       [ -1.00050680e-01,  -9.73292483e-02,  -1.19011425e-01,
         -1.04100725e-01,  -1.04100378e-01,  -9.95163140e-02,
         -9.68381813e-02,  -1.06246083e-01,  -1.14134451e-01,
         -1.12523108e-01,  -9.96131664e-02,  -9.99152856e-02,
         -1.00609328e-01,  -1.10430362e-01,  -1.11312552e-01,
         -1.57576574e-01,  -1.11596541e-01,  -1.08289211e-01,
         -1.00944259e-01,  -1.02999795e-01],
       [ -1.03600753e-01,  -7.38259434e-02,  -6.62299945e-02,
         -6.41102513e-02,  -5.39852143e-02,  -6.20699947e-02,
         -8.34907195e-02,  -6.57740685e-02,  -6.62561108e-02,
         -1.00446871e-01,  -8.83928889e-02,  -1.13841769e-01,
         -8.28075281e-02,  -6.51818125e-02,  -1.31577495e-01,
         -2.11979194e-01,  -6.43071206e-02,  -8.39614354e-02,
         -1.06469474e-01,  -6.23375693e-02],
       [ -1.05979982e-01,  -1.19159835e-01,  -1.48640526e-01,
         -1.28950725e-01,  -1.62918976e-01,  -1.40931073e-01,
         -1.21631913e-01,  -1.41533517e-01,  -1.36195549e-01,
         -1.19931008e-01,  -1.28331006e-01,  -1.17071655e-01,
         -1.28668832e-01,  -1.34956916e-01,  -1.19292719e-01,
         -1.29847465e-01,  -1.33388480e-01,  -1.39046981e-01,
         -1.10443304e-01,  -1.47559609e-01],
       [ -1.42433109e-01,  -4.09020045e-01,  -7.14755957e-01,
         -5.66649566e-01,  -7.01996229e-01,  -6.36999702e-01,
         -3.93305460e-01,  -5.48766344e-01,  -6.06904866e-01,
         -1.62455305e-01,  -3.22816961e-01,  -7.67114167e-02,
         -4.58578030e-01,  -5.50854567e-01,   2.17471958e-03,
          3.84761388e-01,  -5.42638329e-01,  -4.56836850e-01,
         -2.63639117e-01,  -5.87993025e-01],
       [ -5.60953639e-02,  -5.65910910e-02,  -8.26494183e-02,
         -8.64520367e-02,  -8.65656317e-02,  -8.64012948e-02,
         -5.67154167e-02,  -7.50674655e-02,  -6.64052342e-02,
         -4.40327899e-02,  -4.36250791e-02,  -4.96086112e-02,
         -6.43546095e-02,  -7.98713663e-02,  -5.05435962e-02,
         -4.92391762e-02,  -8.35124513e-02,  -5.73269567e-02,
         -5.06398913e-02,  -7.38681934e-02]])]Hidden bias: [array([-0.35863471, -0.59702478, -0.43046727, -0.56559973, -0.2264831 ,
       -0.07587605, -0.37996621, -0.56104321, -0.52869188, -0.561588  ,
       -0.49266954, -0.41370397, -0.45005475, -0.64683503, -0.59841398,
       -0.46456132, -0.58426547, -0.30381192,  0.25802285, -0.65761319]), array([-1.05212196, -1.05069121, -1.04561173, -1.04440791, -1.04175125,
       -1.04499638, -1.06408292, -1.04577381, -1.05811513, -1.0576675 ,
       -1.07241566, -1.05100374, -1.05997132, -1.04867666, -1.06850238,
       -1.05324936, -1.04144468, -1.06175161, -1.06970564, -1.04636046])]Output weights: [[ 0.04436109  0.19161232]
 [ 0.12694527 -0.02051896]
 [ 0.24333746 -0.23752146]
 [ 0.1778297  -0.14087928]
 [ 0.22764578 -0.24350906]
 [ 0.20752749 -0.18902842]
 [ 0.14454239  0.01507881]
 [ 0.16671786 -0.13634293]
 [ 0.22507463 -0.13906689]
 [ 0.05699446  0.18151671]
 [ 0.14342949  0.0904628 ]
 [ 0.01979185  0.24305942]
 [ 0.16204101 -0.0425242 ]
 [ 0.17856182 -0.12560295]
 [ 0.03453439  0.35199671]
 [-0.14816343  0.67878961]
 [ 0.15209235 -0.14499714]
 [ 0.17300148 -0.02367849]
 [ 0.11553798  0.13099658]
 [ 0.18780491 -0.15465001]]Output bias: [ 0.94841983 -0.21657342]
Value MLP:Hidden weights: [array([[ -1.36369001e-01,   1.52106542e-02,  -1.41420901e-01,
         -1.68082399e-01,  -2.75759697e-01,  -7.10187452e-02,
         -1.79668079e-01,  -5.87729906e-01,  -4.11116667e-01,
         -2.08233290e-02,  -2.49470753e-01,  -5.49329284e-01,
         -7.96139082e-02,  -5.27474568e-02,  -4.01879779e-01,
         -9.15454953e-02,  -1.86035474e-01,  -4.61904257e-01,
         -6.44536817e-02,  -1.41447827e-01],
       [  2.56172987e+00,   1.50524166e+00,   2.17203195e+00,
          2.10208831e+00,   5.61125655e-01,   2.69141361e+00,
          2.09443034e+00,   2.04458211e+00,   2.38461719e+00,
          3.35920604e+00,   1.80078079e+00,   2.09956445e+00,
          3.15260029e+00,   2.58017091e+00,   2.45160297e+00,
          2.45721584e+00,   2.11515066e+00,   2.28330659e+00,
          4.22614856e-01,   2.65815129e+00],
       [  2.11026245e-01,   7.25634208e-01,   1.28345982e-01,
          1.36644607e-01,  -1.83720157e-01,  -4.01973701e-01,
          1.66850826e-01,  -3.86719523e-01,  -2.76183802e-01,
         -1.02659465e+00,   2.62789028e-01,  -2.94878576e-01,
         -8.15028903e-01,  -9.28207649e-01,  -2.88182800e-01,
         -2.34256863e-01,   1.62738987e-01,  -1.32737512e-01,
          1.34774589e-01,   4.85662955e-02],
       [  2.00281628e+00,   6.45698282e+00,   8.31148128e-01,
          1.18379485e+00,   2.90509268e+00,   1.81788842e+00,
          1.27486712e+00,   2.85286118e+00,   1.98494539e+00,
          3.29011384e+00,   1.49533423e+00,   2.52655764e+00,
          2.07975653e+00,   3.25863146e+00,   1.83231978e+00,
          7.69529654e-01,   1.06188400e+00,   2.05266686e+00,
          2.74666637e+00,   9.22368597e-01],
       [ -9.14481333e-02,  -1.26334871e-01,  -8.24526998e-02,
         -1.02989015e-01,  -3.71868617e-01,   3.20323252e-02,
         -1.37042315e-01,  -6.44483872e-01,  -4.83473325e-01,
          5.04227859e-02,  -2.50280587e-01,  -5.86378131e-01,
          5.76350270e-02,   9.31609934e-02,  -4.65260083e-01,
         -2.04437563e-03,  -1.35519510e-01,  -4.96948107e-01,
          3.17763719e-02,  -1.66573010e-01],
       [  6.98147712e-02,  -2.02749540e-02,   1.32999669e-02,
         -3.29286100e-02,  -1.64249765e-02,  -3.11954082e-02,
         -4.47787115e-02,   1.26659176e-02,  -2.61034942e-02,
          1.17455165e-01,   1.04088784e-01,   2.40205614e-03,
          4.09119865e-02,   5.67221603e-02,  -3.96649043e-02,
          2.38232671e-02,   3.79107790e-03,  -5.55214067e-03,
          1.97613271e-01,   1.28140882e-01],
       [  2.65690277e-02,   1.59313975e-02,   2.44620443e-02,
          2.07551200e-02,   5.87472648e-02,   1.98518478e-02,
          3.31134230e-02,   1.87238664e-02,   2.74775755e-02,
          1.59424744e-02,   2.58109300e-02,   2.27893018e-02,
          2.22719553e-02,   1.51322525e-02,   2.01304666e-02,
          2.81196600e-02,   2.50110014e-02,   2.11003020e-02,
          1.41512638e-01,   1.39604313e-02],
       [  1.44698659e-02,   4.93805137e-04,   1.79767388e-02,
          7.17356336e-03,   3.00776074e-02,   8.56550395e-03,
          1.60093339e-02,   1.21564866e-03,   4.59185780e-05,
          4.25210378e-03,   6.84817045e-03,   5.82744543e-03,
          4.49706714e-03,   2.47105038e-03,   7.84148256e-03,
          3.76877802e-03,   1.10908789e-02,  -1.68831121e-03,
          1.22757862e-01,  -4.46749306e-04]]), array([[ 0.42740965,  0.77774794, -0.28556794,  0.35901711, -0.29091598,
        -0.30725575,  1.80886927, -0.24633888, -0.2903149 ,  0.38048395,
         0.1872574 ,  0.31050836,  1.81226623,  0.80790278,  0.54597367,
         0.62993055,  0.53085418, -0.27929775,  0.24762382, -0.31413811],
       [-0.5544587 , -1.44360379, -1.5835544 , -1.24134834, -1.59569954,
        -1.90031244, -1.65646728, -2.59727388, -1.54612674, -1.30358852,
        -0.55080947, -0.70829349, -1.43878752, -1.14608874, -0.3280036 ,
        -0.95700508, -1.31462344, -1.76098442, -0.35903768, -2.39052314],
       [ 0.37641266,  0.82798546, -0.23427353,  0.36463174, -0.20108307,
        -0.18370734,  0.55212743, -0.44120676, -0.22194474,  0.36810991,
         0.13370023,  0.27495793,  0.52369666,  0.83418157,  0.43214622,
         0.46017834,  0.56328667, -0.19858936,  0.18495388, -0.02911912],
       [ 0.33333423,  0.88614888, -0.25183135,  0.3940826 , -0.19517458,
        -0.21815294,  0.34706886, -0.54996849, -0.24132093,  0.37858218,
         0.11854909,  0.25871097,  0.41352726,  0.77156011,  0.32109405,
         0.29786437,  0.60266857, -0.23507577,  0.16668888, -0.05888564],
       [ 0.44579388, -0.53023741, -0.35690991,  0.32475796, -0.34612242,
        -0.35478565,  0.11023731, -0.39230724, -0.36392422,  0.29369511,
         0.48237859,  0.42326294,  0.4388368 ,  0.25610463,  0.60219369,
         0.40195274,  0.30531532, -0.35754488,  0.66636483, -0.18501235],
       [ 0.41587016,  0.79134974, -0.13113016,  0.34431805, -0.13714983,
        -0.02417866,  0.64041711, -0.23007014, -0.14269564,  0.36356848,
         0.16255805,  0.29720655,  0.56144381,  0.84478053,  0.82902731,
         2.21535526,  0.52159269, -0.06533955,  0.20809293, -0.01202864],
       [ 0.32149778,  0.91651536, -0.27702884,  0.39961527, -0.22402493,
        -0.23106074,  0.28342052, -0.59530106, -0.25168175,  0.38730828,
         0.13655102,  0.23638768,  0.40105738,  0.72363528,  0.33881456,
         0.27553799,  0.65782099, -0.2368529 ,  0.19611816, -0.09221686],
       [ 1.02826444,  0.58242466, -0.15301905,  0.81467071, -0.17566746,
        -0.145633  ,  1.14199856, -0.23841901, -0.15535112,  0.8362326 ,
         0.88744063,  0.72849706,  0.74505596,  0.57722182,  1.04486129,
         0.71445768,  0.35063828, -0.15567348,  0.9775252 ,  0.00620628],
       [ 0.5238178 ,  0.56006706, -0.13264589,  0.67807831, -0.15835221,
        -0.10850174,  0.79577603, -0.21342529, -0.13176481,  0.71389808,
         0.52609891,  0.68220434,  0.65897581,  0.60509595,  0.66351198,
         0.74008339,  0.32931071, -0.12327168,  0.36633779, -0.01427818],
       [ 0.36045709,  0.76639152, -0.28128307,  0.35650712, -0.27251451,
        -0.39226121,  1.71841519, -0.01490511, -0.28007874,  0.38993493,
         0.15028755,  0.29204682,  2.55993524,  0.7558768 ,  2.01513322,
         0.71529799,  0.49161922, -0.33649889,  0.2067826 , -0.61752489],
       [ 0.11016492,  1.08374564, -0.64375457,  0.35495222, -0.62762252,
        -0.63276275, -0.16204674, -0.82374371, -0.65592932,  0.38483097,
         0.10145859,  0.07356017,  0.10924028,  0.05033667,  0.24204719,
         0.08955648,  0.95064515, -0.64131264,  0.2244035 , -0.48022654],
       [ 0.84428843,  0.63518956, -0.17726667,  0.7445062 , -0.19488182,
        -0.15246623,  1.00126454, -0.25066678, -0.16284743,  0.75363895,
         0.67549532,  0.5667948 ,  0.6329357 ,  0.66524454,  0.83931181,
         0.57338337,  0.35990839, -0.17068597,  0.86898145, -0.02896901],
       [ 0.42575148,  0.78785037, -0.17316116,  0.36113588, -0.18383344,
        -0.10753918,  1.15522374, -0.1185488 , -0.17103297,  0.37567811,
         0.19720401,  0.31464229,  0.80332127,  0.82029884,  1.1906516 ,
         2.06873895,  0.56506917, -0.12468147,  0.24271318, -0.15645553],
       [ 0.32882161,  0.77844992, -0.09430875,  0.39343028, -0.11607309,
        -0.03249008,  1.65318327, -0.06695231, -0.11147234,  0.45874016,
         0.1814832 ,  0.30383492,  0.96636587,  0.68737974,  2.91281598,
         1.01923831,  0.47156313, -0.0451934 ,  0.25782258,  0.01143788],
       [ 0.47943408,  0.54094761, -0.12465183,  0.66431567, -0.1547794 ,
        -0.0963043 ,  0.75842592, -0.18306118, -0.11621502,  0.70240806,
         0.47427286,  0.67238384,  0.62904073,  0.61388649,  0.65526504,
         0.72307921,  0.34245516, -0.09661332,  0.30932747, -0.01162057],
       [ 0.38640781,  0.81580052, -0.15485061,  0.38935841, -0.15798791,
        -0.05850818,  0.61783024, -0.24432969, -0.16664346,  0.37287325,
         0.17720354,  0.30573087,  0.55796231,  0.80834749,  1.08460212,
         0.76410238,  0.61402139, -0.1063805 ,  0.23344938,  0.12021419],
       [ 0.35580215,  0.86808859, -0.24520523,  0.38584051, -0.20171729,
        -0.20390436,  0.3920822 , -0.51717141, -0.24632041,  0.37543384,
         0.13321582,  0.26151469,  0.46189142,  0.80309185,  0.35880008,
         0.33085723,  0.56459942, -0.22089545,  0.19377797, -0.06378348],
       [ 0.66211835,  0.67917917, -0.18926848,  0.6291409 , -0.20634881,
        -0.18012422,  0.90625883, -0.2795539 , -0.17935407,  0.64947007,
         0.46199364,  0.44287857,  0.53032962,  0.71727545,  0.71054528,
         0.46578578,  0.37991385, -0.17458648,  0.71839342, -0.0669112 ],
       [ 0.62491337, -0.34986249, -0.16644197,  0.51804949, -0.17277394,
        -0.16797292,  0.30981142, -0.2118708 , -0.18394739,  0.47936104,
         0.67582532,  0.61379736,  0.62671434,  0.43392094,  0.79009144,
         0.59340668,  0.48647156, -0.18168221,  0.85064847, -0.00502813],
       [ 0.64040404,  0.42635312, -0.1284292 ,  0.51772231, -0.17811591,
        -0.11142065,  0.61740892, -0.32005408, -0.14240496,  0.48884178,
         0.42438951,  0.67717092,  0.61716299,  0.89691725,  0.8085618 ,
         0.78690151,  0.33169293, -0.12414358,  0.29409493, -0.00353328]])]Hidden bias: [array([-3.76620214, -2.22441806, -3.40161872, -3.4859712 , -4.12362482,
       -3.60360433, -3.46719792, -4.69201238, -4.0994746 , -3.50165348,
       -3.54959049, -4.47372765, -3.19002836, -4.37706305, -3.94166079,
       -3.19369015, -3.45148998, -4.05920377, -4.26055887, -3.49927742]), array([-0.91800654,  0.01325345, -0.14349439, -0.84845905, -0.13581647,
       -0.16485126, -0.59758315, -0.08190509, -0.14246049, -0.79266263,
       -0.94379873, -0.8785429 , -0.88540996, -0.78326705, -0.9673495 ,
       -0.86723626, -0.84232076, -0.14415318, -1.05094749, -0.34875166])]Output weights: [[ -4.72847319]
 [ -6.470704  ]
 [ -1.76998988]
 [ -4.36141022]
 [ -1.64960022]
 [ -2.01105665]
 [-11.34037808]
 [ -6.02683516]
 [ -1.67014575]
 [ -4.64899734]
 [ -3.87989995]
 [ -3.48523652]
 [-12.37210031]
 [ -7.67308208]
 [-14.19427105]
 [-12.69967295]
 [ -5.12468021]
 [ -1.93724808]
 [ -3.87741631]
 [ -2.51684077]]Output bias: [ 1.94555349]