Action MLP:Hidden weights: [array([[-0.02773475,  0.06922389,  0.00429474, ...,  0.01960817,
         0.08149369, -0.0659113 ],
       [ 0.10310267,  0.02390579,  0.07531569, ...,  0.08397686,
         0.03101221,  0.1154325 ],
       [ 0.01906927,  0.07488843,  0.01208174, ...,  0.00224166,
         0.02574275,  0.00811719],
       ..., 
       [ 0.09892171, -0.03632934, -0.06965436, ..., -0.0160588 ,
         0.02258373, -0.05328383],
       [ 0.08188368, -0.0296568 , -0.00723772, ..., -0.01871439,
         0.0725321 ,  0.05851314],
       [-0.0172476 ,  0.00119346, -0.03068446, ..., -0.03911702,
         0.09617383,  0.05710671]])]Hidden bias: [array([-0.85127038, -0.83972053, -0.81650832, -0.83043401, -0.80150881,
       -0.78791354, -0.84675896, -0.84689781, -0.85241923, -0.89610625,
       -0.8244491 , -0.53849293, -0.83964415, -0.92640745, -0.79370836,
       -0.79053927, -0.8490617 , -0.83331397, -0.84004157, -0.84923183])]Output weights: [[ 0.01540869  0.0179349 ]
 [ 0.01114168  0.00062796]
 [ 0.00566116 -0.00100615]
 [ 0.01251225  0.00584455]
 [ 0.01628723  0.02295169]
 [ 0.0146977   0.00188503]
 [ 0.00464035 -0.00479537]
 [ 0.00507195 -0.00913842]
 [ 0.01003804 -0.00602462]
 [ 0.39552344 -0.02241251]
 [ 0.03550462  0.33628761]
 [ 0.28169723  0.41611483]
 [-0.01095982 -0.00587933]
 [ 0.06127594  0.02780756]
 [ 0.00056073  0.00103265]
 [ 0.00691193 -0.00049453]
 [ 0.00429939  0.01133707]
 [ 0.01131824 -0.00712847]
 [ 0.01181307  0.00102581]
 [ 0.02331538  0.01293422]]Output bias: [ 0.07452289 -0.13805891]
Value MLP:Hidden weights: [array([[  8.80410089e+00,  -6.53410773e-01,  -7.36708323e-01, ...,
         -5.64994537e-01,  -1.12550766e+00,  -1.07375308e+00],
       [  4.39457136e+00,  -3.08928564e+00,  -1.31303262e+00, ...,
         -2.67022751e+00,   9.36555801e-02,  -5.42358015e+00],
       [ -4.59477743e-01,  -5.00870384e+00,  -1.12956162e+00, ...,
         -4.66349432e+00,   3.01876017e-01,  -8.91341948e+00],
       ..., 
       [  9.37990585e-01,  -7.21984510e-01,   5.28424184e-02, ...,
         -6.91011535e-01,  -1.19168696e+00,  -1.16351659e+00],
       [ -1.19501383e-03,   1.93502002e-02,   6.98189394e-02, ...,
         -6.48609459e-02,  -8.37247511e-02,  -3.13720706e-03],
       [ -4.31432867e-02,  -3.12662355e-02,  -3.41108054e-02, ...,
         -9.17865054e-02,   9.63003643e-02,   7.46337991e-02]])]Hidden bias: [array([  5.49573932,  -6.20176378,  -5.23804051, -15.36825152,
        -2.62650871,   9.72102588,  -3.27234928,   3.40197002,
         1.09264688,  -8.63227688, -10.33825851,  -2.72941721,
       -14.38399949,   1.76006234,  -2.42784356,   2.01436968,
        -2.79992998,  -5.74566927,  -7.81739168, -10.06516284])]Output weights: [[ -0.74504343]
 [  6.45970167]
 [ -6.53534698]
 [  2.65484895]
 [  7.13800223]
 [-11.74368607]
 [  7.05571368]
 [ -7.3468697 ]
 [ -0.07407952]
 [  5.8601077 ]
 [  5.47371615]
 [  6.82742969]
 [  3.17868285]
 [  1.65240342]
 [  7.14982767]
 [  2.15178583]
 [  7.17136222]
 [  6.51862449]
 [  2.34952823]
 [  0.2740783 ]]Output bias: [-6.52683614]