Action MLP:Hidden weights: [array([[-0.02784361,  0.0691676 ,  0.004266  , ...,  0.01966342,
         0.08149824, -0.06589559],
       [ 0.10311378,  0.02382139,  0.07531302, ...,  0.08389369,
         0.03098681,  0.11542346],
       [ 0.01894277,  0.07465976,  0.0121163 , ...,  0.00196512,
         0.02561142,  0.00775367],
       ..., 
       [ 0.0989396 , -0.03643557, -0.06965642, ..., -0.01614021,
         0.02254211, -0.05326906],
       [ 0.08188805, -0.02968094, -0.00725232, ..., -0.01872291,
         0.07252897,  0.05852631],
       [-0.01725635,  0.00118542, -0.03068887, ..., -0.03911947,
         0.09616991,  0.05709994]])]Hidden bias: [array([-0.85133669, -0.84027202, -0.81636261, -0.831114  , -0.80178923,
       -0.78827593, -0.8471393 , -0.8474335 , -0.85282673, -0.92425964,
       -0.81465493, -0.52640296, -0.83998485, -0.93232181, -0.79412387,
       -0.79066923, -0.8492974 , -0.83384751, -0.84036949, -0.84943387])]Output weights: [[ -1.67114577e-03   1.66719212e-02]
 [  3.40736796e-04  -4.31921112e-03]
 [  7.25852567e-04  -2.41915275e-03]
 [ -2.14438294e-03   4.85020011e-03]
 [ -3.41634750e-03   2.54059565e-02]
 [  4.39742653e-03   2.25031793e-03]
 [  1.87751873e-03  -1.77104403e-03]
 [  5.25993509e-03  -5.31563855e-03]
 [  4.23019517e-03  -6.00813347e-03]
 [  3.92476060e-01  -7.16312157e-02]
 [  1.29703027e-02   3.04589733e-01]
 [  2.85652363e-01   4.00005883e-01]
 [ -3.72328607e-03  -2.84428855e-03]
 [  3.84198741e-02   6.84853917e-03]
 [ -2.06274692e-03   2.48293324e-03]
 [ -8.16836162e-04  -3.51769962e-03]
 [ -7.07247986e-03   6.14892913e-03]
 [  5.25718936e-03  -4.06947988e-03]
 [  2.44488852e-03   1.26163586e-03]
 [  3.39393761e-03   2.05373575e-02]]Output bias: [ 0.07732952 -0.11948962]
Value MLP:Hidden weights: [array([[ -3.32652325e-02,  -6.53410773e-01,  -7.36708333e-01, ...,
         -5.64994537e-01,  -1.12550766e+00,  -1.07375308e+00],
       [ -5.65376089e-01,  -3.08928564e+00,  -1.31303276e+00, ...,
         -2.67022751e+00,   9.36555801e-02,  -5.42358015e+00],
       [ -1.07577033e+00,  -5.00870384e+00,  -1.12956222e+00, ...,
         -4.66349432e+00,   3.01876017e-01,  -8.91341948e+00],
       ..., 
       [ -1.09104717e-01,  -7.21984510e-01,   5.28413380e-02, ...,
         -6.91011535e-01,  -1.19168696e+00,  -1.16351659e+00],
       [ -1.19500026e-03,   1.93502002e-02,   6.98189394e-02, ...,
         -6.48609459e-02,  -8.37247511e-02,  -3.13720706e-03],
       [ -4.31432837e-02,  -3.12662355e-02,  -3.41108054e-02, ...,
         -9.17865054e-02,   9.63003643e-02,   7.46337991e-02]])]Hidden bias: [array([ -2.25004566,  -6.20176378,  -5.23804849, -15.36825152,
        -2.62652688,   9.72102588,  -3.27235355,   3.20707966,
         1.1005715 ,  -8.63227688, -10.33825851,  -2.73036903,
       -14.38399949,   1.76007595,  -2.43348731,   2.01437531,
        -2.80012544,  -5.74566927,  -7.81739169, -10.06516284])]Output weights: [[ -0.64036885]
 [  6.87083851]
 [ -6.12420945]
 [  3.06598578]
 [  7.54913867]
 [-12.15482291]
 [  7.46685025]
 [ -7.77037871]
 [ -0.48499603]
 [  6.27124454]
 [  5.88485298]
 [  7.23853671]
 [  3.58981969]
 [  1.24126444]
 [  7.56077929]
 [  1.74064917]
 [  7.5824904 ]
 [  6.92976133]
 [  2.76066507]
 [  0.68521513]]Output bias: [-6.93797297]