Action MLP:Hidden weights: [array([[  1.62869158e-01,   3.85519255e-02,  -3.14013745e-01,
          3.63622491e-01,  -3.90332359e-02,   8.23951867e-02,
         -3.47830214e-01,  -7.90849909e-02,   4.81611058e-01,
          1.62445048e-01,  -2.40753187e-01,   1.48043681e-01,
         -7.44104775e-02,   4.86536461e-01,  -3.09270453e-01,
          3.29968186e-01,   3.40863901e-01,  -3.48754807e-02,
         -2.16270684e-01,  -3.90094334e-01,   1.85651291e-01,
         -4.38299462e-01,  -2.12138973e-01,   1.93553100e-01,
         -2.43996225e-01,   3.37937616e-01,  -1.54853038e-01,
         -5.64558710e-02,  -2.34779746e-01,  -2.68745384e-01,
          4.56025598e-01,  -2.41615747e-01,  -3.19788989e-01,
          7.70224662e-02,   3.95233546e-01,  -2.50608760e-01,
         -3.01795742e-01,  -1.44928242e-01,   2.39753085e-01,
          3.52103930e-01,   2.92148337e-01,  -3.55358749e-01,
         -3.76184844e-01,   3.49679206e-01,  -9.14640410e-03,
          4.99568740e-03,  -2.90605350e-01,   1.29526850e-01,
         -1.94044361e-01,   1.80283554e-01],
       [  6.82086703e-01,   3.29057060e-01,   8.38466088e-02,
          5.15146359e-01,   3.81690221e-01,  -4.50532184e-01,
          3.74077367e-01,   8.66185510e-02,  -2.50369978e-01,
         -2.89646514e-02,   5.59601383e-01,  -6.76138579e-02,
         -4.99501971e-01,  -1.05806695e-01,  -2.14680697e-01,
          5.25572738e-01,   4.12627659e-01,   5.01640279e-01,
          6.88941134e-01,   2.16645328e-01,   7.00722076e-01,
         -1.12151357e-02,   7.05992258e-01,  -3.73462684e-02,
          1.56170861e-01,   5.54162142e-01,   4.77333831e-01,
          6.11827245e-01,   5.78813960e-02,   4.22810286e-01,
          9.43865170e-02,   3.25980507e-01,   2.68657849e-01,
          2.53605109e-01,   1.24648756e-01,   6.09228905e-01,
          6.57699439e-02,  -1.32863642e-01,   7.22612214e-01,
          9.83951699e-02,  -7.27928381e-02,   3.62079963e-01,
          9.56519690e-01,  -1.76865281e-01,   5.42668881e-01,
          6.32990500e-01,   4.70270976e-01,  -7.92375453e-02,
         -7.65415363e-02,   2.77362976e-01],
       [ -5.44035499e-01,   3.30411140e-01,  -1.79634339e-01,
          7.31133841e-03,  -4.32773580e-01,   2.47307223e-01,
         -3.69317271e-01,  -2.14995397e-01,  -6.82705815e-02,
         -3.44822329e-01,   1.80110920e-01,  -4.03574728e-01,
         -2.88277128e-01,   4.14656998e-01,  -5.70686635e-01,
         -2.46530247e-01,  -2.98510153e-01,   1.15891509e-01,
         -7.55461363e-01,   6.03349002e-01,  -4.65078667e-01,
          1.32886032e-01,  -4.66450166e-03,   1.65210096e-02,
          1.87669831e-01,   1.96590399e-01,  -3.86437978e-01,
          1.42885726e-01,   2.82389093e-01,   3.45534977e-01,
          3.47874058e-01,  -4.35941213e-01,  -2.64597502e-02,
         -4.54987858e-01,  -3.48709810e-01,  -1.93262366e-01,
          9.23386513e-02,   4.47874788e-01,   2.05673221e-01,
         -3.97100198e-01,  -2.39570051e-01,  -8.58950611e-02,
          3.16294327e-01,   3.57902154e-01,   1.84840824e-01,
         -2.41783992e-02,  -1.34102945e-01,   4.79200874e-01,
         -1.11585020e-01,  -2.54632370e-01],
       [ -1.04742767e-01,   1.76641508e-01,  -5.50767063e-01,
          1.39739264e-01,   1.99811360e-01,  -2.08495509e-01,
         -9.14430522e-03,  -3.06778936e-01,   1.61634686e-01,
          4.28434410e-01,  -9.20022932e-01,   5.06456016e-01,
          1.04197028e-01,  -8.56278533e-01,  -4.88334050e-02,
         -3.18706713e-01,  -4.48725798e-01,  -3.91921884e-01,
         -9.11523735e-02,  -3.73461255e-01,  -1.50746455e+00,
          1.26249833e-02,   3.79972211e-01,   3.19803453e-01,
          2.72552847e-01,  -1.63760939e-02,   6.51506633e-01,
         -1.12995469e+00,   3.10737171e-01,  -2.31090360e-01,
         -4.34380658e-02,   1.69250739e-01,  -1.40733129e-01,
          3.29894910e-01,   7.51830637e-02,  -5.74349378e-02,
         -3.61255682e-01,   1.85725170e-01,  -2.32402622e-01,
          2.18813962e-01,   3.68622155e-01,  -8.11447308e-01,
         -3.91829008e-03,   5.88921333e-02,  -1.30572389e+00,
          6.48407097e-01,   3.22500576e-01,  -3.15619872e-01,
          1.20111721e-01,  -5.11306204e-01],
       [  9.84598720e-02,  -2.38852670e-01,  -3.55279422e-01,
         -7.80515805e-02,  -1.65224110e-01,   3.71010713e-01,
         -2.60341977e-01,   3.43393215e-01,  -7.69373515e-02,
          1.04584673e-02,   2.67974171e-01,  -4.09400900e-02,
         -1.69275818e-01,   4.25706612e-01,  -3.95958430e-01,
          6.93286511e-02,  -2.34047633e-01,  -1.75717330e-01,
          6.78040124e-01,  -5.27407376e-01,   4.28563154e-01,
         -4.89930020e-01,   1.60394317e-01,   3.64750394e-01,
          2.32190256e-01,  -2.23969716e-02,   5.15988897e-01,
         -1.32277248e-01,   3.89413104e-01,   1.17725461e-01,
         -5.83784778e-02,  -2.45077767e-01,   3.56134577e-01,
          3.78443376e-01,   2.33197183e-01,  -2.54881671e-01,
         -1.06744246e-01,   1.21772264e-01,   2.36957334e-02,
          3.80394141e-02,   1.28259053e-01,  -4.01714475e-02,
         -5.11237119e-01,   4.00256897e-01,  -6.19302982e-02,
          1.29854611e-01,   2.00123972e-01,   2.95524121e-02,
          2.26136651e-01,   2.74977511e-01],
       [  1.67001481e+00,   5.08240796e-01,   3.89914409e-01,
          3.83708575e-01,  -7.10082890e-03,  -7.74486724e-01,
          2.41607866e-01,  -2.23929071e-02,  -4.27877312e-01,
          5.78188299e-01,  -1.16499260e-01,  -2.98601384e-01,
          9.53987579e-01,   3.59535609e-01,  -4.00702132e-01,
          8.06770139e-01,  -3.21966941e-01,  -6.06110289e-01,
          1.52527838e+00,  -6.94196263e-02,   1.45414407e+00,
         -1.24422972e-01,   8.30206123e-02,  -2.13253153e-01,
         -6.32013733e-01,  -5.75243433e-01,  -1.27621306e-01,
         -1.28646045e+00,  -1.31359683e-01,   1.13812924e-01,
          2.61336482e-01,   2.02318735e-01,  -5.05756825e-02,
         -2.60453866e-01,   3.10098356e-01,   5.46729378e-01,
         -2.96982116e-01,   6.20342278e-01,  -1.31973831e+00,
         -2.13328748e-01,   1.09549913e-01,   2.21949466e-01,
         -1.09632451e+00,   4.63993515e-01,   1.41938783e-01,
          1.67276199e-01,   1.14557128e-01,   5.21313116e-01,
         -6.11355469e-01,   3.24909394e-01],
       [ -4.80254187e-01,   6.18083029e-03,  -2.16459593e-02,
          6.44003241e-01,   2.78979171e-01,   1.26967016e-01,
         -3.14838012e-02,  -2.78007122e-01,   3.51587371e-01,
          3.84252006e-01,   2.03294905e-01,   2.71788961e-01,
          3.56633497e-01,   2.72074972e-01,   1.93595711e-01,
         -2.74273028e-01,   1.80114210e-01,  -1.23302932e-01,
         -6.35872410e-01,   2.72603361e-01,   4.47447252e-02,
          3.26572940e-01,   2.85045124e-01,   4.93902396e-01,
          5.53139140e-01,  -2.26820538e-01,   3.76193851e-01,
         -4.43559449e-01,  -1.30932454e-03,   4.96300047e-01,
         -1.55171258e-01,   5.41999282e-01,   7.64783385e-02,
          4.81751685e-01,   2.33378448e-01,  -4.39369579e-01,
          2.07715977e-01,   2.37408600e-01,   4.39706347e-01,
         -1.30082028e-01,  -9.99048224e-02,   3.60495855e-01,
         -5.56467945e-03,   1.09358414e-01,   3.92167333e-01,
          9.80565074e-02,   4.61692500e-01,   2.33059268e-01,
          4.60956911e-01,   5.44333305e-01],
       [ -3.55665529e-01,   4.80622768e-01,   2.73073457e-01,
         -1.52973396e-01,   2.85014500e-01,   5.20884136e-01,
          3.33736869e-01,   3.28945076e-01,   9.56605285e-02,
          3.38319144e-01,   1.97356689e-01,  -1.70034604e-01,
          1.82624500e-01,   1.83711582e-01,  -1.18315826e-01,
          3.27773191e-01,   3.57030874e-01,   4.69770014e-01,
          3.25462807e-01,   4.08993745e-01,  -3.87612817e-01,
          2.37840851e-02,   3.57053592e-01,   8.24295345e-02,
          4.78909246e-01,  -3.01523970e-01,  -2.75976242e-02,
          1.78025245e-01,   3.24284191e-01,  -1.39527194e-03,
          2.65793520e-01,  -4.06077282e-02,  -1.37255608e-01,
          5.98668390e-02,  -3.23825257e-02,  -2.39032818e-01,
         -1.81522766e-02,   7.80523643e-02,   2.00859643e-01,
          4.27615449e-01,  -1.26109198e-01,  -1.22187278e-01,
         -2.98746670e-01,   5.51051370e-01,  -4.04089001e-01,
         -7.02079508e-02,  -1.33360786e-01,   3.80697698e-01,
          1.70994646e-01,  -1.47859171e-01]])]Hidden bias: [array([-0.64007581, -0.30590216, -0.27108024, -0.44227993, -0.41027888,
       -0.61079743, -0.31168548, -0.28851101, -0.37299671, -0.37574263,
       -0.4725323 , -0.13721821, -0.53180754, -0.41864343, -0.44045967,
       -0.4800089 , -0.52541666, -0.41917258, -0.50646753, -0.49954256,
       -0.55286713, -0.30860328, -0.465665  , -0.43806339, -0.64630222,
       -0.45052184, -0.34022154, -0.4794868 , -0.2416704 , -0.46401725,
       -0.41418691, -0.3825364 , -0.21020006, -0.46234275, -0.23571594,
       -0.55773471, -0.3181812 , -0.22977397, -0.59907684, -0.25219136,
       -0.19370665, -0.3538812 , -0.66639674, -0.48245048, -0.33140607,
       -0.28221231, -0.38373341, -0.43397303, -0.52703259, -0.39510908])]Output weights: [[  1.10152206e-03   4.00289640e-01]
 [ -9.41949020e-02  -1.11873400e-01]
 [  6.37474374e-02  -1.10675496e-01]
 [ -3.57833226e-03  -7.34471863e-02]
 [  5.84618703e-03  -4.62632776e-02]
 [  7.57855203e-02   3.64175330e-01]
 [  1.47149218e-02  -1.08365862e-01]
 [  5.27619757e-02   1.14902649e-01]
 [  4.24497129e-02   2.40003855e-01]
 [ -4.58437179e-02  -1.69695719e-01]
 [  5.16790896e-02  -2.49463308e-03]
 [  4.13450420e-02   8.29614069e-02]
 [ -4.61423667e-02  -3.82755253e-01]
 [  1.47174180e-01   3.30400785e-02]
 [  4.76199359e-01   1.28459103e-01]
 [  2.67057582e-02  -4.55161502e-03]
 [  6.21778595e-02  -4.29910882e-03]
 [ -2.35883023e-02  -2.37153953e-02]
 [ -6.18686978e-02   3.64751658e-01]
 [ -1.63033425e-01  -2.18174641e-04]
 [  4.56400745e-01   3.25696261e-01]
 [  6.43049909e-02   3.89639997e-02]
 [ -1.45777413e-01  -7.25160548e-02]
 [  5.05611675e-02   1.21397432e-01]
 [ -1.31161487e-01   2.24134199e-01]
 [  1.08956666e-01  -9.94211497e-02]
 [ -1.20527047e-01   3.32790063e-02]
 [  3.81820467e-01  -1.74456226e-01]
 [ -2.38349665e-02   4.83339405e-02]
 [ -1.28383281e-03  -2.35571222e-02]
 [  1.85512192e-01   3.43161991e-02]
 [  4.61818177e-02  -7.95783977e-02]
 [  1.02205125e-02   3.42238465e-02]
 [  1.51008937e-02   1.10864763e-01]
 [  4.02417672e-02  -4.28063676e-04]
 [  6.52161958e-02   1.53803933e-01]
 [  4.93361949e-02   1.26775678e-01]
 [  5.65104752e-03  -1.40416720e-01]
 [ -1.71204981e-02  -1.28418998e-02]
 [ -2.64082982e-02   4.42078256e-02]
 [  7.82746434e-02  -1.79879412e-02]
 [  1.16999878e-01  -5.40723031e-02]
 [  8.11516741e-02  -3.32974550e-01]
 [  1.69860896e-01  -7.60488474e-02]
 [  3.15383108e-01   1.60091614e-03]
 [ -1.33719762e-01  -1.14787911e-02]
 [ -3.23353719e-02   3.03260211e-02]
 [  4.41142674e-02  -9.93498451e-02]
 [  7.24895596e-02   2.61668962e-01]
 [  7.76815776e-02  -2.59172554e-02]]Output bias: [ 0.50612875  0.55705725]
Value MLP:Hidden weights: [array([[  1.88795265e+01,   6.05232260e+00,  -3.05858180e+00,
         -1.38097125e+00,   2.01555726e+01,  -5.40234482e+00,
         -2.22696785e+01,   1.19864835e+00,   1.05553047e+00,
         -3.26496942e-01,   4.09535571e+00,  -2.19731878e+00,
          2.30719274e+01,  -1.06098643e+01,  -1.06340099e+01,
          3.50288301e+00,   3.02167740e+01,  -3.50714006e+01,
          1.73374605e+01,  -6.36641651e-01,   1.95305104e+01,
          2.51618705e+01,  -1.09152056e+00,   2.20951008e+00,
          1.91290124e+01,  -1.11036039e+01,   8.46213841e-01,
         -4.69012717e+00,   2.84634873e+00,   4.39713516e+00,
          1.42962071e+01,  -1.26198052e-01,   7.85634990e+00,
          3.15822483e+01,   6.95968720e+00,   2.50509176e+00,
          1.17513827e+01,  -7.72964988e-01,  -3.35572756e-01,
         -3.02028172e+00,  -1.41203375e+01,   1.73658397e+01,
          2.01933739e+01,   1.24921683e+01,   2.18859615e-01,
         -2.89585967e+01,  -1.25100033e+01,  -6.10131966e-01,
         -1.10491462e+01,   1.82008338e+01],
       [  4.87039085e+00,   4.91106779e+00,   1.90170947e+00,
         -3.29155398e+00,  -1.06982128e+01,   1.38569335e+01,
          6.14890377e+00,  -1.56678561e+00,  -4.91301674e+00,
          2.91540641e+00,  -1.14700606e+00,  -5.84617048e+00,
          8.07761139e+00,   6.02399013e+00,   1.40261524e+01,
          1.80112678e+00,   6.66721502e+00,  -1.83909018e+01,
          6.47361644e+00,   6.47313988e-01,   4.19360201e-01,
         -5.38074702e-01,  -2.32248583e+00,   3.19677025e+00,
          1.98758414e+01,  -6.88839238e+00,   3.48525893e+00,
         -6.64137756e+00,  -2.00887925e+01,   3.69633867e+00,
          2.31932690e+00,  -2.78332096e+00,  -5.70809515e+00,
         -1.06898361e+01,  -2.25068307e+00,   4.71471609e+00,
          2.72367419e+00,  -2.92592562e+00,  -1.40342372e+00,
         -3.36519692e+00,   7.04795972e+00,  -9.41629557e-01,
          4.87136822e+00,  -6.94467778e+00,   4.41729939e+00,
          6.85946793e+00,   1.20352610e+01,   8.61495116e-01,
          1.02746930e+01,  -8.06422594e+00],
       [  9.32993307e+00,   9.12857073e+00,  -8.93324090e+00,
         -3.66289219e+00,  -4.86556051e+00,   4.94169770e-01,
         -5.78196103e+00,  -1.27018983e+01,   1.11877271e+00,
          1.55878860e+01,  -2.32650964e+01,   8.89721157e+00,
          1.47815720e+01,  -2.42175053e+00,  -2.75106212e+01,
          2.45840686e+00,   1.03739777e+01,  -1.94001264e+01,
         -1.49883777e+01,   7.78860193e-01,   1.21599097e+01,
          2.45396599e+00,  -5.05352899e-01,   9.26751706e-01,
          3.58400568e+01,  -6.72199597e-01,   5.21243424e+00,
         -1.07911572e+01,  -1.61310515e+00,   1.42938805e+01,
          6.69870350e-01,  -4.80081475e-01,   2.23540116e+01,
          1.42212961e+01,   1.10741572e+00,   8.11391264e+00,
          9.37025970e+00,  -5.23028112e+00,   7.26407714e-03,
         -2.82338000e+00,  -2.49947369e+01,   1.44553685e+01,
          1.66594893e+01,   1.88165127e+01,  -5.90196890e+00,
          1.49497768e+01,  -2.12265552e+01,   1.27333569e+01,
          1.91890946e+01,  -6.07461678e-01],
       [ -2.37214517e+00,  -7.46509656e+00,   1.97994165e+00,
          4.47464448e+00,  -1.68523940e+00,   2.38639651e+00,
          1.26416608e+00,   5.70397746e+00,   2.92617755e+00,
         -4.14580935e+00,   3.13015503e+00,  -1.12862538e+01,
         -4.48807361e+00,   3.02475211e+00,   7.51294647e+00,
         -2.38214232e+00,  -1.61123657e+00,   6.37381024e+00,
          1.29135467e+00,  -2.41016179e+00,  -7.41501677e-01,
         -2.19250179e+00,   2.22020048e+00,  -7.66611030e+00,
         -3.71605113e+00,   5.81908965e+00,  -1.71955603e+00,
          5.79927666e+00,  -8.69396180e+00,  -3.04946075e+00,
          4.44377927e-01,   1.66152759e+00,  -6.20469472e+00,
          7.76239692e-02,  -2.97775092e+00,  -5.29425301e+00,
          4.78922181e-02,   2.81322014e-01,   5.78386391e-01,
          6.30917088e+00,   7.44395928e+00,  -7.89862619e+00,
         -2.76496630e+00,  -8.42552549e+00,   7.57242812e+00,
          3.63442664e+00,   2.94929333e+00,  -5.06047826e+00,
          2.82542956e+00,  -8.71324669e-01],
       [ -1.29880137e+01,   8.80254981e+00,   7.34253402e+00,
         -6.57659317e-01,  -1.40418455e+01,   1.01935795e+01,
          2.22091711e+01,  -1.07060950e+01,  -3.24327967e+00,
          7.00453728e-01,  -2.03229142e+00,   7.65366985e+00,
          6.26652886e+00,  -4.41628303e+00,  -6.85719362e+00,
          5.13805847e+00,  -2.36947099e+01,   1.04363981e+01,
         -1.29539662e+01,  -4.53987084e+00,  -1.10559934e+01,
         -1.50341400e+01,   3.89565165e-02,  -1.64509390e+00,
         -1.11047127e+00,  -1.04966771e+00,  -1.46688055e+01,
          2.47828902e+00,  -7.97477005e+00,  -4.09851422e+00,
         -1.03061945e+01,   1.28096502e+00,   7.98270299e+00,
         -6.37240484e+00,   8.24145689e+00,  -2.96829742e+00,
         -1.00628502e+01,   5.28901451e+00,   6.83872101e-01,
         -1.07551444e+00,  -1.23586240e+00,  -3.20313011e+01,
         -1.29208258e+01,  -8.46505951e+00,  -1.82131488e+00,
         -1.13372086e+01,   1.66709294e+01,  -1.24835810e+01,
         -2.22266667e+01,   1.82006106e+01],
       [ -3.54219396e+01,  -2.34814030e+01,  -8.89195994e+00,
         -3.48941580e-01,  -2.82197577e+01,   4.13823156e+00,
          2.23072370e+01,  -7.14354472e+00,   8.39548426e-01,
          2.19099487e+00,  -2.82895809e+00,  -1.14160394e-01,
         -2.66933368e+01,  -3.65104407e+00,  -6.96555488e+00,
         -3.24954553e+00,  -3.06820969e+01,   3.68567140e+01,
         -2.20238506e+01,  -1.39614179e+00,  -2.75084485e+01,
         -1.72996651e+01,  -4.13267020e-01,  -3.50737598e-01,
         -3.75484677e+01,  -6.34645161e+00,   3.26453316e+00,
          4.97577049e+00,  -5.20944227e+00,   6.33038012e+00,
         -3.14019741e+01,   1.25836102e-02,   3.38990094e+00,
         -4.02798690e+01,  -8.68812698e+00,  -1.18114482e+01,
         -1.67396255e+01,   6.78983674e+00,  -3.12168749e-01,
         -3.08758860e-01,  -1.23700088e+00,  -5.92289442e+00,
         -1.48457763e+01,  -5.81535066e+00,   1.14365142e+01,
         -1.01869749e+01,  -4.47040636e-01,   3.04370099e+00,
         -7.57436145e+00,  -1.08213636e+01],
       [ -5.11023442e+00,  -3.04927426e+01,  -6.90070807e+00,
         -5.34811832e-01,  -5.59896082e+00,  -1.63697426e+01,
         -1.24989714e+00,  -1.91309877e+01,  -1.42349273e+00,
          2.34364836e+01,  -2.16387793e+01,   9.34860067e+00,
         -1.49993689e+01,  -1.51728838e+01,  -3.46999918e+01,
          3.49631572e+00,  -3.84298554e+01,   2.90418870e+01,
         -2.47062899e+01,   8.18098865e+00,  -1.49844328e+01,
         -4.50264794e+01,  -2.95729885e+00,   6.70063075e+00,
         -1.75430307e+01,  -8.86240165e+00,  -7.97024627e+00,
         -8.16729685e-02,   1.32983179e+01,  -2.10737627e+01,
          1.12828148e+00,  -2.66663258e+00,  -2.63377114e+01,
         -1.07183349e+00,  -2.23598077e+01,  -1.17177835e+00,
         -4.88975011e+01,  -6.82365292e+00,  -1.21972714e+00,
         -5.67238821e+00,  -7.64959069e+00,  -4.17945365e+01,
         -1.63174750e+01,   1.68062755e+01,  -2.75523895e+00,
         -2.14297348e+01,  -1.51209745e+01,   4.38002576e+00,
         -5.47140578e-01,  -4.47183965e+01],
       [  1.08060191e+01,   3.04077494e+01,  -5.09854936e-01,
         -2.36053642e+00,   1.64436040e+01,   4.53871929e-01,
         -1.15931058e+01,   2.13619782e+01,  -3.62910827e+00,
          7.68078197e+00,  -9.20526041e+00,   9.40523343e+00,
          5.84783021e+00,  -4.58487763e+00,  -1.57534235e+00,
          1.45791430e+00,  -9.57361482e-01,  -2.68115805e-01,
          1.66140136e+01,   9.12283212e+00,   4.20191660e+01,
          1.70558137e+01,  -1.13824805e+00,   1.02652907e+01,
         -3.14094212e+00,  -7.64389233e+00,   2.23865114e+01,
         -6.56332729e+00,   3.52135050e+00,   1.83402330e+01,
          1.11941794e+01,   5.50655459e-01,   3.95468500e+01,
          3.20677657e+00,   7.61825581e+00,   8.51094416e+00,
         -3.22039969e+00,  -9.95386971e+00,  -1.00591282e+00,
         -2.34143266e+00,  -9.10853431e+00,   3.24099704e+00,
          1.42521133e+01,   6.89657679e+00,  -1.23908107e+01,
          2.07387370e+01,  -5.51545201e+00,   3.56457789e+00,
          5.81414493e+00,   1.20423308e+00]])]Hidden bias: [array([ 12.63878246,  14.6599758 , -20.39371342, -12.50826044,
         6.51602055, -22.97529983,  -7.4651402 , -10.26596616,
       -13.71692197,  15.83716135, -22.49605351,  19.12168469,
        10.82917792, -21.08256272, -27.36594236,   9.91499822,
        -6.33702411,   0.24960806, -13.56982671,   9.80086192,
         9.18510117,  -2.23954743,  -7.7243201 ,  15.36735278,
        -3.35132197, -14.74501958,  18.07132044, -16.33319494,
        25.20913717,  17.40336558,  26.66767103,  -7.19193605,
         7.74499137,   6.1535326 ,  17.08872146,  17.94142829,
         4.48100731, -18.91558474,  -5.46496118, -14.36186973,
       -26.17298672,  14.07525469,   3.81364386,  30.83100016,
       -22.76412987,  -5.30934501, -21.02995516,  19.33166473,
         8.45176706,   4.03043533])]Output weights: [[  3.80757861]
 [ -3.4883254 ]
 [  3.25447544]
 [  2.45284677]
 [ -2.36233611]
 [ 11.39593289]
 [ -5.82631257]
 [  5.11918754]
 [ -2.38178472]
 [  9.09506618]
 [-10.91992683]
 [  3.31434044]
 [ -2.20349415]
 [ 10.8723572 ]
 [  3.84749489]
 [  1.34979748]
 [ -6.72788243]
 [  4.60781064]
 [  4.72668725]
 [ -1.84868087]
 [ -2.72915149]
 [ -7.8787702 ]
 [  2.3839201 ]
 [  7.42573946]
 [ -1.22336287]
 [  6.17167888]
 [ -3.42917184]
 [ -0.88229296]
 [-17.52061063]
 [ -6.73949324]
 [  2.5984282 ]
 [  9.53071274]
 [  4.26969807]
 [ -0.53718943]
 [ -6.64631431]
 [  0.70806967]
 [  8.24745403]
 [ -1.29708959]
 [  9.89561248]
 [ -3.05274885]
 [ -1.98108629]
 [  7.20307483]
 [ -0.31023032]
 [ -0.16425154]
 [  7.47973915]
 [ -1.42894559]
 [ -5.83075472]
 [  3.92446803]
 [-12.47979611]
 [  2.3838494 ]]Output bias: [-12.84934414]