Action MLP:Hidden weights: [array([[  1.69322475e-01,   3.62188918e-02,  -3.13531846e-01,
          3.62020456e-01,  -3.98508759e-02,   8.55879673e-02,
         -3.48079875e-01,  -7.67249070e-02,   4.83265364e-01,
          1.59960400e-01,  -2.39979347e-01,   1.49802276e-01,
         -7.60274073e-02,   4.87813311e-01,  -3.06455876e-01,
          3.30061778e-01,   3.41144917e-01,  -3.50613291e-02,
         -2.12087044e-01,  -3.90657834e-01,   1.88259425e-01,
         -4.37985472e-01,  -2.14409959e-01,   1.97706420e-01,
         -2.44320432e-01,   3.37526063e-01,  -1.54045502e-01,
         -5.61193107e-02,  -2.33595102e-01,  -2.69174342e-01,
          4.58765365e-01,  -2.42134551e-01,  -3.18841099e-01,
          8.10914487e-02,   3.95425293e-01,  -2.50920260e-01,
         -3.01162973e-01,  -1.46214290e-01,   2.39618072e-01,
          3.52649883e-01,   2.92243885e-01,  -3.54815722e-01,
         -3.72867645e-01,   3.48774252e-01,  -6.40352740e-03,
          4.11261479e-03,  -2.90178098e-01,   1.28549393e-01,
         -1.90802471e-01,   1.80187931e-01],
       [  6.87275609e-01,   3.27214267e-01,   8.23731672e-02,
          5.14120150e-01,   3.81084848e-01,  -4.47867875e-01,
          3.72685061e-01,   8.81269381e-02,  -2.47949463e-01,
         -3.11056690e-02,   5.59640229e-01,  -6.64558726e-02,
         -5.02761153e-01,  -1.04873682e-01,  -2.13227226e-01,
          5.25439133e-01,   4.12692054e-01,   5.01422792e-01,
          6.93335687e-01,   2.16477910e-01,   7.02166233e-01,
         -1.09260075e-02,   7.04789438e-01,  -3.58401165e-02,
          1.58500314e-01,   5.53129023e-01,   4.77634141e-01,
          6.09998314e-01,   5.85573830e-02,   4.22496134e-01,
          9.49541023e-02,   3.25036598e-01,   2.69127253e-01,
          2.55060766e-01,   1.24669912e-01,   6.10669502e-01,
          6.71967834e-02,  -1.34681868e-01,   7.22537045e-01,
          9.89327851e-02,  -7.30055933e-02,   3.61298079e-01,
          9.53778760e-01,  -1.77476745e-01,   5.41865752e-01,
          6.32541147e-01,   4.70533969e-01,  -8.04324630e-02,
         -7.40331912e-02,   2.77052319e-01],
       [ -5.46926279e-01,   3.32045252e-01,  -1.75945017e-01,
          7.71244157e-03,  -4.32640445e-01,   2.43605502e-01,
         -3.66946161e-01,  -2.15326406e-01,  -7.37021272e-02,
         -3.42415954e-01,   1.80940509e-01,  -4.04370945e-01,
         -2.80684266e-01,   4.15108037e-01,  -5.68464054e-01,
         -2.46355177e-01,  -2.98288083e-01,   1.16099263e-01,
         -7.55198933e-01,   6.03499435e-01,  -4.63021254e-01,
          1.32988908e-01,  -5.25351512e-03,   1.78818934e-02,
          1.83350184e-01,   1.98094092e-01,  -3.86190098e-01,
          1.43634999e-01,   2.82370610e-01,   3.45462404e-01,
          3.50911787e-01,  -4.35133247e-01,  -2.64026789e-02,
         -4.53615071e-01,  -3.48734807e-01,  -1.96170467e-01,
          9.09152586e-02,   4.50816540e-01,   2.05732711e-01,
         -3.97884585e-01,  -2.39139056e-01,  -8.38035107e-02,
          3.18201796e-01,   3.58521815e-01,   1.89035204e-01,
         -2.44778760e-02,  -1.34120225e-01,   4.81713304e-01,
         -1.12770808e-01,  -2.54484246e-01],
       [ -1.07571641e-01,   1.77506890e-01,  -5.51554312e-01,
          1.39827387e-01,   1.99880722e-01,  -2.07838900e-01,
         -9.24476786e-03,  -3.07641797e-01,   1.61994014e-01,
          4.29730263e-01,  -9.20607863e-01,   5.05923376e-01,
          1.05714614e-01,  -8.57522691e-01,  -5.19829833e-02,
         -3.18838931e-01,  -4.49145868e-01,  -3.91743237e-01,
         -9.30617739e-02,  -3.72548425e-01,  -1.50827994e+00,
          1.22272078e-02,   3.81518878e-01,   3.18704120e-01,
          2.73955380e-01,  -1.69707819e-02,   6.52019779e-01,
         -1.13109840e+00,   3.10692537e-01,  -2.30974295e-01,
         -4.57815773e-02,   1.69079410e-01,  -1.40947526e-01,
          3.28975763e-01,   7.49320130e-02,  -5.77165453e-02,
         -3.61383994e-01,   1.86141856e-01,  -2.32267538e-01,
          2.19148253e-01,   3.68121301e-01,  -8.12458999e-01,
         -3.87677521e-03,   5.85137936e-02,  -1.30789580e+00,
          6.49425432e-01,   3.22598281e-01,  -3.15943367e-01,
          1.19474682e-01,  -5.11603648e-01],
       [  1.10922051e-01,  -2.46567841e-01,  -3.66864330e-01,
         -8.25734279e-02,  -1.67703302e-01,   3.88171524e-01,
         -2.68929764e-01,   3.47327269e-01,  -5.68100219e-02,
          2.88722172e-04,   2.66475015e-01,  -3.54683957e-02,
         -1.92988064e-01,   4.25704922e-01,  -3.95716118e-01,
          6.86830774e-02,  -2.34567891e-01,  -1.76657650e-01,
          6.83927428e-01,  -5.27620939e-01,   4.35995297e-01,
         -4.89189529e-01,   1.59079675e-01,   3.67274666e-01,
          2.46484314e-01,  -2.93413990e-02,   5.16981005e-01,
         -1.39276833e-01,   3.91622094e-01,   1.16854644e-01,
         -6.41622689e-02,  -2.49912249e-01,   3.57385010e-01,
          3.79876040e-01,   2.33065156e-01,  -2.46529426e-01,
         -9.88938869e-02,   1.10601663e-01,   2.35241866e-02,
          4.17697837e-02,   1.26332775e-01,  -4.66001663e-02,
         -5.21369308e-01,   3.96193358e-01,  -6.93827288e-02,
          1.30056251e-01,   2.01162530e-01,   1.95120077e-02,
          2.35925037e-01,   2.73701836e-01],
       [  1.67470472e+00,   5.12258833e-01,   3.88972376e-01,
          3.87588094e-01,  -4.46473454e-03,  -7.74873502e-01,
          2.42688697e-01,  -2.44105673e-02,  -4.27613120e-01,
          5.79082900e-01,  -1.18352084e-01,  -3.02194312e-01,
          9.50098898e-01,   3.56871265e-01,  -4.12579264e-01,
          8.06637914e-01,  -3.22543983e-01,  -6.06019148e-01,
          1.52899455e+00,  -6.92388300e-02,   1.45885726e+00,
         -1.26299711e-01,   8.73032508e-02,  -2.21004754e-01,
         -6.28793525e-01,  -5.74112052e-01,  -1.28726322e-01,
         -1.28724329e+00,  -1.33257275e-01,   1.15363853e-01,
          2.53549541e-01,   2.05404834e-01,  -5.17346452e-02,
         -2.67399307e-01,   3.10204312e-01,   5.48623011e-01,
         -3.01617773e-01,   6.20985971e-01,  -1.31978377e+00,
         -2.14470615e-01,   1.09574066e-01,   2.20755111e-01,
         -1.09447200e+00,   4.64519370e-01,   1.34080693e-01,
          1.68815561e-01,   1.13933777e-01,   5.22471996e-01,
         -6.15907150e-01,   3.25373185e-01],
       [ -4.80641537e-01,   4.19060794e-03,  -2.22930441e-02,
          6.41968898e-01,   2.77648524e-01,   1.29466385e-01,
         -3.23423488e-02,  -2.76109307e-01,   3.52939631e-01,
          3.83783708e-01,   2.03722589e-01,   2.73883727e-01,
          3.59086334e-01,   2.73133947e-01,   1.98481663e-01,
         -2.74244995e-01,   1.80384443e-01,  -1.23367177e-01,
         -6.35762033e-01,   2.72349849e-01,   4.38940459e-02,
          3.27545052e-01,   2.83001798e-01,   4.97547605e-01,
          5.53650807e-01,  -2.27704160e-01,   3.76605655e-01,
         -4.42690459e-01,  -5.15007790e-06,   4.95574998e-01,
         -1.53432021e-01,   5.40445826e-01,   7.72382066e-02,
          4.84936356e-01,   2.33340728e-01,  -4.39838403e-01,
          2.10403575e-01,   2.36882136e-01,   4.39739063e-01,
         -1.28884838e-01,  -1.00125197e-01,   3.60052310e-01,
         -4.95615974e-03,   1.08894013e-01,   3.94043267e-01,
          9.73145493e-02,   4.61989156e-01,   2.31938796e-01,
          4.64190936e-01,   5.44149102e-01],
       [ -3.54327281e-01,   4.78748727e-01,   2.71482105e-01,
         -1.54120708e-01,   2.84214759e-01,   5.23896969e-01,
          3.32141216e-01,   3.30722246e-01,   9.86541969e-02,
          3.35977846e-01,   1.97446332e-01,  -1.68600858e-01,
          1.80756489e-01,   1.84268343e-01,  -1.17188318e-01,
          3.27717861e-01,   3.57035955e-01,   4.69550721e-01,
          3.26505829e-01,   4.08831122e-01,  -3.86388959e-01,
          2.41103037e-02,   3.55844416e-01,   8.45524303e-02,
          4.81299866e-01,  -3.02990649e-01,  -2.69158820e-02,
          1.77253807e-01,   3.25190592e-01,  -1.78367509e-03,
          2.65989542e-01,  -4.16095548e-02,  -1.36650359e-01,
          6.17496978e-02,  -3.23709930e-02,  -2.38793935e-01,
         -1.63989563e-02,   7.63875971e-02,   2.00803550e-01,
          4.28321321e-01,  -1.26440007e-01,  -1.22981912e-01,
         -3.02091335e-01,   5.50066708e-01,  -4.03837305e-01,
         -7.03747131e-02,  -1.32999756e-01,   3.78990983e-01,
          1.74006422e-01,  -1.48206190e-01]])]Hidden bias: [array([-0.62534035, -0.31010405, -0.27274277, -0.44541073, -0.41225112,
       -0.605746  , -0.31395995, -0.28337318, -0.37021153, -0.38098273,
       -0.47189561, -0.13398269, -0.53679046, -0.41637919, -0.43665833,
       -0.48017777, -0.52522126, -0.4195606 , -0.49536047, -0.49988324,
       -0.54898547, -0.30772713, -0.46965592, -0.43131987, -0.64434405,
       -0.45248337, -0.33828711, -0.48141979, -0.23902225, -0.46514094,
       -0.41116166, -0.3851153 , -0.20839315, -0.45518934, -0.23568944,
       -0.55672304, -0.31525492, -0.23341884, -0.59925454, -0.25056694,
       -0.19426231, -0.35497509, -0.66747375, -0.48475079, -0.32972543,
       -0.28326701, -0.38263716, -0.43645904, -0.52083422, -0.39601495])]Output weights: [[ -6.31385816e-03   4.08737252e-01]
 [ -1.03020246e-01  -1.48527126e-01]
 [  5.95817621e-02  -1.51907857e-01]
 [ -9.58334429e-03  -8.61438129e-02]
 [ -4.13166455e-04  -5.28870730e-02]
 [  8.76520975e-02   3.92108370e-01]
 [  4.62163636e-03  -1.33494128e-01]
 [  4.31012871e-02   1.22243860e-01]
 [  5.42428193e-02   2.47454279e-01]
 [ -5.89628865e-02  -1.82353770e-01]
 [  5.44632200e-02   8.78456728e-03]
 [  4.26699431e-02   9.76674464e-02]
 [ -5.93082495e-02  -4.15463346e-01]
 [  1.42750123e-01   4.32924400e-02]
 [  4.85037139e-01   1.13442714e-01]
 [  1.82473832e-02  -3.65161298e-03]
 [  7.69284999e-02  -2.48954411e-03]
 [ -9.98388261e-03  -2.01038122e-02]
 [ -7.10408995e-02   3.85952424e-01]
 [ -1.50708456e-01  -3.06089876e-02]
 [  4.50120861e-01   3.48750918e-01]
 [  7.40903732e-02   1.15043265e-02]
 [ -1.58304279e-01  -7.13416330e-02]
 [  4.44899946e-02   1.49301803e-01]
 [ -1.24845639e-01   2.51642645e-01]
 [  1.20448703e-01  -9.74421620e-02]
 [ -1.35059969e-01   4.79642345e-02]
 [  3.98142504e-01  -1.71367872e-01]
 [ -3.52778944e-02   6.34295836e-02]
 [ -5.45280597e-03  -2.75911467e-02]
 [  1.84618496e-01   9.55462207e-03]
 [  3.72050972e-02  -1.00584685e-01]
 [  2.21584279e-04   4.20088352e-02]
 [  4.72070952e-03   1.34045331e-01]
 [  3.02148050e-02   6.50582263e-03]
 [  5.43013719e-02   1.24073377e-01]
 [  6.04064951e-02   1.23773370e-01]
 [ -7.67905846e-03  -1.61563063e-01]
 [ -4.49502162e-03  -7.73321554e-03]
 [ -2.85313333e-02   5.96478951e-02]
 [  6.65131974e-02  -2.12783544e-02]
 [  1.13984366e-01  -7.09065185e-02]
 [  9.03841043e-02  -3.48779057e-01]
 [  1.57717320e-01  -7.25836437e-02]
 [  3.29068797e-01  -1.12725924e-02]
 [ -1.47625948e-01  -1.40059667e-02]
 [ -4.48655058e-02   2.67815073e-02]
 [  3.61104100e-02  -1.24388478e-01]
 [  7.74353700e-02   2.87737298e-01]
 [  7.09348494e-02  -2.07897008e-02]]Output bias: [ 0.51905738  0.59645325]
Value MLP:Hidden weights: [array([[  5.22409803e+00,   8.76298006e+00,  -1.13821608e+00,
          2.13340845e-01,   1.60865646e+01,  -7.18078429e+00,
         -1.55673539e+01,   2.29487433e+00,   1.05314326e+00,
          1.04713289e+00,   5.66999294e-01,  -2.22105650e+00,
          1.50027569e+01,  -1.09098628e+01,   1.55730126e+01,
          3.94809281e+00,   2.08455627e+01,  -1.72303284e+01,
          1.75442831e+01,  -6.36347301e-01,   2.61603522e+01,
          2.25585688e+01,  -1.09146337e+00,   2.20951008e+00,
          2.69538135e+01,  -7.73806230e+00,   1.20005798e+00,
         -4.62786390e+00,   6.48703119e+00,   1.03128782e+01,
          8.50980119e+00,  -1.29365783e-01,   1.49453506e+01,
          4.60441810e+00,   6.54681771e+00,   1.81071041e+00,
          2.54083771e+01,  -7.72955229e-01,  -3.72973913e-01,
         -3.02028171e+00,   3.00366371e+00,   2.74918154e+01,
          2.13624280e+01,   2.81375073e+01,   2.20637149e-01,
          1.82287902e+00,   6.47738589e+00,  -7.37240976e-01,
         -1.18279397e+00,   1.93678063e+01],
       [  7.31364605e+00,  -2.97216210e+00,   2.61584211e+00,
         -3.35399633e+00,  -4.44592803e-01,   1.54669934e+01,
          1.36060160e+01,   3.30044527e+00,  -4.91307636e+00,
          3.18343967e+00,  -6.83290812e-01,  -6.10881626e+00,
          7.15328818e+00,   6.25433981e+00,   1.38684251e+01,
          1.71958348e+00,   1.23839466e+01,  -3.62089977e+00,
          1.38923684e+01,   6.47454486e-01,   1.19151100e+01,
          1.35747033e+01,  -2.32246413e+00,   3.19677025e+00,
          1.20717026e+01,  -6.62438542e+00,   5.29981946e+00,
         -6.63316328e+00,  -2.20348648e+01,   2.85722715e+00,
          5.41381524e+00,  -2.78330464e+00,  -4.22010483e+00,
         -3.83833708e+00,  -4.97341943e+00,   4.78959300e+00,
          9.11182256e+00,  -2.92592373e+00,  -1.42162581e+00,
         -3.36519692e+00,   9.37650010e+00,   1.46456111e+01,
          7.64846669e+00,  -1.13685986e+01,   4.41691327e+00,
          7.72695150e+00,  -2.27610607e+00,   8.38347357e-01,
          3.42037016e+00,   2.96346156e+00],
       [ -2.03514721e+00,  -8.83671306e+00,  -7.27546639e+00,
         -1.68672524e+00,   1.01444561e+01,  -4.40860467e-01,
         -1.11598508e+01,  -1.94189588e+00,   1.11505029e+00,
          1.66944889e+01,  -1.74036226e+01,   9.08762099e+00,
          8.91097885e+00,  -2.52967977e+00,   1.44874984e+01,
          2.42622398e+00,   1.56409220e+01,   5.41715131e+00,
          8.59545409e+00,   7.78894952e-01,   9.05748512e+00,
          5.97778317e+00,  -5.05299249e-01,   9.26751706e-01,
          4.55729278e+00,   1.40786674e+00,   2.58676736e+00,
         -1.07489516e+01,  -7.25691484e-01,   1.16299312e+01,
          1.14854136e+01,  -4.77579917e-01,   4.83996066e+00,
         -1.24482529e+01,   3.39828767e+00,   7.55297712e+00,
          6.56497410e+00,  -5.23027752e+00,   3.09692827e-02,
         -2.82337999e+00,  -2.24401116e+00,   1.47006344e+00,
          6.75368071e+00,   1.58603170e+01,  -5.90214601e+00,
          1.76576887e+01,  -6.89931917e+00,   1.28579004e+01,
          3.36758421e+00,   3.56763227e+00],
       [ -1.80798927e-01,  -4.29730851e-01,   1.92472489e+00,
          3.53097285e+00,  -1.19364273e+00,   2.23596905e+00,
          4.91775832e+00,   4.26138932e+00,   2.92867436e+00,
         -3.56677820e+00,   3.53150921e+00,  -1.14155809e+01,
         -1.35514685e+00,   2.99430954e+00,  -3.38953341e+00,
         -2.31215424e+00,  -1.66516158e+00,  -4.71802624e+00,
         -7.64801171e-01,  -2.41022090e+00,  -4.26743079e-01,
         -2.53276670e+00,   2.22021824e+00,  -7.66611030e+00,
          1.84486229e+00,   5.55685493e+00,   1.32908730e-01,
          5.81514373e+00,  -9.62319359e+00,  -2.86223770e+00,
         -8.50732108e-01,   1.66130023e+00,  -1.45868836e+00,
          8.67843080e+00,  -2.95050536e+00,  -5.27423990e+00,
         -3.32284600e-01,   2.81325952e-01,   5.98158412e-01,
          6.30917088e+00,   2.83631364e+00,   2.64048170e+00,
         -5.36611896e-01,  -6.33525143e+00,   7.57270181e+00,
         -4.41445157e-01,   2.88939142e-01,  -5.03490254e+00,
         -1.48529607e+00,   8.28611284e-02],
       [ -2.06875061e+01,  -2.04706277e+00,   2.14214917e+00,
         -2.45376990e+00,  -1.79125876e+01,   1.02473681e+01,
          1.09876745e+00,  -7.48665745e+00,  -3.23428229e+00,
         -4.06264147e-01,  -1.23054341e+01,   7.75094683e+00,
         -2.28625745e+00,  -4.47697664e+00,   2.03261100e+01,
          5.02881815e+00,  -5.74943896e+00,   1.86857230e+01,
         -5.70072064e+00,  -4.53954030e+00,  -1.22408328e+01,
         -1.33011968e+01,   3.89504616e-02,  -1.64509390e+00,
          6.33450342e+00,  -3.28464447e+00,  -1.03344724e+01,
          2.44808523e+00,  -1.01344923e+01,  -2.47659970e+00,
         -1.01957198e+01,   1.27986444e+00,  -5.61711514e+00,
         -8.40241278e+00,   5.46864138e+00,  -2.77032797e+00,
         -1.05258100e+01,   5.28900731e+00,   6.15122948e-01,
         -1.07551444e+00,  -8.97267620e+00,  -1.28644551e+01,
         -3.30525030e+00,  -1.09050339e+00,  -1.82177730e+00,
          7.66543049e+00,   3.52990966e+00,  -1.25744804e+01,
         -4.24331685e+00,  -9.36425455e+00],
       [ -6.28873183e-01,  -3.61404462e+01,  -1.21155124e+01,
         -2.69115985e+00,  -4.10594191e+00,   4.13334604e+00,
         -1.08535629e+00,  -1.40384217e+00,   8.48372696e-01,
          2.55566923e+00,  -8.05959052e-01,  -1.57550082e-01,
         -3.16905799e+01,  -3.72203382e+00,  -2.61595233e+01,
         -4.05422321e+00,  -1.86326607e+01,   9.04282994e+00,
         -1.64533875e+01,  -1.39595277e+00,  -2.90536271e+01,
         -1.68577921e+01,  -4.13169835e-01,  -3.50737597e-01,
         -4.94536899e+01,  -1.03266122e+01,  -1.86611407e+00,
          4.94427497e+00,  -3.98209226e+00,   4.27992759e+00,
         -3.01253049e+01,   1.57962508e-02,  -1.11070237e+01,
         -1.21896770e+01,  -8.26210882e+00,  -1.23465952e+01,
         -1.27357550e+01,   6.78982869e+00,  -2.96721693e-01,
         -3.08758864e-01,  -2.07497778e+01,  -1.58218629e+01,
         -1.86677985e+01,  -3.81339426e+00,   1.14329320e+01,
         -6.39560195e+00,  -2.44309999e+01,   3.15938589e+00,
         -1.60549879e+01,  -2.22757143e+00],
       [  1.25720627e+01,  -9.32816558e+00,  -8.86539031e+00,
         -1.11253104e+00,   1.21316747e+00,  -1.63697426e+01,
         -1.06601222e+01,  -6.42832916e+00,  -1.42348270e+00,
          2.34364836e+01,  -1.61786193e+01,   9.34860067e+00,
         -2.32264258e+00,  -1.51728838e+01,  -7.51791635e+00,
          3.49580295e+00,  -1.88661109e+01,   7.36134886e-01,
         -2.73653109e+00,   8.18098865e+00,  -1.59541604e+01,
         -2.46282156e+01,  -2.95729915e+00,   6.70063075e+00,
         -1.23533156e+00,  -9.43347855e+00,  -1.61708706e+01,
         -1.02615574e-01,   1.32983179e+01,  -1.54735133e+01,
          2.44474956e+00,  -2.66668403e+00,  -1.14085023e+01,
         -1.01225549e+01,  -2.35910953e+01,  -1.74509391e+00,
         -1.78249800e+01,  -6.82365292e+00,  -1.22109069e+00,
         -5.67238821e+00,  -1.35680207e+00,  -2.34641425e+01,
         -2.01222235e+01,   1.67958614e+01,  -2.75523888e+00,
         -1.58149684e+01,   5.52512648e+00,   4.38002577e+00,
          7.04771613e-01,  -3.32619644e+01],
       [  8.62933755e+00,   3.18083584e+00,  -6.39009794e-01,
         -2.36045337e+00,   2.82318145e+00,   4.53861957e-01,
         -1.31270963e+01,  -2.56581054e+00,  -3.62910827e+00,
          7.68078211e+00,  -4.32931015e+00,   9.40523343e+00,
         -2.34557974e+00,  -4.58487776e+00,   9.62053636e+00,
          1.46073880e+00,  -1.19857537e+01,   1.44892936e+01,
          1.56085221e+01,   9.12283212e+00,   3.06490440e+01,
         -6.07205345e+00,  -1.13824713e+00,   1.02652907e+01,
          8.47316434e+00,  -7.19182742e+00,   1.81697331e+01,
         -6.56332728e+00,   3.52135050e+00,   1.76145553e+01,
          1.04478094e+01,   5.47397066e-01,   1.30082074e+01,
         -9.06675272e+00,   6.33852523e-01,   8.33950962e+00,
         -1.96670919e+01,  -9.95386971e+00,  -1.00595283e+00,
         -2.34143266e+00,   6.72184694e-01,   2.59744152e+00,
          4.37605062e+00,   8.52155509e+00,  -1.23908107e+01,
          8.79012906e+00,   6.99619084e+00,   3.56456409e+00,
          9.68521920e+00,  -1.37334616e+00]])]Hidden bias: [array([ 11.80673034, -14.85802376, -17.48541994, -10.09789128,
        11.09912748, -21.14165057, -11.39891274, -14.4717618 ,
       -13.7192087 ,  14.28389331, -19.10130882,  18.8135081 ,
         6.45558989, -20.77955326,   7.68398867,   9.42386944,
         1.04272574,   4.01191966,   0.13536557,   9.80129956,
        -4.36130882,  -7.95687712,  -7.72460326,  15.36735278,
        -6.04946799, -12.06289947,   8.99777775, -16.39804159,
        23.27671726,  20.86809135,  16.08502685,  -7.20079235,
         4.22626593, -10.19520084,  12.54791788,  17.78411378,
         2.74705318, -18.91559397,  -5.60950218, -14.36186973,
         9.51011602, -10.52736886,   1.10291574,  19.90018619,
       -22.76624015,  18.04881602,  10.52533819,  19.16226565,
         8.22168541,   2.93942607])]Output weights: [[ -3.70215915]
 [ -1.39530156]
 [  3.27175832]
 [  1.70099936]
 [ 11.56535964]
 [ 13.19385047]
 [  1.0189063 ]
 [  5.03592949]
 [ -0.66726388]
 [  7.32072681]
 [-13.89605825]
 [  1.68961463]
 [  3.16944012]
 [ 12.60361389]
 [ -2.25745183]
 [ -0.09614388]
 [  3.0808322 ]
 [  5.86825512]
 [ -1.05535015]
 [ -3.56498028]
 [  0.37544461]
 [  3.74815917]
 [  4.10026744]
 [  5.70934093]
 [ -0.3835271 ]
 [  1.49912206]
 [ -6.05739393]
 [  0.88738876]
 [-13.51656542]
 [ -3.30852551]
 [  3.31208501]
 [ 11.24663832]
 [ -4.01000587]
 [ -0.14319257]
 [  4.44401215]
 [ -2.17324228]
 [  1.6097259 ]
 [  0.41931685]
 [ 11.60483055]
 [ -1.33635032]
 [  5.9281796 ]
 [-12.96228523]
 [ -6.3195505 ]
 [ -3.69379558]
 [  9.19598705]
 [ -3.61828124]
 [ -0.33919459]
 [  2.23555161]
 [  1.07570677]
 [  5.74230097]]Output bias: [-14.56574267]