Action MLP:Hidden weights: [array([[  1.63506811e-01,   3.84058996e-02,  -3.14007583e-01,
          3.63338103e-01,  -3.91998974e-02,   8.24832011e-02,
         -3.47866963e-01,  -7.87496870e-02,   4.81693583e-01,
          1.62326161e-01,  -2.40766795e-01,   1.48303386e-01,
         -7.43429182e-02,   4.86629593e-01,  -3.08943921e-01,
          3.29966714e-01,   3.40868466e-01,  -3.48795104e-02,
         -2.15929759e-01,  -3.90111392e-01,   1.85782055e-01,
         -4.38198184e-01,  -2.12384897e-01,   1.94120703e-01,
         -2.44187600e-01,   3.37839886e-01,  -1.54736078e-01,
         -5.63275530e-02,  -2.34542938e-01,  -2.68849210e-01,
          4.56147067e-01,  -2.41821636e-01,  -3.19648709e-01,
          7.76638316e-02,   3.95233727e-01,  -2.50558524e-01,
         -3.01563261e-01,  -1.45002250e-01,   2.39755132e-01,
          3.52332586e-01,   2.92106787e-01,  -3.55487561e-01,
         -3.75938818e-01,   3.49575436e-01,  -9.10559951e-03,
          4.93178145e-03,  -2.90519292e-01,   1.29412669e-01,
         -1.93823078e-01,   1.80226433e-01],
       [  6.83374759e-01,   3.28643596e-01,   8.34792030e-02,
          5.14895329e-01,   3.81536154e-01,  -4.49965212e-01,
          3.73698569e-01,   8.69546786e-02,  -2.49744834e-01,
         -2.94604482e-02,   5.59585932e-01,  -6.73521637e-02,
         -5.00071188e-01,  -1.05648426e-01,  -2.14371231e-01,
          5.25522468e-01,   4.12645342e-01,   5.01588501e-01,
          6.90057914e-01,   2.16629957e-01,   7.01501393e-01,
         -1.10767133e-02,   7.05705917e-01,  -3.70234158e-02,
          1.56781779e-01,   5.53896395e-01,   4.77391023e-01,
          6.11292543e-01,   5.80226916e-02,   4.22730215e-01,
          9.45179686e-02,   3.25728845e-01,   2.68754010e-01,
          2.53902846e-01,   1.24628866e-01,   6.09709312e-01,
          6.61848015e-02,  -1.33331798e-01,   7.22600358e-01,
          9.85189318e-02,  -7.28585456e-02,   3.61873345e-01,
          9.55534246e-01,  -1.77066494e-01,   5.42550831e-01,
          6.32897774e-01,   4.70339320e-01,  -7.95382391e-02,
         -7.59607318e-02,   2.77260897e-01],
       [ -5.43783920e-01,   3.30311315e-01,  -1.79596852e-01,
          7.01811730e-03,  -4.33070340e-01,   2.47269086e-01,
         -3.69397864e-01,  -2.14641578e-01,  -6.84706912e-02,
         -3.44791889e-01,   1.80066645e-01,  -4.03290228e-01,
         -2.87705320e-01,   4.14675389e-01,  -5.70295659e-01,
         -2.46537716e-01,  -2.98530567e-01,   1.15890186e-01,
         -7.55058029e-01,   6.03431740e-01,  -4.64396859e-01,
          1.33071266e-01,  -4.98785833e-03,   1.73424076e-02,
          1.87930973e-01,   1.96532885e-01,  -3.86199307e-01,
          1.42891485e-01,   2.82756190e-01,   3.45386307e-01,
          3.47924718e-01,  -4.36286613e-01,  -2.62695282e-02,
         -4.54004906e-01,  -3.48739863e-01,  -1.93468848e-01,
          9.26851225e-02,   4.47998489e-01,   2.05690515e-01,
         -3.96781862e-01,  -2.39675774e-01,  -8.60829713e-02,
          3.16276972e-01,   3.57825526e-01,   1.84829279e-01,
         -2.41888430e-02,  -1.33963981e-01,   4.79158745e-01,
         -1.10966460e-01,  -2.54738614e-01],
       [ -1.05057691e-01,   1.76786184e-01,  -5.50729986e-01,
          1.39810025e-01,   1.99851285e-01,  -2.08610083e-01,
         -9.07858743e-03,  -3.06921178e-01,   1.61466299e-01,
          4.28617900e-01,  -9.20044377e-01,   5.06341512e-01,
          1.04436436e-01,  -8.56415654e-01,  -4.91950471e-02,
         -3.18712340e-01,  -4.48766554e-01,  -3.91897928e-01,
         -9.13450211e-02,  -3.73358102e-01,  -1.50753117e+00,
          1.25523804e-02,   3.80142246e-01,   3.19656568e-01,
          2.72557955e-01,  -1.63791780e-02,   6.51561540e-01,
         -1.13009258e+00,   3.10704375e-01,  -2.31065930e-01,
         -4.35809823e-02,   1.69290926e-01,  -1.40773269e-01,
          3.29768430e-01,   7.51612194e-02,  -5.75461252e-02,
         -3.61383945e-01,   1.85820878e-01,  -2.32389425e-01,
          2.18785869e-01,   3.68593672e-01,  -8.11439727e-01,
         -3.79038510e-03,   5.88944675e-02,  -1.30578625e+00,
          6.48511752e-01,   3.22498108e-01,  -3.15567301e-01,
          1.19952569e-01,  -5.11315726e-01],
       [  9.94489435e-02,  -2.39315540e-01,  -3.55995443e-01,
         -7.81636658e-02,  -1.65155343e-01,   3.72363565e-01,
         -2.60826794e-01,   3.43405647e-01,  -7.52888667e-02,
          9.60618633e-03,   2.68005267e-01,  -4.07421968e-02,
         -1.71461053e-01,   4.25790021e-01,  -3.95780432e-01,
          6.92817387e-02,  -2.34032848e-01,  -1.75786471e-01,
          6.78521526e-01,  -5.27436370e-01,   4.28915183e-01,
         -4.89963129e-01,   1.60464770e-01,   3.64417002e-01,
          2.32786351e-01,  -2.28658226e-02,   5.15866049e-01,
         -1.32913975e-01,   3.89222435e-01,   1.17759451e-01,
         -5.83291240e-02,  -2.45133644e-01,   3.56057939e-01,
          3.77784696e-01,   2.33185536e-01,  -2.54029963e-01,
         -1.06414476e-01,   1.20788760e-01,   2.36626067e-02,
          3.79354190e-02,   1.28234309e-01,  -4.02969795e-02,
         -5.12314212e-01,   3.99908700e-01,  -6.18746749e-02,
          1.29814292e-01,   2.00092588e-01,   2.89707252e-02,
          2.26455377e-01,   2.74933540e-01],
       [  1.67030754e+00,   5.09171685e-01,   3.90590194e-01,
          3.85036717e-01,  -6.07148540e-03,  -7.75504239e-01,
          2.42343911e-01,  -2.33910555e-02,  -4.28826474e-01,
          5.78562007e-01,  -1.16385020e-01,  -2.99935745e-01,
          9.53794989e-01,   3.59218122e-01,  -4.02917546e-01,
          8.06766295e-01,  -3.21929299e-01,  -6.06028929e-01,
          1.52556513e+00,  -6.95251467e-02,   1.45444600e+00,
         -1.25068358e-01,   8.41651644e-02,  -2.15877902e-01,
         -6.33003811e-01,  -5.74600206e-01,  -1.28195283e-01,
         -1.28650103e+00,  -1.32515926e-01,   1.14401709e-01,
          2.60894461e-01,   2.03659865e-01,  -5.11380950e-02,
         -2.63178432e-01,   3.10151091e-01,   5.46863772e-01,
         -2.98866299e-01,   6.20899538e-01,  -1.31975112e+00,
         -2.14421424e-01,   1.09859945e-01,   2.22766592e-01,
         -1.09597308e+00,   4.64382437e-01,   1.42041714e-01,
          1.67425717e-01,   1.14139965e-01,   5.22177091e-01,
         -6.13328801e-01,   3.25197241e-01],
       [ -4.80642135e-01,   5.93496369e-03,  -2.17560508e-02,
          6.43565723e-01,   2.78665517e-01,   1.27105903e-01,
         -3.16410984e-02,  -2.77623841e-01,   3.51663763e-01,
          3.84342260e-01,   2.03257204e-01,   2.72198890e-01,
          3.57391366e-01,   2.72185512e-01,   1.94334999e-01,
         -2.74259880e-01,   1.80109209e-01,  -1.23318208e-01,
         -6.36138586e-01,   2.72625408e-01,   4.43380784e-02,
          3.26792925e-01,   2.84670135e-01,   4.94733738e-01,
          5.53176041e-01,  -2.26991603e-01,   3.76377953e-01,
         -4.43423112e-01,  -9.03943499e-04,   4.96112225e-01,
         -1.55018816e-01,   5.41622326e-01,   7.66704998e-02,
          4.82678528e-01,   2.33368778e-01,  -4.39506964e-01,
          2.08280999e-01,   2.37415402e-01,   4.39717064e-01,
         -1.29730049e-01,  -9.99880185e-02,   3.60272655e-01,
         -5.31994084e-03,   1.09283779e-01,   3.92149120e-01,
          9.80035723e-02,   4.61808682e-01,   2.32855803e-01,
          4.61370869e-01,   5.44258685e-01],
       [ -3.56284952e-01,   4.80734059e-01,   2.73159137e-01,
         -1.52932277e-01,   2.85047520e-01,   5.20362198e-01,
          3.33808636e-01,   3.28909288e-01,   9.53273546e-02,
          3.38473656e-01,   1.97360888e-01,  -1.70109885e-01,
          1.83096870e-01,   1.83712426e-01,  -1.18245762e-01,
          3.27793784e-01,   3.57034025e-01,   4.69787401e-01,
          3.24794148e-01,   4.08982398e-01,  -3.88246862e-01,
          2.38175257e-02,   3.57077936e-01,   8.23209953e-02,
          4.78578778e-01,  -3.01502295e-01,  -2.76239780e-02,
          1.78240271e-01,   3.24249777e-01,  -1.40137321e-03,
          2.65774716e-01,  -4.06063760e-02,  -1.37270395e-01,
          5.97560677e-02,  -3.23742828e-02,  -2.39133513e-01,
         -1.81571058e-02,   7.82047018e-02,   2.00865699e-01,
          4.27603193e-01,  -1.26080170e-01,  -1.22178594e-01,
         -2.99061698e-01,   5.51098223e-01,  -4.04071316e-01,
         -7.02040262e-02,  -1.33364944e-01,   3.80792164e-01,
          1.70672827e-01,  -1.47832368e-01]])]Hidden bias: [array([-0.63842797, -0.30640868, -0.27136578, -0.4429331 , -0.41070409,
       -0.6104578 , -0.31205548, -0.28771698, -0.37261947, -0.37618996,
       -0.47259992, -0.13661555, -0.53165835, -0.41841092, -0.43978027,
       -0.48005769, -0.52542032, -0.41920628, -0.50520192, -0.49950747,
       -0.55252481, -0.30831863, -0.46627463, -0.43688238, -0.64607319,
       -0.45091386, -0.33992519, -0.47979565, -0.24112506, -0.4642737 ,
       -0.41395574, -0.38312119, -0.20989003, -0.46102659, -0.23575041,
       -0.55743131, -0.3174324 , -0.23015484, -0.59906998, -0.25169823,
       -0.19385877, -0.35433003, -0.66686162, -0.48279925, -0.33161792,
       -0.28232654, -0.38352074, -0.43438875, -0.52628726, -0.39531596])]Output weights: [[  1.95694707e-03   3.95932016e-01]
 [ -9.41478529e-02  -1.21422577e-01]
 [  6.42951209e-02  -1.20434837e-01]
 [ -3.35773267e-03  -7.83313516e-02]
 [  5.95949392e-03  -4.98292728e-02]
 [  7.56798198e-02   3.72000985e-01]
 [  1.49843618e-02  -1.16316472e-01]
 [  5.31455481e-02   1.09864042e-01]
 [  4.22748772e-02   2.45338521e-01]
 [ -4.57590234e-02  -1.79142346e-01]
 [  5.23003101e-02  -9.70379098e-04]
 [  4.10065312e-02   8.77655551e-02]
 [ -4.60229698e-02  -3.94045307e-01]
 [  1.47832739e-01   2.86907743e-02]
 [  4.76115438e-01   1.30524801e-01]
 [  2.74415072e-02  -1.09026766e-02]
 [  6.26002560e-02   3.92128421e-05]
 [ -2.34684562e-02  -1.63051075e-02]
 [ -6.11327152e-02   3.59954135e-01]
 [ -1.63089984e-01   2.81499558e-03]
 [  4.57294668e-01   3.22595838e-01]
 [  6.40645530e-02   4.06875217e-02]
 [ -1.45818281e-01  -7.60000371e-02]
 [  5.03752603e-02   1.25657521e-01]
 [ -1.31480337e-01   2.32387748e-01]
 [  1.08821453e-01  -9.10953484e-02]
 [ -1.20744223e-01   3.11814749e-02]
 [  3.82195801e-01  -1.65186906e-01]
 [ -2.41065874e-02   4.86924368e-02]
 [ -1.12975579e-03  -2.47768509e-02]
 [  1.85634498e-01   2.76145798e-02]
 [  4.63217583e-02  -8.60078149e-02]
 [  1.03742292e-02   3.26564028e-02]
 [  1.50479604e-02   1.12117068e-01]
 [  4.05679178e-02  -6.13429778e-03]
 [  6.56046702e-02   1.46141575e-01]
 [  4.93781681e-02   1.31526570e-01]
 [  5.56890231e-03  -1.49323452e-01]
 [ -1.72626013e-02  -4.54433616e-03]
 [ -2.63798718e-02   4.46739243e-02]
 [  7.82198771e-02  -2.31630456e-02]
 [  1.17638121e-01  -5.91145397e-02]
 [  8.07496277e-02  -3.24733340e-01]
 [  1.69957466e-01  -8.36263340e-02]
 [  3.16085515e-01   2.06609342e-03]
 [ -1.33918441e-01  -1.52910804e-02]
 [ -3.23783434e-02   2.63669595e-02]
 [  4.43454911e-02  -1.08472334e-01]
 [  7.22599341e-02   2.69327423e-01]
 [  7.83602504e-02  -3.08442439e-02]]Output bias: [ 0.50605719  0.56717885]
Value MLP:Hidden weights: [array([[  1.47612022e+01,   1.89431796e+01,  -3.08353384e+00,
         -1.38097129e+00,   1.27071106e+01,  -5.40476533e+00,
         -1.31425460e+01,   9.01719887e+00,   1.05560059e+00,
         -3.30009961e-01,   2.88226750e+00,  -2.19663265e+00,
          2.25377776e+01,  -1.08120380e+01,  -2.26029041e+01,
          3.92744817e+00,   2.98363924e+01,  -3.13764636e+01,
          1.29235956e+01,  -6.36622969e-01,   2.62735735e+01,
          2.80092574e+01,  -1.09153468e+00,   2.20951008e+00,
          3.23734357e+01,  -1.12409259e+01,   3.25890754e+00,
         -4.65041039e+00,   3.23704857e+00,   8.67838711e+00,
          1.43132898e+01,  -1.27642912e-01,   2.39648543e+00,
          2.57935909e+01,   3.22361400e+00,   2.42512772e+00,
          9.79583572e+00,  -7.72973401e-01,  -3.51845689e-01,
         -3.02028171e+00,  -2.45176637e+01,   2.77506812e+01,
          2.19095684e+01,   1.25045470e+01,   2.20625993e-01,
         -1.71137754e+00,  -9.69205860e+00,  -6.13210703e-01,
          1.32318776e+01,   3.19576046e+00],
       [  4.98015112e-01,  -8.23539369e-02,   1.90291986e+00,
         -3.29155398e+00,  -1.22937680e+01,   1.38596057e+01,
          7.23177107e+00,   5.49689969e+00,  -4.91301873e+00,
          2.91577063e+00,  -1.82018622e+00,  -5.88370183e+00,
          1.05722438e+01,   6.17997303e+00,   1.67271085e+01,
          1.71361417e+00,   8.87823187e+00,  -1.60256362e+01,
          5.93122315e+00,   6.47332139e-01,  -4.98283152e-01,
          5.78849525e+00,  -2.32248522e+00,   3.19677025e+00,
          1.34114308e+01,  -6.84025746e+00,   3.41787408e+00,
         -6.63301410e+00,  -2.10733599e+01,   3.26116642e+00,
          2.39167617e+00,  -2.78333738e+00,   3.26548382e+00,
         -7.66712060e+00,  -2.10393818e+00,   4.70719334e+00,
          6.50784264e+00,  -2.92592376e+00,  -1.40771014e+00,
         -3.36519692e+00,   1.36272355e+01,   5.39246126e+00,
          4.92404992e+00,  -6.94246554e+00,   4.41691269e+00,
          7.33153048e+00,   9.24006988e+00,   8.61625613e-01,
          5.56167843e+00,   3.36642189e+00],
       [  7.94468821e+00,   2.19793132e+01,  -8.94161258e+00,
         -3.66289221e+00,   1.81641094e+00,   4.92744845e-01,
         -7.36621166e+00,   3.59723452e+00,   1.11888867e+00,
          1.55915170e+01,  -2.41989196e+01,   8.92711564e+00,
          1.40119678e+01,  -2.48757704e+00,  -9.03185012e+00,
          2.40684519e+00,   3.31574110e+00,  -1.54748098e+01,
          1.86739286e+01,   7.78869485e-01,   4.08693042e+00,
          5.78936808e+00,  -5.05360304e-01,   9.26751706e-01,
          2.29171174e+01,  -7.17523523e-01,   6.25445823e+00,
         -1.07621228e+01,  -2.19375153e+00,   1.25447456e+01,
          2.87240339e+00,  -4.79524538e-01,  -4.13430417e-01,
         -3.96505759e+00,   2.15626553e+00,   8.02774106e+00,
          6.42848862e+00,  -5.23028022e+00,   1.02674881e-02,
         -2.82337999e+00,  -1.50479780e+01,   1.16303468e+01,
          1.45830664e+01,   1.88229716e+01,  -5.90215657e+00,
          2.15603311e+01,  -1.89221741e+01,   1.27351608e+01,
          2.67136336e+01,  -3.62695734e+00],
       [ -4.17868014e+00,  -7.09541796e+00,   1.97544854e+00,
          4.47464447e+00,  -3.52199772e+00,   2.38633338e+00,
          3.34379050e-01,   2.49972257e+00,   2.92621521e+00,
         -4.14516954e+00,   2.82333759e+00,  -1.13052335e+01,
         -4.06035386e+00,   3.00567519e+00,   4.17981567e+00,
         -2.31080164e+00,   9.46385883e-01,   5.19302395e+00,
         -1.58722550e+00,  -2.41016913e+00,  -1.81090504e-02,
         -1.99031483e+00,   2.22019680e+00,  -7.66611030e+00,
         -2.07602926e+00,   5.77655413e+00,  -3.98245257e-01,
          5.81023422e+00,  -1.01683559e+01,  -1.49965579e+00,
         -7.58805223e-02,   1.66152643e+00,   3.91770756e-01,
          4.40382750e+00,  -3.29297808e+00,  -5.27653085e+00,
         -5.28251073e-01,   2.81320717e-01,   5.83373839e-01,
          6.30917088e+00,   4.45989718e+00,  -6.61217587e+00,
         -2.69649617e+00,  -8.42167096e+00,   7.57270239e+00,
         -2.18803287e+00,   3.45013184e+00,  -5.05971588e+00,
         -1.25205624e+00,  -1.64878907e+00],
       [ -1.49877911e+01,  -1.06812357e+00,   7.32273300e+00,
         -6.57659298e-01,  -2.04544071e+01,   1.01935682e+01,
          2.55816677e+01,  -2.19551190e+01,  -3.24345611e+00,
          6.99363618e-01,  -4.22035049e+00,   7.65290315e+00,
          6.65070982e+00,  -4.46990069e+00,  -2.47199465e+01,
          5.05587297e+00,  -1.38076696e+01,  -2.84941984e-01,
         -1.82131345e+01,  -4.53984865e+00,  -1.44193257e+01,
         -1.82902929e+01,   3.89719017e-02,  -1.64509390e+00,
          6.85621349e+00,  -8.57953278e-01,  -1.39287716e+01,
          2.45510653e+00,  -8.28281444e+00,  -2.13728824e+00,
         -9.94137566e+00,   1.28063997e+00,  -9.42734233e+00,
         -1.39686390e+01,   5.82529544e+00,  -3.01572674e+00,
         -1.14952238e+01,   5.28901674e+00,   6.65662854e-01,
         -1.07551444e+00,  -1.57099302e+01,  -2.12232262e+01,
         -7.57347849e+00,  -8.47073954e+00,  -1.82178135e+00,
          1.21748244e+01,   1.43426702e+01,  -1.24859776e+01,
          4.38717719e+00,  -7.73548308e+00],
       [ -2.90710068e+01,  -2.81286813e+01,  -8.94355952e+00,
         -3.48941570e-01,  -1.87575450e+01,   4.13811928e+00,
          7.84711452e+00,  -3.82864941e+00,   8.39516638e-01,
          2.19506435e+00,  -6.02131618e+00,  -1.20529304e-01,
         -2.65016775e+01,  -3.72096833e+00,  -6.67111664e+00,
         -4.08433945e+00,  -3.03541701e+01,   2.83160492e+01,
         -3.60974036e+00,  -1.39612650e+00,  -3.39329247e+01,
         -1.68467285e+01,  -4.13259223e-01,  -3.50737598e-01,
         -4.19783296e+01,  -6.31908965e+00,   3.73242629e+00,
          4.96029676e+00,  -5.27459232e+00,   8.18590468e+00,
         -2.98235914e+01,   1.38296880e-02,  -2.06588472e+01,
         -4.42088823e+01,  -4.80195155e+00,  -1.22328324e+01,
         -1.90915358e+01,   6.78985396e+00,  -3.10012931e-01,
         -3.08758861e-01,  -1.80775482e+00,  -1.21780927e+01,
         -1.47178495e+01,  -5.81807382e+00,   1.14329073e+01,
          1.31889227e+00,  -1.04879399e+00,   3.04431642e+00,
         -4.04363688e+00,  -1.42255834e+01],
       [  4.03801806e+00,  -1.88776782e+01,  -6.90070807e+00,
         -5.34811828e-01,   1.54564501e+00,  -1.63697426e+01,
         -7.94867056e+00,  -6.07396269e+00,  -1.42348647e+00,
          2.34364836e+01,  -2.16387793e+01,   9.34860067e+00,
         -1.44858967e+01,  -1.51728838e+01,  -3.46999918e+01,
          3.49631991e+00,  -3.58607909e+01,   2.91925527e+01,
          3.28859332e-01,   8.18098865e+00,  -1.27204863e+01,
         -3.85238294e+01,  -2.95729888e+00,   6.70063075e+00,
         -1.20642189e+01,  -8.86264296e+00,  -1.02301827e+01,
         -1.08758681e-01,   1.32983179e+01,  -2.04184270e+01,
          2.56812205e+00,  -2.66664153e+00,  -2.72132428e+01,
          3.22094587e+00,  -2.63843405e+01,  -1.44766295e+00,
         -4.06244785e+01,  -6.82365292e+00,  -1.22010192e+00,
         -5.67238821e+00,  -7.45187456e+00,  -4.21272943e+01,
         -1.60752770e+01,   1.68062755e+01,  -2.75523895e+00,
         -2.13636140e+01,  -1.51209745e+01,   4.38002576e+00,
          5.17363516e+00,  -4.45897800e+01],
       [  7.10761420e+00,   2.27093256e+01,  -6.18625543e-01,
         -2.36053642e+00,   1.78514567e+01,   4.53870139e-01,
         -1.55405997e+01,   1.70102097e+01,  -3.62910827e+00,
          7.68078197e+00,  -9.20028174e+00,   9.40523343e+00,
          2.44432776e+00,  -4.58487777e+00,  -1.58980742e+00,
          1.45799993e+00,   1.64499643e+01,   7.85550162e+00,
          2.12616845e+01,   9.12283212e+00,   3.35043152e+01,
          1.13111932e+01,  -1.13824881e+00,   1.02652907e+01,
         -4.56760156e+00,  -7.64518570e+00,   2.23865114e+01,
         -6.56332729e+00,   3.52135050e+00,   1.87782543e+01,
          1.10002181e+01,   5.49034765e-01,   3.41326062e+01,
          2.97809756e+00,   7.74243225e-01,   8.33934728e+00,
         -1.50537646e+01,  -9.95386971e+00,  -1.00725585e+00,
         -2.34143266e+00,  -1.03067536e+01,   4.68422471e+00,
          1.59683720e+01,   6.89657679e+00,  -1.23908107e+01,
          2.19074344e+01,  -5.54153384e+00,   3.56456358e+00,
          6.53329094e+00,   3.90374330e+00]])]Hidden bias: [array([ 12.43555813,  10.46973744, -20.36449893, -12.50826042,
        16.34538056, -22.97265032, -11.24030972,   8.14489231,
       -13.71681333,  15.83187791, -19.36285234,  19.08250083,
        10.49577355, -20.87644726, -20.7143202 ,   9.4052389 ,
        -0.13859023,  16.48319946,  12.73954501,   9.80091011,
         2.19815946,   2.16384248,  -7.72435983,  15.36735278,
        -2.53439873, -14.64329059,  15.85226648, -16.37548641,
        24.14282293,  15.73233585,  28.12414005,  -7.19493004,
        13.63088558,   5.47503409,  13.05726191,  17.74068919,
         3.64700954, -18.91557462,  -5.50727684, -14.36186974,
       -17.37604516,   0.76516381,   2.98383054,  30.82027259,
       -22.766254  ,  14.18592154, -26.5449103 ,  19.32832634,
        10.65680539,  13.91828884])]Output weights: [[  3.05041278]
 [ -6.16550652]
 [  4.52047465]
 [  3.7121212 ]
 [  4.14506463]
 [ 12.6553537 ]
 [ -3.26200475]
 [ -2.83121153]
 [ -1.12257719]
 [  7.83605957]
 [-10.91800369]
 [  2.06086981]
 [ -3.62932344]
 [ 12.14164758]
 [ -5.02907774]
 [  0.2272408 ]
 [ -3.93306959]
 [  7.87760312]
 [  4.9567213 ]
 [ -3.10793776]
 [ -2.26833432]
 [ -4.14627845]
 [  3.64318343]
 [  6.16646503]
 [ -3.49906373]
 [  7.5783526 ]
 [ -2.74291137]
 [  0.4350393 ]
 [-18.51941261]
 [  0.45152741]
 [  1.04732382]
 [ 10.78981149]
 [ -8.30614367]
 [ -7.8581178 ]
 [  8.6079219 ]
 [  0.3034679 ]
 [  3.94154408]
 [ -0.03781802]
 [ 11.1526222 ]
 [ -1.79347442]
 [ -6.06126879]
 [  3.45719979]
 [ -2.92966212]
 [ -1.38862006]
 [  8.738862  ]
 [ -1.65304779]
 [  1.07208326]
 [  2.66557956]
 [ -3.25539366]
 [  6.57276428]]Output bias: [-14.10861857]