Action MLP:Hidden weights: [array([[  1.63823526e-01,   3.80621465e-02,  -3.14123540e-01,
          3.63062580e-01,  -3.93577385e-02,   8.23900750e-02,
         -3.47988287e-01,  -7.85864717e-02,   4.81968988e-01,
          1.62182735e-01,  -2.40752547e-01,   1.48497711e-01,
         -7.45541092e-02,   4.86679047e-01,  -3.08638823e-01,
          3.29986194e-01,   3.40899759e-01,  -3.48899442e-02,
         -2.15868124e-01,  -3.90169142e-01,   1.85855962e-01,
         -4.38156866e-01,  -2.12599919e-01,   1.94584647e-01,
         -2.44343917e-01,   3.37753649e-01,  -1.54765708e-01,
         -5.63340878e-02,  -2.34444016e-01,  -2.68917936e-01,
          4.56343121e-01,  -2.41974005e-01,  -3.19584423e-01,
          7.79856335e-02,   3.95263219e-01,  -2.50384686e-01,
         -3.01435043e-01,  -1.45153864e-01,   2.39759151e-01,
          3.52478330e-01,   2.92125526e-01,  -3.55539823e-01,
         -3.75791765e-01,   3.49538735e-01,  -9.13192044e-03,
          4.80843861e-03,  -2.90506444e-01,   1.29238415e-01,
         -1.93795768e-01,   1.80240992e-01],
       [  6.82829863e-01,   3.28787082e-01,   8.36765950e-02,
          5.15006020e-01,   3.81630925e-01,  -4.50198396e-01,
          3.73902894e-01,   8.68294883e-02,  -2.49965297e-01,
         -2.92561737e-02,   5.59596172e-01,  -6.74894991e-02,
         -4.99963348e-01,  -1.05529289e-01,  -2.14416302e-01,
          5.25541730e-01,   4.12673514e-01,   5.01609579e-01,
          6.89488632e-01,   2.16585102e-01,   7.01064415e-01,
         -1.11343835e-02,   7.05747960e-01,  -3.71936944e-02,
          1.56437876e-01,   5.54043703e-01,   4.77287503e-01,
          6.11608375e-01,   5.79425032e-02,   4.22772568e-01,
          9.45488862e-02,   3.25904847e-01,   2.68708703e-01,
          2.53712284e-01,   1.24652821e-01,   6.09511697e-01,
          6.59911361e-02,  -1.33157121e-01,   7.22609070e-01,
          9.84391936e-02,  -7.28053242e-02,   3.61986435e-01,
          9.55967624e-01,  -1.76968979e-01,   5.42467284e-01,
          6.32837045e-01,   4.70288258e-01,  -7.94211603e-02,
         -7.63750964e-02,   2.77326991e-01],
       [ -5.43842813e-01,   3.30151351e-01,  -1.79664999e-01,
          6.79452820e-03,  -4.33280819e-01,   2.47761150e-01,
         -3.69502227e-01,  -2.14538863e-01,  -6.82094035e-02,
         -3.44729682e-01,   1.80088296e-01,  -4.03120965e-01,
         -2.87112057e-01,   4.14716545e-01,  -5.69876560e-01,
         -2.46519782e-01,  -2.98514343e-01,   1.15869549e-01,
         -7.54655749e-01,   6.03383317e-01,  -4.63300551e-01,
          1.33156407e-01,  -5.18798905e-03,   1.79110204e-02,
          1.88144689e-01,   1.96399419e-01,  -3.86220374e-01,
          1.42608669e-01,   2.82888424e-01,   3.45305906e-01,
          3.48024875e-01,  -4.36495367e-01,  -2.62128047e-02,
         -4.53630435e-01,  -3.48732039e-01,  -1.93520461e-01,
          9.29686978e-02,   4.48106292e-01,   2.05690277e-01,
         -3.96607156e-01,  -2.39701158e-01,  -8.60989901e-02,
          3.15873480e-01,   3.57920785e-01,   1.84933574e-01,
         -2.42807732e-02,  -1.33949882e-01,   4.79137712e-01,
         -1.10477578e-01,  -2.54715786e-01],
       [ -1.05526684e-01,   1.77131373e-01,  -5.50679909e-01,
          1.39912784e-01,   1.99908698e-01,  -2.08883431e-01,
         -8.94870191e-03,  -3.07167209e-01,   1.61191557e-01,
          4.28933321e-01,  -9.20132400e-01,   5.06140691e-01,
          1.04941910e-01,  -8.56683287e-01,  -5.00298407e-02,
         -3.18746760e-01,  -4.48863556e-01,  -3.91836641e-01,
         -9.14913647e-02,  -3.73073607e-01,  -1.50786643e+00,
          1.23902182e-02,   3.80523102e-01,   3.19424924e-01,
          2.72604140e-01,  -1.64385312e-02,   6.51757559e-01,
         -1.13053594e+00,   3.10676934e-01,  -2.31028153e-01,
         -4.39301458e-02,   1.69322625e-01,  -1.40839188e-01,
          3.29589521e-01,   7.50914110e-02,  -5.78352198e-02,
         -3.61631387e-01,   1.86033213e-01,  -2.32360101e-01,
          2.18779603e-01,   3.68476764e-01,  -8.11534371e-01,
         -3.72499550e-03,   5.87268294e-02,  -1.30609523e+00,
          6.48766260e-01,   3.22526701e-01,  -3.15499338e-01,
          1.19622036e-01,  -5.11391229e-01],
       [  1.00597409e-01,  -2.39356188e-01,  -3.56082422e-01,
         -7.79274308e-02,  -1.64887037e-01,   3.72564684e-01,
         -2.60921712e-01,   3.43642154e-01,  -7.47813664e-02,
          8.98991448e-03,   2.68051206e-01,  -4.07778972e-02,
         -1.73028510e-01,   4.25952575e-01,  -3.95650601e-01,
          6.92567438e-02,  -2.34017091e-01,  -1.75832584e-01,
          6.78947977e-01,  -5.27525845e-01,   4.29463920e-01,
         -4.89913473e-01,   1.60421190e-01,   3.63713118e-01,
          2.32790145e-01,  -2.29562700e-02,   5.15855360e-01,
         -1.32819178e-01,   3.89071048e-01,   1.17866650e-01,
         -5.83506404e-02,  -2.44886647e-01,   3.56073505e-01,
          3.77361931e-01,   2.33187068e-01,  -2.53596043e-01,
         -1.06481088e-01,   1.20288552e-01,   2.36404336e-02,
          3.76821297e-02,   1.28268846e-01,  -4.02286433e-02,
         -5.12567954e-01,   3.99720392e-01,  -6.16960034e-02,
          1.29773209e-01,   2.00104839e-01,   2.88047077e-02,
          2.26382797e-01,   2.74892505e-01],
       [  1.67144282e+00,   5.09673324e-01,   3.90846880e-01,
          3.85631247e-01,  -5.48524318e-03,  -7.75566955e-01,
          2.42603966e-01,  -2.34690713e-02,  -4.28694785e-01,
          5.78284534e-01,  -1.16375053e-01,  -3.00380359e-01,
          9.52914907e-01,   3.59159493e-01,  -4.03534966e-01,
          8.06728960e-01,  -3.21945300e-01,  -6.06039305e-01,
          1.52645157e+00,  -6.94908908e-02,   1.45513756e+00,
         -1.25221855e-01,   8.45731634e-02,  -2.17346535e-01,
         -6.33211409e-01,  -5.74543975e-01,  -1.28214728e-01,
         -1.28686307e+00,  -1.32894882e-01,   1.14673189e-01,
          2.60637264e-01,   2.04326176e-01,  -5.12390032e-02,
         -2.64203269e-01,   3.10146493e-01,   5.47176603e-01,
         -2.99481291e-01,   6.20796680e-01,  -1.31976968e+00,
         -2.14922743e-01,   1.09932944e-01,   2.22978226e-01,
         -1.09601114e+00,   4.64233168e-01,   1.42042281e-01,
          1.67536929e-01,   1.14088947e-01,   5.22372094e-01,
         -6.14005516e-01,   3.25189701e-01],
       [ -4.80794604e-01,   5.69102076e-03,  -2.18936693e-02,
          6.43305693e-01,   2.78450106e-01,   1.27479490e-01,
         -3.18010896e-02,  -2.77429892e-01,   3.51834114e-01,
          3.84260132e-01,   2.03274514e-01,   2.72428128e-01,
          3.57399064e-01,   2.72289950e-01,   1.94767703e-01,
         -2.74246738e-01,   1.80132478e-01,  -1.23338788e-01,
         -6.36177407e-01,   2.72563074e-01,   4.44783160e-02,
          3.26891010e-01,   2.84427780e-01,   4.95296688e-01,
          5.53280988e-01,  -2.27069350e-01,   3.76373274e-01,
         -4.43362614e-01,  -7.37724143e-04,   4.96012168e-01,
         -1.54869531e-01,   5.41358672e-01,   7.67452976e-02,
          4.83103232e-01,   2.33379682e-01,  -4.39544166e-01,
          2.08587552e-01,   2.37367755e-01,   4.39711412e-01,
         -1.29543807e-01,  -1.00008473e-01,   3.60191082e-01,
         -5.40734281e-03,   1.09298803e-01,   3.92301172e-01,
          9.79121174e-02,   4.61837911e-01,   2.32747279e-01,
          4.61749972e-01,   5.44254837e-01],
       [ -3.56552083e-01,   4.80723917e-01,   2.73085558e-01,
         -1.52964715e-01,   2.85013819e-01,   5.20410164e-01,
          3.33748464e-01,   3.28960880e-01,   9.54095503e-02,
          3.38431123e-01,   1.97359507e-01,  -1.70078943e-01,
          1.83187579e-01,   1.83786861e-01,  -1.18412596e-01,
          3.27777280e-01,   3.57027456e-01,   4.69783312e-01,
          3.24698174e-01,   4.09000836e-01,  -3.88480856e-01,
          2.38258133e-02,   3.57076306e-01,   8.23983179e-02,
          4.78687587e-01,  -3.01554434e-01,  -2.75661517e-02,
          1.78588713e-01,   3.24295015e-01,  -1.42691924e-03,
          2.65755879e-01,  -4.06647843e-02,  -1.37248811e-01,
          5.98091080e-02,  -3.23984431e-02,  -2.39247007e-01,
         -1.80529178e-02,   7.81712132e-02,   2.00849804e-01,
          4.27644461e-01,  -1.26136210e-01,  -1.22235020e-01,
         -2.99307993e-01,   5.50983549e-01,  -4.03879192e-01,
         -7.01396988e-02,  -1.33335132e-01,   3.80722384e-01,
          1.70763408e-01,  -1.47859379e-01]])]Hidden bias: [array([-0.63803182, -0.30676883, -0.27170189, -0.44327385, -0.4109518 ,
       -0.61023128, -0.31233006, -0.2874254 , -0.37238309, -0.37655881,
       -0.47260472, -0.13633688, -0.53293633, -0.41810467, -0.43973491,
       -0.48008627, -0.52540553, -0.41920529, -0.50584506, -0.49951068,
       -0.55319579, -0.30829311, -0.46652889, -0.4362305 , -0.64613836,
       -0.45094602, -0.33985369, -0.47903843, -0.24089304, -0.46440495,
       -0.41383618, -0.38348158, -0.20978996, -0.46051071, -0.23577152,
       -0.55732104, -0.31712934, -0.23059039, -0.59907835, -0.25144611,
       -0.19396889, -0.35453543, -0.66628074, -0.4831044 , -0.33146783,
       -0.28237236, -0.38344153, -0.4347698 , -0.52612491, -0.3953825 ])]Output weights: [[  2.37588620e-03   3.95612248e-01]
 [ -9.46545364e-02  -1.25750252e-01]
 [  6.47159239e-02  -1.24239063e-01]
 [ -2.91585129e-03  -8.13243109e-02]
 [  5.51689635e-03  -5.25873889e-02]
 [  7.66767198e-02   3.75788491e-01]
 [  1.45102768e-02  -1.21173310e-01]
 [  5.35799085e-02   1.07239030e-01]
 [  4.24526293e-02   2.48264673e-01]
 [ -4.67069332e-02  -1.82647314e-01]
 [  5.43914018e-02  -2.15566387e-03]
 [  4.02507630e-02   8.92943527e-02]
 [ -4.69003603e-02  -3.97288667e-01]
 [  1.49719363e-01   2.82451248e-02]
 [  4.75897021e-01   1.31909605e-01]
 [  2.79509648e-02  -1.35349229e-02]
 [  6.36355254e-02   1.74624999e-03]
 [ -2.26114213e-02  -1.44581197e-02]
 [ -6.15467413e-02   3.59873775e-01]
 [ -1.62501838e-01   4.89100235e-03]
 [  4.58954346e-01   3.23430527e-01]
 [  6.38444609e-02   4.22442696e-02]
 [ -1.46341027e-01  -8.03685719e-02]
 [  5.04149181e-02   1.26430421e-01]
 [ -1.31372984e-01   2.35466917e-01]
 [  1.09046267e-01  -8.96288230e-02]
 [ -1.21628442e-01   2.75163315e-02]
 [  3.84082233e-01  -1.64170219e-01]
 [ -2.45939026e-02   4.70913347e-02]
 [ -3.08729430e-04  -2.69197098e-02]
 [  1.85881596e-01   2.55414225e-02]
 [  4.59832394e-02  -8.99075201e-02]
 [  1.08373370e-02   3.00438230e-02]
 [  1.48597216e-02   1.10395966e-01]
 [  4.07586756e-02  -8.87456703e-03]
 [  6.56954891e-02   1.40895113e-01]
 [  5.01027926e-02   1.33832695e-01]
 [  5.18239537e-03  -1.52373908e-01]
 [ -1.66092495e-02  -3.84059107e-03]
 [ -2.68003153e-02   4.43641410e-02]
 [  7.76607637e-02  -2.61887304e-02]
 [  1.19133331e-01  -6.19754995e-02]
 [  8.04225529e-02  -3.24225236e-01]
 [  1.70022696e-01  -8.56297405e-02]
 [  3.18278944e-01   2.00943343e-03]
 [ -1.34802232e-01  -1.98642749e-02]
 [ -3.27121057e-02   2.23337575e-02]
 [  4.49450257e-02  -1.11241558e-01]
 [  7.24648220e-02   2.72214892e-01]
 [  7.97251231e-02  -3.29877326e-02]]Output bias: [ 0.50594501  0.57284707]
Value MLP:Hidden weights: [array([[  2.33630064e+01,   2.42096676e+01,  -3.54037923e+00,
         -1.38097124e+00,   1.86149738e+01,  -5.40475074e+00,
         -1.73823904e+01,   2.43371910e+00,   1.05560469e+00,
          4.52591864e-01,   2.06709885e+00,  -2.19303449e+00,
          2.09458646e+01,  -1.08246732e+01,   1.27228997e+01,
          3.92101514e+00,   1.95447552e+01,  -1.96436396e+01,
          1.34270963e+01,  -6.36561500e-01,   2.83256461e+01,
          2.70142750e+01,  -1.09148989e+00,   2.20951008e+00,
          3.23381943e+01,  -1.09885122e+01,   4.27119783e+00,
         -4.63543462e+00,   4.43320378e+00,   1.11077111e+01,
          1.40833689e+01,  -1.28013846e-01,   5.17341376e+00,
          7.21308594e+00,   3.13801736e+00,   1.89226642e+00,
          1.53753272e+01,  -7.72958328e-01,  -3.60185660e-01,
         -3.02028171e+00,  -2.76460795e+01,   3.24403278e+01,
          2.14444815e+01,   1.26974041e+01,   2.20626313e-01,
         -4.65328100e-01,  -1.22765219e+01,  -6.12267356e-01,
          1.15361690e+01,   1.79900802e+00],
       [ -7.72860296e-01,   4.38950417e+00,   1.82821242e+00,
         -3.29155397e+00,  -4.14709848e+00,   1.38597561e+01,
          7.81811363e+00,   1.97234439e+00,  -4.91301772e+00,
          3.09812652e+00,  -1.00629869e+00,  -6.09401602e+00,
          7.67003736e+00,   6.18586006e+00,   1.61487462e+01,
          1.71852394e+00,   2.01748612e+01,  -1.33208271e+01,
          1.04388849e+01,   6.47363810e-01,   8.84127698e+00,
          1.60805679e+01,  -2.32247505e+00,   3.19677025e+00,
          1.15107947e+01,  -6.81561924e+00,   3.61033721e+00,
         -6.63229374e+00,  -2.12243613e+01,   3.17536416e+00,
          2.72406204e+00,  -2.78328091e+00,   3.08782514e+00,
          1.35765891e+00,  -2.10635683e+00,   4.67384532e+00,
          2.14689231e+00,  -2.92592403e+00,  -1.41124621e+00,
         -3.36519692e+00,   1.21237140e+01,   7.87623921e+00,
          8.68082031e+00,  -6.98128882e+00,   4.41691244e+00,
          7.06110868e+00,   1.22177479e+01,   8.61831829e-01,
          4.71824044e+00,   2.43731207e-01],
       [  7.33036306e+00,   1.79071800e+01,  -9.19390519e+00,
         -3.66289216e+00,   5.96676831e+00,   4.92749703e-01,
         -1.45687285e+01,  -2.61018000e+00,   1.11889569e+00,
          1.70391658e+01,  -2.37028395e+01,   9.10376663e+00,
          1.51895249e+01,  -2.49003754e+00,   3.10794400e+01,
          2.42016430e+00,   6.57541679e+00,  -1.02889163e+01,
          1.75665249e+01,   7.78900009e-01,   6.75443457e+00,
          8.54724160e+00,  -5.05322072e-01,   9.26751706e-01,
          1.91272613e+01,  -5.65395512e-01,   2.09976886e+00,
         -1.07527690e+01,  -2.35324764e+00,   1.10445654e+01,
          3.21524795e+00,  -4.78621355e-01,   2.81602909e+00,
         -7.36866311e+00,   2.06339700e+00,   7.85193402e+00,
          4.65713455e+00,  -5.23027851e+00,   2.15991424e-02,
         -2.82337999e+00,   1.84911870e+00,   1.48779202e+01,
          1.22624316e+01,   1.89459703e+01,  -5.90215558e+00,
          2.12102430e+01,  -2.02640980e+01,   1.27362731e+01,
          2.49242331e+01,  -1.46572385e+00],
       [ -2.76401071e+00,  -5.83527458e+00,   1.70028655e+00,
          4.47464448e+00,  -1.14499460e+00,   2.38630918e+00,
          7.70283768e-01,   7.08778037e+00,   2.92621686e+00,
         -3.72279580e+00,   3.27706572e+00,  -1.14143949e+01,
         -3.72912643e+00,   3.00251080e+00,  -4.52064227e+00,
         -2.31958272e+00,   1.84037268e+00,  -2.13730922e+00,
         -1.74448019e+00,  -2.41017782e+00,  -5.18868643e-01,
         -1.15588238e+00,   2.22021335e+00,  -7.66611030e+00,
         -1.91196878e+00,   5.86491637e+00,   7.94762006e-01,
          5.81353866e+00,  -9.92233807e+00,  -2.78747751e+00,
          5.31680816e-01,   1.66156641e+00,  -1.06521974e-01,
          1.16658054e+01,  -3.24051234e+00,  -5.36201767e+00,
         -2.48117870e+00,   2.81324875e-01,   5.90688309e-01,
          6.30917088e+00,   3.00043036e+00,  -5.27303880e+00,
         -1.77156894e+00,  -8.38568061e+00,   7.57270215e+00,
         -2.09747710e+00,   3.52302082e+00,  -5.05924169e+00,
         -1.52694746e+00,  -3.41850969e+00],
       [ -1.20932368e+01,   8.17697892e-01,   7.45122180e+00,
         -6.57659313e-01,  -1.83758239e+01,   1.01936138e+01,
          1.47825990e+01,  -1.13286423e+01,  -3.24347281e+00,
          1.20093078e-01,  -5.01625661e+00,   7.64870461e+00,
          8.79065893e+00,  -4.47470939e+00,   1.25969446e+01,
          5.07203870e+00,  -8.05335262e+00,   2.41426854e+01,
         -1.30489129e+01,  -4.53978490e+00,  -1.21105934e+01,
         -1.50553299e+01,   3.89469997e-02,  -1.64509390e+00,
          9.01823069e+00,  -6.71149724e-01,  -1.16451959e+01,
          2.44988446e+00,  -9.01330992e+00,  -1.84261200e+00,
         -8.69757716e+00,   1.28009708e+00,  -1.46960120e+01,
         -8.40570944e+00,   5.78486000e+00,  -2.72348981e+00,
         -1.28161438e+01,   5.28900908e+00,   6.47737311e-01,
         -1.07551444e+00,  -2.24318439e+01,  -1.81462874e+01,
         -4.01186317e+00,  -8.52640975e+00,  -1.82178127e+00,
          7.98449563e+00,   1.35168151e+01,  -1.24869361e+01,
          8.86446429e+00,  -1.27923905e+01],
       [ -1.76653335e+01,  -2.92265550e+01,  -1.10805656e+01,
         -3.48941554e-01,  -2.09169561e+01,   4.13815988e+00,
          2.66755539e+00,   1.69968671e+00,   8.39506564e-01,
          3.01122814e+00,  -4.96945029e+00,  -1.61494876e-01,
         -2.74353772e+01,  -3.72170215e+00,  -1.15490806e+01,
         -4.04865765e+00,  -2.37123775e+01,   2.86708570e+01,
         -7.04162603e+00,  -1.39607183e+00,  -3.04935694e+01,
         -1.83618523e+01,  -4.13218990e-01,  -3.50737597e-01,
         -4.24413420e+01,  -5.49238275e+00,   4.90146226e+00,
          4.95197512e+00,  -4.63281556e+00,   5.12543016e+00,
         -3.19903517e+01,   1.46471249e-02,  -2.09796043e+01,
         -2.12040856e+01,  -4.50470009e+00,  -1.16401601e+01,
         -2.03729925e+01,   6.78983381e+00,  -2.95668610e-01,
         -3.08758861e-01,   3.81921198e+00,  -1.02984786e+01,
         -1.52367318e+01,  -5.93914705e+00,   1.14329091e+01,
         -4.80802118e+00,  -1.13539864e+00,   3.04448462e+00,
         -1.87962133e+00,  -1.06629200e+01],
       [  5.88035581e+00,  -1.51446540e+01,  -6.89885241e+00,
         -5.34811822e-01,   9.86008240e-01,  -1.63697426e+01,
         -1.05995057e+01,  -5.99535259e+00,  -1.42348451e+00,
          2.34364836e+01,  -2.16387793e+01,   9.34860067e+00,
         -1.53584624e+01,  -1.51728838e+01,  -2.46311226e+01,
          3.49616120e+00,  -3.16018113e+01,   2.34132315e+01,
         -5.28664929e-01,   8.18098865e+00,  -1.42967402e+01,
         -3.06761733e+01,  -2.95729893e+00,   6.70063075e+00,
         -3.44446895e+00,  -8.86259501e+00,  -1.21414720e+01,
         -9.54413006e-02,   1.32983179e+01,  -1.80709682e+01,
          2.59781677e+00,  -2.66665659e+00,  -2.62393412e+01,
         -8.66539274e+00,  -2.65965816e+01,  -1.39792647e+00,
         -3.51195701e+01,  -6.82365292e+00,  -1.22031285e+00,
         -5.67238821e+00,  -7.40180828e+00,  -3.76877709e+01,
         -1.63924655e+01,   1.68062755e+01,  -2.75523895e+00,
         -1.72175645e+01,  -1.51209738e+01,   4.38002578e+00,
          6.40877784e+00,  -4.15555337e+01],
       [  9.99756263e+00,   2.05739998e+01,   9.12626874e-01,
         -2.36053642e+00,   1.09097564e+01,   4.53871081e-01,
         -1.34068067e+01,  -2.56579634e+00,  -3.62910827e+00,
          7.68078208e+00,  -9.20270626e+00,   9.40523343e+00,
          6.81821577e-01,  -4.58487778e+00,   5.68048012e-01,
          1.45929039e+00,  -2.85359758e+00,  -6.83983833e+00,
          2.01201027e+01,   9.12283212e+00,   3.20861308e+01,
         -4.75147361e-01,  -1.13824583e+00,   1.02652907e+01,
          6.99331671e+00,  -7.64529778e+00,   2.23865114e+01,
         -6.56332728e+00,   3.52135050e+00,   1.76501050e+01,
          1.20373812e+01,   5.48272528e-01,   3.03566733e+01,
         -5.57050900e+00,   5.72929801e-01,   8.33937442e+00,
         -1.18204979e+01,  -9.95386971e+00,  -1.00700127e+00,
         -2.34143266e+00,  -1.01441893e+01,   5.44338070e+00,
          1.45714319e+01,   6.89657679e+00,  -1.23908107e+01,
          1.81619933e+01,  -5.76777024e+00,   3.56456405e+00,
          5.62262533e+00,   5.93103461e+00]])]Hidden bias: [array([ 14.23917646,  12.8197359 , -18.89997204, -12.5082605 ,
        12.98941707, -22.97248414, -11.48248112, -16.69509914,
       -13.71680511,  13.97083317, -20.05866072,  18.86243934,
         7.67221759, -20.86418457,   4.04895081,   9.41765572,
        -8.42535521,  10.73321521,  12.69033923,   9.8010146 ,
         1.09769679,  -5.17317717,  -7.72448102,  15.36735278,
         5.45418087, -15.17701205,  14.76739771, -16.39041186,
        24.15180772,  18.5973891 ,  25.30955576,  -7.1974473 ,
        15.16868291, -15.56446542,  12.84481411,  18.260361  ,
         4.59921952, -18.91558996,  -5.55306859, -14.36186973,
        -9.19168726,   6.07803387,   5.39715691,  30.62452536,
       -22.76625323,  16.88248511, -23.34491135,  19.32673388,
        12.09081064,  10.16695374])]Output weights: [[ -4.08691190e-01]
 [ -3.90783435e+00]
 [  4.74107113e+00]
 [  3.73684462e+00]
 [  8.04362424e+00]
 [  1.26800854e+01]
 [ -7.90536506e+00]
 [  9.21084227e+00]
 [ -1.09786423e+00]
 [  7.93570538e+00]
 [ -1.32249413e+01]
 [  2.09266245e+00]
 [  1.03928619e+00]
 [  1.21672304e+01]
 [ -3.95729301e+00]
 [  2.88175592e-01]
 [ -5.73169819e+00]
 [  1.57041177e+01]
 [  5.97052901e+00]
 [ -3.13263741e+00]
 [ -2.06112000e+00]
 [ -1.80867346e+00]
 [  3.66788610e+00]
 [  6.14174160e+00]
 [  2.33245782e+00]
 [  7.41280032e+00]
 [ -3.80248198e+00]
 [  4.58559908e-01]
 [ -1.74833091e+01]
 [ -2.50848407e+00]
 [  1.54486510e+00]
 [  1.08144052e+01]
 [ -7.31870608e+00]
 [ -9.64297534e+00]
 [  8.47625658e+00]
 [ -1.00976346e+00]
 [  5.73409509e+00]
 [ -1.30865714e-02]
 [  1.11751613e+01]
 [ -1.76875099e+00]
 [  2.16449867e+00]
 [  3.91742235e-01]
 [  1.90277596e+00]
 [ -1.66455506e+00]
 [  8.76358548e+00]
 [ -7.22074472e+00]
 [  5.49951866e+00]
 [  2.64114156e+00]
 [  5.02010870e+00]
 [  1.53516287e+00]]Output bias: [-14.133342]