Action MLP:Hidden weights: [array([[  1.69568324e-01,   3.59534046e-02,  -3.13624551e-01,
          3.61862190e-01,  -3.99305818e-02,   8.54541818e-02,
         -3.48155523e-01,  -7.66154376e-02,   4.83382296e-01,
          1.59732292e-01,  -2.39953703e-01,   1.49962089e-01,
         -7.64210900e-02,   4.87879493e-01,  -3.06252059e-01,
          3.30066506e-01,   3.41167751e-01,  -3.50661267e-02,
         -2.12199650e-01,  -3.90703645e-01,   1.88263410e-01,
         -4.37956274e-01,  -2.14516243e-01,   1.97980150e-01,
         -2.44365954e-01,   3.37537415e-01,  -1.54040967e-01,
         -5.59301708e-02,  -2.33513407e-01,  -2.69208468e-01,
          4.58841795e-01,  -2.42198391e-01,  -3.18798897e-01,
          8.12870303e-02,   3.95438893e-01,  -2.50766836e-01,
         -3.00979139e-01,  -1.46413441e-01,   2.39620104e-01,
          3.52755672e-01,   2.92231646e-01,  -3.54825934e-01,
         -3.73022557e-01,   3.48723672e-01,  -6.33787713e-03,
          4.04668677e-03,  -2.90167516e-01,   1.28400168e-01,
         -1.90579531e-01,   1.80184831e-01],
       [  6.86679793e-01,   3.27394812e-01,   8.26502105e-02,
          5.14255704e-01,   3.81176834e-01,  -4.48255512e-01,
          3.72909763e-01,   8.79555877e-02,  -2.48249460e-01,
         -3.09087509e-02,   5.59626839e-01,  -6.66022906e-02,
         -5.02554028e-01,  -1.04776372e-01,  -2.13190544e-01,
          5.25450682e-01,   4.12738449e-01,   5.01454725e-01,
          6.92760138e-01,   2.16445573e-01,   7.01132886e-01,
         -1.09212256e-02,   7.04819416e-01,  -3.60564344e-02,
          1.58119318e-01,   5.53352727e-01,   4.77482343e-01,
          6.10338603e-01,   5.84364593e-02,   4.22538198e-01,
          9.50468433e-02,   3.25217273e-01,   2.69055348e-01,
          2.54851874e-01,   1.24676499e-01,   6.10502478e-01,
          6.70155382e-02,  -1.34464840e-01,   7.22550463e-01,
          9.88194724e-02,  -7.29508592e-02,   3.61424326e-01,
          9.54376614e-01,  -1.77342134e-01,   5.41727374e-01,
          6.32472697e-01,   4.70465939e-01,  -8.02494111e-02,
         -7.44320748e-02,   2.77113813e-01],
       [ -5.46811643e-01,   3.31804595e-01,  -1.76189357e-01,
          7.56763774e-03,  -4.32811238e-01,   2.44123053e-01,
         -3.67170674e-01,  -2.15106389e-01,  -7.33787776e-02,
         -3.42613686e-01,   1.80944745e-01,  -4.04122940e-01,
         -2.80930972e-01,   4.15075184e-01,  -5.68376574e-01,
         -2.46366125e-01,  -2.98321870e-01,   1.16077260e-01,
         -7.54936838e-01,   6.03502294e-01,  -4.62658538e-01,
          1.32988510e-01,  -5.31263101e-03,   1.83307148e-02,
          1.83775065e-01,   1.97908479e-01,  -3.86059367e-01,
          1.43267055e-01,   2.82580537e-01,   3.45405267e-01,
          3.50842716e-01,  -4.35344948e-01,  -2.63186431e-02,
         -4.53279406e-01,  -3.48741234e-01,  -1.96172435e-01,
          9.12251440e-02,   4.50640492e-01,   2.05729391e-01,
         -3.97667008e-01,  -2.39223126e-01,  -8.39407368e-02,
          3.17800052e-01,   3.58364955e-01,   1.88993640e-01,
         -2.44372733e-02,  -1.34061519e-01,   4.81517445e-01,
         -1.12129135e-01,  -2.54533324e-01],
       [ -1.07573169e-01,   1.77702774e-01,  -5.51539393e-01,
          1.39871074e-01,   1.99909274e-01,  -2.07825482e-01,
         -9.17289749e-03,  -3.07794760e-01,   1.61809389e-01,
          4.29883809e-01,  -9.20664468e-01,   5.05819067e-01,
          1.05872514e-01,  -8.57743772e-01,  -5.25418836e-02,
         -3.18860464e-01,  -4.49243818e-01,  -3.91729570e-01,
         -9.29410185e-02,  -3.72343013e-01,  -1.50817032e+00,
          1.21315148e-02,   3.81784479e-01,   3.18610870e-01,
          2.74127312e-01,  -1.70488173e-02,   6.52157648e-01,
         -1.13150735e+00,   3.10704191e-01,  -2.30944985e-01,
         -4.60102433e-02,   1.69097691e-01,  -1.40979035e-01,
          3.28913197e-01,   7.48889850e-02,  -5.77942291e-02,
         -3.61507421e-01,   1.86223204e-01,  -2.32265112e-01,
          2.19155852e-01,   3.68052043e-01,  -8.12504491e-01,
         -3.95036114e-03,   5.84233318e-02,  -1.30804845e+00,
          6.49620689e-01,   3.22639935e-01,  -3.15906486e-01,
          1.19459730e-01,  -5.11672377e-01],
       [  1.10778469e-01,  -2.46459596e-01,  -3.66724654e-01,
         -8.25693015e-02,  -1.67544474e-01,   3.87801318e-01,
         -2.68794185e-01,   3.47335021e-01,  -5.68598436e-02,
          1.45572550e-04,   2.66488533e-01,  -3.56337652e-02,
         -1.93028831e-01,   4.25778705e-01,  -3.95718739e-01,
          6.86923628e-02,  -2.34533504e-01,  -1.76661124e-01,
          6.83659445e-01,  -5.27650032e-01,   4.35768005e-01,
         -4.89175323e-01,   1.59044068e-01,   3.66736073e-01,
          2.45859268e-01,  -2.93777365e-02,   5.16932041e-01,
         -1.39131278e-01,   3.91416206e-01,   1.16884048e-01,
         -6.41059961e-02,  -2.49814822e-01,   3.57359252e-01,
          3.79617238e-01,   2.33079127e-01,  -2.46485702e-01,
         -9.91511204e-02,   1.10536926e-01,   2.35278400e-02,
          4.15577948e-02,   1.26406361e-01,  -4.65450077e-02,
         -5.21606330e-01,   3.96209986e-01,  -6.92389359e-02,
          1.30003119e-01,   2.01145443e-01,   1.95099647e-02,
          2.35226812e-01,   2.73709869e-01],
       [  1.67579264e+00,   5.12815265e-01,   3.89578372e-01,
          3.87943840e-01,  -3.87914672e-03,  -7.75318128e-01,
          2.43386937e-01,  -2.51892927e-02,  -4.28513231e-01,
          5.79311352e-01,  -1.18415512e-01,  -3.03017977e-01,
          9.49226169e-01,   3.56703512e-01,  -4.13350773e-01,
          8.06631564e-01,  -3.22534271e-01,  -6.05983368e-01,
          1.52991705e+00,  -6.90294308e-02,   1.45965429e+00,
         -1.26410179e-01,   8.78199568e-02,  -2.22576814e-01,
         -6.29569796e-01,  -5.73522753e-01,  -1.29040130e-01,
         -1.28725211e+00,  -1.33928625e-01,   1.15598663e-01,
          2.53462888e-01,   2.06086723e-01,  -5.20301371e-02,
         -2.68488814e-01,   3.10196576e-01,   5.48864275e-01,
         -3.02654992e-01,   6.21125482e-01,  -1.31980083e+00,
         -2.15148088e-01,   1.09717822e-01,   2.21153325e-01,
         -1.09345178e+00,   4.64650516e-01,   1.34172672e-01,
          1.68898767e-01,   1.13787514e-01,   5.22821910e-01,
         -6.17279448e-01,   3.25471521e-01],
       [ -4.80301460e-01,   3.89936608e-03,  -2.25982569e-02,
          6.41810659e-01,   2.77466635e-01,   1.28923057e-01,
         -3.26492496e-02,  -2.75743784e-01,   3.53401444e-01,
          3.83500185e-01,   2.03751207e-01,   2.74188264e-01,
          3.59363305e-01,   2.73258420e-01,   1.98817219e-01,
         -2.74243108e-01,   1.80387665e-01,  -1.23375819e-01,
         -6.35954175e-01,   2.72232401e-01,   4.38123415e-02,
          3.27596448e-01,   2.82747652e-01,   4.97929261e-01,
          5.53490301e-01,  -2.28070143e-01,   3.76755170e-01,
         -4.42490322e-01,   1.55640340e-04,   4.95475407e-01,
         -1.53403962e-01,   5.40180691e-01,   7.73719896e-02,
          4.85319658e-01,   2.33354451e-01,  -4.39805768e-01,
          2.10727421e-01,   2.36696026e-01,   4.39748399e-01,
         -1.28695304e-01,  -1.00175823e-01,   3.59842764e-01,
         -5.48595622e-03,   1.08762750e-01,   3.94033554e-01,
          9.72670214e-02,   4.62062513e-01,   2.31673165e-01,
          4.64241621e-01,   5.44095333e-01],
       [ -3.54811531e-01,   4.78697147e-01,   2.71429030e-01,
         -1.54130192e-01,   2.84137972e-01,   5.23194849e-01,
          3.32059647e-01,   3.30899751e-01,   9.86594877e-02,
          3.35947674e-01,   1.97455178e-01,  -1.68484075e-01,
          1.81558079e-01,   1.84311574e-01,  -1.17004357e-01,
          3.27725008e-01,   3.57048619e-01,   4.69566422e-01,
          3.25664355e-01,   4.08765692e-01,  -3.87196562e-01,
          2.41420724e-02,   3.55729268e-01,   8.46264023e-02,
          4.80936274e-01,  -3.03233357e-01,  -2.68839382e-02,
          1.77449715e-01,   3.25243799e-01,  -1.83832979e-03,
          2.65993233e-01,  -4.17264948e-02,  -1.36593383e-01,
          6.18428773e-02,  -3.23691435e-02,  -2.38880577e-01,
         -1.62343637e-02,   7.64191614e-02,   2.00819788e-01,
          4.28407902e-01,  -1.26445173e-01,  -1.23088557e-01,
         -3.02918744e-01,   5.50012886e-01,  -4.03834257e-01,
         -7.03880685e-02,  -1.32976905e-01,   3.78914282e-01,
          1.73775259e-01,  -1.48213450e-01]])]Hidden bias: [array([-0.62567857, -0.31034485, -0.27287015, -0.44547838, -0.41242142,
       -0.6069746 , -0.31410879, -0.28311263, -0.37006673, -0.38109544,
       -0.4718882 , -0.13373873, -0.53674486, -0.41617687, -0.43636069,
       -0.48017095, -0.52518775, -0.41951085, -0.49642474, -0.50000642,
       -0.55077198, -0.30768351, -0.46987428, -0.43087368, -0.64496905,
       -0.45260163, -0.338278  , -0.48054596, -0.23886478, -0.46523484,
       -0.41107278, -0.38528465, -0.20829886, -0.45491687, -0.23567964,
       -0.55679507, -0.31501397, -0.23348599, -0.59921632, -0.2503506 ,
       -0.19429211, -0.35515485, -0.66704211, -0.48483721, -0.32997504,
       -0.28335452, -0.38261097, -0.43665634, -0.52121731, -0.39601894])]Output weights: [[ -5.53257276e-03   4.07877033e-01]
 [ -1.03423730e-01  -1.52260705e-01]
 [  6.00919855e-02  -1.55642772e-01]
 [ -9.50957017e-03  -8.90102387e-02]
 [ -4.67169478e-04  -5.47738426e-02]
 [  8.77120766e-02   3.97687028e-01]
 [  4.67727135e-03  -1.37798783e-01]
 [  4.36998536e-02   1.19769000e-01]
 [  5.40542148e-02   2.52006707e-01]
 [ -5.93684329e-02  -1.86072403e-01]
 [  5.57038979e-02   8.26490891e-03]
 [  4.21590027e-02   1.00054812e-01]
 [ -5.97962748e-02  -4.18443729e-01]
 [  1.43732680e-01   4.21891599e-02]
 [  4.84810927e-01   1.16226464e-01]
 [  1.90282706e-02  -7.81543412e-03]
 [  7.77357350e-02   7.44329980e-06]
 [ -9.51158228e-03  -1.64740363e-02]
 [ -7.02635009e-02   3.82783810e-01]
 [ -1.50872113e-01  -2.74104011e-02]
 [  4.51652933e-01   3.46952024e-01]
 [  7.35751958e-02   1.41435697e-02]
 [ -1.58554801e-01  -7.44012889e-02]
 [  4.42470083e-02   1.50964912e-01]
 [ -1.25191391e-01   2.56201895e-01]
 [  1.20503557e-01  -9.52488352e-02]
 [ -1.35427148e-01   4.59268169e-02]
 [  3.99293242e-01  -1.66970696e-01]
 [ -3.57162075e-02   6.34788913e-02]
 [ -5.22603579e-03  -2.90727865e-02]
 [  1.84499844e-01   7.70216911e-03]
 [  3.71069074e-02  -1.03791224e-01]
 [  5.68306416e-04   4.00626386e-02]
 [  4.64335904e-03   1.34019776e-01]
 [  3.05188258e-02   3.36136022e-03]
 [  5.45054916e-02   1.19556799e-01]
 [  6.06343816e-02   1.26801045e-01]
 [ -8.25759970e-03  -1.64531953e-01]
 [ -4.18607456e-03  -4.35886265e-03]
 [ -2.85228804e-02   6.02606029e-02]
 [  6.61924701e-02  -2.40412783e-02]
 [  1.14985261e-01  -7.36435438e-02]
 [  8.99887600e-02  -3.44694794e-01]
 [  1.57485528e-01  -7.49315691e-02]
 [  3.30407939e-01  -1.26163729e-02]
 [ -1.48155984e-01  -1.79681499e-02]
 [ -4.50714285e-02   2.37971586e-02]
 [  3.60777834e-02  -1.26791269e-01]
 [  7.72336517e-02   2.92167312e-01]
 [  7.19479122e-02  -2.32812908e-02]]Output bias: [ 0.51940664  0.60032521]
Value MLP:Hidden weights: [array([[  3.87135636e+00,   6.05182308e+00,  -7.44372709e-01,
          4.54507332e-01,   1.56024347e+01,  -7.20139215e+00,
         -1.73878026e+01,   2.01905879e+00,   1.05313705e+00,
          8.42612070e+00,   7.89530381e-01,  -2.22087753e+00,
          1.72028658e+01,  -1.09104201e+01,   1.24576240e+01,
          3.94677916e+00,   1.74064089e+01,  -1.09077870e+00,
          1.87473354e+01,  -6.36348088e-01,   2.41639738e+01,
          2.33085183e+01,  -1.09141054e+00,   2.20951008e+00,
          2.45852343e+01,  -7.63474585e+00,   1.38106402e-01,
         -4.62844867e+00,   8.26800680e+00,   9.64565039e+00,
          8.53267055e+00,  -1.29474774e-01,   1.24149727e+01,
          4.49210272e+00,   4.46784451e+00,   5.78756230e+00,
          2.86733962e+01,  -7.72955233e-01,  -3.75327221e-01,
         -3.02028172e+00,   2.72955881e+00,   2.55535108e+01,
          1.39499404e+01,   3.12151323e+01,   2.20649342e-01,
         -3.35865785e+00,  -8.00125377e-02,  -7.37238708e-01,
         -4.63422111e-02,   2.46014034e+01],
       [  7.38831578e+00,  -3.38044062e+00,   2.57387703e+00,
         -3.40292815e+00,   5.25591959e-03,   1.55485617e+01,
          1.27094074e+01,   3.41960408e+00,  -4.91307528e+00,
         -1.84939192e+00,  -7.01051005e-01,  -6.13580222e+00,
          6.86007412e+00,   6.25427591e+00,   1.09054029e+01,
          1.72009462e+00,   4.70065866e+00,   3.34316655e+00,
          1.29939769e+01,   6.47470035e-01,   2.16304290e+01,
          1.82966598e+01,  -2.32244632e+00,   3.19677025e+00,
          1.37933471e+01,  -6.60621884e+00,   4.92944219e+00,
         -6.63332559e+00,  -2.19939692e+01,   2.57058429e+00,
          5.30855252e+00,  -2.78326063e+00,  -4.25983001e-01,
         -2.82423208e+00,  -5.97463500e+00,   5.07289260e+00,
          5.24394000e+00,  -2.92592373e+00,  -1.42340508e+00,
         -3.36519693e+00,   8.86511980e+00,   1.24524657e+01,
          9.49154898e+00,  -1.23291619e+01,   4.41691506e+00,
          7.43110718e+00,   1.06880767e+00,   8.38348173e-01,
          3.43365085e+00,   6.00436088e+00],
       [ -2.98133089e+00,  -1.13520337e+01,  -7.01323791e+00,
         -1.26718523e+00,   1.03084961e+01,  -4.63693759e-01,
         -6.42355243e+00,  -2.64749259e+00,   1.11503573e+00,
          1.42470077e+01,  -1.73478007e+01,   9.10875938e+00,
          8.51019508e+00,  -2.53023884e+00,   1.44783288e+01,
          2.42516719e+00,   2.26512275e+00,  -4.07966694e+00,
          9.58150217e+00,   7.78886605e-01,   4.79086074e+00,
          7.05947059e+00,  -5.05285743e-01,   9.26751707e-01,
          4.18400703e+00,   2.23489517e+00,   2.48940730e+00,
         -1.07493270e+01,  -2.47801962e+00,   1.20983729e+01,
          1.11534840e+01,  -4.77239908e-01,   3.46748613e+00,
         -1.32305165e+01,   2.92197242e+00,   8.14980301e+00,
          8.16370948e+00,  -5.23027752e+00,   3.20653652e-02,
         -2.82338000e+00,  -2.48766470e+00,   1.48076033e+01,
          9.33752749e+00,   1.22168578e+01,  -5.90213107e+00,
          1.51461483e+01,  -5.37870970e+00,   1.28579032e+01,
          4.40979727e+00,   6.84480788e+00],
       [ -1.99809325e-01,   1.28288250e-01,   2.01095518e+00,
          3.61014359e+00,  -3.50770067e+00,   2.22694339e+00,
          5.14004788e+00,   4.28452833e+00,   2.92867554e+00,
         -2.48811601e+00,   3.58225696e+00,  -1.14297621e+01,
         -1.28208523e+00,   2.99419768e+00,  -3.07468435e+00,
         -2.31253121e+00,  -1.23205125e+00,  -3.48533768e+00,
         -9.35810318e-01,  -2.41022290e+00,   4.28736807e+00,
         -2.95944082e+00,   2.22021399e+00,  -7.66611030e+00,
          2.36129510e+00,   5.22384448e+00,   3.50260470e-03,
          5.81509434e+00,  -4.58973498e+00,  -3.27291983e+00,
         -1.11356792e+00,   1.66122722e+00,  -8.67079302e-01,
          8.57865477e+00,  -2.87969515e+00,  -4.34108481e+00,
         -4.57218849e-01,   2.81325952e-01,   5.99250689e-01,
          6.30917088e+00,   2.15697426e+00,  -8.73867588e-01,
          3.73001216e-01,  -5.89344034e+00,   7.57270038e+00,
          2.34551237e-01,  -1.55470251e+00,  -5.03490176e+00,
         -1.75130524e+00,   1.40636592e-02],
       [ -2.08097525e+01,  -1.92712986e+00,   1.74854960e+00,
         -2.78110528e+00,  -9.50416728e+00,   1.02505633e+01,
         -3.61985138e+00,  -6.69143548e+00,  -3.23425924e+00,
          1.12901539e+01,  -1.27142451e+01,   7.75077322e+00,
         -1.57368290e+00,  -4.47619759e+00,   1.97039230e+01,
          5.02983375e+00,  -5.74733034e+00,  -2.79432938e+00,
         -5.95855479e+00,  -4.53953472e+00,  -6.58860200e+00,
         -1.18352624e+01,   3.89451513e-02,  -1.64509390e+00,
          2.41536907e+00,  -3.56980768e+00,  -1.01906175e+01,
          2.44836172e+00,  -1.01027899e+01,  -2.68421528e+00,
         -9.01030286e+00,   1.27970025e+00,  -7.46971894e+00,
         -6.98002295e+00,   3.11412913e+00,  -2.60536050e+00,
         -8.51371906e+00,   5.28900731e+00,   6.05995864e-01,
         -1.07551444e+00,  -6.86622072e+00,  -1.04224943e+01,
         -1.10372285e+01,   1.97804905e+00,  -1.82177484e+00,
          7.97885757e+00,  -3.11226254e+00,  -1.25744822e+01,
         -4.55791717e+00,  -9.67632584e+00],
       [ -3.01510340e+00,  -3.48491579e+01,  -1.29578741e+01,
         -3.69293487e+00,  -1.20529480e+00,   4.12395765e+00,
         -5.36477948e-01,  -4.06886319e-01,   8.48406656e-01,
          1.17479385e+01,  -1.05455818e+00,  -1.62998700e-01,
         -3.05483833e+01,  -3.72127061e+00,  -3.13117563e+01,
         -4.05471274e+00,  -3.05062378e+01,  -1.26217499e+01,
         -1.53821451e+01,  -1.39598489e+00,  -1.62743871e+01,
         -1.64709892e+01,  -4.13129610e-01,  -3.50737598e-01,
         -5.08791327e+01,  -1.28404257e+01,  -5.79493065e+00,
          4.94481583e+00,  -2.31333801e+00,   1.54210208e+00,
         -3.03196300e+01,   1.62437645e-02,  -1.04418708e+01,
         -1.24822692e+01,  -1.23655553e+01,  -1.42333848e+01,
         -1.67519866e+01,   6.78982869e+00,  -2.94726722e-01,
         -3.08758865e-01,  -1.80306014e+01,  -1.33000338e+01,
         -1.39731321e+01,  -5.39676829e+00,   1.14329709e+01,
         -1.32644838e+00,  -2.27764630e+01,   3.15938614e+00,
         -1.49131178e+01,  -6.09993008e+00],
       [  1.25720627e+01,  -8.03880579e+00,  -8.86539139e+00,
         -8.53956182e-01,  -3.49684803e-01,  -1.63697426e+01,
         -1.06601878e+01,  -6.47702955e+00,  -1.42348194e+00,
          1.69622711e+01,  -1.61786193e+01,   9.34860067e+00,
         -3.54837682e+00,  -1.51728838e+01,  -4.11156230e+00,
          3.49588032e+00,  -1.25566471e+01,   1.50718765e+00,
         -1.38154431e+00,   8.18098865e+00,  -2.69239935e+01,
         -2.09350863e+01,  -2.95729917e+00,   6.70063075e+00,
          6.63056831e-01,  -8.91558184e+00,  -1.64270484e+01,
         -1.02317833e-01,   1.32983179e+01,  -1.61618277e+01,
          1.41746251e+00,  -2.66669388e+00,  -3.23703542e+00,
         -1.00951129e+01,  -2.10385609e+01,  -6.77993517e+00,
         -1.54156377e+01,  -6.82365292e+00,  -1.22107295e+00,
         -5.67238821e+00,  -5.59441316e+00,  -1.93494431e+01,
         -1.28855353e+01,   1.67981649e+01,  -2.75523888e+00,
         -2.41665355e+01,   4.68313618e+00,   4.38002577e+00,
          1.51680751e-01,  -1.91209828e+01],
       [  8.65778121e+00,   3.24128593e+00,  -2.76184291e-01,
         -2.36045339e+00,   6.66470062e+00,   4.47282991e-01,
         -1.31273179e+01,  -2.56581037e+00,  -3.62910827e+00,
          6.09785415e+00,  -4.32931015e+00,   9.40523343e+00,
         -1.58691279e+00,  -4.58487776e+00,   5.52351052e+00,
          1.46058574e+00,  -8.03423633e+00,   1.15417922e+01,
          1.54832034e+01,   9.12283212e+00,   1.44810393e+00,
         -4.15776365e-01,  -1.13824723e+00,   1.02652907e+01,
          7.43488500e+00,  -5.97757269e+00,   1.69128596e+01,
         -6.56332728e+00,   3.52135052e+00,   1.76219549e+01,
          1.04709763e+01,   5.47037562e-01,   1.45605294e+01,
         -7.72385398e+00,   8.52635577e-01,   8.14102554e+00,
         -1.41596992e+01,  -9.95386971e+00,  -1.00622458e+00,
         -2.34143266e+00,   5.00167025e+00,   1.77458234e+00,
          7.07981818e-01,   7.09261965e+00,  -1.23908107e+01,
         -6.11330375e-01,   4.25986726e+00,   3.56456409e+00,
          9.35405719e+00,  -1.15455114e+01]])]Hidden bias: [array([ 10.83835257, -16.32934811, -16.95097173,  -9.65047703,
        10.13689119, -21.06308489, -12.74048756, -13.67391669,
       -13.71921837,  -0.81214122, -18.81158211,  18.78498725,
         4.94957752, -20.77946298,   4.19274688,   9.4236819 ,
        -9.12319627,  17.41236514,   1.35066412,   9.80131078,
       -19.02348453,  -4.90430007,  -7.72470502,  15.36735278,
        -4.48557345, -10.30588716,   7.09960044, -16.39721844,
        23.61294972,  20.12064107,  16.59254317,  -7.20207182,
         7.03265408, -10.41173321,  13.01570996,  11.84088203,
         3.02849656, -18.91559397,  -5.6234956 , -14.36186972,
        10.33748013,  -1.19128191,  -2.55061869,  16.96690759,
       -22.76621888,   8.70748673,  15.12521243,  19.16226102,
         9.26896161,   3.14484346])]Output weights: [[ -2.7355027 ]
 [ -4.86634288]
 [  1.50051491]
 [  1.08631403]
 [ 11.166844  ]
 [ 13.43033107]
 [  3.84054052]
 [  1.00547864]
 [ -0.434351  ]
 [  3.97914267]
 [-13.6741168 ]
 [  1.46292608]
 [  2.64650263]
 [ 12.83654181]
 [ -0.42996165]
 [ -0.32999122]
 [ -5.2023566 ]
 [  1.61931133]
 [  1.06065535]
 [ -3.79789959]
 [-16.94959775]
 [  0.91049772]
 [  4.33317511]
 [  5.47642007]
 [ -2.92770364]
 [ -1.31024233]
 [ -5.26644941]
 [  1.12063262]
 [ -9.57953764]
 [ -8.95985783]
 [  0.84590727]
 [ 11.47949796]
 [  7.30713666]
 [  6.13501837]
 [ -0.11569734]
 [ -3.5484178 ]
 [  3.24485726]
 [  0.6522377 ]
 [ 11.8371439 ]
 [ -1.10342947]
 [  0.57469517]
 [ -2.88428498]
 [ -9.1210186 ]
 [  2.19035792]
 [  9.42890938]
 [  4.97307134]
 [ -0.57823036]
 [  2.00263143]
 [ -1.7346814 ]
 [  4.69487613]]Output bias: [-14.79866352]