Action MLP:Hidden weights: [array([[  1.69268413e-01,   3.63367745e-02,  -3.13559082e-01,
          3.62115535e-01,  -3.98160108e-02,   8.55562069e-02,
         -3.48066203e-01,  -7.67792417e-02,   4.83234754e-01,
          1.60074217e-01,  -2.40030203e-01,   1.49749940e-01,
         -7.59723365e-02,   4.87690211e-01,  -3.06869326e-01,
          3.30052099e-01,   3.41079302e-01,  -3.50449214e-02,
         -2.12082032e-01,  -3.90530657e-01,   1.87989918e-01,
         -4.38052138e-01,  -2.14246468e-01,   1.97654884e-01,
         -2.44122818e-01,   3.37486977e-01,  -1.53992605e-01,
         -5.63630968e-02,  -2.33595470e-01,  -2.69146786e-01,
          4.58619422e-01,  -2.42089942e-01,  -3.18864716e-01,
          8.09759778e-02,   3.95398686e-01,  -2.50954531e-01,
         -3.01260717e-01,  -1.46141316e-01,   2.39619991e-01,
          3.52645686e-01,   2.92200706e-01,  -3.54869109e-01,
         -3.72863248e-01,   3.48727409e-01,  -6.67925937e-03,
          4.23636845e-03,  -2.90165856e-01,   1.28592334e-01,
         -1.90793426e-01,   1.80149180e-01],
       [  6.87293304e-01,   3.27262316e-01,   8.23412828e-02,
          5.14106809e-01,   3.81077245e-01,  -4.47831362e-01,
          3.72673502e-01,   8.81097273e-02,  -2.47946627e-01,
         -3.10791908e-02,   5.59631832e-01,  -6.64724270e-02,
         -5.02727369e-01,  -1.05026329e-01,  -2.13466461e-01,
          5.25435216e-01,   4.12658538e-01,   5.01425717e-01,
          6.93303377e-01,   2.16507466e-01,   7.02806611e-01,
         -1.09391996e-02,   7.04864568e-01,  -3.58367978e-02,
          1.58482976e-01,   5.53055620e-01,   4.77733330e-01,
          6.09757775e-01,   5.85720945e-02,   4.22493763e-01,
          9.48629371e-02,   3.25000508e-01,   2.69132764e-01,
          2.55083207e-01,   1.24652784e-01,   6.10650925e-01,
          6.71801919e-02,  -1.34696697e-01,   7.22540109e-01,
          9.89582871e-02,  -7.30445203e-02,   3.61287125e-01,
          9.53693830e-01,  -1.77551526e-01,   5.41983709e-01,
          6.32620224e-01,   4.70563878e-01,  -8.04680016e-02,
         -7.40339073e-02,   2.77030903e-01],
       [ -5.46907242e-01,   3.32002392e-01,  -1.75910542e-01,
          7.78440528e-03,  -4.32610043e-01,   2.43627054e-01,
         -3.66935529e-01,  -2.15303303e-01,  -7.36594282e-02,
         -3.42402170e-01,   1.80949569e-01,  -4.04350732e-01,
         -2.80716519e-01,   4.15217965e-01,  -5.68267966e-01,
         -2.46345035e-01,  -2.98258358e-01,   1.16100572e-01,
         -7.55181548e-01,   6.03471010e-01,  -4.63331327e-01,
          1.33002685e-01,  -5.31623156e-03,   1.78948767e-02,
          1.83507497e-01,   1.98204790e-01,  -3.86324614e-01,
          1.43909458e-01,   2.82345325e-01,   3.45481567e-01,
          3.50988859e-01,  -4.35038287e-01,  -2.64215975e-02,
         -4.53708462e-01,  -3.48719941e-01,  -1.96113431e-01,
          9.09172404e-02,   4.50863699e-01,   2.05727809e-01,
         -3.97915277e-01,  -2.39099995e-01,  -8.37508863e-02,
          3.18307862e-01,   3.58600436e-01,   1.88944048e-01,
         -2.45662837e-02,  -1.34170812e-01,   4.81786897e-01,
         -1.12663917e-01,  -2.54445672e-01],
       [ -1.07565791e-01,   1.77411607e-01,  -5.51496068e-01,
          1.39833439e-01,   1.99886565e-01,  -2.07824797e-01,
         -9.23848849e-03,  -3.07595147e-01,   1.62036894e-01,
          4.29679747e-01,  -9.20563296e-01,   5.05967439e-01,
          1.05672579e-01,  -8.57356975e-01,  -5.14975786e-02,
         -3.18824489e-01,  -4.49069388e-01,  -3.91752184e-01,
         -9.30714742e-02,  -3.72661831e-01,  -1.50839321e+00,
          1.22889022e-02,   3.81356627e-01,   3.18730036e-01,
          2.73900065e-01,  -1.68353359e-02,   6.51862294e-01,
         -1.13070345e+00,   3.10660102e-01,  -2.30975478e-01,
         -4.56214756e-02,   1.69130309e-01,  -1.40950570e-01,
          3.28959256e-01,   7.49642769e-02,  -5.76607509e-02,
         -3.61330473e-01,   1.86151729e-01,  -2.32272408e-01,
          2.19111204e-01,   3.68191142e-01,  -8.12373124e-01,
         -3.75839185e-03,   5.86179525e-02,  -1.30774737e+00,
          6.49266721e-01,   3.22546236e-01,  -3.15898893e-01,
          1.19526123e-01,  -5.11539230e-01],
       [  1.10918260e-01,  -2.46500554e-01,  -3.66871650e-01,
         -8.26095776e-02,  -1.67708066e-01,   3.88092919e-01,
         -2.68920053e-01,   3.47275271e-01,  -5.69015512e-02,
          2.86367741e-04,   2.66456330e-01,  -3.55347065e-02,
         -1.92988004e-01,   4.25678096e-01,  -3.95874375e-01,
          6.86741539e-02,  -2.34590221e-01,  -1.76657681e-01,
          6.83973201e-01,  -5.27579043e-01,   4.35793023e-01,
         -4.89213425e-01,   1.59128609e-01,   3.67193537e-01,
          2.46344382e-01,  -2.94033415e-02,   5.17051034e-01,
         -1.39465772e-01,   3.91619498e-01,   1.16847116e-01,
         -6.42094098e-02,  -2.49967646e-01,   3.57386765e-01,
          3.79902409e-01,   2.33055260e-01,  -2.46565351e-01,
         -9.89519728e-02,   1.10583387e-01,   2.35258259e-02,
          4.17612708e-02,   1.26316901e-01,  -4.66586049e-02,
         -5.21410741e-01,   3.96159439e-01,  -6.94731838e-02,
          1.30114191e-01,   2.01192440e-01,   1.94925742e-02,
          2.35710018e-01,   2.73667227e-01],
       [  1.67463136e+00,   5.12194136e-01,   3.88931379e-01,
          3.87363731e-01,  -4.56203131e-03,  -7.74841590e-01,
          2.42647421e-01,  -2.43633432e-02,  -4.27642552e-01,
          5.78947271e-01,  -1.18338946e-01,  -3.02167916e-01,
          9.50125586e-01,   3.56961230e-01,  -4.12503151e-01,
          8.06630135e-01,  -3.22544694e-01,  -6.06043893e-01,
          1.52894466e+00,  -6.92985785e-02,   1.45867358e+00,
         -1.26283708e-01,   8.72110032e-02,  -2.20947843e-01,
         -6.29028203e-01,  -5.74293492e-01,  -1.28570597e-01,
         -1.28737939e+00,  -1.33177107e-01,   1.15297371e-01,
          2.53602196e-01,   2.05191194e-01,  -5.16699972e-02,
         -2.67096224e-01,   3.10207236e-01,   5.48558414e-01,
         -3.01502090e-01,   6.20822025e-01,  -1.31978025e+00,
         -2.14392883e-01,   1.09551337e-01,   2.20641882e-01,
         -1.09468615e+00,   4.64480174e-01,   1.34107274e-01,
          1.68820519e-01,   1.14004212e-01,   5.22324439e-01,
         -6.16080363e-01,   3.25318720e-01],
       [ -4.80631088e-01,   4.36826537e-03,  -2.22490610e-02,
          6.42130364e-01,   2.77743054e-01,   1.29269331e-01,
         -3.22790787e-02,  -2.76230570e-01,   3.52804847e-01,
          3.83887699e-01,   2.03683699e-01,   2.73731287e-01,
          3.59036839e-01,   2.73017372e-01,   1.98088870e-01,
         -2.74247984e-01,   1.80354557e-01,  -1.23341346e-01,
         -6.35719014e-01,   2.72471494e-01,   4.38948419e-02,
          3.27490458e-01,   2.83159173e-01,   4.97293104e-01,
          5.53549377e-01,  -2.27631778e-01,   3.76569427e-01,
         -4.42805349e-01,  -1.16842456e-04,   4.95630044e-01,
         -1.53530660e-01,   5.40566910e-01,   7.71736259e-02,
          4.84659911e-01,   2.33321210e-01,  -4.39846174e-01,
          2.10151781e-01,   2.36994538e-01,   4.39738104e-01,
         -1.28995550e-01,  -1.00117727e-01,   3.60075320e-01,
         -4.89363625e-03,   1.08897588e-01,   3.93917689e-01,
          9.73897993e-02,   4.61967515e-01,   2.32054883e-01,
          4.63908837e-01,   5.44142577e-01],
       [ -3.54270294e-01,   4.78733986e-01,   2.71429878e-01,
         -1.54128273e-01,   2.84208401e-01,   5.24034149e-01,
          3.32104274e-01,   3.30735090e-01,   9.87242051e-02,
          3.35944666e-01,   1.97443428e-01,  -1.68592374e-01,
          1.80619864e-01,   1.84266142e-01,  -1.17200106e-01,
          3.27715443e-01,   3.57030067e-01,   4.69545995e-01,
          3.26603541e-01,   4.08838877e-01,  -3.86323118e-01,
          2.41055883e-02,   3.55847679e-01,   8.45845002e-02,
          4.81389013e-01,  -3.02997825e-01,  -2.69043235e-02,
          1.77192537e-01,   3.25204196e-01,  -1.78547408e-03,
          2.65978062e-01,  -4.16309262e-02,  -1.36645574e-01,
          6.17642642e-02,  -3.23721977e-02,  -2.38779980e-01,
         -1.63919678e-02,   7.63560124e-02,   2.00801019e-01,
          4.28331076e-01,  -1.26447265e-01,  -1.23005292e-01,
         -3.02081966e-01,   5.50053260e-01,  -4.03862304e-01,
         -7.03663181e-02,  -1.32993467e-01,   3.78976984e-01,
          1.74074831e-01,  -1.48214199e-01]])]Hidden bias: [array([-0.62541232, -0.30994168, -0.27278383, -0.44528559, -0.41220252,
       -0.60572592, -0.31394928, -0.28345585, -0.37024156, -0.38082967,
       -0.47195132, -0.13406143, -0.53672959, -0.41669603, -0.43728813,
       -0.48018539, -0.52531582, -0.41953786, -0.49543496, -0.4997268 ,
       -0.54835274, -0.30780212, -0.46942285, -0.43139591, -0.64411041,
       -0.45254563, -0.3381752 , -0.48190702, -0.23903152, -0.46510178,
       -0.41141331, -0.38505453, -0.20842727, -0.45534471, -0.23573262,
       -0.55675629, -0.31539048, -0.23334284, -0.59925151, -0.25056803,
       -0.19433693, -0.35499312, -0.66757113, -0.48488807, -0.32984154,
       -0.28308186, -0.38261568, -0.43643385, -0.52077331, -0.39605565])]Output weights: [[ -7.28105328e-03   4.09056461e-01]
 [ -1.02391832e-01  -1.47843110e-01]
 [  5.95178381e-02  -1.51179344e-01]
 [ -9.68374304e-03  -8.64909894e-02]
 [ -1.49299364e-04  -5.28205939e-02]
 [  8.79738422e-02   3.91524732e-01]
 [  4.90343665e-03  -1.32759108e-01]
 [  4.29881389e-02   1.22850512e-01]
 [  5.43814810e-02   2.46743384e-01]
 [ -5.85663314e-02  -1.81780239e-01]
 [  5.39726002e-02   8.79549038e-03]
 [  4.30085837e-02   9.69379698e-02]
 [ -5.85502369e-02  -4.14786813e-01]
 [  1.42178744e-01   4.32857378e-02]
 [  4.85695095e-01   1.13217874e-01]
 [  1.76098540e-02  -2.97487314e-03]
 [  7.64599519e-02  -2.75615152e-03]
 [ -9.92308696e-03  -2.02723714e-02]
 [ -7.19729071e-02   3.86463180e-01]
 [ -1.49977241e-01  -3.07319715e-02]
 [  4.49047458e-01   3.49160712e-01]
 [  7.49114727e-02   1.11855851e-02]
 [ -1.57699300e-01  -7.11130745e-02]
 [  4.48354219e-02   1.48158089e-01]
 [ -1.24127518e-01   2.50734206e-01]
 [  1.20700796e-01  -9.77789912e-02]
 [ -1.34580962e-01   4.76648427e-02]
 [  3.97714447e-01  -1.71964565e-01]
 [ -3.45527227e-02   6.33796995e-02]
 [ -5.15427882e-03  -2.78918912e-02]
 [  1.84969908e-01   1.01363553e-02]
 [  3.74992531e-02  -1.00475509e-01]
 [  3.20512103e-04   4.21159202e-02]
 [  4.94465088e-03   1.33120778e-01]
 [  2.98210357e-02   6.68675808e-03]
 [  5.45822377e-02   1.24727776e-01]
 [  6.06469269e-02   1.23377504e-01]
 [ -6.91316682e-03  -1.61089223e-01]
 [ -4.31690616e-03  -8.21324989e-03]
 [ -2.84949131e-02   5.98052345e-02]
 [  6.68585019e-02  -2.09828253e-02]
 [  1.13588992e-01  -7.05873700e-02]
 [  9.15821524e-02  -3.49464245e-01]
 [  1.58274474e-01  -7.21590313e-02]
 [  3.28117557e-01  -1.14886322e-02]
 [ -1.46988889e-01  -1.37494146e-02]
 [ -4.43777175e-02   2.67968599e-02]
 [  3.65315549e-02  -1.23970668e-01]
 [  7.80364196e-02   2.86748007e-01]
 [  7.01355347e-02  -2.06260543e-02]]Output bias: [ 0.51765954  0.5957204 ]
Value MLP:Hidden weights: [array([[  5.44565998e+00,   9.10991955e+00,  -1.30482719e+00,
          2.17878219e-01,   1.64545669e+01,  -7.17983750e+00,
         -1.63869847e+01,   2.92824339e+00,   1.05314304e+00,
          1.04872254e+00,   5.66687089e-01,  -2.22096999e+00,
          1.51601373e+01,  -1.09099467e+01,   1.54130436e+01,
          3.94824889e+00,   1.98175370e+01,  -1.90568082e+01,
          1.68842643e+01,  -6.36341392e-01,   2.41313843e+01,
          2.22947709e+01,  -1.09145381e+00,   2.20951008e+00,
          2.87423693e+01,  -7.74124952e+00,   1.14157738e+00,
         -4.62786396e+00,   6.26916128e+00,   1.00848921e+01,
          8.88649999e+00,  -1.29347088e-01,   1.57868326e+01,
          4.31467116e+00,   4.63062704e+00,   1.78436602e+00,
          2.42103425e+01,  -7.72955227e-01,  -3.71193486e-01,
         -3.02028171e+00,  -1.64608422e+00,   2.67541984e+01,
          1.92761284e+01,   2.74288183e+01,   2.20636917e-01,
          2.39049201e+00,   2.49825445e+00,  -7.37240957e-01,
         -2.11726769e-01,   1.82445028e+01],
       [  7.30315773e+00,  -3.24535447e+00,   2.63961750e+00,
         -3.35395058e+00,  -1.16129738e+00,   1.54677162e+01,
          8.38217216e+00,   3.39699727e+00,  -4.91307633e+00,
          3.18341094e+00,  -6.83358349e-01,  -6.12095985e+00,
          7.63238055e+00,   6.25438804e+00,   1.42658554e+01,
          1.71954204e+00,   1.37411762e+01,  -1.22683452e+01,
          1.39936856e+01,   6.47448319e-01,   1.26232182e+01,
          1.51132099e+01,  -2.32246721e+00,   3.19677025e+00,
          1.13627127e+01,  -6.62800325e+00,   5.27610465e+00,
         -6.63316327e+00,  -2.14216174e+01,   2.83257137e+00,
          5.24331399e+00,  -2.78329461e+00,  -3.75694120e+00,
         -3.95378994e+00,  -4.46673402e+00,   4.78876768e+00,
          9.32972716e+00,  -2.92592373e+00,  -1.42043212e+00,
         -3.36519692e+00,   4.25038004e+00,   1.48293620e+01,
          9.52184975e+00,  -1.17988267e+01,   4.41691324e+00,
          7.74995951e+00,  -4.16779541e+00,   8.38347375e-01,
          3.33034807e+00,   1.48015865e+00],
       [ -1.92386629e+00,  -9.41771133e+00,  -7.33359632e+00,
         -1.71559882e+00,   9.82744710e+00,  -4.40753087e-01,
         -1.14234708e+01,  -5.97964045e-01,   1.11505039e+00,
          1.66950449e+01,  -1.74037844e+01,   9.09579212e+00,
          1.00324576e+01,  -2.52970215e+00,   1.47517156e+01,
          2.42630687e+00,   1.45898839e+01,   4.03049586e+00,
          8.37985882e+00,   7.78901007e-01,   6.36247393e+00,
          5.39025712e+00,  -5.05294452e-01,   9.26751706e-01,
          1.06374453e+01,   1.41889835e+00,   2.35126791e+00,
         -1.07489516e+01,  -1.29683060e+00,   1.14937542e+01,
          1.14249781e+01,  -4.77707987e-01,   3.04999956e+00,
         -1.28380238e+01,   2.63180444e+00,   7.52182082e+00,
          6.43628289e+00,  -5.23027752e+00,   3.09205820e-02,
         -2.82337999e+00,  -1.57125450e+01,   1.10893353e+01,
          6.49051471e+00,   1.67123602e+01,  -5.90214623e+00,
          1.78646050e+01,  -4.37238842e+00,   1.28579004e+01,
          3.40354733e+00,   6.86167200e+00],
       [  1.62975693e-01,  -4.54465783e-01,   1.84303792e+00,
          3.55175097e+00,  -9.04338929e-01,   2.23748201e+00,
          4.28358142e+00,   4.07071252e+00,   2.92867408e+00,
         -3.56595693e+00,   3.53132920e+00,  -1.14222520e+01,
         -1.54196003e+00,   2.99430296e+00,  -3.70675654e+00,
         -2.31211318e+00,  -1.72620962e+00,  -2.89203274e+00,
         -9.92117173e-01,  -2.41021981e+00,  -2.23841609e-01,
         -2.19559341e+00,   2.22022191e+00,  -7.66611030e+00,
          1.56450365e+00,   5.56714838e+00,   8.31568013e-01,
          5.81514373e+00,  -9.87262908e+00,  -2.93389475e+00,
         -8.69452048e-01,   1.66126904e+00,  -1.49197733e-01,
          8.41824030e+00,  -2.88172018e+00,  -5.28454886e+00,
         -4.45753721e-01,   2.81325952e-01,   5.97531860e-01,
          6.30917088e+00,   4.46400639e+00,   1.19217257e+00,
          2.47772764e-01,  -6.44201889e+00,   7.57270183e+00,
         -4.98795265e-01,   6.99703812e-01,  -5.03490253e+00,
         -1.67853931e+00,  -1.92304386e+00],
       [ -2.12069381e+01,  -4.65571798e+00,   2.34077280e+00,
         -2.47283959e+00,  -1.98557056e+01,   1.02475111e+01,
          3.09475590e+00,  -9.38338729e+00,  -3.23428175e+00,
         -4.06305217e-01,  -1.23047302e+01,   7.75077105e+00,
         -2.03192375e+00,  -4.47700046e+00,   2.02102905e+01,
          5.02881037e+00,  -6.43186877e+00,   1.27344035e+01,
         -5.09448595e+00,  -4.53953991e+00,  -1.25822265e+01,
         -1.28923376e+01,   3.89476143e-02,  -1.64509390e+00,
          9.36634825e+00,  -3.27342488e+00,  -9.99513099e+00,
          2.44808525e+00,  -1.00183012e+01,  -2.59215081e+00,
         -1.00323647e+01,   1.27997748e+00,  -8.42998406e+00,
         -7.05868390e+00,   5.74353342e+00,  -2.76935109e+00,
         -1.15323260e+01,   5.28900731e+00,   6.19642069e-01,
         -1.07551444e+00,   7.30353159e+00,  -1.07345553e+01,
         -5.22730208e+00,  -1.40191891e+00,  -1.82177742e+00,
          7.45214549e+00,   2.41247922e+01,  -1.25744804e+01,
         -4.69224517e+00,  -1.21932449e+01],
       [ -1.11418447e+00,  -3.51376588e+01,  -1.21834283e+01,
         -2.71535860e+00,  -2.88544716e+00,   4.13357349e+00,
         -1.94984769e-01,  -1.87046870e+00,   8.48373439e-01,
          2.55602387e+00,  -8.04875010e-01,  -1.59819700e-01,
         -3.08588905e+01,  -3.72212974e+00,  -2.56809844e+01,
         -4.05427835e+00,  -1.91004246e+01,   1.10917656e+01,
         -1.71364979e+01,  -1.39592623e+00,  -3.02863564e+01,
         -1.72065005e+01,  -4.13180221e-01,  -3.50737597e-01,
         -4.67944591e+01,  -1.02910002e+01,  -2.48372992e+00,
          4.94427481e+00,  -4.05201745e+00,   4.20034629e+00,
         -2.93944052e+01,   1.58136807e-02,  -1.11795541e+01,
         -1.18797208e+01,  -6.75892105e+00,  -1.23024997e+01,
         -1.10180052e+01,   6.78982869e+00,  -2.95678504e-01,
         -3.08758864e-01,  -1.98569933e+01,  -9.89299751e+00,
         -1.91995419e+01,  -3.73542897e+00,   1.14329313e+01,
         -6.03522078e+00,  -2.12495701e+01,   3.15938588e+00,
         -1.50783980e+01,  -2.30897607e+00],
       [  1.25720627e+01,  -1.17154032e+01,  -8.86539046e+00,
         -1.11129207e+00,   2.12552494e+00,  -1.63697426e+01,
         -1.06601222e+01,  -6.58069380e+00,  -1.42348280e+00,
          2.34364836e+01,  -1.61786193e+01,   9.34860067e+00,
         -2.17010503e+00,  -1.51728838e+01,  -8.23702084e+00,
          3.49582367e+00,  -1.84632804e+01,   1.10567635e+01,
         -6.10544372e-01,   8.18098865e+00,  -1.50034256e+01,
         -2.47251267e+01,  -2.95729912e+00,   6.70063075e+00,
         -3.39665537e+00,  -9.40983062e+00,  -1.70860492e+01,
         -1.02615670e-01,   1.32983179e+01,  -1.48440225e+01,
          2.00137460e+00,  -2.66668027e+00,  -1.40063207e+01,
         -1.16954808e+01,  -2.57352719e+01,  -1.69488668e+00,
         -1.82501211e+01,  -6.82365292e+00,  -1.22105379e+00,
         -5.67238821e+00,  -6.64551768e+00,  -3.70620076e+01,
         -2.07832327e+01,   1.67958614e+01,  -2.75523888e+00,
         -1.63491098e+01,  -2.29148183e+00,   4.38002577e+00,
          9.51230274e-01,  -3.36390874e+01],
       [  8.62933688e+00,  -1.09824362e+00,  -3.54198849e-01,
         -2.36045337e+00,   3.38976385e+00,   4.53861957e-01,
         -1.31270963e+01,  -2.56581127e+00,  -3.62910827e+00,
          7.68078211e+00,  -4.32931015e+00,   9.40523343e+00,
          1.58122226e-01,  -4.58487776e+00,   8.90800087e+00,
          1.46073899e+00,  -1.31225958e+01,   1.54392990e+01,
          1.61331926e+01,   9.12283212e+00,   3.21016507e+01,
         -5.79660448e+00,  -1.13824638e+00,   1.02652907e+01,
          8.95716410e+00,  -7.19259105e+00,   1.81703143e+01,
         -6.56332728e+00,   3.52135050e+00,   1.76145553e+01,
          1.20916240e+01,   5.47610453e-01,   9.92979469e+00,
         -8.14201170e+00,   7.86052619e-01,   8.33950962e+00,
         -2.13768549e+01,  -9.95386971e+00,  -1.00578919e+00,
         -2.34143266e+00,  -3.34304356e+00,   2.94286105e+00,
          4.74890710e+00,   8.52155509e+00,  -1.23908107e+01,
          8.76135820e+00,  -2.12131191e+00,   3.56456409e+00,
          9.65505405e+00,   7.35975287e-01]])]Hidden bias: [array([ 10.72695692, -16.43260223, -17.41741815, -10.09365654,
        10.35384264, -21.14094936, -15.13910727, -14.13762394,
       -13.71920897,  14.2826962 , -19.10185979,  18.80074401,
         9.53476343, -20.77943828,   8.88685179,   9.42365346,
         1.98779275,  12.93704212,   4.09802188,   9.80130379,
        -3.23175968,  -6.58617076,  -7.72460315,  15.36735278,
        -7.67489407, -12.10734202,   7.8737422 , -16.39804164,
        23.85048847,  21.49768862,  16.69429097,  -7.20036411,
         2.0972747 , -10.84211892,  10.6020826 ,  17.83908598,
         2.45803042, -18.91559396,  -5.60561506, -14.36186973,
        -9.6117524 ,  -8.17262248,  -0.08669452,  19.9049818 ,
       -22.7662406 ,  17.51467711,  -7.88043445,  19.16226571,
         9.82252444,   5.02648948])]Output weights: [[ -1.07630179]
 [ -5.69699739]
 [  1.00728956]
 [ -0.74310407]
 [ 16.86578278]
 [ 10.34356888]
 [ -6.16258957]
 [  0.29960064]
 [ -3.51756829]
 [ 10.1710856 ]
 [-16.74634453]
 [  4.54159704]
 [  4.54506915]
 [  9.75331352]
 [  2.74224129]
 [  2.75428195]
 [ -1.52159613]
 [ 20.51992034]
 [  4.58980731]
 [ -0.71467449]
 [  2.55281725]
 [ -2.71852727]
 [  1.24996216]
 [  8.55964594]
 [ -2.44583927]
 [ -2.29210339]
 [ -1.43330798]
 [ -1.96291651]
 [-12.11861648]
 [ -1.05235681]
 [  4.97561066]
 [  8.3963542 ]
 [ -0.20824193]
 [ -4.61244152]
 [  0.57433807]
 [  0.69140912]
 [  0.33414264]
 [ -2.43098817]
 [  8.75469984]
 [ -4.18665534]
 [  3.88023863]
 [ -7.50662614]
 [ -0.69651527]
 [  2.1334895 ]
 [  6.345682  ]
 [ -0.29998245]
 [  7.30661011]
 [  5.08585662]
 [  2.96346737]
 [ 11.46711022]]Output bias: [-11.71543765]