Action MLP:Hidden weights: [array([[  1.67913546e-01,   3.56486678e-02,  -3.12322451e-01,
          3.61951326e-01,  -3.96838802e-02,   8.33623833e-02,
         -3.47289630e-01,  -7.70281294e-02,   4.83326537e-01,
          1.60505098e-01,  -2.39585579e-01,   1.49770529e-01,
         -7.38180463e-02,   4.88736335e-01,  -3.03765221e-01,
          3.30158489e-01,   3.41654285e-01,  -3.50014441e-02,
         -2.13186982e-01,  -3.90836533e-01,   1.87042729e-01,
         -4.37744600e-01,  -2.14572320e-01,   1.97625955e-01,
         -2.46952785e-01,   3.37813358e-01,  -1.54484381e-01,
         -5.43541788e-02,  -2.34058834e-01,  -2.69099345e-01,
          4.59871534e-01,  -2.41465364e-01,  -3.18952354e-01,
          8.06799333e-02,   3.95496369e-01,  -2.51214727e-01,
         -3.01361458e-01,  -1.45558154e-01,   2.39645149e-01,
          3.52434408e-01,   2.92549345e-01,  -3.53805817e-01,
         -3.72733229e-01,   3.49374827e-01,  -4.92847256e-03,
          3.70164238e-03,  -2.90397377e-01,   1.29053181e-01,
         -1.92205600e-01,   1.80485782e-01],
       [  6.85815453e-01,   3.27595119e-01,   8.30102272e-02,
          5.14405457e-01,   3.81285435e-01,  -4.48728872e-01,
          3.73210371e-01,   8.77448458e-02,  -2.48563958e-01,
         -3.06114475e-02,   5.59575746e-01,  -6.67822783e-02,
         -5.02043186e-01,  -1.04521793e-01,  -2.13168696e-01,
          5.25467645e-01,   4.12789886e-01,   5.01481454e-01,
          6.92300408e-01,   2.16403711e-01,   6.98705712e-01,
         -1.09370329e-02,   7.04827469e-01,  -3.63068787e-02,
          1.57796651e-01,   5.53594996e-01,   4.77233419e-01,
          6.10825288e-01,   5.83029510e-02,   4.22598348e-01,
          9.52091685e-02,   3.25470130e-01,   2.68969919e-01,
          2.54585937e-01,   1.24701628e-01,   6.10265003e-01,
          6.67924856e-02,  -1.34170236e-01,   7.22556793e-01,
          9.86823781e-02,  -7.28595853e-02,   3.61501462e-01,
          9.55023710e-01,  -1.77138197e-01,   5.41170435e-01,
          6.32354026e-01,   4.70368802e-01,  -8.00157580e-02,
         -7.49826630e-02,   2.77191420e-01],
       [ -5.48176302e-01,   3.30723443e-01,  -1.75207306e-01,
          7.54171082e-03,  -4.32807060e-01,   2.44370955e-01,
         -3.66917883e-01,  -2.15179120e-01,  -7.28224557e-02,
         -3.42123439e-01,   1.81657639e-01,  -4.03890155e-01,
         -2.79259076e-01,   4.16700765e-01,  -5.62994033e-01,
         -2.46350663e-01,  -2.97571044e-01,   1.16086042e-01,
         -7.55399159e-01,   6.03594477e-01,  -4.62823619e-01,
          1.33339941e-01,  -5.43035322e-03,   1.84840136e-02,
          1.81928540e-01,   1.98020815e-01,  -3.85935607e-01,
          1.42856278e-01,   2.82215160e-01,   3.45380912e-01,
          3.52396927e-01,  -4.35089568e-01,  -2.63559480e-02,
         -4.53359437e-01,  -3.48752185e-01,  -1.96556667e-01,
          9.15883294e-02,   4.51026371e-01,   2.05735333e-01,
         -3.97907435e-01,  -2.39027649e-01,  -8.26888836e-02,
          3.17252362e-01,   3.59003244e-01,   1.91016767e-01,
         -2.46250144e-02,  -1.34110157e-01,   4.82097198e-01,
         -1.11819842e-01,  -2.54415951e-01],
       [ -1.08519846e-01,   1.79019902e-01,  -5.51277004e-01,
          1.40247179e-01,   2.00191964e-01,  -2.09075075e-01,
         -8.57825005e-03,  -3.08554592e-01,   1.60790161e-01,
          4.30797678e-01,  -9.21062648e-01,   5.05143697e-01,
          1.07289974e-01,  -8.58996860e-01,  -5.61066454e-02,
         -3.18877640e-01,  -4.49714261e-01,  -3.91651808e-01,
         -9.33445673e-02,  -3.71852586e-01,  -1.50842388e+00,
          1.17677578e-02,   3.82728920e-01,   3.17817962e-01,
          2.74171280e-01,  -1.72076815e-02,   6.52321637e-01,
         -1.13207331e+00,   3.10566214e-01,  -2.30761380e-01,
         -4.70508231e-02,   1.69427475e-01,  -1.41173178e-01,
          3.28272375e-01,   7.47839271e-02,  -5.82758316e-02,
         -3.62456796e-01,   1.86942266e-01,  -2.32251673e-01,
          2.19064158e-01,   3.67919201e-01,  -8.12782857e-01,
         -3.43250329e-03,   5.82359131e-02,  -1.30884326e+00,
          6.50257516e-01,   3.22693085e-01,  -3.15599262e-01,
          1.18106128e-01,  -5.11783427e-01],
       [  1.13461496e-01,  -2.46271257e-01,  -3.68851347e-01,
         -8.31257333e-02,  -1.68029909e-01,   3.88726559e-01,
         -2.70002969e-01,   3.48404688e-01,  -5.58951689e-02,
         -1.51622837e-03,   2.65756809e-01,  -3.50762353e-02,
         -1.96340086e-01,   4.24065572e-01,  -4.01052052e-01,
          6.86214708e-02,  -2.35450205e-01,  -1.76751946e-01,
          6.85057629e-01,  -5.27789349e-01,   4.37713035e-01,
         -4.89530730e-01,   1.58753356e-01,   3.67653789e-01,
          2.48811708e-01,  -3.03826713e-02,   5.17338640e-01,
         -1.39550289e-01,   3.92334651e-01,   1.16686049e-01,
         -6.60211483e-02,  -2.50813248e-01,   3.57740636e-01,
          3.80811178e-01,   2.33061655e-01,  -2.45758528e-01,
         -9.86508869e-02,   1.09112465e-01,   2.35118233e-02,
          4.23061167e-02,   1.25928829e-01,  -4.84246879e-02,
         -5.22912613e-01,   3.94748770e-01,  -7.14366548e-02,
          1.30236699e-01,   2.01406525e-01,   1.78668616e-02,
          2.36508453e-01,   2.73358061e-01],
       [  1.67821283e+00,   5.14787446e-01,   3.89917272e-01,
          3.88618565e-01,  -3.23089017e-03,  -7.76143589e-01,
          2.44269847e-01,  -2.63799821e-02,  -4.30568483e-01,
          5.79912199e-01,  -1.19052994e-01,  -3.04186222e-01,
          9.47711023e-01,   3.54919922e-01,  -4.18531043e-01,
          8.06625320e-01,  -3.23070031e-01,  -6.05893819e-01,
          1.53138909e+00,  -6.86551855e-02,   1.46132110e+00,
         -1.26812646e-01,   8.88683305e-02,  -2.24094662e-01,
         -6.29316765e-01,  -5.72543795e-01,  -1.29594540e-01,
         -1.28690217e+00,  -1.34317239e-01,   1.15972784e-01,
          2.52098537e-01,   2.06712088e-01,  -5.24464017e-02,
         -2.69723697e-01,   3.10190909e-01,   5.49346254e-01,
         -3.04323821e-01,   6.21649971e-01,  -1.31982458e+00,
         -2.15499442e-01,   1.09741095e-01,   2.20867185e-01,
         -1.08951683e+00,   4.64746563e-01,   1.32758788e-01,
          1.69301436e-01,   1.13674729e-01,   5.23471359e-01,
         -6.19200370e-01,   3.25555377e-01],
       [ -4.80459612e-01,   3.47071049e-03,  -2.28640368e-02,
          6.41471367e-01,   2.77193456e-01,   1.28403121e-01,
         -3.30093855e-02,  -2.75145068e-01,   3.53871947e-01,
          3.83034818e-01,   2.03886287e-01,   2.74641863e-01,
          3.60216654e-01,   2.73669354e-01,   2.00178061e-01,
         -2.74220957e-01,   1.80489758e-01,  -1.23404544e-01,
         -6.36285481e-01,   2.71974670e-01,   4.33418651e-02,
          3.27728954e-01,   2.82207694e-01,   4.98466169e-01,
          5.53081030e-01,  -2.28450054e-01,   3.76831973e-01,
         -4.42208636e-01,   3.62147789e-04,   4.95320845e-01,
         -1.53089158e-01,   5.39869322e-01,   7.75681910e-02,
          4.85785666e-01,   2.33383768e-01,  -4.39818911e-01,
          2.11310875e-01,   2.36513502e-01,   4.39777882e-01,
         -1.28513298e-01,  -1.00178968e-01,   3.59722396e-01,
         -6.79468195e-03,   1.08629172e-01,   3.94465260e-01,
          9.70323570e-02,   4.62087304e-01,   2.31335737e-01,
          4.64344463e-01,   5.44080564e-01],
       [ -3.55924318e-01,   4.78285085e-01,   2.71229179e-01,
         -1.54262439e-01,   2.83886286e-01,   5.21892397e-01,
          3.31779062e-01,   3.31510654e-01,   9.91955493e-02,
          3.35723440e-01,   1.97520629e-01,  -1.68022246e-01,
          1.83309729e-01,   1.84569231e-01,  -1.16197737e-01,
          3.27769838e-01,   3.57078974e-01,   4.69575065e-01,
          3.23795521e-01,   4.08534957e-01,  -3.88418026e-01,
          2.42291768e-02,   3.55300565e-01,   8.51881696e-02,
          4.80648106e-01,  -3.03879629e-01,  -2.67491198e-02,
          1.77964345e-01,   3.25467326e-01,  -1.98970154e-03,
          2.66081215e-01,  -4.18951457e-02,  -1.36375970e-01,
          6.23752186e-02,  -3.23502573e-02,  -2.39028328e-01,
         -1.55577365e-02,   7.63817383e-02,   2.00866605e-01,
          4.28637552e-01,  -1.26474905e-01,  -1.23283547e-01,
         -3.05630295e-01,   5.49725203e-01,  -4.03776753e-01,
         -7.05162382e-02,  -1.32938395e-01,   3.78513649e-01,
          1.74101479e-01,  -1.48229304e-01]])]Hidden bias: [array([-0.62264053, -0.31266724, -0.27427515, -0.44639878, -0.41321726,
       -0.60584977, -0.31572712, -0.28120155, -0.36790748, -0.38325249,
       -0.47144747, -0.13219978, -0.53976313, -0.41433696, -0.4318575 ,
       -0.48024368, -0.52478552, -0.41959965, -0.49563926, -0.50037264,
       -0.55245275, -0.3073553 , -0.47123036, -0.42893386, -0.64494217,
       -0.45341161, -0.33774283, -0.48035493, -0.23811875, -0.46570834,
       -0.41001444, -0.3864461 , -0.20769799, -0.45311381, -0.23562188,
       -0.5558568 , -0.31304428, -0.23534064, -0.5991799 , -0.24974137,
       -0.19445637, -0.35565287, -0.66920327, -0.48541761, -0.32994545,
       -0.28393331, -0.3823905 , -0.43802356, -0.51892792, -0.39625606])]Output weights: [[ -8.66319031e-03   4.06919456e-01]
 [ -1.03469814e-01  -1.63309368e-01]
 [  5.96113308e-02  -1.60922839e-01]
 [ -1.15940952e-02  -9.95648998e-02]
 [ -4.94998874e-03  -6.10619942e-02]
 [  9.08669872e-02   4.00943463e-01]
 [ -1.17352468e-04  -1.44168808e-01]
 [  3.92622536e-02   1.21400653e-01]
 [  5.79713577e-02   2.50662106e-01]
 [ -6.52085982e-02  -1.95254048e-01]
 [  5.73699018e-02   1.12029353e-02]
 [  3.81544692e-02   9.84969206e-02]
 [ -6.61035555e-02  -4.26906107e-01]
 [  1.46233898e-01   4.04713077e-02]
 [  4.82824650e-01   1.13880637e-01]
 [  1.57775561e-02  -1.69360140e-02]
 [  8.30952036e-02  -3.21628256e-03]
 [ -3.28830168e-03  -1.61031783e-02]
 [ -7.33628018e-02   3.83862611e-01]
 [ -1.45215754e-01  -3.17075042e-02]
 [  4.49042513e-01   3.49113044e-01]
 [  7.72942960e-02   1.03767702e-02]
 [ -1.64535093e-01  -8.02025858e-02]
 [  3.98606414e-02   1.50521589e-01]
 [ -1.27038056e-01   2.58402716e-01]
 [  1.25567471e-01  -9.95811676e-02]
 [ -1.42350706e-01   4.54713550e-02]
 [  4.06909202e-01  -1.63069022e-01]
 [ -4.10709318e-02   6.56622644e-02]
 [ -6.13751705e-03  -3.26674410e-02]
 [  1.87617565e-01  -1.35466676e-03]
 [  3.20778365e-02  -1.10795986e-01]
 [ -4.43518418e-03   4.21180514e-02]
 [ -1.03755470e-03   1.33813789e-01]
 [  2.61604940e-02  -1.79760584e-03]
 [  4.94174961e-02   1.10098270e-01]
 [  6.42277475e-02   1.28344518e-01]
 [ -1.32450763e-02  -1.70819446e-01]
 [  1.99790816e-03  -4.82923823e-03]
 [ -3.19346363e-02   5.81679341e-02]
 [  6.06319137e-02  -3.00601760e-02]
 [  1.14128582e-01  -7.52262928e-02]
 [  9.40539036e-02  -3.46222001e-01]
 [  1.52468911e-01  -8.13559530e-02]
 [  3.37791866e-01  -1.44863693e-02]
 [ -1.54716864e-01  -2.63752232e-02]
 [ -5.13117795e-02   1.96144236e-02]
 [  3.70609031e-02  -1.34635567e-01]
 [  7.38331283e-02   2.95753433e-01]
 [  6.91183428e-02  -2.60179692e-02]]Output bias: [ 0.52631744  0.61565377]
Value MLP:Hidden weights: [array([[  3.03275194e+00,   3.10874058e+00,   1.09267553e+00,
          1.43702892e+00,   7.89244618e+00,  -3.25478377e+00,
         -8.58579432e+00,   2.62880516e+00,   1.05255940e+00,
          3.91821987e+00,   4.36304541e+00,  -2.19328771e+00,
          1.84208789e+01,  -9.01481157e+00,   1.70401696e+00,
          3.95902694e+00,  -5.40522875e-01,  -1.16071974e+00,
          1.89635302e+01,  -6.36278849e-01,   1.76076563e+01,
          2.31139085e+01,  -1.09137749e+00,   9.25657739e-02,
          2.33242908e+01,  -6.73651642e+00,  -5.60951713e-01,
         -4.63068876e+00,  -1.61725497e+01,   1.05886259e+00,
          1.42395739e+01,  -1.29305789e-01,   9.68540523e+00,
         -1.88593819e+00,  -2.64437639e+00,  -1.48825324e+00,
          2.43174832e+01,  -7.72955251e-01,  -3.80962737e-01,
         -3.02028172e+00,   5.64051322e+00,   2.07691964e+01,
          2.55208609e+00,   2.39336876e+01,  -6.84171573e+00,
          9.77204056e+00,  -6.43322515e-01,   2.14471047e+00,
         -4.71585605e-01,   2.44233618e+00],
       [  7.30292817e+00,  -5.08165990e+00,   2.65564590e+00,
         -3.52090852e+00,  -2.21354755e-01,   1.38736226e+01,
          1.26968263e+00,   3.55774386e+00,  -4.91302892e+00,
         -4.58204755e+00,  -1.00693328e+01,  -7.28638115e+00,
          6.09775674e+00,   8.38689422e+00,   2.91995992e-01,
          1.74282898e+00,  -3.94992647e+00,   3.42326773e+00,
          1.00413577e+01,   6.47509165e-01,   1.25734289e+01,
          1.71628322e+01,  -2.32243590e+00,   3.08027005e+00,
          1.34219507e+01,  -6.72199899e+00,   3.32155594e+00,
         -6.63349215e+00,  -1.57070172e+01,  -5.71420366e+00,
          6.65178291e+00,  -2.78317368e+00,   2.59502357e+00,
          5.28745010e-01,  -1.44823817e+01,  -2.09371769e+00,
          6.58881160e+00,  -2.92592375e+00,  -1.42787104e+00,
         -3.36519693e+00,   9.19687884e+00,   6.88825489e+00,
         -1.03769785e+00,  -5.32105059e+00,   8.28907053e+00,
         -7.27214839e-01,   7.11993475e-01,   1.19199751e+00,
          3.38603596e+00,   1.09304824e+01],
       [ -3.37586886e+00,  -9.26401593e+00,  -4.49203149e+00,
          5.64385423e-01,   8.24132433e+00,   1.40978013e+01,
          3.20011603e+00,  -1.90227159e+00,   1.11365552e+00,
          1.89096457e+00,   9.04367931e+00,   9.97014571e+00,
          2.70058007e+00,   1.14321410e+01,  -5.16645573e+00,
          2.37741695e+00,   4.46342289e+00,  -3.79184685e+00,
          5.65600119e+00,   7.78939311e-01,   6.03055934e+00,
          4.28274495e+00,  -5.05276768e-01,  -2.80834327e+00,
          5.19607989e+00,   5.27717000e+00,   4.60718504e+00,
         -1.07501845e+01,  -6.80439368e+00,   7.26820421e+00,
          1.26567626e+01,  -4.76692918e-01,   3.94387074e+00,
         -1.12801755e+01,  -2.33572506e+00,   2.64462671e+00,
          3.83871902e+00,  -5.23027750e+00,   3.38464364e-02,
         -2.82338000e+00,  -2.47425770e-01,   3.57832987e+00,
          1.42266122e+00,  -1.89120028e+01,  -9.88243987e+00,
          1.08198512e+01,  -3.26760448e+00,   1.44335691e+01,
          3.45755977e+00,   1.39333243e-01],
       [ -2.37346445e-01,   1.15574413e+00,   1.72200081e+00,
          3.47765987e+00,  -6.14916054e+00,  -2.18354845e+00,
          1.01783207e-01,   4.17468511e+00,   2.92916303e+00,
          8.03450789e-01,   1.57806526e+00,  -1.18621079e+01,
          2.10665821e-01,   1.10048219e+00,  -6.05985874e-01,
         -2.30584635e+00,  -5.28341564e-01,  -3.57338790e+00,
          1.14861620e+00,  -2.41023745e+00,  -1.96342017e+00,
          2.80644224e-01,   2.22021124e+00,  -6.96820634e+00,
          2.43442824e+00,   4.60411058e+00,  -1.69861732e+00,
          5.81432278e+00,  -4.54433414e+00,  -3.17781103e-01,
         -1.51860046e-01,   1.66115973e+00,  -4.19594238e-02,
          8.34144605e+00,   2.90559488e-01,  -2.32042850e+00,
          2.89643253e+00,   2.81325947e-01,   6.00591250e-01,
          6.30917088e+00,   1.68736941e+00,   1.98273265e+00,
          2.09775034e+00,  -2.28091713e+00,   5.03141240e+00,
          1.49693278e+00,  -2.20712532e+00,  -4.20821153e+00,
         -1.62619158e+00,   6.58249994e+00],
       [ -2.09248039e+01,  -6.10482758e+00,  -6.54625969e-01,
         -1.83481055e+00,  -9.04070808e+00,   8.67072935e+00,
          1.94907569e+01,  -7.98165916e+00,  -3.23276740e+00,
          1.27073088e+01,  -3.36158177e+00,   7.72623938e+00,
         -2.78303239e+00,  -3.13352876e+00,   5.00944116e+00,
          5.03760242e+00,  -1.17020792e+01,  -2.46076362e+00,
         -3.45265084e+00,  -4.53948183e+00,  -8.08110045e+00,
         -1.07153080e+01,   3.89256258e-02,   2.99014865e+00,
          1.26903187e+00,  -3.31433453e+00,  -7.58246463e+00,
          2.45012566e+00,  -8.65462333e+00,  -3.03695503e+00,
         -9.34772294e+00,   1.27930035e+00,  -4.15439908e+00,
         -8.92434886e+00,   3.33683119e+00,  -1.08381168e+00,
         -1.09976441e+01,   5.28900732e+00,   5.89303009e-01,
         -1.07551444e+00,  -4.62617192e+00,  -4.39459756e+00,
         -1.30643738e+00,  -8.80283618e+00,   2.31600820e+00,
          1.57771366e+01,  -2.53632997e+00,  -1.47622454e+01,
         -5.53189181e+00,  -2.55682875e+01],
       [ -3.09033028e+00,  -3.31749415e+01,  -1.52501726e+01,
         -5.35799434e+00,  -9.86520208e+00,   5.81334191e+00,
         -5.82605931e-01,  -1.15860563e+00,   8.49301840e-01,
          9.18846947e+00,   5.66017627e+00,  -3.15611768e-01,
         -3.02976261e+01,  -1.92555678e+00,  -3.89328213e+01,
         -4.18213104e+00,  -2.87447248e+01,  -1.15649137e+01,
         -1.83894345e+01,  -1.39590366e+00,  -1.16185910e+01,
         -1.03451090e+01,  -4.13125792e-01,   5.14813909e+00,
         -5.08167683e+01,  -1.59239719e+01,  -2.93540213e+00,
          4.94684016e+00,   1.22572701e+01,  -9.42353796e+00,
         -3.08706679e+01,   1.67030563e-02,  -1.32542379e+01,
         -4.11892734e+00,  -9.61063671e+00,  -1.81272871e+01,
         -1.55651862e+01,   6.78982876e+00,  -2.94105238e-01,
         -3.08758865e-01,  -1.40598458e+01,  -1.38970500e+01,
         -2.57677318e+00,  -1.29438247e+01,   1.65568688e+01,
         -7.64789629e+00,  -2.01445031e+01,   3.03639169e+00,
         -1.59013376e+01,   2.62121204e+00],
       [  1.26123916e+01,  -5.40042513e+00,  -7.32314326e+00,
         -1.11160693e+00,  -2.40417506e+00,  -1.63697366e+01,
         -1.08045209e+01,  -6.40696546e+00,  -1.42348179e+00,
          5.43168851e+00,  -1.95224230e+00,   9.34860067e+00,
         -3.15805824e+00,  -1.51728838e+01,  -3.77594266e+00,
          3.49551008e+00,  -6.95323842e+00,   2.77899832e+00,
         -2.30512143e+00,   8.18098865e+00,  -1.04633053e+01,
         -1.43100575e+01,  -2.95729930e+00,   3.58285216e+00,
          3.49801073e+00,  -6.85572040e+00,  -1.56205040e+01,
         -1.00684359e-01,   1.16362115e+01,  -6.60688899e+00,
          6.78874931e-01,  -2.66669909e+00,  -5.63102486e+00,
         -6.40779304e+00,  -1.52163282e+01,  -8.70070781e+00,
         -1.42002501e+01,  -6.82365292e+00,  -1.22131123e+00,
         -5.67238821e+00,  -2.95100190e+00,  -8.38001659e+00,
         -2.70357820e+00,   1.77133706e+01,  -5.68569845e-01,
         -6.85298743e+00,   4.36757426e+00,   3.40624275e+00,
          1.22428894e-01,  -7.49507636e+00],
       [  8.68256155e+00,   3.90495998e+00,  -1.11745875e+00,
         -1.72924526e+00,   8.00108626e+00,   4.30052538e+00,
         -6.59530037e+00,  -2.56581038e+00,  -3.62910827e+00,
         -4.48275024e+00,  -1.35358612e+00,   9.40523343e+00,
         -8.66265155e-02,  -4.59476168e+00,   3.50069596e+00,
          1.46106885e+00,  -5.31565000e+00,   1.15425194e+01,
          1.31929272e+01,   9.12283212e+00,   4.97444608e+00,
         -6.53820654e+00,  -1.13825208e+00,   1.02652907e+01,
          1.01390993e+01,  -5.12255105e+00,   1.63958968e+01,
         -6.56332728e+00,   3.80016296e+00,   2.96249881e+00,
          2.39079735e+00,   5.46301604e-01,   9.13801712e+00,
         -7.81736757e+00,   2.86256903e+00,   4.89864473e+00,
         -9.57188934e+00,  -9.95386971e+00,  -1.00622426e+00,
         -2.34143266e+00,   7.54578179e+00,   2.27184654e+00,
         -1.71857573e+00,   4.11243439e+00,  -1.23908124e+01,
          5.03922106e+00,   7.14607462e+00,   3.56465892e+00,
          7.26936464e+00,  -1.00869621e+01]])]Hidden bias: [array([ 10.64567769, -13.62627801, -15.85643475,  -7.76698766,
         4.3467474 , -12.54136308, -12.57205685, -12.87740482,
       -13.71980276, -17.28604857, -16.0028531 ,  17.58459189,
         0.11451837, -17.11889431, -13.25217855,   9.36498416,
       -16.28721036,  17.99500015,  -4.24977524,   9.80143812,
        -2.79077965, -12.21139181,  -7.72477415,  12.25872791,
         0.33180249,  -6.64729849,   6.08952489, -16.39490283,
        18.5439721 ,  -8.89333226,   8.17116186,  -7.20389839,
         4.38992891, -11.87722883,  -2.75613241,  -6.48705296,
         1.74010183, -18.91559392,  -5.64285013, -14.36186972,
        13.35438591,  -5.0962201 , -10.18958808,  19.48268687,
       -11.13515774,  11.30373099,  17.47719908,  16.25246831,
         8.44079168,   0.02269957])]Output weights: [[  0.37487125]
 [ -8.30619871]
 [ -3.97290966]
 [ -2.41602428]
 [  1.4772856 ]
 [  5.45378601]
 [ 14.29072451]
 [ -3.07443494]
 [ -0.98825576]
 [ -2.88888583]
 [  0.97606211]
 [  2.32559439]
 [ -3.4316897 ]
 [  8.47627074]
 [  0.03983961]
 [  0.21458988]
 [  1.37468207]
 [  4.16843527]
 [  2.7915909 ]
 [ -3.24416927]
 [ -7.11101568]
 [-10.88127261]
 [  3.77945853]
 [  7.79011186]
 [  0.65204109]
 [ -0.19899258]
 [ -0.54896666]
 [  0.56849832]
 [ -7.9494104 ]
 [  0.29288805]
 [  5.74498588]
 [ 10.92570301]
 [  4.3260986 ]
 [ 11.49716377]
 [ -0.31783799]
 [  0.51180221]
 [  2.32455132]
 [  0.09852967]
 [ 11.28256923]
 [ -1.65713785]
 [  4.78642274]
 [-18.82235595]
 [  2.19167529]
 [ -1.71813961]
 [  9.77212025]
 [ -5.12115873]
 [ -1.02056565]
 [  4.69327272]
 [  0.25920653]
 [ -5.45428499]]Output bias: [-14.24495514]