Action MLP:Hidden weights: [array([[  1.62845016e-01,   3.85980589e-02,  -3.14030532e-01,
          3.63633222e-01,  -3.90346827e-02,   8.23710625e-02,
         -3.47829661e-01,  -7.91144831e-02,   4.81592212e-01,
          1.62483587e-01,  -2.40776702e-01,   1.48021511e-01,
         -7.43426382e-02,   4.86475634e-01,  -3.09458133e-01,
          3.29958087e-01,   3.40836811e-01,  -3.48647414e-02,
         -2.16256333e-01,  -3.90031750e-01,   1.85514637e-01,
         -4.38323931e-01,  -2.12074100e-01,   1.93531704e-01,
         -2.43940581e-01,   3.37887689e-01,  -1.54799204e-01,
         -5.66001098e-02,  -2.34771012e-01,  -2.68744306e-01,
          4.55951578e-01,  -2.41627508e-01,  -3.19794885e-01,
          7.70118628e-02,   3.95215322e-01,  -2.50652993e-01,
         -3.01818084e-01,  -1.44911928e-01,   2.39759404e-01,
          3.52112400e-01,   2.92115808e-01,  -3.55402432e-01,
         -3.76230514e-01,   3.49634424e-01,  -9.27358737e-03,
          5.05205435e-03,  -2.90594145e-01,   1.29521769e-01,
         -1.94075426e-01,   1.80251844e-01],
       [  6.82138140e-01,   3.29074225e-01,   8.38096899e-02,
          5.15135236e-01,   3.81681026e-01,  -4.50483240e-01,
          3.74056696e-01,   8.66158759e-02,  -2.50335010e-01,
         -2.89684343e-02,   5.59594580e-01,  -6.76051675e-02,
         -4.99485748e-01,  -1.05948149e-01,  -2.14790144e-01,
          5.25572843e-01,   4.12602527e-01,   5.01642958e-01,
          6.88948492e-01,   2.16688573e-01,   7.00973405e-01,
         -1.12145779e-02,   7.06037913e-01,  -3.73218636e-02,
          1.56164404e-01,   5.54119585e-01,   4.77391867e-01,
          6.11657342e-01,   5.78904839e-02,   4.22806599e-01,
          9.43235832e-02,   3.25957066e-01,   2.68661036e-01,
          2.53617348e-01,   1.24636952e-01,   6.09241396e-01,
          6.57743037e-02,  -1.32888601e-01,   7.22614023e-01,
          9.84094009e-02,  -7.28099004e-02,   3.62059804e-01,
          9.56452523e-01,  -1.76915987e-01,   5.42746686e-01,
          6.33058698e-01,   4.70287001e-01,  -7.92795995e-02,
         -7.64946351e-02,   2.77341985e-01],
       [ -5.43998932e-01,   3.30325579e-01,  -1.79628224e-01,
          7.29034585e-03,  -4.32773971e-01,   2.47298764e-01,
         -3.69324677e-01,  -2.14948703e-01,  -6.82551418e-02,
         -3.44883706e-01,   1.80129237e-01,  -4.03542684e-01,
         -2.88363492e-01,   4.14763911e-01,  -5.70476385e-01,
         -2.46525262e-01,  -2.98482483e-01,   1.15875709e-01,
         -7.55462331e-01,   6.03264164e-01,  -4.65423779e-01,
          1.32914683e-01,  -4.75491508e-03,   1.65488465e-02,
          1.87631107e-01,   1.96650140e-01,  -3.86502445e-01,
          1.43104198e-01,   2.82385301e-01,   3.45531296e-01,
          3.47998365e-01,  -4.35928201e-01,  -2.64488551e-02,
         -4.54967621e-01,  -3.48685661e-01,  -1.93182126e-01,
          9.23711743e-02,   4.47841735e-01,   2.05664052e-01,
         -3.97109718e-01,  -2.39525136e-01,  -8.58823184e-02,
          3.16358348e-01,   3.57971516e-01,   1.84835697e-01,
         -2.42480240e-02,  -1.34116581e-01,   4.79206084e-01,
         -1.11573417e-01,  -2.54612091e-01],
       [ -1.04721639e-01,   1.76505267e-01,  -5.50721740e-01,
          1.39725135e-01,   1.99810078e-01,  -2.08453903e-01,
         -9.14592840e-03,  -3.06691676e-01,   1.61705014e-01,
          4.28357565e-01,  -9.19971470e-01,   5.06524453e-01,
          1.04120999e-01,  -8.56107099e-01,  -4.83612864e-02,
         -3.18682633e-01,  -4.48657356e-01,  -3.91954284e-01,
         -9.11765923e-02,  -3.73643817e-01,  -1.50751766e+00,
          1.27024360e-02,   3.79781221e-01,   3.19876075e-01,
          2.72455159e-01,  -1.62511488e-02,   6.51361101e-01,
         -1.12952390e+00,   3.10720752e-01,  -2.31095925e-01,
         -4.32114069e-02,   1.69297634e-01,  -1.40712513e-01,
          3.29937361e-01,   7.52340384e-02,  -5.73396616e-02,
         -3.61176621e-01,   1.85712809e-01,  -2.32424339e-01,
          2.18788131e-01,   3.68716781e-01,  -8.11358491e-01,
         -3.82676285e-03,   5.90350379e-02,  -1.30552762e+00,
          6.48258402e-01,   3.22464281e-01,  -3.15585846e-01,
          1.20192306e-01,  -5.11234936e-01],
       [  9.83845974e-02,  -2.38805761e-01,  -3.55236835e-01,
         -7.80226154e-02,  -1.65204241e-01,   3.70967034e-01,
         -2.60295543e-01,   3.43332070e-01,  -7.70222917e-02,
          1.05275812e-02,   2.67971494e-01,  -4.09827003e-02,
         -1.69127635e-01,   4.25679648e-01,  -3.96046817e-01,
          6.93281714e-02,  -2.34050768e-01,  -1.75711618e-01,
          6.78006320e-01,  -5.27402317e-01,   4.28512476e-01,
         -4.89945358e-01,   1.60433355e-01,   3.64696461e-01,
          2.32174200e-01,  -2.23765747e-02,   5.15980601e-01,
         -1.32293530e-01,   3.89395679e-01,   1.17734183e-01,
         -5.84041758e-02,  -2.45048691e-01,   3.56117161e-01,
          3.78390555e-01,   2.33194191e-01,  -2.54943946e-01,
         -1.06791624e-01,   1.21827173e-01,   2.36977561e-02,
          3.80203730e-02,   1.28261052e-01,  -4.01545306e-02,
         -5.11229925e-01,   4.00279257e-01,  -6.19479616e-02,
          1.29870020e-01,   2.00112981e-01,   2.95866534e-02,
          2.26075823e-01,   2.74981375e-01],
       [  1.66989734e+00,   5.08274268e-01,   3.89881824e-01,
          3.83735356e-01,  -7.13417206e-03,  -7.74537575e-01,
          2.41564740e-01,  -2.23329859e-02,  -4.27767464e-01,
          5.78261013e-01,  -1.16511879e-01,  -2.98557463e-01,
          9.54185460e-01,   3.59506869e-01,  -4.00739156e-01,
          8.06762021e-01,  -3.21989088e-01,  -6.06098524e-01,
          1.52522247e+00,  -6.93828105e-02,   1.45403188e+00,
         -1.24403044e-01,   8.30219313e-02,  -2.13165545e-01,
         -6.31984433e-01,  -5.75337835e-01,  -1.27559377e-01,
         -1.28656342e+00,  -1.31330552e-01,   1.13800990e-01,
          2.61306574e-01,   2.02301662e-01,  -5.05546448e-02,
         -2.60379064e-01,   3.10084988e-01,   5.46626737e-01,
         -2.96920204e-01,   6.20382874e-01,  -1.31972729e+00,
         -2.13299051e-01,   1.09522765e-01,   2.21912140e-01,
         -1.09638237e+00,   4.63981532e-01,   1.41899664e-01,
          1.67324350e-01,   1.14576228e-01,   5.21310856e-01,
         -6.11342689e-01,   3.24890605e-01],
       [ -4.80198265e-01,   6.16923446e-03,  -2.16776635e-02,
          6.43987138e-01,   2.78967727e-01,   1.27022084e-01,
         -3.15103642e-02,  -2.77989720e-01,   3.51640496e-01,
          3.84219410e-01,   2.03288244e-01,   2.71802000e-01,
          3.56549397e-01,   2.72065064e-01,   1.93570511e-01,
         -2.74275269e-01,   1.80106861e-01,  -1.23304194e-01,
         -6.35815086e-01,   2.72623312e-01,   4.48082791e-02,
          3.26574161e-01,   2.85045911e-01,   4.93925602e-01,
          5.53202312e-01,  -2.26845884e-01,   3.76216106e-01,
         -4.43620495e-01,  -1.29694107e-03,   4.96294897e-01,
         -1.55184166e-01,   5.41977256e-01,   7.64852694e-02,
          4.81774297e-01,   2.33373350e-01,  -4.39352569e-01,
          2.07739203e-01,   2.37377771e-01,   4.39704745e-01,
         -1.30068761e-01,  -9.99176239e-02,   3.60470344e-01,
         -5.61148226e-03,   1.09327701e-01,   3.92134148e-01,
          9.80672877e-02,   4.61703425e-01,   2.33035472e-01,
          4.61011135e-01,   5.44317971e-01],
       [ -3.55595307e-01,   4.80642102e-01,   2.73065220e-01,
         -1.52980156e-01,   2.85026066e-01,   5.20927999e-01,
          3.33750327e-01,   3.28894788e-01,   9.56074372e-02,
          3.38310601e-01,   1.97344037e-01,  -1.70070677e-01,
          1.82557116e-01,   1.83672820e-01,  -1.18479963e-01,
          3.27768038e-01,   3.57018361e-01,   4.69772086e-01,
          3.25505184e-01,   4.09033533e-01,  -3.87574865e-01,
          2.37531800e-02,   3.57109093e-01,   8.23783005e-02,
          4.78954159e-01,  -3.01521173e-01,  -2.75768026e-02,
          1.77943086e-01,   3.24280881e-01,  -1.38937596e-03,
          2.65746589e-01,  -4.06158632e-02,  -1.37268932e-01,
          5.98288711e-02,  -3.23926336e-02,  -2.39019797e-01,
         -1.81977228e-02,   7.80364557e-02,   2.00860302e-01,
          4.27610368e-01,  -1.26126193e-01,  -1.22204829e-01,
         -2.98748440e-01,   5.51013238e-01,  -4.04149277e-01,
         -7.01804795e-02,  -1.33357977e-01,   3.80684830e-01,
          1.70979073e-01,  -1.47877865e-01]])]Hidden bias: [array([-0.63999244, -0.30585026, -0.27107503, -0.44227306, -0.41026363,
       -0.61069665, -0.31165769, -0.2885933 , -0.37303749, -0.37570915,
       -0.47254003, -0.13726274, -0.53171767, -0.41882352, -0.44066355,
       -0.4800049 , -0.52544171, -0.41917255, -0.5063659 , -0.49949587,
       -0.55238721, -0.30861637, -0.46557989, -0.43811246, -0.64625709,
       -0.45053207, -0.34017476, -0.47970318, -0.24168246, -0.46401042,
       -0.41427822, -0.38253372, -0.21021878, -0.46240031, -0.23572999,
       -0.55775321, -0.31822247, -0.2297592 , -0.59908117, -0.25220023,
       -0.19372089, -0.35387494, -0.66653091, -0.48248448, -0.33132406,
       -0.28214195, -0.38373091, -0.4339817 , -0.52698609, -0.39512505])]Output weights: [[ -6.54113684e-05   3.99773306e-01]
 [ -9.40364289e-02  -1.11405659e-01]
 [  6.30347602e-02  -1.10391293e-01]
 [ -3.74123933e-03  -7.29852430e-02]
 [  5.79016382e-03  -4.59794516e-02]
 [  7.57596592e-02   3.63859737e-01]
 [  1.44969530e-02  -1.08045280e-01]
 [  5.22832430e-02   1.14610240e-01]
 [  4.25574917e-02   2.39923106e-01]
 [ -4.57669159e-02  -1.69435010e-01]
 [  5.07103552e-02  -2.57354238e-03]
 [  4.18486027e-02   8.29884460e-02]
 [ -4.61061295e-02  -3.82623112e-01]
 [  1.46287670e-01   3.30571948e-02]
 [  4.76332394e-01   1.28531757e-01]
 [  2.57139159e-02  -4.55856360e-03]
 [  6.13579519e-02  -4.32830829e-03]
 [ -2.39014846e-02  -2.38212772e-02]
 [ -6.27409253e-02   3.64330831e-01]
 [ -1.62952858e-01  -4.42708856e-05]
 [  4.55069752e-01   3.25287752e-01]
 [  6.47044588e-02   3.92459671e-02]
 [ -1.45422706e-01  -7.21731493e-02]
 [  5.09103949e-02   1.21406378e-01]
 [ -1.30669299e-01   2.23994187e-01]
 [  1.09184902e-01  -9.94846937e-02]
 [ -1.19907236e-01   3.33666150e-02]
 [  3.80955149e-01  -1.74552977e-01]
 [ -2.32230292e-02   4.81922476e-02]
 [ -1.33035197e-03  -2.31622075e-02]
 [  1.85493855e-01   3.45890817e-02]
 [  4.61598408e-02  -7.90922039e-02]
 [  1.01724963e-02   3.41960453e-02]
 [  1.52814529e-02   1.10855393e-01]
 [  3.98468228e-02  -3.13466415e-04]
 [  6.49149932e-02   1.54074592e-01]
 [  4.92483585e-02   1.26739152e-01]
 [  6.08241000e-03  -1.40127282e-01]
 [ -1.69866119e-02  -1.28262795e-02]
 [ -2.64951150e-02   4.40033021e-02]
 [  7.85509655e-02  -1.78945838e-02]
 [  1.16119089e-01  -5.37880753e-02]
 [  8.19494082e-02  -3.33077174e-01]
 [  1.69959277e-01  -7.59004045e-02]
 [  3.14103234e-01   1.88418957e-03]
 [ -1.33118639e-01  -1.10916940e-02]
 [ -3.19627311e-02   3.07133332e-02]
 [  4.39577465e-02  -9.90351694e-02]
 [  7.28028800e-02   2.61500849e-01]
 [  7.67502240e-02  -2.57659884e-02]]Output bias: [ 0.50577118  0.55661936]
Value MLP:Hidden weights: [array([[  2.01394454e+01,   5.14983139e+00,  -3.03139504e+00,
         -1.38097146e+00,   1.66126302e+01,  -5.40145325e+00,
         -2.10362843e+01,   3.75640651e+00,   1.05551004e+00,
         -2.86722182e-01,   3.93224230e+00,  -2.19685864e+00,
          2.30026094e+01,  -1.06184510e+01,  -5.42932114e+00,
          3.50107696e+00,   1.67434858e+01,  -2.80691840e+01,
          3.31776917e+01,  -6.36638882e-01,   1.39841172e+01,
          1.49222116e+01,  -1.09156549e+00,   2.20951008e+00,
         -9.83240883e+00,  -9.58579605e+00,  -4.85409415e-02,
         -6.24115159e+00,   2.56556495e+00,  -2.07622272e+00,
          2.30040103e+01,  -1.26142623e-01,   5.63917135e+00,
          2.45971488e+01,   3.69940084e+00,   5.55376989e+00,
          1.33345113e+00,  -7.72946338e-01,  -3.35164033e-01,
         -3.02028172e+00,  -1.61851973e+01,   8.95591478e+00,
          1.24581628e+01,   1.25030700e+01,   2.23506154e-01,
         -2.86594158e+01,  -1.05006493e+01,  -6.10068639e-01,
          5.73166893e+00,   9.76109507e+00],
       [  1.66975431e+00,   4.60331226e+00,   1.90236938e+00,
         -3.29155404e+00,  -1.58569582e+01,   1.38559454e+01,
          1.63415554e+00,  -1.78812402e+00,  -4.91301322e+00,
          2.91180561e+00,  -1.12719935e+00,  -5.88395168e+00,
          5.01473428e+00,   6.02069844e+00,   9.05457149e+00,
          1.80101156e+00,   1.86637581e+01,  -2.10357160e+01,
          4.10357473e+00,   6.47302196e-01,   3.33271935e+00,
          6.95251611e+00,  -2.32250332e+00,   3.19677025e+00,
          2.67215789e+01,  -6.96961182e+00,   3.24660878e+00,
         -6.96647024e+00,  -2.10908048e+01,   3.28523339e+00,
          9.47748131e-01,  -2.78335215e+00,   1.21076903e+00,
         -2.97279041e+00,  -1.27487800e+00,   4.88351775e+00,
          4.54920516e+00,  -2.92592378e+00,  -1.40026487e+00,
         -3.36519692e+00,   3.09449559e+00,  -1.79024116e+00,
          2.83370169e+00,  -7.05932827e+00,   4.41741356e+00,
          8.53555057e+00,   1.42092099e+01,   8.61500620e-01,
          7.78680318e+00,   1.52629815e+00],
       [  1.18230387e+01,   1.44776612e+01,  -8.94098794e+00,
         -3.66289236e+00,  -1.63635554e+00,   4.94665936e-01,
          2.33182369e+00,  -9.72165102e+00,   1.11875727e+00,
          1.55287704e+01,  -2.29865209e+01,   8.93331202e+00,
          2.00915680e+01,  -2.40889037e+00,  -2.49489136e+01,
          2.45595604e+00,   6.43966629e+00,  -2.26117075e+01,
         -8.23577095e-01,   7.78870451e-01,   1.13529369e+01,
          5.53936361e+00,  -5.05396067e-01,   9.26751705e-01,
         -7.08145022e+00,   1.08495483e+00,   4.46389053e+00,
         -1.16446158e+01,  -2.21571881e+00,   1.53197498e+01,
         -1.26792200e+00,  -4.81460980e-01,   1.75690434e+01,
          1.63714989e+01,   5.77043975e+00,   1.18657938e+01,
          3.57069942e+00,  -5.23026489e+00,  -4.16884419e-03,
         -2.82338000e+00,  -2.73171469e+01,   5.19812321e+00,
          1.31380238e+01,   1.88092676e+01,  -5.90631516e+00,
         -1.93325295e+01,  -4.14795923e+00,   1.27331473e+01,
         -2.28205771e+01,   1.66861768e+01],
       [ -2.63831729e+00,  -8.87905406e+00,   2.00028533e+00,
          4.47464447e+00,  -1.01011862e-01,   2.38646801e+00,
          2.67312313e+00,   4.87970030e+00,   2.92617083e+00,
         -4.15073544e+00,   3.15687431e+00,  -1.13051841e+01,
         -4.38678623e+00,   3.01970487e+00,   7.80901587e+00,
         -2.38315484e+00,   2.44877398e+00,   7.21486423e+00,
         -3.22715236e+00,  -2.41015621e+00,  -2.31275458e+00,
          8.01769696e-01,   2.22019683e+00,  -7.66611030e+00,
          8.92244721e+00,   6.53977479e+00,  -2.03058726e+00,
          5.47846634e+00,  -9.62759926e+00,  -4.74664330e+00,
          3.50486191e+00,   1.66162654e+00,  -6.60802091e+00,
         -3.13266776e+00,  -3.03505636e+00,  -4.46985219e+00,
         -2.43894110e+00,   2.81325082e-01,   5.70793046e-01,
          6.30917087e+00,   5.65368599e+00,  -7.19734699e+00,
         -3.52070646e+00,  -8.43913297e+00,   7.57406779e+00,
          8.05359565e+00,   3.74004940e+00,  -5.06050534e+00,
          8.18352393e+00,  -4.76728756e+00],
       [ -1.88054742e+01,   1.23456852e+01,   7.32665353e+00,
         -6.57659189e-01,  -1.11537868e+01,   1.01934916e+01,
          9.31282325e+00,  -5.65587332e+00,  -3.24324154e+00,
          7.01405060e-01,  -2.04169912e+00,   7.65297201e+00,
          8.82237401e+00,  -4.44591540e+00,  -5.58488754e+00,
          5.13801881e+00,  -8.39570235e+00,   9.77565364e+00,
          1.80698963e+01,  -4.53988262e+00,  -1.34736457e+01,
         -9.47208720e+00,   3.89726700e-02,  -1.64509390e+00,
         -8.31152913e+00,   3.37772717e-02,  -1.40507746e+01,
          2.76659728e+00,  -7.47247748e+00,  -5.40624253e+00,
         -1.38152504e+01,   1.28109588e+00,   1.61061660e+00,
         -1.20741046e+01,   5.05915904e+00,  -4.88086353e+00,
         -3.55933119e+00,   5.28900983e+00,   6.97807005e-01,
         -1.07551446e+00,   2.45008830e+00,  -3.15184324e+01,
         -1.58185687e+01,  -8.43689747e+00,  -1.82295573e+00,
         -3.83333438e+00,   2.79084705e+01,  -1.24834623e+01,
         -9.58980646e-01,  -1.65011679e+00],
       [ -3.20306650e+01,  -1.20736088e+01,  -8.66127171e+00,
         -3.48941705e-01,  -2.51825939e+01,   4.13820962e+00,
          3.38763879e+01,  -9.83160956e-01,   8.39575727e-01,
          2.08402092e+00,  -2.36858134e+00,  -1.23469753e-01,
         -2.31557323e+01,  -3.67442266e+00,  -6.40863819e+00,
         -3.24292657e+00,  -3.48397885e+01,   3.83847272e+01,
         -6.05555477e+00,  -1.39612493e+00,  -2.74505390e+01,
         -1.26373643e+01,  -4.13332358e-01,  -3.50737598e-01,
         -4.83369078e+01,  -8.06707536e+00,   3.20806243e+00,
          6.01376037e+00,  -4.65548468e+00,   2.63703052e+00,
         -3.48772760e+01,   1.09622248e-02,   5.75560460e-01,
         -3.67200564e+01,  -3.82044126e+00,  -1.24977388e+01,
         -7.44047029e+00,   6.78982582e+00,  -3.39406196e-01,
         -3.08758832e-01,   1.87856587e+00,  -6.88079296e+00,
         -1.84932518e+01,  -5.69803937e+00,   1.14149896e+01,
         -8.54938921e+00,   1.09747537e+01,   3.04321273e+00,
         -1.99199723e+01,  -4.66138811e+00],
       [ -5.41776735e+00,  -3.46221215e+01,  -6.90070807e+00,
         -5.34811854e-01,  -2.28418510e+00,  -1.63697426e+01,
          2.35090830e+01,  -2.40458011e+01,  -1.42349321e+00,
          2.34364836e+01,  -2.16387793e+01,   9.34860067e+00,
         -1.27646260e+01,  -1.51728838e+01,  -3.46999918e+01,
          3.49635782e+00,  -5.30829630e+01,   3.18294333e+01,
         -2.93124687e+01,   8.18098865e+00,  -1.00151799e+01,
         -5.20532838e+01,  -2.95729876e+00,   6.70063075e+00,
         -1.93449079e+01,  -8.92195857e+00,  -6.65302948e+00,
          1.29713552e+00,   1.32983179e+01,  -1.21864440e+01,
          2.39745198e-02,  -2.66661036e+00,  -2.95170283e+01,
          9.53177688e-01,  -3.28263012e+01,  -8.91139219e-01,
         -5.17168583e+01,  -6.82365292e+00,  -1.21980652e+00,
         -5.67238821e+00,  -6.77380033e+00,  -4.82172731e+01,
         -1.47337235e+01,   1.68062755e+01,  -2.75523859e+00,
         -2.25415779e+01,  -1.51209536e+01,   4.38002581e+00,
         -1.28976110e+01,  -5.01970919e+01],
       [  1.64658280e+01,   3.10653455e+01,  -6.17943920e-01,
         -2.36053642e+00,   2.62399050e+01,   4.53871681e-01,
         -1.63762338e+00,   2.32815800e+01,  -3.62910827e+00,
          7.68078196e+00,  -9.20526041e+00,   9.40523343e+00,
          1.51763639e+01,  -4.58487763e+00,  -1.57535936e+00,
          1.45796529e+00,   1.53905839e+01,  -3.84963689e+00,
          1.86697221e+01,   9.12283212e+00,   4.17250617e+01,
          2.87103705e+01,  -1.13824622e+00,   1.02652907e+01,
          1.18158439e+01,  -7.63552765e+00,   2.23865114e+01,
         -6.56344454e+00,   3.52135050e+00,   1.68900491e+01,
          8.21226712e+00,   5.51299430e-01,   3.95502112e+01,
          1.33631663e+01,   2.64643225e+00,   8.90325500e+00,
          4.47670015e+00,  -9.95386971e+00,  -1.00460662e+00,
         -2.34143266e+00,  -9.11012409e+00,   9.53654980e+00,
          2.00883355e+01,   6.89657679e+00,  -1.23908107e+01,
          1.63732814e+01,  -1.02313039e+01,   3.56457775e+00,
          1.28986785e+01,   4.77473087e+00]])]Hidden bias: [array([ 13.28562434,  16.8000625 , -20.49545318, -12.50826016,
        14.02844902, -22.97644235,  -0.48766309, -10.40463934,
       -13.71694629,  15.92673243, -22.90722301,  19.08192347,
        11.63518264, -21.07082229, -33.34053475,   9.9190978 ,
       -18.42339549,  -1.72793644,  -2.40336783,   9.80084322,
        19.88196086,  -7.97822672,  -7.72418157,  15.36735279,
       -19.27904039, -15.76563197,  19.38853611, -14.75801386,
        23.85488385,  28.22980222,  16.09469808,  -7.18954764,
        17.51703008,  22.32044833,  12.05673573,  15.29147222,
        20.65583219, -18.91560081,  -5.40795982, -14.36186974,
       -24.72074331,  18.76437929,  10.57377851,  30.81930972,
       -22.77442255, -13.53114069, -19.07255255,  19.33203739,
       -16.54523943,  11.82354493])]Output weights: [[  1.87251184]
 [ -6.52293377]
 [  2.53601147]
 [  1.77863517]
 [ -5.50264432]
 [ 10.72165414]
 [ -2.05203617]
 [  3.37292389]
 [ -3.05598974]
 [  9.76444956]
 [-11.57542237]
 [  3.99452649]
 [  0.97812501]
 [ 10.19832226]
 [  2.40909222]
 [  2.02312908]
 [ -5.46212976]
 [  0.65990091]
 [  0.66912613]
 [ -1.17447795]
 [ -3.09619842]
 [-12.39512514]
 [  1.70974822]
 [  8.09995111]
 [ -0.25457877]
 [  6.08276644]
 [ -2.08549767]
 [ -2.16345297]
 [-17.73386253]
 [ -5.1898314 ]
 [  3.79008816]
 [  8.85663456]
 [ -5.54563969]
 [  1.27391482]
 [ -0.32756393]
 [  4.40092655]
 [ 12.25193666]
 [ -1.97129939]
 [  9.22437366]
 [ -3.72696049]
 [ -4.44461206]
 [ -6.01863806]
 [  2.89250714]
 [ -0.39405115]
 [  6.80488769]
 [ -2.07724542]
 [ -8.45586685]
 [  4.59864027]
 [  7.79191146]
 [  5.41277406]]Output bias: [-12.17513249]