Action MLP:Hidden weights: [array([[  1.62869513e-01,   3.85545351e-02,  -3.14015493e-01,
          3.63622523e-01,  -3.90334426e-02,   8.23944389e-02,
         -3.47830734e-01,  -7.90862608e-02,   4.81610328e-01,
          1.62445934e-01,  -2.40754761e-01,   1.48042656e-01,
         -7.44102234e-02,   4.86532646e-01,  -3.09277140e-01,
          3.29967369e-01,   3.40862154e-01,  -3.48748407e-02,
         -2.16268894e-01,  -3.90089359e-01,   1.85640215e-01,
         -4.38301202e-01,  -2.12134771e-01,   1.93551973e-01,
         -2.43992753e-01,   3.37934583e-01,  -1.54849523e-01,
         -5.64660990e-02,  -2.34778984e-01,  -2.68745368e-01,
          4.56020207e-01,  -2.41617049e-01,  -3.19789262e-01,
          7.70221861e-02,   3.95232389e-01,  -2.50610632e-01,
         -3.01797028e-01,  -1.44928543e-01,   2.39753498e-01,
          3.52104679e-01,   2.92146174e-01,  -3.55362112e-01,
         -3.76186958e-01,   3.49675095e-01,  -9.15502648e-03,
          4.99932386e-03,  -2.90604365e-01,   1.29525557e-01,
         -1.94045570e-01,   1.80281380e-01],
       [  6.82088693e-01,   3.29054808e-01,   8.38436262e-02,
          5.15145870e-01,   3.81690140e-01,  -4.50530605e-01,
          3.74077093e-01,   8.66188502e-02,  -2.50367592e-01,
         -2.89678896e-02,   5.59601221e-01,  -6.76114194e-02,
         -4.99503160e-01,  -1.05818433e-01,  -2.14677172e-01,
          5.25572607e-01,   4.12625808e-01,   5.01639436e-01,
          6.88941504e-01,   2.16644763e-01,   7.00672780e-01,
         -1.12135522e-02,   7.05993005e-01,  -3.73429078e-02,
          1.56165191e-01,   5.54164752e-01,   4.77334432e-01,
          6.11833583e-01,   5.78811097e-02,   4.22810139e-01,
          9.43889077e-02,   3.25981319e-01,   2.68658256e-01,
          2.53606351e-01,   1.24649546e-01,   6.09230779e-01,
          6.57702819e-02,  -1.32864203e-01,   7.22611412e-01,
          9.83946764e-02,  -7.27893928e-02,   3.62075695e-01,
          9.56520629e-01,  -1.76861111e-01,   5.42665409e-01,
          6.32995990e-01,   4.70270700e-01,  -7.92388565e-02,
         -7.65372767e-02,   2.77360484e-01],
       [ -5.44034206e-01,   3.30408448e-01,  -1.79635117e-01,
          7.31098386e-03,  -4.32773557e-01,   2.47308454e-01,
         -3.69317257e-01,  -2.14994371e-01,  -6.82689583e-02,
         -3.44824496e-01,   1.80111084e-01,  -4.03573028e-01,
         -2.88278104e-01,   4.14653834e-01,  -5.70679377e-01,
         -2.46530061e-01,  -2.98510273e-01,   1.15890755e-01,
         -7.55461359e-01,   6.03345733e-01,  -4.65108459e-01,
          1.32887770e-01,  -4.66640460e-03,   1.65231107e-02,
          1.87666153e-01,   1.96593326e-01,  -3.86439445e-01,
          1.42889714e-01,   2.82388740e-01,   3.45534865e-01,
          3.47878229e-01,  -4.35940101e-01,  -2.64593645e-02,
         -4.54986975e-01,  -3.48708802e-01,  -1.93260340e-01,
          9.23397349e-02,   4.47874470e-01,   2.05672563e-01,
         -3.97100797e-01,  -2.39567468e-01,  -8.58966135e-02,
          3.16295612e-01,   3.57905625e-01,   1.84837764e-01,
         -2.41776128e-02,  -1.34103574e-01,   4.79200861e-01,
         -1.11582200e-01,  -2.54632806e-01],
       [ -1.04742395e-01,   1.76625224e-01,  -5.50759317e-01,
          1.39738576e-01,   1.99812365e-01,  -2.08489396e-01,
         -9.14182146e-03,  -3.06771174e-01,   1.61640639e-01,
          4.28427234e-01,  -9.20015385e-01,   5.06463302e-01,
          1.04194177e-01,  -8.56264059e-01,  -4.87885075e-02,
         -3.18702673e-01,  -4.48717074e-01,  -3.91926100e-01,
         -9.11609346e-02,  -3.73489002e-01,  -1.50744846e+00,
          1.26357622e-02,   3.79949762e-01,   3.19811713e-01,
          2.72531470e-01,  -1.63573580e-02,   6.51487314e-01,
         -1.12989730e+00,   3.10733162e-01,  -2.31090603e-01,
         -4.34067154e-02,   1.69258666e-01,  -1.40731288e-01,
          3.29897573e-01,   7.51898182e-02,  -5.74235945e-02,
         -3.61247911e-01,   1.85726056e-01,  -2.32405646e-01,
          2.18809431e-01,   3.68635570e-01,  -8.11432606e-01,
         -3.90657206e-03,   5.89153852e-02,  -1.30568568e+00,
          6.48390706e-01,   3.22494979e-01,  -3.15613805e-01,
          1.20121766e-01,  -5.11296263e-01],
       [  9.84596346e-02,  -2.38855127e-01,  -3.55277760e-01,
         -7.80516274e-02,  -1.65223922e-01,   3.71011567e-01,
         -2.60341500e-01,   3.43394436e-01,  -7.69365928e-02,
          1.04576204e-02,   2.67975599e-01,  -4.09390848e-02,
         -1.69276086e-01,   4.25709964e-01,  -3.95951742e-01,
          6.93293838e-02,  -2.34045943e-01,  -1.75717956e-01,
          6.78038446e-01,  -5.27411886e-01,   4.28573738e-01,
         -4.89928357e-01,   1.60390530e-01,   3.64751484e-01,
          2.32186941e-01,  -2.23940426e-02,   5.15985538e-01,
         -1.32266936e-01,   3.89412415e-01,   1.17725442e-01,
         -5.83734504e-02,  -2.45076506e-01,   3.56134836e-01,
          3.78443676e-01,   2.33198225e-01,  -2.54879969e-01,
         -1.06743032e-01,   1.21772509e-01,   2.36953134e-02,
          3.80386881e-02,   1.28261025e-01,  -4.01682102e-02,
         -5.11235248e-01,   4.00260434e-01,  -6.19219020e-02,
          1.29851369e-01,   2.00123052e-01,   2.95535424e-02,
          2.26137917e-01,   2.74979493e-01],
       [  1.67001467e+00,   5.08241925e-01,   3.89914191e-01,
          3.83708646e-01,  -7.10088508e-03,  -7.74487228e-01,
          2.41607736e-01,  -2.23933898e-02,  -4.27877853e-01,
          5.78188933e-01,  -1.16499557e-01,  -2.98601991e-01,
          9.53987815e-01,   3.59535701e-01,  -4.00704907e-01,
          8.06769942e-01,  -3.21967358e-01,  -6.06109941e-01,
          1.52527886e+00,  -6.94179146e-02,   1.45414882e+00,
         -1.24423689e-01,   8.30218154e-02,  -2.13253856e-01,
         -6.32012117e-01,  -5.75245057e-01,  -1.27620285e-01,
         -1.28646445e+00,  -1.31359450e-01,   1.13812948e-01,
          2.61334418e-01,   2.02318185e-01,  -5.05758145e-02,
         -2.60454121e-01,   3.10097895e-01,   5.46728605e-01,
         -2.96982568e-01,   6.20342255e-01,  -1.31973801e+00,
         -2.13328393e-01,   1.09548837e-01,   2.21949098e-01,
         -1.09632553e+00,   4.63992021e-01,   1.41938076e-01,
          1.67276650e-01,   1.14557480e-01,   5.21312847e-01,
         -6.11356363e-01,   3.24909071e-01],
       [ -4.80254179e-01,   6.18085942e-03,  -2.16459988e-02,
          6.44003242e-01,   2.78979170e-01,   1.26966861e-01,
         -3.14838039e-02,  -2.78007155e-01,   3.51587321e-01,
          3.84252019e-01,   2.03294923e-01,   2.71788945e-01,
          3.56633553e-01,   2.72074969e-01,   1.93595513e-01,
         -2.74273006e-01,   1.80114140e-01,  -1.23302901e-01,
         -6.35872420e-01,   2.72603287e-01,   4.47445041e-02,
          3.26572937e-01,   2.85045086e-01,   4.93902366e-01,
          5.53139128e-01,  -2.26820587e-01,   3.76193870e-01,
         -4.43560196e-01,  -1.30932610e-03,   4.96300047e-01,
         -1.55171242e-01,   5.41999253e-01,   7.64783383e-02,
          4.81751675e-01,   2.33378463e-01,  -4.39369482e-01,
          2.07715982e-01,   2.37408596e-01,   4.39706380e-01,
         -1.30081995e-01,  -9.99047976e-02,   3.60495754e-01,
         -5.56477874e-03,   1.09358387e-01,   3.92167070e-01,
          9.80564895e-02,   4.61692511e-01,   2.33059251e-01,
          4.60956858e-01,   5.44333275e-01],
       [ -3.55665549e-01,   4.80623036e-01,   2.73073294e-01,
         -1.52973383e-01,   2.85014487e-01,   5.20883903e-01,
          3.33736836e-01,   3.28944922e-01,   9.56604226e-02,
          3.38319283e-01,   1.97356568e-01,  -1.70034709e-01,
          1.82624650e-01,   1.83711177e-01,  -1.18317078e-01,
          3.27773140e-01,   3.57030711e-01,   4.69770080e-01,
          3.25462904e-01,   4.08994057e-01,  -3.87613577e-01,
          2.37839247e-02,   3.57053959e-01,   8.24293894e-02,
          4.78909491e-01,  -3.01524081e-01,  -2.75972915e-02,
          1.78024262e-01,   3.24284247e-01,  -1.39526722e-03,
          2.65793154e-01,  -4.06078475e-02,  -1.37255639e-01,
          5.98667921e-02,  -3.23826158e-02,  -2.39032909e-01,
         -1.81524175e-02,   7.80523568e-02,   2.00859687e-01,
          4.27615513e-01,  -1.26109324e-01,  -1.22187575e-01,
         -2.98746845e-01,   5.51050898e-01,  -4.04089873e-01,
         -7.02076083e-02,  -1.33360701e-01,   3.80697581e-01,
          1.70994442e-01,  -1.47859378e-01]])]Hidden bias: [array([-0.64007383, -0.3059074 , -0.27108154, -0.44228053, -0.41027876,
       -0.61079489, -0.31168526, -0.28850923, -0.37299333, -0.37574711,
       -0.47253083, -0.13721445, -0.5318092 , -0.41865194, -0.44044716,
       -0.48000819, -0.52541678, -0.41917417, -0.50646895, -0.49954827,
       -0.55290864, -0.30859971, -0.46566866, -0.43805861, -0.64631176,
       -0.45051581, -0.34022473, -0.47946925, -0.24167146, -0.46401743,
       -0.41417876, -0.38253411, -0.21019932, -0.46234106, -0.23571388,
       -0.55773062, -0.31817939, -0.22977435, -0.59907815, -0.25219267,
       -0.19370072, -0.35388219, -0.66639368, -0.48244217, -0.33140056,
       -0.28221032, -0.38373474, -0.4339732 , -0.5270266 , -0.39510944])]Output weights: [[  1.03425555e-03   4.00287541e-01]
 [ -9.41799320e-02  -1.11871986e-01]
 [  6.36455883e-02  -1.10677597e-01]
 [ -3.58377677e-03  -7.34463187e-02]
 [  5.85185522e-03  -4.62646992e-02]
 [  7.57423174e-02   3.64171310e-01]
 [  1.46942398e-02  -1.08367044e-01]
 [  5.27058506e-02   1.14900361e-01]
 [  4.24377103e-02   2.40001206e-01]
 [ -4.58188806e-02  -1.69698634e-01]
 [  5.15293748e-02  -2.49446752e-03]
 [  4.14113212e-02   8.29595700e-02]
 [ -4.61780460e-02  -3.82759977e-01]
 [  1.47044060e-01   3.30383805e-02]
 [  4.76160471e-01   1.28454871e-01]
 [  2.66146564e-02  -4.55239715e-03]
 [  6.20680238e-02  -4.30036826e-03]
 [ -2.36642069e-02  -2.37144584e-02]
 [ -6.19070677e-02   3.64748894e-01]
 [ -1.63107959e-01  -2.17855821e-04]
 [  4.56218446e-01   3.25694236e-01]
 [  6.42949428e-02   3.89626953e-02]
 [ -1.45716504e-01  -7.25148617e-02]
 [  5.05938504e-02   1.21395225e-01]
 [ -1.31125374e-01   2.24132233e-01]
 [  1.08944837e-01  -9.94193005e-02]
 [ -1.20411996e-01   3.32783928e-02]
 [  3.81633448e-01  -1.74455179e-01]
 [ -2.37668839e-02   4.83336282e-02]
 [ -1.32237925e-03  -2.35566395e-02]
 [  1.85475080e-01   3.43160368e-02]
 [  4.61840494e-02  -7.95801696e-02]
 [  1.02094867e-02   3.42234507e-02]
 [  1.51352839e-02   1.10862335e-01]
 [  4.02272106e-02  -4.29676844e-04]
 [  6.51780171e-02   1.53803298e-01]
 [  4.92728680e-02   1.26774300e-01]
 [  5.67882888e-03  -1.40417503e-01]
 [ -1.71597204e-02  -1.28399072e-02]
 [ -2.63993399e-02   4.42061641e-02]
 [  7.83125741e-02  -1.79897762e-02]
 [  1.16865728e-01  -5.40734125e-02]
 [  8.11583761e-02  -3.32971617e-01]
 [  1.69843546e-01  -7.60511520e-02]
 [  3.15170049e-01   1.60187644e-03]
 [ -1.33625578e-01  -1.14767518e-02]
 [ -3.22794109e-02   3.03258020e-02]
 [  4.40460283e-02  -9.93512313e-02]
 [  7.24893213e-02   2.61665677e-01]
 [  7.75829945e-02  -2.59191303e-02]]Output bias: [ 0.50618182  0.55706278]
Value MLP:Hidden weights: [array([[  1.76116241e+01,   4.83230745e+00,  -3.04844228e+00,
         -1.38097132e+00,   2.32006709e+01,  -5.40159297e+00,
         -1.98558542e+01,   6.66725111e-01,   1.05553041e+00,
         -3.26478223e-01,   4.09536024e+00,  -2.19746101e+00,
          2.45038005e+01,  -1.06019086e+01,  -6.68279602e+00,
          3.50539061e+00,   2.02228919e+01,  -3.56611142e+01,
          1.87111046e+01,  -6.36643281e-01,   1.89681022e+01,
          2.08843587e+01,  -1.09155261e+00,   2.20951008e+00,
          9.88222464e+00,  -1.12724605e+01,  -5.47955525e-02,
         -5.07738510e+00,   2.77803592e+00,  -2.09229619e-01,
          1.42555078e+01,  -1.26155560e-01,   7.85845153e+00,
          2.92928378e+01,   6.23572151e+00,   3.87405109e+00,
         -4.93925650e-01,  -7.72965443e-01,  -3.37018825e-01,
         -3.02028173e+00,  -1.53720490e+01,   9.87766011e+00,
          1.53824509e+01,   1.24994209e+01,   2.18859560e-01,
         -3.21617133e+01,  -8.82272282e+00,  -6.10137052e-01,
         -8.61821711e+00,   1.83805367e+01],
       [  3.57325924e+00,   4.68410188e+00,   1.90089439e+00,
         -3.29155399e+00,  -1.07227171e+01,   1.38562156e+01,
          4.83352172e+00,  -1.54279922e+00,  -4.91301675e+00,
          2.91544916e+00,  -1.14710936e+00,  -5.83605709e+00,
          7.49891263e+00,   6.01703901e+00,   1.06609331e+01,
          1.80162503e+00,   1.12767813e+01,  -1.80752556e+01,
          7.01297048e+00,   6.47312726e-01,   9.64785090e-01,
          4.13647435e+00,  -2.32249296e+00,   3.19677025e+00,
          2.25605269e+01,  -6.92421833e+00,   3.24481161e+00,
         -6.74429558e+00,  -2.11618685e+01,   3.67682058e+00,
          2.81589527e+00,  -2.78330913e+00,  -6.16355637e+00,
         -8.81607954e+00,  -2.13222008e+00,   4.85191815e+00,
          4.74247914e+00,  -2.92592574e+00,  -1.40362712e+00,
         -3.36519692e+00,   5.89599557e+00,  -1.66406908e+00,
          3.49973604e+00,  -6.95066945e+00,   4.41729941e+00,
          6.15008696e+00,   1.09029316e+01,   8.61493799e-01,
          1.20162573e+01,  -3.70550508e+00],
       [  7.99799086e+00,   1.10517186e+01,  -8.92613066e+00,
         -3.66289222e+00,   2.25515057e+00,   4.94520952e-01,
         -7.22422315e+00,  -1.24173072e+01,   1.11877266e+00,
          1.55878913e+01,  -2.32650116e+01,   8.88993143e+00,
          1.55439139e+01,  -2.41806113e+00,  -2.61161910e+01,
          2.46070937e+00,   1.99448527e+00,  -1.92947768e+01,
         -1.69020261e+01,   7.78859772e-01,   1.28285332e+01,
         -4.99049720e-01,  -5.05368105e-01,   9.26751706e-01,
          4.11985684e+01,  -7.74855063e-01,   4.45453944e+00,
         -1.10542670e+01,  -1.84053376e+00,   1.69382485e+01,
          1.84898127e+00,  -4.80091336e-01,   2.24511957e+01,
          1.74487348e+01,   4.09611064e+00,   1.03906964e+01,
          4.24168006e+00,  -5.23028120e+00,   7.02780140e-03,
         -2.82338001e+00,  -2.58302868e+01,   6.00335673e+00,
          1.49484480e+01,   1.88202493e+01,  -5.90196885e+00,
          6.32495383e+00,  -1.93629324e+01,   1.27333523e+01,
          1.61788213e+01,   8.27797079e+00],
       [ -2.25983344e+00,  -8.16937664e+00,   1.98278160e+00,
          4.47464447e+00,   4.32251707e-01,   2.38645597e+00,
          2.40447135e+00,   5.57068137e+00,   2.92617754e+00,
         -4.14581073e+00,   3.13014293e+00,  -1.12816076e+01,
         -3.87619945e+00,   3.02520345e+00,   7.97107921e+00,
         -2.38203611e+00,   1.30704659e+00,   5.84810602e+00,
          1.89985326e+00,  -2.41016150e+00,  -1.40913650e+00,
         -1.51606690e+00,   2.22019866e+00,  -7.66611030e+00,
         -3.58011691e+00,   5.80168249e+00,  -2.03243662e+00,
          5.70498021e+00,  -9.30664290e+00,  -4.60672097e+00,
         -1.86177545e-01,   1.66152934e+00,  -7.17283118e+00,
         -7.86409330e-01,  -3.49947137e+00,  -4.63547451e+00,
         -2.69791546e+00,   2.81321714e-01,   5.77325046e-01,
          6.30917087e+00,   7.06098850e+00,  -7.31822939e+00,
         -3.21096586e+00,  -8.42495647e+00,   7.57242812e+00,
          4.82316610e+00,   3.59027977e+00,  -5.06048004e+00,
          6.79953610e+00,  -2.38789947e+00],
       [ -1.17619550e+01,   9.98410549e+00,   7.34507627e+00,
         -6.57659266e-01,  -1.35640234e+01,   1.01935528e+01,
          2.43616505e+01,  -9.88868715e+00,  -3.24327956e+00,
          7.00522955e-01,  -2.03229524e+00,   7.65381523e+00,
          6.43495741e+00,  -4.41666875e+00,  -5.56936066e+00,
          5.13692225e+00,  -2.52148088e+01,   1.03143844e+01,
         -8.18813663e+00,  -4.53987176e+00,  -1.14687708e+01,
         -1.66176998e+01,   3.89645918e-02,  -1.64509390e+00,
         -5.80512882e+00,  -1.03948726e+00,  -1.40449634e+01,
          2.54117165e+00,  -7.85195949e+00,  -5.99165256e+00,
         -1.16961150e+01,   1.28102119e+00,   7.05955189e+00,
         -7.49195065e+00,   8.84060892e+00,  -3.76988354e+00,
         -7.76828609e+00,   5.28901500e+00,   6.85761895e-01,
         -1.07551445e+00,  -2.26356977e-01,  -3.01660854e+01,
         -1.28751793e+01,  -8.46516001e+00,  -1.82131488e+00,
         -1.19468739e+01,   1.90185407e+01,  -1.24835779e+01,
         -2.74080116e+01,   1.78618256e+01],
       [ -3.78523248e+01,  -2.10064865e+01,  -8.86617195e+00,
         -3.48941656e-01,  -2.52394537e+01,   4.13821452e+00,
          2.34554208e+01,  -6.60197988e+00,   8.39548463e-01,
          2.19088333e+00,  -2.82896178e+00,  -1.12621835e-01,
         -2.55353843e+01,  -3.65187756e+00,  -6.37499472e+00,
         -3.24911745e+00,  -3.37303428e+01,   3.59267242e+01,
         -2.15596675e+01,  -1.39614017e+00,  -2.67853158e+01,
         -1.92466003e+01,  -4.13283956e-01,  -3.50737598e-01,
         -3.91769463e+01,  -6.42096204e+00,   3.20321707e+00,
          5.32147046e+00,  -5.06212576e+00,   2.12862056e+00,
         -2.84701230e+01,   1.26163421e-02,   2.40476793e+00,
         -4.03232897e+01,  -6.11613678e+00,  -1.28456503e+01,
         -1.24254673e+01,   6.78983853e+00,  -3.13442175e-01,
         -3.08758842e-01,   1.77116785e-02,  -1.02351055e+01,
         -1.86405933e+01,  -5.81534063e+00,   1.14365143e+01,
         -9.49936486e+00,   1.22945915e+00,   3.04370022e+00,
         -1.16123171e+01,  -7.03580873e+00],
       [ -8.25578555e+00,  -2.84499857e+01,  -6.90070807e+00,
         -5.34811817e-01,  -3.69070728e+00,  -1.63697426e+01,
         -1.81099142e-01,  -2.08263211e+01,  -1.42349275e+00,
          2.34364836e+01,  -2.16387793e+01,   9.34860067e+00,
         -1.45630175e+01,  -1.51728838e+01,  -3.46999918e+01,
          3.49633868e+00,  -4.15185991e+01,   2.97823792e+01,
         -2.51920085e+01,   8.18098865e+00,  -1.40356920e+01,
         -4.67221307e+01,  -2.95729882e+00,   6.70063075e+00,
         -7.57513714e+00,  -8.86240642e+00,  -6.64004410e+00,
         -8.06539407e-02,   1.32983179e+01,  -1.49255801e+01,
          3.75619163e+00,  -2.66662897e+00,  -2.53113070e+01,
         -1.20572767e-02,  -2.57326748e+01,  -2.47700703e+00,
         -4.96205813e+01,  -6.82365292e+00,  -1.21976024e+00,
         -5.67238821e+00,  -7.64959223e+00,  -4.41341718e+01,
         -1.74771313e+01,   1.68062755e+01,  -2.75523896e+00,
         -2.28650321e+01,  -1.51209745e+01,   4.38002574e+00,
         -4.47236957e+00,  -4.47182183e+01],
       [  1.10531740e+01,   3.28451984e+01,  -5.28522809e-01,
         -2.36053642e+00,   1.98739464e+01,   4.53871931e-01,
         -8.72834669e+00,   2.05916708e+01,  -3.62910827e+00,
          7.68078197e+00,  -9.20526041e+00,   9.40523343e+00,
          6.05802657e+00,  -4.58487763e+00,  -1.57535923e+00,
          1.45797187e+00,  -6.07334711e+00,   8.87134191e-01,
          1.54039438e+01,   9.12283212e+00,   4.20641110e+01,
          1.55730113e+01,  -1.13824982e+00,   1.02652907e+01,
          3.80117939e+00,  -7.64395529e+00,   2.23865114e+01,
         -6.56332729e+00,   3.52135050e+00,   1.68900491e+01,
          1.05515299e+01,   5.50547095e-01,   3.95502112e+01,
          5.04797039e+00,   9.02484263e+00,   8.51122990e+00,
          2.21930853e+00,  -9.95386971e+00,  -1.00606034e+00,
         -2.34143266e+00,  -9.10853054e+00,   5.83321563e+00,
          1.70068575e+01,   6.89657679e+00,  -1.23908107e+01,
          1.80227663e+01,  -5.52152890e+00,   3.56457788e+00,
          6.44087493e+00,   1.67580168e+00]])]Hidden bias: [array([  8.97618619,  16.34113463, -20.40934419, -12.50826037,
         8.43341054, -22.9761132 ,  -9.93250523, -10.59508346,
       -13.71692205,  15.83717349, -22.49616318,  19.1322866 ,
        11.500833  , -21.09019011, -31.58275506,   9.91351348,
       -11.34799933,   2.36297922, -14.80792848,   9.80086016,
        11.84070943,   0.25799732,  -7.72427845,  15.36735279,
         4.79023469, -14.55202645,  19.40152157, -15.92921818,
        24.07886638,  25.49066611,  29.44069899,  -7.19171381,
        10.88408841,   8.93597941,  14.2018284 ,  16.20445514,
        21.1181155 , -18.91558347,  -5.45551856, -14.36186972,
       -25.27423726,  23.52923688,   4.28485481,  30.82371473,
       -22.76412979,  -9.24571411, -23.41403162,  19.33167173,
        -0.3747643 ,   8.7042223 ])]Output weights: [[  9.27554319]
 [ -3.95806648]
 [  2.71713627]
 [  1.91899289]
 [ -5.4292246 ]
 [ 10.86203676]
 [ -2.90810716]
 [  1.56254242]
 [ -2.91563858]
 [  9.62891826]
 [-11.45377602]
 [  3.84721911]
 [ -0.86755609]
 [ 10.33802323]
 [  3.2886434 ]
 [  1.88400509]
 [-12.38944537]
 [  0.02303781]
 [  3.11774955]
 [ -1.31482821]
 [ -2.07742002]
 [ -4.83174878]
 [  1.85008013]
 [  7.95959334]
 [ -7.50204235]
 [  6.34672014]
 [ -2.22301475]
 [ -1.69497782]
 [-16.99864622]
 [ -6.49494195]
 [  2.07962025]
 [  8.99687164]
 [ -1.58415468]
 [ -1.20033786]
 [ -2.78913284]
 [  2.40537764]
 [ 11.48688713]
 [ -1.8309439 ]
 [  9.36226665]
 [ -3.58660273]
 [ -5.72119582]
 [  1.25936337]
 [ -0.27125747]
 [  0.37241171]
 [  6.94588528]
 [  1.67911453]
 [ -5.51723164]
 [  4.45832114]
 [ -8.85536003]
 [  3.97308753]]Output bias: [-12.31549026]