Action MLP:Hidden weights: [array([[ 0.07415184,  0.04497399,  0.0453494 , ...,  0.06743861,
         0.04607559,  0.05197165],
       [-0.02732867, -0.02178478,  0.0057273 , ...,  0.0218353 ,
         0.02621523,  0.02745639],
       [-0.1039473 , -0.05727502, -0.00811836, ..., -0.05298275,
         0.00823022,  0.01388585],
       ..., 
       [ 0.01321137, -0.00238511,  0.00196541, ..., -0.0106289 ,
         0.00158884,  0.00592001],
       [ 0.00416541, -0.00230427,  0.00454987, ..., -0.00570412,
         0.00754528, -0.00125729],
       [-0.0075678 , -0.00450477, -0.00337544, ...,  0.00356473,
         0.00738277,  0.0078634 ]])]Hidden bias: [array([-0.83356142, -0.87277388, -0.84816839, -0.85037701, -0.86315023,
       -0.86001573, -0.85357165, -0.86433146, -0.85177895, -0.96613368,
       -0.85690705, -0.91955901, -0.85169797, -0.85991852, -0.8574755 ,
       -0.85422472, -0.86346931, -0.85061128, -0.8622877 , -0.866719  ])]Output weights: [[ 0.11170497  0.00044432]
 [ 0.07417166  0.02596454]
 [ 0.00457366 -0.001522  ]
 [-0.0329123  -0.01588491]
 [ 0.0178697  -0.00695133]
 [-0.12861292 -0.04964253]
 [ 0.01338244  0.00323865]
 [ 0.02455947 -0.0008293 ]
 [ 0.02073565  0.00216135]
 [ 0.21546728 -0.09004393]
 [ 0.01869233 -0.00323862]
 [ 0.10910725  0.00864741]
 [ 0.01525     0.00625504]
 [ 0.02370094  0.00522345]
 [ 0.01983017  0.00202925]
 [ 0.03152156  0.01208668]
 [ 0.04819634  0.01913766]
 [-0.10509896 -0.0423515 ]
 [ 0.0214177  -0.00495874]
 [ 0.02258795 -0.00619094]]Output bias: [-0.02313243  0.22396977]
Value MLP:Hidden weights: [array([[  2.50587917e+00,   1.58624839e+00,   6.59637428e+00, ...,
          4.04988077e+00,   3.91320045e+00,   2.82780745e-01],
       [  1.62521156e+00,   1.06875447e+00,   4.12744089e+00, ...,
          2.56535644e+00,   2.49362680e+00,   2.64921999e-01],
       [  4.87209984e-01,   3.63950992e-01,   1.07042574e+00, ...,
          7.08183452e-01,   6.81626508e-01,   1.63785612e-01],
       ..., 
       [  4.67558101e-01,   3.49780604e-01,   1.02255381e+00, ...,
          6.81347471e-01,   6.76961931e-01,   1.75268546e-01],
       [ -6.33529025e-03,  -5.47191805e-03,   1.18384536e-03, ...,
         -7.71518007e-03,  -6.41110442e-03,   4.74687259e-03],
       [ -8.41729410e-04,   6.52749657e-03,   9.97527380e-03, ...,
         -9.11676287e-03,   3.29475338e-03,  -4.42049333e-03]])]Hidden bias: [array([ 2.41458716,  1.52538634,  6.50733061,  3.18890429,  3.27157964,
        7.68356769,  5.37836959,  3.42542995,  4.79619662,  2.88496314,
        1.62849358,  5.04277928,  7.59561766,  7.72634064,  2.41228219,
        5.57512368,  3.99428176,  3.95224918,  3.84756204,  0.24719966])]Output weights: [[-5.08323261]
 [-5.26777491]
 [-2.62474742]
 [-4.96218501]
 [-1.85120923]
 [-3.27048995]
 [-4.49155163]
 [-4.95494279]
 [-4.67357792]
 [-5.01768794]
 [-5.17237961]
 [-4.65364153]
 [-3.17562443]
 [-3.53885489]
 [-5.05322434]
 [-4.45337961]
 [-4.83987521]
 [-4.81863865]
 [-4.88285525]
 [-5.37359237]]Output bias: [-14.03283643]