Action MLP:Hidden weights: [array([[ 0.04227499,  0.0295792 ,  0.03947985, ...,  0.02525129,
         0.0526047 ,  0.00976584],
       [ 0.05055015,  0.04862112,  0.05189042, ...,  0.01575301,
         0.052512  ,  0.01337711],
       [ 0.07506953,  0.05201303,  0.08007029, ...,  0.03378699,
         0.04832337,  0.03964396],
       ..., 
       [ 0.01690859,  0.00400322,  0.01328921, ...,  0.00925935,
         0.00585444,  0.01727232],
       [ 0.0014261 , -0.00450899,  0.00508096, ...,  0.00069631,
         0.00504107, -0.00225661],
       [ 0.00598443, -0.00492453,  0.00723438, ..., -0.00026397,
        -0.00787145,  0.0050702 ]])]Hidden bias: [array([-0.86088472, -0.86183368, -0.85549852, -0.87265191, -0.87224081,
       -0.85749734, -0.85853389, -0.8609358 , -0.86882083, -0.89211753,
       -0.87645172, -0.88268583, -0.85965362, -0.88001488, -0.86855956,
       -0.86731129, -0.88781619, -0.87311295, -0.8554397 , -0.8698683 ,
       -0.86329284, -0.86119895, -0.85987115, -0.87348561, -0.87399895,
       -0.8800418 , -0.86322924, -0.88418231, -0.88529259, -0.86677089,
       -0.86374434, -0.86681441, -0.86908308, -0.86082259, -0.86370519,
       -0.89789509, -0.87225431, -0.85776997, -0.87730025, -0.88219302,
       -0.87217199, -0.86722327, -0.87621378, -0.86928101, -0.86127249,
       -0.86177435, -0.88014769, -0.87675574, -0.8738037 , -0.86515794,
       -0.86402847, -0.86408973, -0.87122743, -0.880788  , -0.866076  ,
       -0.87913088, -0.87015948, -0.87059346, -0.88370877, -0.85440067,
       -0.88967626, -0.86338415, -0.89870821, -0.86854983, -0.86582129,
       -0.87943578, -0.86891774, -0.87835857, -0.85513654, -0.87449105,
       -0.87123938, -0.84596199, -0.86522283, -0.87768934, -0.8742869 ,
       -0.86555236, -0.86431342, -0.89215539, -0.86098554, -0.85646685,
       -0.85652246, -0.84845644, -0.87328912, -0.87161309, -0.86227662,
       -0.86449153, -0.86624088, -0.86386521, -0.88003782, -0.86630582,
       -0.86091448, -0.88639912, -0.85619804, -0.86432808, -0.87302586,
       -0.85871228, -0.86518521, -0.8728377 , -0.8634532 , -0.87242497])]Output weights: [[  2.29634352e-02   2.87748118e-02]
 [ -4.10920193e-03   5.30422905e-02]
 [ -1.20406065e-02   6.94231947e-02]
 [  8.07220409e-03  -1.83925080e-02]
 [ -1.13739447e-02   6.41824971e-03]
 [  9.98010611e-03   2.88429068e-02]
 [  1.47282709e-02   3.26037394e-02]
 [  1.52571203e-02   1.54030266e-02]
 [ -1.82056539e-02   6.07430958e-02]
 [ -1.43798332e-02  -4.67622933e-02]
 [ -1.68378057e-02  -1.78829657e-02]
 [ -1.14247816e-02  -4.35610486e-02]
 [  6.94212135e-03   2.46951376e-02]
 [ -1.54534773e-02   2.21898561e-02]
 [  3.29672668e-02  -1.17990114e-02]
 [  2.64751805e-02  -1.02362775e-02]
 [  1.53202029e-02  -9.54826478e-02]
 [  3.94885436e-02  -1.09072094e-02]
 [  1.69342903e-02   5.36094243e-02]
 [ -7.28762068e-03  -2.45945288e-03]
 [  1.13031339e-02   3.05229184e-02]
 [  1.33768542e-02   2.25891966e-02]
 [ -1.33242318e-02   9.60116238e-02]
 [  3.49413201e-02  -2.89047233e-02]
 [ -2.57021420e-03   2.11244487e-02]
 [  9.96990088e-02  -1.69900360e-02]
 [  3.83051437e-02   5.24760621e-02]
 [ -2.18272161e-02  -2.79847656e-02]
 [  2.24210078e-01   7.97042938e-02]
 [  7.49801682e-04   2.07119718e-02]
 [  2.75276536e-02   8.80345929e-03]
 [ -1.23109379e-02   2.87720467e-02]
 [ -1.12502236e-02   2.88355774e-02]
 [ -1.50757283e-02   6.25977796e-02]
 [  2.70432122e-03   4.52376855e-02]
 [  1.02756021e-01  -1.89876191e-01]
 [  3.92800401e-02  -2.59439674e-02]
 [ -8.29518762e-03   6.30542056e-02]
 [  1.04066628e-01   9.57128427e-03]
 [  9.89639195e-04  -4.72323110e-02]
 [  4.43973689e-03  -4.58516700e-02]
 [  2.59103749e-02   8.23595104e-03]
 [  5.61010716e-03  -3.78208149e-02]
 [  2.25426616e-02  -1.68723935e-02]
 [  6.65449041e-03   2.21168626e-02]
 [ -7.54190882e-03   7.20165507e-02]
 [  5.44642529e-02  -7.92585995e-02]
 [  6.27126764e-04  -4.24326419e-02]
 [  3.07268661e-03   6.75372843e-03]
 [  6.86768388e-03   3.49503753e-02]
 [  4.76397509e-03   6.47525338e-03]
 [ -8.40022602e-03   2.99814403e-02]
 [ -6.97953439e-03  -5.39318356e-03]
 [  1.54108416e-02  -5.02000913e-02]
 [  2.17049586e-02  -9.94042156e-04]
 [  1.77080356e-01   7.34700094e-02]
 [ -1.54170857e-02  -3.78239646e-03]
 [ -3.54785884e-03  -1.33752181e-02]
 [  1.03616221e-02  -5.03530660e-02]
 [  2.84076384e-02   4.64912759e-02]
 [  3.07554967e-02  -1.22231285e-01]
 [  3.77429378e-02   2.60284060e-02]
 [  1.94462575e-02  -1.18302964e-01]
 [  2.28596216e-02  -2.55855220e-02]
 [  1.15515260e-02   6.62483659e-03]
 [  5.82863803e-03  -6.28284506e-02]
 [ -1.92728288e-02   3.19369936e-03]
 [ -1.86072178e-02   3.43594704e-03]
 [  1.30020113e-02   5.93667292e-02]
 [ -8.28653917e-03   8.19652482e-02]
 [  4.25836413e-02  -2.25700512e-02]
 [ -8.66547371e-03   9.79061040e-02]
 [ -6.05853673e-03   3.19033919e-02]
 [ -4.98803388e-03  -4.34772791e-02]
 [ -8.37350214e-04  -1.18132564e-02]
 [ -1.10280303e-02   2.09541610e-02]
 [ -1.08548802e-02   2.16776809e-02]
 [  2.74623340e-01   5.69858370e-02]
 [  1.75671235e-02   2.08355839e-02]
 [  1.86619160e-02   2.44742829e-02]
 [  1.48633321e-02   3.46136709e-02]
 [  2.91635392e-02   6.12654029e-02]
 [  5.09716703e-02  -1.22350623e-02]
 [  1.63023256e-02  -1.81673279e-02]
 [  3.45755516e-03   2.01580291e-02]
 [  1.55595261e-02   4.75463546e-03]
 [  4.97907962e-02   1.69773409e-02]
 [ -1.53817934e-03   2.68892585e-02]
 [  3.79510126e-02  -5.85983524e-02]
 [  1.65259532e-04   5.98860078e-03]
 [  2.84591681e-03   3.09776118e-02]
 [  5.80259608e-03  -5.11991563e-02]
 [  8.39431161e-03   3.27315449e-02]
 [  3.81768199e-02   8.32971327e-03]
 [ -4.49609051e-02   1.73152889e-01]
 [  1.00512451e-02   3.14917265e-02]
 [ -4.52410649e-03   4.77546257e-02]
 [ -1.25777043e-03  -3.27235155e-02]
 [  2.39434223e-02   9.62884620e-03]
 [  2.72511608e-04  -1.33988915e-02]]Output bias: [ 0.29439245  0.07470416]
Value MLP:Hidden weights: [array([[  2.08176409e-02,   1.66543402e+00,  -1.51479478e-03, ...,
          2.16167572e+00,   1.43669775e-02,   2.36862202e-01],
       [ -8.88552657e-02,   7.61566179e-01,  -2.55943147e-03, ...,
          6.93860424e-01,  -9.52404345e-02,   7.50901326e-02],
       [ -1.86504233e-01,  -3.40493889e-01,   1.41506956e+00, ...,
         -4.99710812e-01,  -1.97014918e-01,   3.21971039e-03],
       ..., 
       [ -2.93404466e-01,   3.81899659e-01,   1.01057871e+00, ...,
          2.42542979e-01,  -3.34676925e-01,   1.07987845e+00],
       [  7.81950855e-03,  -9.30334969e-03,  -1.39297192e-03, ...,
         -2.14095165e-03,  -1.91437530e-03,  -9.16353873e-04],
       [  6.51974860e-03,   2.10156088e-03,  -8.59698506e-03, ...,
         -2.27800873e-03,  -1.78103518e-03,  -3.23397894e-03]])]Hidden bias: [array([ -3.21309578,   2.12272717,   7.89370253,  -7.29799395,
        -2.95259437,  -4.03423635,  -2.21096109,  -5.72592964,
        -2.27948953,  -5.16139859,  -6.28343974,  -2.0706015 ,
        -4.22463595,  -5.03737435,  -1.9301633 ,  -4.6222055 ,
        -6.45935649, -14.98769613,  -6.80806771,  -4.37992533,
        -6.2965508 ,  -4.87743626,  -3.35336998,  -3.96321822,
        -1.80121167,  -2.04281159,  -6.58971432,   0.39678663,
        -2.79259794,  -6.81285888,  -3.07724671,   3.69050148,
         1.03037604,  -5.82607117,  -6.8347317 ,   4.82679486,
        -5.51914264,   1.31860713,  -4.87988374,  -5.30526012,
        -6.75888504,  -5.96425085,   3.94406083,  -5.75176861,
         5.96264895,  -2.07559523,  -5.66434967,   1.23551323,
        -3.59740967,   6.9060569 ])]Output weights: [[  1.28542866]
 [  5.38887534]
 [  7.42157178]
 [ -8.58673038]
 [  3.82624931]
 [  2.06041795]
 [  3.8435692 ]
 [  3.54275728]
 [  1.08264129]
 [  2.31206487]
 [  2.78376491]
 [  1.02867415]
 [  9.40756566]
 [  2.31008557]
 [  3.92046914]
 [  2.03693789]
 [  3.39048623]
 [  6.21910971]
 [  3.49239149]
 [  2.15661295]
 [  2.94731338]
 [  2.27902928]
 [  7.59730664]
 [  8.27311918]
 [  1.01638555]
 [  1.01517108]
 [  3.73764651]
 [  6.33567897]
 [  4.26948736]
 [  3.18093131]
 [  6.38531022]
 [ -3.12375795]
 [ 13.44358678]
 [  3.32907586]
 [  3.2878242 ]
 [ -4.96829139]
 [  2.47065887]
 [  3.06983761]
 [  2.10984396]
 [  6.02502745]
 [  3.10942108]
 [  2.60384096]
 [  5.95382942]
 [  2.52968489]
 [ 19.5700151 ]
 [  3.84782646]
 [  3.91233231]
 [  6.99405423]
 [  1.93826221]
 [ 10.71710982]]Output bias: [-4.2792913]