Action MLP:Hidden weights: [array([[ 0.04227493,  0.02957919,  0.03947985, ...,  0.0252513 ,
         0.05260465,  0.00976584],
       [ 0.05055013,  0.04862118,  0.05189051, ...,  0.01575298,
         0.05251196,  0.01337709],
       [ 0.07507029,  0.05201295,  0.08006986, ...,  0.03378676,
         0.04832362,  0.03964387],
       ..., 
       [ 0.0169357 ,  0.00405941,  0.01336079, ...,  0.0092148 ,
         0.00585983,  0.01725355],
       [ 0.0014261 , -0.00450899,  0.00508097, ...,  0.00069631,
         0.00504108, -0.00225661],
       [ 0.00598444, -0.00492452,  0.00723439, ..., -0.00026398,
        -0.00787144,  0.0050702 ]])]Hidden bias: [array([-0.86065506, -0.86142791, -0.85499162, -0.87284215, -0.8721876 ,
       -0.85725757, -0.85828172, -0.86081551, -0.86836937, -0.89257943,
       -0.87662883, -0.88311943, -0.85944798, -0.87981718, -0.8687074 ,
       -0.86743691, -0.88869945, -0.87326468, -0.85502821, -0.86989829,
       -0.86303493, -0.86101031, -0.85930311, -0.87381564, -0.87381755,
       -0.88038633, -0.86284589, -0.88445818, -0.88524006, -0.86659282,
       -0.86368154, -0.86656813, -0.86884214, -0.86037982, -0.86335078,
       -0.89922429, -0.8725582 , -0.85729289, -0.87741131, -0.88266465,
       -0.8726345 , -0.86717066, -0.87659772, -0.86946632, -0.86108646,
       -0.86130224, -0.88096789, -0.87718019, -0.87374744, -0.86485539,
       -0.86397815, -0.86383811, -0.87128555, -0.88130077, -0.86610773,
       -0.87897552, -0.87020096, -0.87073015, -0.88421112, -0.85404716,
       -0.89071007, -0.86319117, -0.89972755, -0.8688231 , -0.86577518,
       -0.88005801, -0.86889157, -0.87832635, -0.85470007, -0.87398636,
       -0.87150756, -0.84537672, -0.8649579 , -0.87812466, -0.87440848,
       -0.8653722 , -0.86412301, -0.89226627, -0.86081851, -0.85626076,
       -0.85624399, -0.8480155 , -0.87348074, -0.87181322, -0.86210623,
       -0.8644619 , -0.86615359, -0.86362933, -0.88064216, -0.86625877,
       -0.86067077, -0.88690929, -0.85593667, -0.86429092, -0.87246827,
       -0.85846222, -0.86481019, -0.87316808, -0.86338739, -0.87256308])]Output weights: [[ 0.02144322  0.02500073]
 [-0.003871    0.04838423]
 [-0.01196603  0.06432309]
 [ 0.00657338 -0.01937279]
 [-0.01097779  0.00374153]
 [ 0.00777344  0.02544225]
 [ 0.01205431  0.02857403]
 [ 0.0127087   0.01237202]
 [-0.01706442  0.05574967]
 [-0.01385488 -0.04617023]
 [-0.01650871 -0.01885236]
 [-0.01167298 -0.04325064]
 [ 0.00546339  0.0213052 ]
 [-0.01315863  0.01895159]
 [ 0.02993147 -0.01368637]
 [ 0.02341775 -0.01128287]
 [ 0.01254896 -0.09263568]
 [ 0.03588371 -0.01216295]
 [ 0.0146102   0.04912431]
 [-0.00760712 -0.00436104]
 [ 0.01074984  0.02712601]
 [ 0.01195805  0.01937144]
 [-0.01231497  0.08961442]
 [ 0.03093624 -0.02953823]
 [-0.0017957   0.01798723]
 [ 0.09462472 -0.01758559]
 [ 0.03470166  0.04830492]
 [-0.02123757 -0.0284477 ]
 [ 0.21828269  0.07474273]
 [ 0.00065981  0.01768262]
 [ 0.02550185  0.00630233]
 [-0.01230673  0.02535874]
 [-0.0107763   0.02514227]
 [-0.0145231   0.05726998]
 [ 0.00273887  0.040841  ]
 [ 0.09773535 -0.18372568]
 [ 0.03537553 -0.026242  ]
 [-0.00877967  0.05825192]
 [ 0.09890235  0.00748822]
 [-0.00050537 -0.04660055]
 [ 0.00224451 -0.04563731]
 [ 0.02300191  0.00609599]
 [ 0.00309998 -0.03775914]
 [ 0.01976694 -0.01751854]
 [ 0.00444278  0.01900078]
 [-0.0062608   0.06621766]
 [ 0.04989354 -0.07716   ]
 [-0.00061566 -0.04193574]
 [ 0.00299175  0.00462931]
 [ 0.00705063  0.0317424 ]
 [ 0.00372887  0.00401532]
 [-0.00864671  0.02638045]
 [-0.007492   -0.00708981]
 [ 0.01248789 -0.04977531]
 [ 0.01896064 -0.00300059]
 [ 0.17149204  0.0686127 ]
 [-0.01615817 -0.00617123]
 [-0.00435717 -0.01497437]
 [ 0.0090007  -0.04949823]
 [ 0.02569168  0.0422318 ]
 [ 0.02711774 -0.11811629]
 [ 0.03425999  0.02293419]
 [ 0.0165061  -0.11448156]
 [ 0.02007182 -0.02608746]
 [ 0.00936151  0.00400612]
 [ 0.00348939 -0.06164285]
 [-0.01963181  0.00104079]
 [-0.01768201  0.00145909]
 [ 0.01114874  0.05443957]
 [-0.00602026  0.0757958 ]
 [ 0.03888444 -0.02323684]
 [-0.00975854  0.09156404]
 [-0.00630834  0.02817015]
 [-0.00643459 -0.04329913]
 [-0.00140893 -0.01320064]
 [-0.01084937  0.0177468 ]
 [-0.01057826  0.01869429]
 [ 0.26806742  0.05310515]
 [ 0.01510351  0.01764526]
 [ 0.01658966  0.02151625]
 [ 0.01276232  0.03078163]
 [ 0.02669014  0.05635679]
 [ 0.04682067 -0.01295963]
 [ 0.01280453 -0.01879617]
 [ 0.00194929  0.01705593]
 [ 0.01346546  0.00251356]
 [ 0.04576957  0.01432911]
 [-0.0018954   0.02390128]
 [ 0.03421124 -0.05717319]
 [-0.00127717  0.00361154]
 [ 0.00163745  0.0268174 ]
 [ 0.00483173 -0.05041554]
 [ 0.00618437  0.02879988]
 [ 0.03476373  0.00591682]
 [-0.0418661   0.16477133]
 [ 0.00809102  0.02753879]
 [-0.00407717  0.04334407]
 [-0.0037225  -0.03315939]
 [ 0.02085515  0.00745208]
 [-0.00067311 -0.01444654]]Output bias: [ 0.29419692  0.08477367]
Value MLP:Hidden weights: [array([[  2.08175865e-02,   1.66543402e+00,  -1.51479478e-03, ...,
          2.16400851e+00,   1.43669684e-02,   2.36862202e-01],
       [ -8.88553690e-02,   7.61566125e-01,  -2.55943147e-03, ...,
          7.00532474e-01,  -9.52404496e-02,   7.50901326e-02],
       [ -1.86504300e-01,  -3.40493088e-01,   1.41506956e+00, ...,
         -4.99608080e-01,  -1.97014941e-01,   3.21971039e-03],
       ..., 
       [ -2.93404466e-01,   3.81899905e-01,   1.01057871e+00, ...,
          2.39911284e-01,  -3.34676925e-01,   1.07987845e+00],
       [  7.81950965e-03,  -9.30335012e-03,  -1.39297192e-03, ...,
         -2.14093540e-03,  -1.91437509e-03,  -9.16353873e-04],
       [  6.51975219e-03,   2.10156060e-03,  -8.59698506e-03, ...,
         -2.27798563e-03,  -1.78103458e-03,  -3.23397894e-03]])]Hidden bias: [array([ -3.21309584,   2.12115628,   7.89370253,  -7.29799395,
        -2.95267399,  -4.03423639,  -2.21045701,  -5.72592964,
        -2.27955713,  -5.16139859,  -6.28343974,  -2.0708745 ,
        -4.22549812,  -5.03737435,  -1.88745007,  -4.6222055 ,
        -6.45935649, -14.98769613,  -6.80806771,  -4.37992533,
        -6.2965508 ,  -4.87743626,  -3.35302051,  -3.95986302,
        -1.79535494,  -2.04317695,  -6.58971432,   0.39479859,
        -2.79275994,  -6.81285888,  -3.13175375,   3.69050148,
        -5.89655357,  -5.82607117,  -6.8347317 ,   4.83580678,
        -5.51914264,   1.34426715,  -4.87988374,  -5.30526012,
        -6.75888504,  -5.96425085,   3.94406295,  -5.75176861,
         5.98213642,  -2.07438688,  -5.66434967,   1.24828847,
        -3.59741001,   6.9060569 ])]Output weights: [[  2.58887124]
 [  4.08555721]
 [  6.11812643]
 [ -7.28328503]
 [  5.12968264]
 [  3.36386328]
 [  5.14748512]
 [  4.84620263]
 [  2.38555392]
 [  3.61551022]
 [  4.08721026]
 [  2.33029437]
 [ 10.71095643]
 [  3.61353092]
 [  5.23057173]
 [  3.34038324]
 [  4.69393158]
 [  7.52255506]
 [  4.79583684]
 [  3.4600583 ]
 [  4.25075873]
 [  3.58247463]
 [  8.90077126]
 [  9.57675866]
 [  2.32069102]
 [  2.3170403 ]
 [  5.04109186]
 [  5.03230824]
 [  5.57291003]
 [  4.48437666]
 [  7.68413502]
 [ -4.4272033 ]
 [  9.31519657]
 [  4.63252121]
 [  4.59126955]
 [ -6.27132004]
 [  3.77410422]
 [  1.7615254 ]
 [  3.41328931]
 [  7.32847279]
 [  4.41286642]
 [  3.90728631]
 [  4.65038385]
 [  3.83313024]
 [ 18.26606854]
 [  5.15181354]
 [  5.21577765]
 [  5.69006638]
 [  3.24170728]
 [  9.41366447]]Output bias: [-5.58273665]