Action MLP:Hidden weights: [array([[ 0.04227499,  0.0295792 ,  0.03947985, ...,  0.02525129,
         0.0526047 ,  0.00976584],
       [ 0.05055989,  0.04862172,  0.05188878, ...,  0.01575141,
         0.05252124,  0.01337677],
       [ 0.0751006 ,  0.05200251,  0.08004733, ...,  0.03378931,
         0.04835836,  0.03964607],
       ..., 
       [ 0.01687412,  0.00393222,  0.01319827, ...,  0.00930582,
         0.005847  ,  0.01729126],
       [ 0.0014255 , -0.00450934,  0.00508062, ...,  0.00069655,
         0.00504057, -0.00225652],
       [ 0.00598421, -0.00492447,  0.00723453, ..., -0.00026399,
        -0.0078717 ,  0.00507019]])]Hidden bias: [array([-0.8611817 , -0.86233183, -0.85612093, -0.87246731, -0.87231209,
       -0.85779148, -0.85885175, -0.86109826, -0.86937678, -0.89163511,
       -0.87626578, -0.88223687, -0.85991075, -0.8802396 , -0.86843111,
       -0.86719779, -0.88687855, -0.87297406, -0.85594728, -0.86984937,
       -0.86360775, -0.86143797, -0.86061637, -0.87315345, -0.8742169 ,
       -0.87966534, -0.86370028, -0.88388826, -0.88541397, -0.86698791,
       -0.86384338, -0.86710594, -0.86937312, -0.86137838, -0.86414226,
       -0.8962974 , -0.87194476, -0.85835075, -0.87719331, -0.88170909,
       -0.87170079, -0.86730635, -0.8758243 , -0.86910118, -0.86150353,
       -0.86239152, -0.87925919, -0.87631962, -0.87387933, -0.86551495,
       -0.86410557, -0.86439248, -0.87117865, -0.88026212, -0.86606878,
       -0.87939873, -0.87012915, -0.87046261, -0.88319415, -0.85484333,
       -0.88853731, -0.86363119, -0.89762089, -0.86827778, -0.86589934,
       -0.87879306, -0.86895546, -0.87839398, -0.855681  , -0.87516629,
       -0.8709717 , -0.84670909, -0.86554422, -0.87724427, -0.87416973,
       -0.86576854, -0.86453696, -0.89191437, -0.86120101, -0.85672154,
       -0.85686772, -0.84901568, -0.87309909, -0.87141757, -0.86249044,
       -0.86454879, -0.86636673, -0.86414353, -0.87939882, -0.86637783,
       -0.86122327, -0.8858766 , -0.85652265, -0.86440037, -0.87387331,
       -0.85902614, -0.86564448, -0.87250527, -0.8635499 , -0.87229183])]Output weights: [[  2.47211127e-02   3.13821073e-02]
 [ -3.96178069e-03   5.63841191e-02]
 [ -1.15408866e-02   7.32474641e-02]
 [  9.42379329e-03  -1.80365492e-02]
 [ -1.14058822e-02   7.82778107e-03]
 [  1.25137624e-02   3.13418332e-02]
 [  1.75911336e-02   3.58027440e-02]
 [  1.77175006e-02   1.76353083e-02]
 [ -1.88576578e-02   6.42630754e-02]
 [ -1.49914690e-02  -4.80004476e-02]
 [ -1.71081131e-02  -1.78733993e-02]
 [ -1.12111387e-02  -4.45271334e-02]
 [  8.70588529e-03   2.70071054e-02]
 [ -1.73989126e-02   2.38324719e-02]
 [  3.58522224e-02  -1.05664101e-02]
 [  2.93261096e-02  -9.54463363e-03]
 [  1.75273783e-02  -9.80886180e-02]
 [  4.27696720e-02  -9.92314271e-03]
 [  1.95680466e-02   5.70963389e-02]
 [ -6.81293593e-03  -1.48200158e-03]
 [  1.22282134e-02   3.27326955e-02]
 [  1.50441463e-02   2.47963123e-02]
 [ -1.35961448e-02   1.01037031e-01]
 [  3.84196350e-02  -2.83766565e-02]
 [ -3.02995288e-03   2.29277311e-02]
 [  1.04028012e-01  -1.63318696e-02]
 [  4.19666439e-02   5.58332691e-02]
 [ -2.24432713e-02  -2.84972560e-02]
 [  2.29715643e-01   8.38954035e-02]
 [  1.09629939e-03   2.24749574e-02]
 [  2.95456101e-02   1.04546677e-02]
 [ -1.19722154e-02   3.09756004e-02]
 [ -1.12800365e-02   3.12039968e-02]
 [ -1.49667645e-02   6.65186740e-02]
 [  3.19126299e-03   4.83566727e-02]
 [  1.06894805e-01  -1.95424162e-01]
 [  4.27645534e-02  -2.57915595e-02]
 [ -7.30670735e-03   6.66380900e-02]
 [  1.08642529e-01   1.14083021e-02]
 [  2.12973458e-03  -4.82642536e-02]
 [  6.30132201e-03  -4.64064536e-02]
 [  2.86020032e-02   9.72563186e-03]
 [  7.74770012e-03  -3.81554187e-02]
 [  2.50520298e-02  -1.65976928e-02]
 [  8.97019205e-03   2.43788275e-02]
 [ -8.16631515e-03   7.62682455e-02]
 [  5.82526568e-02  -8.09973318e-02]
 [  1.69656587e-03  -4.33874385e-02]
 [  3.24915860e-03   7.73528544e-03]
 [  6.97838802e-03   3.68202480e-02]
 [  5.90721508e-03   7.99194723e-03]
 [ -7.86181996e-03   3.23980329e-02]
 [ -6.36669215e-03  -4.52877562e-03]
 [  1.79709888e-02  -5.08453456e-02]
 [  2.43969279e-02   3.25861067e-04]
 [  1.82356852e-01   7.74435613e-02]
 [ -1.45117831e-02  -2.50563841e-03]
 [ -2.59289947e-03  -1.26878311e-02]
 [  1.13095516e-02  -5.16689038e-02]
 [  3.13594967e-02   4.98018695e-02]
 [  3.35533359e-02  -1.25882726e-01]
 [  4.11845509e-02   2.84116542e-02]
 [  2.16612680e-02  -1.21933104e-01]
 [  2.53763447e-02  -2.54849448e-02]
 [  1.37040999e-02   8.45581805e-03]
 [  7.75890521e-03  -6.40876228e-02]
 [ -1.87044147e-02   4.33897945e-03]
 [ -1.92444734e-02   4.13258419e-03]
 [  1.51964344e-02   6.32404574e-02]
 [ -9.92953683e-03   8.64607349e-02]
 [  4.58451674e-02  -2.21218761e-02]
 [ -6.62753295e-03   1.03120865e-01]
 [ -5.29912018e-03   3.43888879e-02]
 [ -3.82786308e-03  -4.41654105e-02]
 [ -2.56230736e-04  -1.14191344e-02]
 [ -1.09112269e-02   2.28581992e-02]
 [ -1.08682555e-02   2.34269837e-02]
 [  2.80346260e-01   6.04191461e-02]
 [  2.01049282e-02   2.32380200e-02]
 [  2.09944444e-02   2.66291239e-02]
 [  1.70368672e-02   3.74999353e-02]
 [  3.21088595e-02   6.51183205e-02]
 [  5.46208755e-02  -1.17367661e-02]
 [  1.94774812e-02  -1.77840699e-02]
 [  5.24992556e-03   2.21652780e-02]
 [  1.75681461e-02   6.17714795e-03]
 [  5.35844349e-02   1.91609871e-02]
 [ -8.46971985e-04   2.87677849e-02]
 [  4.10843835e-02  -5.99224070e-02]
 [  1.71105154e-03   7.44104725e-03]
 [  4.41864803e-03   3.40176735e-02]
 [  6.56946539e-03  -5.24428277e-02]
 [  1.08526235e-02   3.57885404e-02]
 [  4.14704679e-02   1.01864463e-02]
 [ -4.73196096e-02   1.80354703e-01]
 [  1.21810341e-02   3.44868743e-02]
 [ -4.54487737e-03   5.07301195e-02]
 [  8.79662671e-04  -3.27683378e-02]
 [  2.68717082e-02   1.11910577e-02]
 [  1.31561250e-03  -1.30563285e-02]]Output bias: [ 0.29418249  0.0643828 ]
Value MLP:Hidden weights: [array([[  2.08176409e-02,   1.66543402e+00,  -1.51479478e-03, ...,
          2.16167572e+00,   1.43669775e-02,   2.36862202e-01],
       [ -8.88552630e-02,   7.61566197e-01,  -2.55943147e-03, ...,
          6.94339187e-01,  -9.52404342e-02,   7.50901326e-02],
       [ -1.86504202e-01,  -3.40497742e-01,   1.41506956e+00, ...,
         -4.96943657e-01,  -1.97014914e-01,   3.21971039e-03],
       ..., 
       [ -2.93404468e-01,   3.81899282e-01,   1.01057871e+00, ...,
          2.43410278e-01,  -3.34676925e-01,   1.07987845e+00],
       [  7.81950102e-03,  -9.30334969e-03,  -1.39297192e-03, ...,
         -2.14095057e-03,  -1.91437626e-03,  -9.16353873e-04],
       [  6.51973688e-03,   2.10156088e-03,  -8.59698506e-03, ...,
         -2.27800855e-03,  -1.78103671e-03,  -3.23397894e-03]])]Hidden bias: [array([ -3.21309535,   2.12223154,   7.89370253,  -7.29799395,
        -2.95252489,  -4.03423633,  -2.20890038,  -5.72592964,
        -2.27944614,  -5.16139859,  -6.28343974,  -2.07061159,
        -4.22409516,  -5.03737435,  -1.93557672,  -4.62220549,
        -6.45935649, -14.98769613,  -6.80806771,  -4.37992532,
        -6.2965508 ,  -4.87743625,  -3.35335683,  -3.96471301,
        -1.80656943,  -2.04294834,  -6.58971432,   0.37945528,
        -2.79247623,  -6.81285888,  -3.07365916,   3.69050148,
         1.02726715,  -5.82607117,  -6.8347317 ,   4.84360154,
        -5.51914264,   1.29800287,  -4.87988374,  -5.30526012,
        -6.75888504,  -5.96425085,   3.9431231 ,  -5.75176861,
         5.959897  ,  -2.07383582,  -5.66434967,   1.24382719,
        -3.59740953,   6.9060569 ])]Output weights: [[  1.35056891]
 [  5.32378398]
 [  7.35643237]
 [ -8.52159097]
 [  3.89140113]
 [  2.12555737]
 [  3.9090848 ]
 [  3.60789669]
 [  1.14797073]
 [  2.37720428]
 [  2.84890432]
 [  1.09450273]
 [  9.47273744]
 [  2.37522498]
 [  3.98521889]
 [  2.1020773 ]
 [  3.45562564]
 [  6.28424912]
 [  3.55753091]
 [  2.22175237]
 [  3.01245279]
 [  2.34416869]
 [  7.66244696]
 [  8.33817685]
 [  1.08351859]
 [  1.08099727]
 [  3.80278592]
 [  6.27200728]
 [  4.3346453 ]
 [  3.24607073]
 [  6.45075116]
 [ -3.18889736]
 [ 13.37850624]
 [  3.39421527]
 [  3.35296361]
 [ -5.03205848]
 [  2.53579828]
 [  3.01008755]
 [  2.17498337]
 [  6.09016686]
 [  3.17456049]
 [  2.66898037]
 [  5.88877528]
 [  2.59482431]
 [ 19.50494663]
 [  3.91333848]
 [  3.97747172]
 [  6.92835277]
 [  2.0034017 ]
 [ 10.65197041]]Output bias: [-4.34443071]