Action MLP:Hidden weights: [array([[ -5.37570913e-02,  -9.04239006e-02,   9.18201372e-02,
         -2.23131877e-02,  -7.03060148e-02],
       [ -6.03657316e-03,  -8.25157536e-02,   7.86924512e-02,
          2.28676776e-02,  -9.99034717e-03],
       [  2.01114781e-02,  -2.63149330e-02,   1.33527957e-02,
          2.00036457e-02,   5.02167418e-02],
       [  5.19048209e-02,  -1.04108096e-02,  -1.01401355e-01,
          1.00324981e-02,   1.16644267e-01],
       [  1.65682762e-01,   1.16331243e-01,  -3.69672112e-02,
          4.20988519e-02,   9.61894762e-02],
       [  1.75689532e-01,   2.63740843e-01,   1.84917831e-01,
          4.47968139e-02,   1.73608706e-02],
       [  3.17340590e-02,   1.16886901e-01,   7.85136776e-02,
          1.98225350e-02,   2.00656530e-02],
       [ -8.49387900e-02,  -1.26559067e-01,   1.47009215e-01,
          3.63234896e-02,   5.28604310e-02],
       [ -2.41870890e-02,  -8.09596622e-02,   1.91057740e-01,
          2.60246536e-02,  -2.48118760e-02],
       [  4.84261130e-02,  -3.35709232e-02,   1.18954534e-01,
          4.99588064e-02,  -6.97786766e-02],
       [ -1.30590533e-03,  -2.56538867e-01,   3.54358035e-01,
          5.05538533e-02,   4.66614322e-02],
       [ -1.40374038e-01,  -3.46044648e-01,   3.35445164e-01,
         -1.55263629e-02,  -1.55136744e-02],
       [ -1.77152002e-01,  -2.47656390e-01,   1.10111623e-01,
          3.59968131e-02,  -3.26094138e-02],
       [ -1.33153182e-01,  -7.45563541e-02,  -9.76771088e-02,
          2.15334932e-02,   6.66720500e-02],
       [  5.45214760e-02,   1.04615074e-01,  -6.35692125e-02,
         -3.84532102e-03,   7.15854902e-02],
       [  2.76978344e-01,   1.77950466e-01,   1.08361451e-01,
          9.70086131e-02,   7.97557515e-02],
       [  3.04703584e-01,   3.05809963e-01,   1.25791214e-01,
          1.22648363e-01,   6.20025303e-02],
       [  2.23522502e-01,   3.16994344e-01,   1.03456123e-01,
          6.74661277e-02,   1.22390846e-01],
       [  1.20077972e-01,   5.53080646e-02,   1.00563423e-02,
          7.97423587e-03,   1.32334019e-01],
       [  8.25875562e-02,  -3.00447819e-02,  -7.62028891e-02,
          1.23312904e-02,   8.97802213e-02],
       [  6.23646479e-02,   4.44056615e-02,  -2.95804596e-02,
          2.08620417e-02,   5.86250139e-03],
       [  1.13431778e-02,   2.10712328e-02,  -3.01223788e-04,
          2.95306481e-03,  -2.70183300e-02],
       [  5.74237314e-03,  -8.38262169e-03,  -8.95341295e-03,
          7.09129762e-03,  -3.65673238e-03],
       [  1.63967822e-02,  -8.51082045e-04,   4.49452047e-03,
          5.87094033e-03,  -8.52364593e-03],
       [  2.41310880e-02,   1.99194446e-02,  -3.76660482e-03,
          7.97581949e-03,  -6.51381010e-03],
       [  1.31590979e-02,   2.60998413e-02,  -4.32800324e-03,
          1.30955969e-02,  -3.92091950e-03],
       [ -1.58150834e-02,  -1.29306649e-02,  -7.38091566e-03,
         -2.84180338e-03,  -1.88099137e-03],
       [  7.76429450e-02,  -2.05301617e-02,  -1.62358279e-02,
          4.60862787e-02,   9.63648654e-02],
       [  3.25263912e-01,  -2.88795925e-01,   2.67737718e-01,
          9.14954502e-02,   2.48748954e-02],
       [  2.30413875e-01,  -5.96766788e-01,   2.49757922e-01,
          3.08166168e-02,  -4.89406510e-02],
       [  1.21853878e-01,   1.03034739e-01,  -2.27193494e-01,
          7.69384538e-02,   1.43257726e-01],
       [  2.71156188e-01,   5.81728415e-01,  -3.15133321e-02,
          1.62454755e-01,   8.95665654e-02],
       [  2.19313603e-01,   6.72274134e-02,   2.17652400e-01,
          8.51867159e-02,  -6.96643047e-02],
       [  1.45064684e-01,  -7.84588515e-02,   1.67475388e-01,
          7.25296010e-02,  -9.87336205e-02],
       [  6.10941405e-02,   1.80322085e-01,   2.24770919e-01,
          9.92900172e-02,  -1.31586022e-01],
       [ -1.09675166e-01,   5.47827134e-02,   1.63896689e-01,
          7.78146959e-02,  -5.97827908e-02],
       [ -1.29655423e-02,  -1.55364692e-01,   1.79105647e-01,
          9.30463245e-02,   3.96601586e-03],
       [  2.12312196e-01,   1.99524802e-02,   7.29843455e-02,
          1.34035846e-01,  -4.87144424e-02],
       [  1.26098392e-01,   7.97803597e-02,   2.38348920e-01,
          9.36798921e-02,  -1.13941335e-01],
       [  6.32895712e-02,   2.46452416e-01,   5.72780217e-01,
          7.48665348e-02,   7.58606634e-02],
       [  3.07375992e-01,   6.65130896e-01,   3.30297387e-01,
          1.18317003e-01,   2.81056298e-01],
       [  2.87275915e-01,   4.10793896e-01,   4.58708712e-02,
          8.98706614e-02,   1.44617626e-01],
       [  2.10363710e-01,   1.74536058e-01,   2.95954828e-02,
          5.68264998e-02,   6.62558524e-02],
       [  5.08745908e-01,   6.14544978e-01,   2.48079972e-01,
          9.33620434e-02,   1.38124316e-01],
       [  7.43980170e-01,   9.36311117e-01,   4.59698747e-01,
          1.04467735e-01,   8.66192345e-02],
       [  6.79519684e-01,   8.39082109e-01,   3.38129043e-01,
          7.12597507e-02,   9.60782157e-02],
       [  3.47899949e-01,   5.66172379e-01,   3.06539658e-01,
          2.63719030e-02,   2.66873057e-01],
       [  3.09971019e-01,   6.22527040e-01,   2.70351478e-01,
          9.78687599e-02,   2.71659303e-01],
       [  1.40839871e+00,   1.94313606e+00,   3.92328740e-02,
          1.25947578e-01,   1.32363479e-01],
       [  1.11937819e+00,   1.27805037e+00,   6.70561414e-02,
         -1.67185673e-02,   1.09361187e-02],
       [ -1.04784845e+00,  -1.88380733e+00,   1.16668199e-01,
          9.97605853e-03,   3.36366702e-02],
       [ -1.36506678e+00,  -2.07306328e+00,  -2.36759215e-01,
         -5.33862498e-02,   6.12647899e-02],
       [ -6.01083039e-01,  -8.89666388e-01,  -4.05859205e-01,
         -1.39461697e-01,  -2.62829687e-02],
       [ -4.51264852e-01,  -7.47497231e-01,  -2.37179301e-01,
         -6.84414705e-02,   4.92677250e-02],
       [ -3.62752654e-01,  -5.71819947e-01,  -6.86074125e-02,
          1.44268652e-02,   1.08355999e-01],
       [ -5.29032153e-01,  -6.84741762e-01,  -1.15394646e-01,
         -6.21207211e-02,   4.99478091e-02],
       [ -3.59861788e-01,  -3.53247831e-01,   1.46414370e-02,
         -5.78505069e-02,   5.93870096e-02],
       [ -1.62781896e-01,  -1.56681670e-01,   1.98711828e-01,
          1.76302477e-02,  -4.67766276e-02],
       [ -3.12128602e-01,  -3.67920396e-01,   9.19810592e-02,
         -1.60837319e-02,  -1.17356582e-01],
       [ -1.65623442e-01,  -1.21789242e-01,  -4.27766787e-02,
          7.85392921e-03,   9.10878468e-03],
       [  1.31537552e-02,   1.39900072e-01,  -2.13873337e-01,
          2.38382564e-02,   2.07915768e-01],
       [  4.28900364e-02,   1.72002168e-01,  -3.07854959e-01,
          1.12718230e-03,   2.77543576e-01],
       [ -5.94814564e-02,  -9.64562641e-03,  -4.06738765e-01,
         -6.09954820e-02,   2.58770699e-01],
       [ -2.60085602e-01,  -5.66322799e-02,  -6.82688284e-01,
         -1.99389412e-01,   3.92331535e-01],
       [ -4.15482493e-01,  -4.42470215e-02,  -8.06742930e-01,
         -1.71135079e-01,   4.56837567e-01],
       [ -2.38812465e-01,   1.16144682e-01,  -7.66835181e-01,
          2.54654128e-02,   3.80065679e-01],
       [ -7.44162250e-02,   2.33139205e-01,  -9.31748464e-01,
          1.44202288e-02,   3.99938733e-01],
       [ -1.62702088e-01,  -2.70193478e-01,  -1.04251646e+00,
         -1.53387207e-01,   4.98361518e-01],
       [ -2.85175338e-03,  -2.82386310e-03,  -1.58479035e+00,
          5.01310021e-02,   1.69980681e-01],
       [  3.42949127e-02,   3.37162469e-01,  -1.67340412e-01,
          6.24625447e-02,  -3.90669783e-01],
       [  3.82660965e-01,  -8.17801455e-02,   3.07438139e+00,
         -8.26272174e-02,  -2.44326381e-01],
       [  6.69691282e-01,  -6.87531903e-02,   2.67957891e+00,
          1.47135281e-01,  -1.60676314e-01],
       [  1.72117895e-01,  -1.57825578e-01,   6.83498017e-01,
          1.76737841e-01,  -3.62817357e-01],
       [ -4.38413087e-02,  -4.55810129e-01,   5.29520121e-01,
          4.89846663e-02,  -5.32323340e-01],
       [  8.71727488e-02,  -3.96028973e-01,   5.57708282e-01,
          5.48702983e-02,  -5.75085097e-01],
       [  9.19221604e-02,  -1.79260182e-01,   2.70156153e-01,
          4.21348329e-02,  -2.25090990e-01],
       [  3.14113043e-02,  -2.46918950e-02,   7.33205026e-03,
          1.50945094e-02,   4.88923035e-02],
       [  7.24113429e-03,   1.92274493e-02,  -1.92053951e-02,
          1.52146536e-02,   4.80471896e-02],
       [ -3.75952395e-02,  -3.84467198e-02,  -1.92706403e-02,
         -1.70727037e-02,   3.56846697e-03],
       [ -4.81074124e-02,  -4.27291733e-02,  -2.78914883e-02,
         -8.92503605e-03,   2.41635909e-02],
       [ -5.24063673e-02,  -4.06143495e-02,  -2.19611312e-02,
          5.06408599e-03,   5.06671801e-02],
       [ -1.79196890e-02,   9.24250138e-04,   9.75813990e-03,
          3.53449960e-02,   1.51036465e-02],
       [ -2.63654288e-02,   1.15048151e-02,   2.17728497e-02,
          3.50791786e-02,  -5.72241362e-02],
       [ -8.49538063e-02,  -1.02987969e-01,   2.16544956e-02,
         -3.75561156e-02,  -8.87351224e-02],
       [ -2.29369275e-01,  -4.09748551e-01,  -3.36149102e-02,
         -1.25926202e-01,  -1.01369602e-01],
       [ -5.71670090e-01,  -8.19053594e-01,  -2.78600273e-01,
         -2.04291328e-01,  -5.70188225e-02],
       [ -6.68944959e-01,  -9.27047681e-01,  -4.20747704e-01,
         -1.57048712e-01,  -7.00797456e-02],
       [ -6.57754923e-01,  -1.08128117e+00,  -3.14450448e-01,
         -5.09287359e-02,  -1.43721748e-02],
       [ -6.01862990e-01,  -1.36575413e+00,  -5.70196380e-01,
         -4.23415982e-02,   2.80484174e-01],
       [ -2.61433116e-01,  -4.73904285e-01,  -5.11110917e-01,
         -3.72912663e-03,   3.56710158e-01],
       [  9.01588661e-02,   5.64340820e-01,   3.25720144e-01,
          6.76285336e-02,   2.27571838e-01],
       [  4.04642916e-01,   5.87919899e-01,   5.46181624e-01,
         -3.34267703e-03,   1.93924046e-01],
       [  7.53064977e-01,   1.00560178e+00,   3.91073642e-01,
         -2.00489977e-02,   1.99851579e-01],
       [  8.80194869e-01,   1.20448637e+00,   6.95123681e-01,
          2.39186773e-01,   1.62810495e-01],
       [  6.73984407e-01,   7.13560085e-01,   7.49128920e-01,
          3.21554696e-01,   6.03943122e-02],
       [  4.50497882e-01,   3.77673676e-01,   4.31138130e-01,
          2.03336270e-01,  -7.11434041e-02],
       [  4.04466747e-01,   3.15497419e-01,   2.54200230e-01,
          1.67000805e-01,  -1.19484664e-01],
       [  2.64161923e-01,   1.94239966e-01,   1.18820985e-01,
          8.32888080e-02,  -1.13552598e-01],
       [  7.56037162e-02,   4.02282471e-02,   9.94920168e-03,
          9.36181803e-05,  -3.84602965e-02],
       [  5.00603461e-02,   1.21475671e-02,   6.82110197e-02,
          3.93187898e-02,   3.69341014e-02],
       [  5.83621728e-02,   7.88583196e-03,   7.69516503e-02,
          3.80398320e-02,  -3.05285093e-02],
       [  1.58951393e-02,   4.60832623e-03,   8.80724531e-03,
         -1.30741996e-02,  -5.35300265e-02],
       [  3.11754295e-04,   1.69648845e-02,  -1.18089271e-01,
         -6.85989719e-02,  -1.32152050e-02],
       [ -5.31393931e-02,  -3.19837072e-02,  -1.40323933e-01,
         -7.81503657e-02,   4.23935706e-02],
       [ -2.49020907e-01,  -2.47465422e-01,  -1.04369540e-01,
         -1.46859259e-01,   3.01141333e-03],
       [ -6.13321543e-01,  -7.06360468e-01,  -2.03817620e-01,
         -2.38010155e-01,  -7.37245838e-02],
       [ -8.08345818e-01,  -1.20293968e+00,  -2.71990605e-01,
         -1.76382665e-01,  -1.42076105e-01],
       [ -8.72742771e-01,  -9.89204280e-01,   1.69148836e-02,
         -4.24649944e-03,  -2.31846226e-01],
       [ -3.20397565e-01,  -5.04104564e-01,   1.72597586e-01,
          9.76429187e-02,  -5.04123503e-02],
       [  1.12883441e-01,  -3.25899589e-01,   7.58074414e-02,
          5.68492905e-02,   1.60493825e-01],
       [ -1.28809905e-01,   5.80643873e-01,   4.95397463e-01,
          6.70341285e-02,   4.32023289e-02],
       [  4.29661356e-01,   1.21683347e+00,   5.85007418e-01,
          1.03165541e-01,   4.32907343e-02],
       [  9.87105340e-01,   7.72078319e-01,   1.88893820e-01,
          1.47229583e-01,   1.70553313e-01],
       [  1.11567671e+00,   7.77649747e-01,   3.54408121e-01,
          3.32900668e-01,   2.24191963e-01],
       [  8.71179258e-01,   6.63586507e-01,   4.58651645e-01,
          3.31702785e-01,   1.54474858e-01],
       [  3.08191718e-01,   2.18915185e-01,   1.89130357e-01,
          1.48412474e-01,   9.41907729e-02],
       [  1.48281718e-01,   1.24334368e-01,   5.79839945e-02,
          9.16103164e-02,   1.34234668e-01],
       [  8.08158050e-02,   1.07791836e-01,   1.27207941e-02,
          5.06425760e-02,   7.89751568e-02],
       [  1.06846079e-02,   3.75689444e-02,  -2.77261529e-02,
         -9.86975692e-03,   1.11810399e-03],
       [  2.09330684e-02,  -7.74706817e-03,   8.86068562e-03,
          1.28044038e-02,  -2.28751675e-02],
       [  3.15113769e-02,   1.69069707e-02,   3.15071623e-02,
          3.40731109e-02,  -3.30979922e-02],
       [  2.63195999e-02,   1.95327237e-02,   4.21976604e-02,
          1.93745107e-02,  -1.68570991e-02],
       [ -7.95255732e-03,  -2.74922123e-02,   6.63597269e-03,
         -2.41446649e-02,  -3.69009741e-02],
       [ -1.99816533e-02,  -4.02803638e-02,  -8.94446474e-03,
         -2.91170997e-02,  -4.31145909e-02],
       [ -3.51034162e-02,  -1.75548430e-02,  -4.60684266e-03,
         -1.38600288e-02,  -9.57063289e-03],
       [ -2.05878185e-02,   1.76434169e-03,  -1.66505381e-02,
         -1.10981920e-02,  -4.88750985e-03],
       [ -1.81860731e-04,  -7.95498522e-03,  -4.60533678e-03,
          3.78798952e-03,   2.50164274e-03],
       [  1.35723930e-02,  -7.46997960e-03,  -2.64223294e-03,
          1.72369168e-03,   4.08732107e-03],
       [ -2.96531226e-03,   1.83761704e-02,   8.58799882e-03,
          8.49596682e-04,   1.65119018e-02],
       [  2.62501421e-01,   1.56996164e-01,  -4.78541203e-03,
          9.10760183e-02,   6.97790851e-02],
       [  5.43596564e-01,   3.24350837e-01,  -1.49170971e-03,
          1.84766539e-01,   1.22048875e-01],
       [  2.62502420e-01,   1.48814310e-01,   5.31549134e-03,
          9.25242523e-02,   6.26301094e-02],
       [ -7.96469926e-03,  -1.27713305e-02,   6.11699050e-03,
         -5.50404002e-03,   3.81772343e-03],
       [ -1.42917522e-03,  -1.12971054e-02,  -1.82400926e-03,
          6.54183802e-03,  -5.42275971e-03],
       [ -3.31197610e-03,   2.88659837e-04,   1.23023940e-02,
          4.30041432e-03,   3.04123932e-03],
       [  4.92074932e-03,   5.17914335e-03,   7.66789630e-03,
          1.22478989e-03,  -3.05318730e-03],
       [ -9.94254060e-03,  -3.74241290e-03,   1.02432913e-02,
          7.96233912e-04,  -6.86144352e-03],
       [ -6.56034798e-03,  -8.33880409e-03,  -2.11103970e-03,
         -6.35169568e-03,   1.92140656e-02],
       [  9.78784888e-03,  -4.34890235e-03,  -5.93853568e-03,
          5.76269700e-03,   2.54457670e-02],
       [ -2.93123380e-02,  -1.31660057e-01,   4.12107755e-01,
          7.08080929e-02,   1.42866638e-01],
       [ -4.03864512e-02,  -2.75289894e-01,   8.38503936e-01,
          1.54615396e-01,   2.61086820e-01],
       [ -2.77998505e-02,  -1.25621000e-01,   4.10188057e-01,
          7.71593450e-02,   1.23295236e-01],
       [  1.10291981e-02,   2.08426963e-02,   6.40743720e-04,
          4.70415137e-04,   1.80425455e-03],
       [  1.27748590e-04,  -1.39510856e-02,  -1.55797898e-03,
         -4.76237843e-03,  -1.11667695e-02],
       [ -2.20316125e-02,  -2.37144115e-02,  -3.22267138e-03,
         -1.18808610e-02,  -6.75550527e-03],
       [ -5.37141823e-03,  -7.42272868e-03,   3.31771799e-03,
         -1.05555190e-02,  -1.21287143e-02],
       [  1.52886544e-02,   2.42718704e-03,   1.08739709e-03,
          1.33565674e-04,  -7.60827214e-03],
       [  9.13717053e-03,   1.85421340e-02,   9.65819869e-03,
          1.75424317e-02,  -1.19639974e-02],
       [  3.80674964e-03,  -3.76887141e-04,  -4.46558951e-03,
          9.00701493e-03,  -5.46481132e-03],
       [ -2.38733939e-01,  -1.98039081e-01,  -3.66366793e-01,
         -3.83407557e-02,  -6.30462062e-03],
       [ -4.62564443e-01,  -3.81326272e-01,  -7.25710430e-01,
         -5.35815947e-02,   5.67450842e-03],
       [ -2.23951918e-01,  -1.71827359e-01,  -3.62762845e-01,
         -2.19733962e-02,  -7.64421934e-03],
       [  1.25832832e-02,   1.99702647e-02,   8.16111882e-03,
          1.22067052e-03,   6.21603136e-03],
       [ -4.89186264e-03,   1.09001248e-02,  -1.59890290e-02,
          4.91127951e-03,  -6.93533439e-03],
       [ -7.65081422e-03,  -2.83875119e-03,  -1.41572726e-02,
          4.69214204e-03,   3.67731456e-03],
       [ -2.60753792e-03,   2.08919417e-03,   8.63218033e-03,
         -2.64022015e-03,  -4.14325479e-03],
       [ -3.78828750e-03,  -2.00381289e-03,   6.71238419e-03,
          7.43585743e-03,  -8.32215389e-03],
       [ -1.61777831e-03,  -1.27137900e-03,  -5.25287160e-03,
         -5.63459829e-03,   8.39326929e-03],
       [  5.82388928e-03,   2.71930418e-03,   1.25081898e-03,
          1.10321791e-02,  -7.15295481e-03],
       [ -2.18874226e-02,  -2.60559580e-02,   2.42096801e-02,
         -2.31000630e-02,  -5.64081404e-02]])]Hidden bias: [array([-0.50632545, -0.96363674, -0.17959654, -0.68119942, -0.62996453])]Output weights: [[ 0.06175811  0.32566286]
 [-0.02186812  0.48195782]
 [-0.66817491 -0.04385828]
 [-0.01085293  0.0593316 ]
 [ 0.13062392  0.09271496]]Output bias: [ 0.17867115  0.00656218]
Value MLP:Hidden weights: [array([[  2.22249942e-04,   1.07658084e+00,  -6.84262651e-03,
          2.18280484e+00,  -3.55259258e-03],
       [  4.80805592e-03,   3.32485721e-01,  -6.42056805e-03,
          3.60052176e+00,  -4.64856372e-03],
       [  3.17243868e-03,  -4.81498685e-01,  -2.40538943e-03,
          7.06021645e+00,   3.49115847e-03],
       [ -2.11345927e-04,  -5.56333666e-01,  -4.21771176e-03,
          8.42976758e+00,   3.54050968e-03],
       [  8.12365395e-03,  -5.18356381e-01,  -2.82256522e-04,
          9.75070720e+00,  -5.14943689e-03],
       [  5.46725598e-03,  -2.52951001e-01,   1.05777824e-03,
          1.56361322e+01,   1.60121925e-03],
       [  4.72658246e-03,   5.17160554e-02,   7.82138733e-05,
          1.31588999e+01,  -4.78042989e-03],
       [  4.72703497e-03,   9.18327961e-02,   1.45523805e-02,
          5.55928623e+00,  -7.74726326e-03],
       [ -4.84153287e-03,   2.57986557e-02,  -2.47680883e-03,
          3.50216568e+00,  -3.02570573e-03],
       [ -2.44152803e-02,  -3.77914073e-02,  -2.88281439e-02,
          4.10802282e+00,  -3.21275767e-02],
       [ -5.18749860e-02,   5.70186924e-02,  -7.35756233e-02,
          5.95712320e+00,  -1.10008065e-01],
       [ -1.99623504e-01,   1.22884449e-01,  -2.03286262e-01,
          5.52946945e+00,  -2.85327261e-01],
       [ -3.08051942e-01,  -2.99545769e-02,  -3.04993331e-01,
          1.02246205e+00,  -3.51799895e-01],
       [ -2.51330202e-01,  -6.59215720e+00,  -2.48761721e-01,
         -1.44122500e+01,  -2.64752200e-01],
       [ -1.27985919e-01,  -1.29313149e+01,  -1.29288292e-01,
         -2.60000058e+01,  -1.46332557e-01],
       [ -4.59572249e-02,  -6.78757863e+00,  -3.90307612e-02,
         -9.89265290e+00,  -7.86010706e-02],
       [ -6.36124731e-03,  -7.38683731e-01,  -5.82882818e-03,
          4.04178080e+00,  -3.88123114e-02],
       [  2.43714749e-01,   4.25800433e-01,  -1.38611970e+00,
          3.92608302e-01,  -1.03816536e-01],
       [ -5.71739559e+00,   1.17961987e+00,  -2.75131000e+00,
         -6.38615269e-01,  -4.37195066e+01],
       [ -1.21382806e+01,  -4.59674618e-02,  -1.37570168e+00,
          2.16247452e+00,  -8.72018056e+01],
       [ -6.18645036e+00,  -4.15371201e-01,   8.69253443e-03,
          3.01916775e+00,  -4.35508649e+01],
       [ -7.87839541e-03,   1.34459093e-03,   6.73041470e-03,
          1.24950965e+00,  -5.61788948e-03],
       [ -4.06629093e-04,   1.80965954e-03,   4.78244008e-03,
         -6.94909692e-03,  -5.65888684e-03],
       [ -1.54732048e-04,  -7.60734315e-03,  -6.69975551e-03,
         -2.16570266e-03,  -1.38358921e-03],
       [  3.59507055e-03,  -7.20017948e-03,   9.60597414e-03,
         -7.70539936e-03,   3.81128136e-04],
       [  5.30712546e-03,  -8.03114751e-03,   2.04154194e-03,
          2.14949907e-03,  -4.59581342e-03],
       [ -4.09469966e-04,   4.70753131e-04,   8.17173982e-03,
          1.28158173e-01,  -2.39101576e-03],
       [  9.24077990e-03,   8.24477567e-03,   3.63503189e-03,
          6.64866109e-01,   5.30515569e-03],
       [  2.37614634e-03,   1.22493125e-02,  -3.48695731e-03,
         -1.35028069e+00,   8.17929597e-03],
       [  8.94014818e-03,   1.14713221e-01,  -1.24134880e-02,
          3.20726342e+00,  -4.35992073e+01],
       [ -5.10098854e-02,  -6.41390819e+00,  -6.17288792e-02,
          1.16418964e+01,  -8.72268298e+01],
       [ -8.86851231e-02,  -1.31212644e+01,  -8.32465509e-02,
          5.64142080e+00,  -4.36902729e+01],
       [ -1.08660544e-01,  -6.77105987e+00,  -1.07611512e-01,
          8.93404134e+00,  -1.29153503e-01],
       [ -1.56253682e-01,  -4.41622084e-01,  -1.53099209e-01,
          7.85458724e+00,  -1.62495474e-01],
       [ -6.47901649e+00,  -3.62833071e-01,  -2.21722059e-01,
          4.52281917e+00,  -2.14880894e-01],
       [ -1.27568495e+01,  -4.97722185e-02,  -2.98283765e-01,
         -2.78948239e-02,  -2.91342742e-01],
       [ -6.17682135e+00,   7.70741152e-01,  -1.65910088e+00,
          3.43442566e+00,  -3.60084089e-01],
       [  4.82137413e-01,   1.21779496e+00,  -2.84319884e+00,
          8.74245652e+00,  -2.67847825e-01],
       [  3.25574008e-01,   4.72041372e-01,  -1.31859418e+00,
          8.68513542e+00,  -6.80182254e-02],
       [  8.35628407e-02,  -6.05424686e+00,   8.21370139e-02,
          7.04862259e+00,  -2.99125342e-02],
       [  2.30763990e-02,  -1.21091825e+01,   2.94720571e-02,
          6.59049465e+00,  -1.02063406e-01],
       [ -1.66770573e-02,  -6.62426674e+00,  -1.42533113e-02,
          4.34920656e+00,  -3.70886001e-02],
       [ -7.52549876e-03,  -9.34436979e-01,  -9.46892360e-03,
         -2.18070562e+00,   4.78823590e-02],
       [ -1.90518715e-02,  -2.94774761e-01,  -1.13272761e-02,
         -3.19680319e+00,   5.51816880e-03],
       [ -2.46169456e-02,  -2.63288387e-01,  -1.32992267e-02,
          6.62378551e+00,  -1.91773945e-02],
       [ -1.48305920e-02,  -7.59010807e-01,   3.93176097e-04,
          1.17744179e+01,  -9.13532721e-03],
       [ -3.38655109e-03,  -4.31337050e-01,  -2.19704031e-02,
          5.14002355e+00,  -6.22371161e-03],
       [  7.09973769e-03,  -1.99084887e-02,  -2.20727403e-02,
         -2.04727277e+00,  -4.95789884e-04],
       [  9.55884442e-03,   5.64562535e-02,   5.94013551e-05,
         -4.76993052e+00,   1.54471355e-02],
       [  9.94788417e-03,   9.64052761e-02,   7.95194551e-03,
          8.12679918e+00,   7.78214331e-03],
       [ -1.61135451e-02,   5.80800677e-02,  -1.78679436e-02,
          1.07015653e+01,  -3.43439253e-02],
       [ -3.81650063e-02,  -4.38384682e-02,  -5.45854391e-02,
         -8.65902048e+00,  -4.75373174e-02],
       [ -6.38045513e-02,  -1.10082015e-01,  -8.37693668e-02,
         -5.54854339e+00,  -8.58360963e-02],
       [ -1.42952625e-01,  -1.70436831e-01,  -1.38955135e-01,
          3.83849877e+00,  -1.39515144e-01],
       [ -1.55140171e-01,  -1.62811157e-01,  -1.61870125e-01,
          1.50539154e+00,  -1.61755365e-01],
       [ -6.04818714e+00,   6.65841275e-01,  -1.49367001e+00,
          3.52571831e+00,  -1.93251588e-01],
       [ -1.18914803e+01,   1.56032929e+00,  -2.76257340e+00,
          4.18723826e+00,  -1.88693137e-01],
       [ -5.89822428e+00,   8.74059511e-01,  -1.33191916e+00,
          3.13779773e+00,  -6.57331079e-02],
       [ -3.73288074e-02,  -4.91558268e-01,  -5.25954390e-02,
          2.51806532e+00,  -4.36372218e+01],
       [ -1.16265506e-01,  -1.64069805e+00,  -1.27151014e-01,
         -3.75626173e-01,  -8.72341885e+01],
       [ -1.30971041e-01,  -1.74121976e+00,  -1.33703625e-01,
         -4.26435429e+00,  -4.36394632e+01],
       [ -1.17835178e-01,  -7.24187318e-01,  -1.34530772e-01,
         -1.32140737e+01,  -7.15468241e-02],
       [ -1.46490947e-01,  -4.55442656e-01,  -1.48349952e-01,
         -1.62593328e+01,  -1.41061320e-01],
       [ -6.37665262e+00,  -8.88633926e-01,  -1.36511130e-01,
         -1.14312963e+00,  -1.63991637e-01],
       [ -1.25191474e+01,  -6.98939667e+00,  -1.23987716e-01,
          5.86186415e+00,  -2.09240170e-01],
       [ -5.97218704e+00,  -1.13743884e+01,  -1.47792796e+00,
          5.76928654e+00,  -3.00707090e-01],
       [  4.11110686e-01,  -3.32115546e+00,  -2.85650209e+00,
          1.04030490e+01,  -3.38576947e-01],
       [  1.10790761e-01,   1.89939405e+00,  -1.49338814e+00,
          7.19183053e+00,  -4.40503278e+01],
       [ -1.65934781e-01,   2.83943799e-01,  -1.54517065e-01,
          6.11966836e+00,  -8.78166745e+01],
       [ -1.05303730e-01,  -4.47631796e-01,  -1.17097600e-01,
          8.58554491e+00,  -4.36985664e+01],
       [ -4.78424631e-02,  -9.45172761e-01,  -4.83523842e-02,
          3.29829442e+00,  -4.33657876e+01],
       [ -1.21382954e-02,  -4.71345130e-01,  -3.08351767e-02,
          1.74553534e+00,  -8.74070018e+01],
       [ -2.10049918e-02,  -3.52269295e-01,  -8.13469123e-03,
          3.67988798e+00,  -4.35856125e+01],
       [ -2.29353186e-02,  -3.89067817e-01,  -1.74458311e-02,
          1.22499745e+00,   2.34212329e-01],
       [ -3.62548733e-02,  -7.65154481e-01,  -3.82801365e-02,
         -6.64088136e-02,   4.95740374e-01],
       [ -2.75623762e-02,  -3.91024485e-01,  -4.18431764e-02,
          2.37035084e+00,   2.10679359e-01],
       [ -4.89326984e-02,  -4.31663029e-02,  -5.17114873e-02,
          3.98732857e+00,  -6.90186486e-02],
       [ -6.66705121e-02,  -6.56382255e-02,  -6.63872288e-02,
          1.40830994e+00,  -6.94823098e-02],
       [ -6.14142189e-02,  -1.95418905e-01,  -5.76242447e-02,
          6.26430610e-01,  -5.67038019e-02],
       [ -4.63482751e-02,  -2.29465809e-01,  -6.42244904e-02,
          2.57433365e+00,  -6.84624016e-02],
       [ -5.57899277e-02,  -1.19814937e-02,  -6.06804915e-02,
          1.63923963e+00,  -9.43878605e-02],
       [ -6.06294496e-02,   5.15426673e-02,  -6.75626414e-02,
          5.61308980e-02,  -7.27903612e-02],
       [ -6.51793257e-02,   9.68608966e-03,  -6.35543195e-02,
         -1.86417133e-01,  -6.63936773e-02],
       [ -6.66904475e-02,  -8.61662320e-03,  -8.04705623e-02,
          8.57574934e-01,  -7.62221686e-02],
       [ -6.82275536e-02,  -1.34037449e-02,  -7.35383404e-02,
          1.97019319e-01,  -6.71533142e-02],
       [ -6.77456015e-02,  -5.85672784e-02,  -6.20110407e-02,
         -4.31226925e+00,  -7.35720484e-02],
       [ -7.94723745e-02,  -7.71527149e-02,  -9.29001954e-02,
         -1.58798533e+00,  -8.76789053e-02],
       [ -9.26456276e-02,  -9.60738822e-02,  -1.17266104e-01,
         -4.18336414e+00,  -1.11800571e-01],
       [ -6.30550739e+00,  -5.94707158e-02,  -7.22434297e-02,
         -1.09508981e+01,  -7.98116640e-02],
       [ -1.21378992e+01,   8.57907065e-01,  -1.32164322e+00,
          5.86708737e+00,  -3.97939913e-02],
       [ -5.50564119e+00,   2.03329380e+00,  -2.63160135e+00,
          1.83707251e+01,  -2.98720685e-02],
       [  3.72558713e-01,   1.79672887e+00,  -1.33320326e+00,
          9.76977161e+00,  -2.26867988e-02],
       [ -9.29101251e-03,   9.07414835e-01,  -4.67830754e-03,
          4.18908487e+00,   3.27642389e-03],
       [  8.31109480e-04,   2.53028864e-01,   4.41858655e-03,
          2.88173055e+00,  -1.40084793e-03],
       [ -1.67118317e-02,  -2.24137806e-02,   2.34788032e-03,
          2.78485075e-01,  -1.35223876e-02],
       [ -9.25829409e-03,  -4.16896060e-01,  -1.31639892e-02,
         -8.86670915e-01,  -1.35117268e-02],
       [ -4.11528307e-03,  -1.03435286e+00,  -1.63677567e-02,
          7.05987006e-01,  -7.75296262e-03],
       [ -2.15663011e-02,  -6.48397197e-01,  -2.25576383e-02,
          2.49591810e+00,  -2.26406310e-02],
       [ -2.61440485e-02,   2.42142694e-01,  -1.78514997e-02,
          2.15848581e+00,  -1.52046956e-02],
       [ -1.72318164e-02,  -1.18254783e-01,  -3.27495525e-02,
          1.30440556e+00,   3.83920349e-03],
       [ -9.53572445e-02,  -9.31846468e-01,  -8.27976095e-02,
          3.89062501e-01,  -4.56581492e-02],
       [ -2.01487489e-01,  -8.27219872e-01,  -2.05219563e-01,
         -5.81831808e-01,  -2.31333648e-01],
       [ -2.48514806e-01,  -6.74869296e+00,  -2.38270809e-01,
          7.17755747e-01,  -2.89794746e-01],
       [ -2.08643728e-01,  -1.23510521e+01,  -2.04443996e-01,
          1.44892194e+00,  -2.77872814e-01],
       [ -1.47607724e-01,  -5.52039577e+00,  -1.53529385e-01,
          1.76492769e+00,  -2.14948363e-01],
       [ -1.29860135e-01,   4.16088206e-01,  -1.39683431e-01,
          3.10807130e+00,  -1.67346494e-01],
       [ -1.26562243e-01,   3.58546813e-02,  -1.31197461e-01,
          1.77802977e+00,  -1.77638482e-01],
       [ -5.83509892e-02,   2.22511695e-02,  -5.94952936e-02,
          2.53057838e+00,  -1.11107404e-01],
       [  3.69905465e-01,   8.85359224e-01,  -1.31389789e+00,
          1.06735350e+01,  -2.63202145e-02],
       [ -5.48023885e+00,   1.72892089e+00,  -2.61346866e+00,
          1.52545046e+01,  -2.33696452e-02],
       [ -1.21416327e+01,   7.65221513e-01,  -1.33320596e+00,
          1.00241306e+01,  -5.11387848e-02],
       [ -6.27012534e+00,  -5.28430302e-01,  -7.64209140e-03,
          8.82256803e+00,   2.36535360e-02],
       [ -8.28599145e-03,  -1.62093600e+00,   3.21647316e-03,
          8.94033002e+00,   5.91820389e-02],
       [ -6.07513950e-02,  -2.09274743e+00,  -5.56662158e-02,
          3.18759021e+00,  -1.83795246e-02],
       [ -6.82697787e-02,  -9.48226692e-01,  -6.52872491e-02,
         -9.84738638e-02,  -6.39525651e-02],
       [ -1.21052689e-02,  -3.42511983e-02,  -2.76353768e-02,
         -1.15175934e+00,  -2.86107708e-02],
       [  8.71156202e-03,   3.31714924e-03,  -9.50006609e-03,
         -2.90699961e+00,   5.87146439e-03],
       [ -3.66000552e-03,   4.88620406e-03,   8.37291956e-03,
         -2.88932306e+00,   5.90785153e-03],
       [ -4.27366295e-03,  -6.01828169e-03,  -5.70259741e-03,
         -1.15595292e+01,   5.47185667e-04],
       [ -9.57012244e-03,   6.68748004e-03,   7.77817495e-03,
         -1.56222464e+01,   7.96938565e-04],
       [ -3.47023067e-03,   5.88447783e-03,  -5.22235076e-04,
          5.05408979e-01,  -3.64631719e-03],
       [  7.94737249e-03,   6.58933690e-03,  -2.11102092e-03,
          4.68201725e+00,  -5.80481290e-03],
       [ -6.80960411e-03,   9.57892001e-03,  -5.42294458e-03,
          9.09386470e+00,  -8.76252691e-03],
       [  4.16692455e-03,  -4.36099966e-03,   8.88204803e-03,
          2.98111942e+00,  -2.84491416e-03],
       [  4.02178562e-03,   4.56665877e-03,  -3.58054596e-03,
         -1.18518509e+00,   5.67673099e-03],
       [  7.08807111e-03,   3.79579079e-03,  -8.75508067e-03,
         -1.23085861e-02,  -7.94358544e-03],
       [  3.88439179e-04,  -7.59601056e-03,   1.41712270e-03,
         -1.92538651e-02,   2.81967360e-03],
       [  5.46178483e-03,  -7.36433976e-03,  -4.30605579e-04,
          2.36473304e-03,  -3.72497408e-03],
       [ -3.39845005e-03,  -1.31887038e-03,   2.12958272e-03,
         -1.38405685e-03,  -2.46421957e-02],
       [ -6.20717489e+00,  -6.35557785e+00,  -1.64230299e+00,
          1.81577160e+01,  -4.15132452e-01],
       [ -1.23925376e+01,  -1.27036879e+01,  -3.27761638e+00,
          3.63313724e+01,  -8.14144586e-01],
       [ -6.20331283e+00,  -6.34635932e+00,  -1.63810276e+00,
          1.81548858e+01,  -4.09364113e-01],
       [ -7.63730817e-03,  -7.31892177e-03,   4.58486696e-03,
         -9.92553590e-04,  -3.91336542e-03],
       [ -3.70060199e-03,  -5.62184885e-03,  -9.26064287e-03,
         -3.98411871e-03,  -5.13042703e-03],
       [  6.06434658e-03,   4.93105458e-01,   7.36206982e-03,
         -2.20455958e-03,  -2.78749100e-02],
       [ -8.61441730e-03,   1.08185281e+00,   2.22937629e-03,
          4.21970501e-05,  -5.60208502e-02],
       [  5.27264601e-03,   5.23768562e-01,   2.28788983e-03,
          8.83082812e-05,  -3.58728693e-02],
       [  4.78915746e-03,  -2.40370847e-01,  -5.44480287e-03,
          3.75038659e-03,  -2.12216978e-02],
       [  2.37291738e-03,  -1.71107629e-01,   6.94733063e-03,
          8.88024638e-03,   4.67143046e-03],
       [  5.19219357e-03,  -1.36847442e-02,  -4.64785173e-03,
         -6.62682342e+00,  -4.35635195e+01],
       [  5.44214035e-03,  -6.31556016e+00,  -1.38901460e-02,
         -1.32522995e+01,  -8.71274235e+01],
       [ -5.78697862e-03,  -1.25597127e+01,  -1.30501142e-02,
         -6.62543291e+00,  -4.35659447e+01],
       [  8.31050814e-03,  -6.27055468e+00,   8.04957167e-03,
         -5.75098972e-03,   6.38119887e-03],
       [  2.87467276e-03,   8.42548441e-03,   2.60725080e-03,
          1.47215101e-04,  -1.38015549e-03],
       [  4.73315335e-03,   4.49390438e-03,  -9.15186115e-05,
         -3.09857553e-03,   3.52475319e-03],
       [ -4.03454474e-03,   9.37327158e-03,  -4.88265869e-04,
         -5.66107464e-03,   2.73988962e-03],
       [ -6.65696923e-05,  -4.71430339e-03,  -4.67523633e-03,
          8.69265293e-02,   9.63717334e-03],
       [  4.61558688e-03,   4.27561132e-03,   5.48724098e-03,
          1.60991079e-01,   5.04033606e-03],
       [  7.83307028e-03,  -4.49486198e-03,  -7.62820884e-03,
          8.63043875e-02,   5.17158058e-03],
       [ -6.20449276e+00,  -5.75879604e-02,  -1.63758587e+00,
          1.79190863e+01,  -4.39440339e+01],
       [ -1.23897351e+01,  -1.40965510e-01,  -3.27181790e+00,
          3.58492846e+01,  -8.78804304e+01],
       [ -6.19111805e+00,  -6.87149312e-02,  -1.64414398e+00,
          1.79133850e+01,  -4.39390363e+01],
       [ -2.26674240e-03,  -7.37287695e-03,   4.76001379e-03,
          3.77358718e-03,   4.98333250e-03],
       [  6.84278866e-03,   1.24565198e-03,   6.82767061e-03,
         -3.86229640e-03,   4.80834100e-03],
       [  8.24079410e-03,   2.04717286e-03,  -1.60187078e-03,
         -9.04737879e-03,  -7.11322747e-03],
       [  1.77280624e-03,  -6.53593852e-03,  -5.45136682e-03,
          1.16156812e-03,  -3.18430931e-03],
       [ -3.80332578e-03,  -8.12086015e-03,  -3.71463694e-03,
         -7.65864920e-03,  -7.22569811e-03],
       [  1.12879552e-03,  -6.67039306e-03,   9.67264718e-03,
         -4.94552832e-03,  -6.70588382e-03],
       [  5.59715451e-03,  -6.04364329e-03,  -7.21224112e-03,
         -3.88094915e-02,   9.22210643e-03],
       [ -6.26940858e-03,   5.38008917e-01,  -2.98454087e-03,
          6.18236812e-01,  -9.57828723e-03]])]Hidden bias: [array([-13.39695114, -13.74311406,  -4.29830718,  22.06353705, -88.94223412])]Output weights: [[ 22.16325276]
 [  8.34508882]
 [ 32.52898406]
 [-12.17285869]
 [ 24.79139142]]Output bias: [-31.9517677]