Action MLP:Hidden weights: [array([[ -2.38984321e-02,   3.49925053e-02,  -1.03457347e-03,
         -1.38179298e-02,  -9.68345017e-02],
       [ -3.16779959e-02,  -5.05606456e-02,  -3.96251026e-02,
          1.59743808e-02,  -5.37131679e-02],
       [  3.59173957e-03,  -2.87149027e-04,  -5.33582148e-02,
          8.53653265e-03,   2.15720710e-02],
       [  1.81705909e-01,   2.05663896e-01,  -9.98891528e-02,
          3.24686558e-02,   1.15505713e-01],
       [  2.47846741e-01,   2.26667254e-01,  -2.24270617e-02,
          8.07581014e-02,   7.05251509e-02],
       [  7.75210982e-02,   1.37949244e-01,   9.58847385e-02,
          5.15518992e-02,   4.05872043e-03],
       [  5.39226561e-03,   1.55883039e-01,  -1.09986924e-02,
         -6.00410474e-04,   6.00135479e-02],
       [  1.16965689e-02,   7.85240518e-02,   2.25136382e-02,
          1.62499233e-02,   1.26010025e-01],
       [  4.13373194e-02,  -6.22007875e-02,   1.04345663e-01,
          1.80355921e-02,   3.74355255e-02],
       [ -1.24291382e-02,  -2.09457672e-01,   1.75648836e-01,
          4.32308472e-02,  -1.01003801e-01],
       [ -1.84583778e-01,  -3.83191156e-01,   3.26725105e-01,
          2.66572989e-02,   1.51910872e-02],
       [ -2.43122428e-01,  -3.96979124e-01,   2.71509796e-01,
         -3.22560748e-02,  -1.90487027e-03],
       [ -1.20430404e-01,  -3.18793428e-01,   9.65793273e-02,
          3.83532395e-02,  -5.55058813e-02],
       [ -5.75230963e-02,  -1.37616974e-01,  -7.61295823e-02,
          2.71030922e-02,   5.95680070e-02],
       [  7.04403113e-02,   7.42416963e-02,  -2.86235039e-02,
          6.18873227e-03,   9.15253979e-02],
       [  2.73935346e-01,   2.21773267e-01,   1.05781713e-01,
          1.12736895e-01,   8.16583296e-02],
       [  3.08950689e-01,   3.63425536e-01,   1.19673099e-01,
          1.38909184e-01,   6.20197714e-02],
       [  1.88300430e-01,   2.71325599e-01,   1.36653240e-01,
          7.49809793e-02,   1.09234354e-01],
       [  6.68848997e-02,   1.60772141e-02,   3.81177890e-02,
          1.16274304e-02,   1.16350696e-01],
       [  6.22461339e-02,  -1.36605183e-02,  -1.09808605e-01,
          1.79793784e-02,   9.34336876e-02],
       [  6.02508781e-02,   5.19691515e-02,  -6.19276189e-02,
          2.41283411e-02,   6.57966697e-03],
       [  1.19315317e-02,   2.65686414e-02,  -3.96711280e-03,
          3.93561044e-03,  -2.80722313e-02],
       [  6.74315967e-03,  -3.44515269e-03,  -9.56887128e-03,
          6.98929402e-03,  -1.63818469e-03],
       [  9.08831742e-03,  -1.74119800e-03,   5.93168697e-03,
          2.65813880e-03,  -1.12125554e-02],
       [  6.96263483e-03,   1.23652246e-02,  -6.74997781e-04,
          1.65272240e-03,  -1.06402958e-02],
       [ -1.12488228e-03,   1.71384432e-02,  -3.10259423e-04,
          8.50761744e-03,  -4.47668672e-03],
       [ -1.25121086e-02,  -1.32516228e-02,  -6.37808750e-03,
         -2.48218670e-03,  -1.11795217e-02],
       [  6.06653872e-02,   1.40035046e-02,   5.84556977e-03,
          4.60581052e-02,   7.13503878e-02],
       [  2.98186740e-01,  -1.72145128e-01,   2.05594639e-01,
          7.68330551e-02,  -5.18187477e-03],
       [  2.46274981e-01,  -4.59940730e-01,   6.15274218e-02,
          1.16670403e-02,  -5.73656244e-02],
       [  1.59740240e-01,   1.25849165e-01,  -3.95810655e-01,
          8.74578680e-02,   1.62958309e-01],
       [  3.52330773e-01,   5.99690466e-01,  -1.53126126e-01,
          2.00624539e-01,   6.64763459e-02],
       [  2.58106960e-01,   1.40010506e-01,   1.79313176e-01,
          1.13926543e-01,  -1.43927375e-01],
       [  3.22470562e-02,  -1.22372854e-01,   9.39015827e-02,
          5.67577767e-02,  -1.05019087e-01],
       [  5.80920457e-02,   1.59805969e-01,   9.25218309e-02,
          7.36472673e-02,  -5.71550513e-02],
       [  2.39028714e-02,   1.42788546e-01,   1.27283096e-01,
          8.36246640e-02,  -3.57671418e-02],
       [ -1.43214368e-02,  -9.09135386e-02,   1.16055156e-01,
          1.01834526e-01,  -2.93141434e-02],
       [  1.41650788e-01,   5.23849708e-02,   5.81014006e-02,
          1.30429506e-01,  -2.66203253e-02],
       [  1.31998716e-01,   3.74977927e-02,   3.90082719e-01,
          1.01616053e-01,  -1.26547635e-01],
       [ -1.85150364e-02,   1.11196442e-01,   6.77204352e-01,
          9.63905235e-02,   3.05360197e-02],
       [  2.04975371e-01,   5.73169158e-01,   3.25310147e-01,
          1.29521701e-01,   2.62504325e-01],
       [  2.29969616e-01,   3.67311535e-01,  -4.25161796e-03,
          9.20734451e-02,   1.31341880e-01],
       [  1.32078324e-01,   1.68328962e-01,  -1.70508520e-02,
          7.82258180e-02,   5.80059316e-02],
       [  3.78208288e-01,   6.23758993e-01,   1.86044963e-01,
          1.20909006e-01,   1.93028849e-01],
       [  5.56923509e-01,   8.21832674e-01,   3.50987276e-01,
          1.05155990e-01,   1.38778031e-01],
       [  5.01210961e-01,   6.44397656e-01,   2.36684795e-01,
          6.16505603e-02,   8.57106634e-02],
       [  2.49745062e-01,   4.78099528e-01,   1.42085664e-01,
          2.36779289e-02,   2.93031994e-01],
       [  3.23129846e-01,   5.10778357e-01,   1.78745706e-01,
          5.81191197e-02,   2.83647070e-01],
       [  1.64463996e+00,   1.68959258e+00,   2.16945063e-01,
          8.55141623e-02,   9.93763435e-02],
       [  1.35597488e+00,   1.23182184e+00,   1.86091488e-01,
          4.92050384e-03,   5.30002327e-02],
       [ -1.08762683e+00,  -1.49001405e+00,  -8.52787307e-03,
          3.30056333e-02,   7.49528486e-02],
       [ -1.33117055e+00,  -1.66296917e+00,  -2.96964463e-01,
         -2.84986240e-02,   3.60853594e-02],
       [ -4.77122409e-01,  -7.98938902e-01,  -3.01688278e-01,
         -1.28527242e-01,  -6.94021965e-02],
       [ -5.09710220e-01,  -8.23371778e-01,  -1.61970699e-01,
         -1.06224146e-01,   1.56691330e-02],
       [ -4.65167706e-01,  -5.96797535e-01,  -1.04176956e-01,
         -2.79282081e-02,   9.79199899e-02],
       [ -5.17716315e-01,  -6.16197627e-01,  -1.44943535e-01,
         -8.14631277e-02,   2.49358288e-02],
       [ -2.71588130e-01,  -2.90530435e-01,  -3.93587778e-02,
         -4.72132027e-02,   5.01306472e-02],
       [ -4.66590545e-02,  -9.44758257e-02,   9.75215344e-02,
          4.60422489e-02,  -2.60780827e-02],
       [ -2.31977248e-01,  -3.36162621e-01,   7.31659559e-02,
          1.17784863e-03,  -1.10229617e-01],
       [ -1.58319270e-01,  -1.53856712e-01,  -1.15291445e-02,
          1.14011265e-02,   1.26696855e-02],
       [  6.60866535e-03,   1.32806398e-01,  -1.88782582e-01,
          3.13324439e-02,   2.06174569e-01],
       [  5.94742901e-02,   2.31081977e-01,  -2.38042103e-01,
          9.01500598e-03,   2.61777262e-01],
       [ -4.61968454e-02,   3.13848321e-02,  -3.03610491e-01,
         -6.03306403e-02,   2.21008203e-01],
       [ -2.78433870e-01,  -8.71780322e-02,  -5.86256175e-01,
         -1.99401843e-01,   3.54995704e-01],
       [ -4.52255904e-01,  -6.29768939e-02,  -7.05861225e-01,
         -1.81858195e-01,   4.39813884e-01],
       [ -2.93526103e-01,   1.08204850e-01,  -6.87289372e-01,
         -7.90105772e-03,   4.09818906e-01],
       [ -6.62802236e-02,   2.86425868e-01,  -8.37144435e-01,
         -9.62056382e-03,   4.75918444e-01],
       [  4.94265766e-02,  -2.38388754e-02,  -8.08705726e-01,
         -1.58997605e-01,   4.76843988e-01],
       [  2.65193232e-01,   1.96304905e-02,  -1.57003566e+00,
          7.62579819e-02,   1.01759066e-01],
       [  3.08920348e-02,   8.85007835e-02,  -7.37880050e-01,
          9.98605851e-02,  -3.22532881e-01],
       [  1.43805006e-01,  -4.70901189e-03,   2.52524612e+00,
         -7.08959781e-02,  -2.20161682e-01],
       [  5.39457043e-01,   1.31369871e-01,   2.54172779e+00,
          1.61083316e-01,  -2.05386547e-01],
       [  1.83299210e-01,  -1.04434401e-01,   6.51236510e-01,
          1.89411010e-01,  -3.82622055e-01],
       [ -4.82635317e-02,  -4.52627495e-01,   4.23321259e-01,
          4.63070300e-02,  -5.47071549e-01],
       [  7.55338536e-02,  -4.09268370e-01,   4.55834544e-01,
          5.38982204e-02,  -5.72419926e-01],
       [  8.35282284e-02,  -1.80691011e-01,   2.46432554e-01,
          4.37930277e-02,  -2.21599318e-01],
       [  2.56453429e-02,  -2.45013266e-02,   2.43979807e-02,
          1.58552881e-02,   4.92934040e-02],
       [  5.54680816e-03,   2.43513300e-02,  -1.13125481e-02,
          1.46094598e-02,   4.88368818e-02],
       [ -3.45655962e-02,  -2.80467746e-02,  -2.12359629e-02,
         -1.86127486e-02,   3.03881568e-03],
       [ -3.29501679e-02,  -3.04834698e-02,  -3.20295896e-02,
         -1.08551815e-02,   2.73410871e-02],
       [ -3.75488728e-02,  -2.65777900e-02,  -4.02828253e-02,
          1.37994341e-03,   5.78539832e-02],
       [ -9.30633582e-03,   1.89286678e-02,  -2.69560945e-02,
          2.70759615e-02,   3.74496904e-02],
       [ -1.53115208e-02,   2.86615127e-02,  -1.93704606e-02,
          2.26848130e-02,  -1.80050678e-02],
       [ -8.51474311e-02,  -8.71339735e-02,  -7.38518744e-03,
         -4.32451688e-02,  -7.42387760e-02],
       [ -2.30608108e-01,  -3.88660663e-01,  -6.34778861e-02,
         -1.39768649e-01,  -1.12818587e-01],
       [ -5.52106477e-01,  -8.21560756e-01,  -3.40427976e-01,
         -2.35052767e-01,  -7.37565981e-02],
       [ -6.51726188e-01,  -9.37892194e-01,  -3.96240144e-01,
         -1.75547596e-01,  -1.18989703e-01],
       [ -6.89552704e-01,  -1.08854832e+00,  -1.70134056e-01,
         -7.28940420e-02,  -1.04286686e-01],
       [ -7.88656466e-01,  -1.43712799e+00,  -1.23685493e-01,
         -7.13333303e-02,   1.35863159e-01],
       [ -4.81018295e-01,  -4.61587037e-01,  -8.59514084e-02,
         -1.30541411e-03,   2.51135745e-01],
       [  2.15186844e-01,   9.11268819e-01,  -1.58231320e-02,
          5.30147778e-02,   2.44673540e-01],
       [  6.78079634e-01,   9.13878853e-01,  -1.55358213e-02,
         -3.80257539e-02,   1.93669385e-01],
       [  8.01914244e-01,   9.36896786e-01,   1.34413649e-01,
          2.74598812e-02,   1.91261430e-01],
       [  8.59049531e-01,   1.06990217e+00,   6.08872092e-01,
          3.45421625e-01,   2.22350678e-01],
       [  6.72170992e-01,   6.58347733e-01,   7.28846894e-01,
          3.87110251e-01,   1.36312872e-01],
       [  4.14422473e-01,   2.98296451e-01,   3.55439262e-01,
          2.16064449e-01,  -1.00893040e-02],
       [  3.73670298e-01,   2.73590026e-01,   1.92243675e-01,
          1.65276482e-01,  -8.89195145e-02],
       [  2.50532965e-01,   2.11694716e-01,   9.74211719e-02,
          8.57942524e-02,  -1.00707077e-01],
       [  6.76346692e-02,   5.51342549e-02,   3.17220017e-04,
          3.01607508e-03,  -3.35667656e-02],
       [  4.64045313e-02,   1.52805983e-03,   6.17852828e-02,
          4.28292911e-02,   3.73741107e-02],
       [  6.04569521e-02,  -7.96725489e-03,   6.34541952e-02,
          4.20853188e-02,  -1.71005519e-02],
       [  1.00511048e-02,  -1.81127336e-02,  -1.98437228e-02,
         -1.24220537e-02,  -3.04175744e-02],
       [ -2.75641990e-02,  -4.94828527e-04,  -1.30563003e-01,
         -7.32063940e-02,  -1.35776650e-02],
       [ -6.60686592e-02,  -1.41806336e-02,  -1.10656264e-01,
         -8.27183799e-02,   1.62009940e-02],
       [ -2.04011354e-01,  -1.97314820e-01,  -9.95135515e-02,
         -1.40093675e-01,   3.58125635e-03],
       [ -4.92659435e-01,  -5.89462877e-01,  -3.39622868e-01,
         -2.54263087e-01,  -4.24157001e-02],
       [ -7.55514878e-01,  -1.13908745e+00,  -6.25354977e-01,
         -2.57462267e-01,  -1.94023064e-01],
       [ -8.06173234e-01,  -9.44204724e-01,  -2.91193193e-01,
         -5.40371806e-02,  -2.66323516e-01],
       [ -4.37528460e-01,  -5.05843821e-01,   3.36003174e-01,
          7.52413714e-02,   1.06596005e-02],
       [ -2.42880323e-01,  -5.03563320e-01,   5.20106064e-01,
          1.29423250e-02,   1.26580578e-01],
       [ -1.44242710e-01,   3.15764251e-01,   5.83183524e-01,
          7.09025477e-02,  -2.21101985e-02],
       [  5.81918103e-01,   1.01790836e+00,   2.30526373e-01,
          1.35066597e-01,   5.94395092e-02],
       [  1.11295118e+00,   9.76276427e-01,  -8.90786808e-02,
          2.36155004e-01,   2.49041839e-01],
       [  1.14262663e+00,   1.06665648e+00,   3.45862430e-01,
          4.35067677e-01,   3.01599587e-01],
       [  7.57690810e-01,   7.10320526e-01,   4.89743533e-01,
          3.57576318e-01,   1.63866024e-01],
       [  2.73387269e-01,   2.44524704e-01,   1.97505073e-01,
          1.51267508e-01,   5.71953318e-02],
       [  1.63299434e-01,   1.73319622e-01,   7.52768499e-02,
          9.48980473e-02,   8.42488619e-02],
       [  9.60166291e-02,   1.36498060e-01,   1.72386969e-02,
          4.86674330e-02,   5.49986757e-02],
       [  1.57884387e-02,   3.79266840e-02,  -3.28856849e-02,
         -1.26004111e-02,   1.62718128e-03],
       [  2.34806560e-02,  -6.67297276e-03,   2.32878025e-03,
          1.00707861e-02,  -2.16499222e-02],
       [  3.01276901e-02,   1.20929704e-02,   2.74721016e-02,
          3.02652411e-02,  -3.54880314e-02],
       [  2.20692440e-02,   8.39547724e-03,   3.77415219e-02,
          1.39541272e-02,  -2.03491971e-02],
       [ -1.12782258e-02,  -3.61897078e-02,   4.07455786e-03,
         -2.71170889e-02,  -3.72926209e-02],
       [ -2.27374600e-02,  -4.33280430e-02,  -8.81841595e-03,
         -2.99970193e-02,  -4.27068658e-02],
       [ -3.57215298e-02,  -1.86062096e-02,  -2.81546911e-03,
         -1.41254366e-02,  -9.65928568e-03],
       [ -2.02084674e-02,   9.36054429e-04,  -1.27328264e-02,
         -1.13058232e-02,  -5.15404335e-03],
       [ -7.91544796e-04,  -9.05241665e-03,   6.42074416e-04,
          2.94189385e-03,   1.71084777e-03],
       [  1.30470608e-02,  -8.81637321e-03,  -6.04343756e-04,
          8.89096905e-04,   3.72285638e-03],
       [ -3.79227036e-03,   1.54825406e-02,   3.11647693e-03,
         -1.66430229e-04,   1.71490508e-02],
       [  2.71913073e-01,   2.47681353e-01,  -1.06735041e-01,
          9.10692197e-02,   9.78813752e-02],
       [  5.62713269e-01,   5.05505207e-01,  -1.95191755e-01,
          1.85640565e-01,   1.76795370e-01],
       [  2.72156817e-01,   2.39481512e-01,  -8.97781095e-02,
          9.31333571e-02,   8.97332327e-02],
       [ -6.06449302e-03,  -1.03730749e-02,   5.54988079e-03,
         -5.25152115e-03,   3.93509334e-03],
       [ -2.67892741e-04,  -1.05535425e-02,  -3.20824266e-03,
          6.59323634e-03,  -5.04351837e-03],
       [ -2.65875535e-03,   8.10008816e-04,   1.22351895e-02,
          4.40579820e-03,   3.21607787e-03],
       [  5.66523566e-03,   5.92558323e-03,   9.10880332e-03,
          1.35129860e-03,  -3.07312067e-03],
       [ -8.81118673e-03,  -3.31677160e-03,   1.10181321e-02,
          1.21641659e-03,  -6.47857490e-03],
       [ -6.26272051e-03,  -8.10791961e-03,  -2.20735698e-03,
         -5.96794219e-03,   1.98350989e-02],
       [  8.08934181e-03,  -3.98283513e-03,  -6.01411330e-03,
          5.32099026e-03,   2.53713262e-02],
       [ -5.47484520e-02,  -1.61730880e-01,   3.38942857e-01,
          7.66516731e-02,   1.00095000e-01],
       [ -8.89564892e-02,  -3.35928019e-01,   6.91627933e-01,
          1.67217939e-01,   1.76280809e-01],
       [ -5.20403759e-02,  -1.55853566e-01,   3.36683396e-01,
          8.35117067e-02,   8.09725220e-02],
       [  1.12475569e-02,   2.12502443e-02,   6.76437142e-04,
          4.98987131e-04,   1.84963778e-03],
       [  2.79474370e-04,  -1.35801426e-02,  -1.52038225e-03,
         -4.75140544e-03,  -1.11099894e-02],
       [ -2.20098144e-02,  -2.36045613e-02,  -3.22731471e-03,
         -1.18889346e-02,  -6.71518422e-03],
       [ -8.25341203e-03,  -9.36032086e-03,   3.16576821e-03,
         -1.10105081e-02,  -1.24415830e-02],
       [  9.54300243e-03,  -1.44517794e-03,   8.36163033e-04,
         -7.59340032e-04,  -8.28757290e-03],
       [  6.25116457e-03,   1.65896336e-02,   9.54047460e-03,
          1.70924808e-02,  -1.23101003e-02],
       [  3.77723973e-03,  -4.06959179e-04,  -4.46854687e-03,
          8.99562138e-03,  -5.45698959e-03],
       [ -1.96534711e-01,  -1.76549978e-01,  -5.93295689e-01,
         -4.80085192e-02,   2.28095073e-02],
       [ -3.78165987e-01,  -3.38348065e-01,  -1.17956822e+00,
         -7.29171216e-02,   6.39027643e-02],
       [ -1.81752690e-01,  -1.50338255e-01,  -5.89691741e-01,
         -3.16411595e-02,   2.14699085e-02],
       [  1.25848906e-02,   1.99763275e-02,   8.16734852e-03,
          1.22203876e-03,   6.21489807e-03],
       [ -4.70507392e-03,   1.10676234e-02,  -1.59903969e-02,
          4.87643505e-03,  -6.76920888e-03],
       [ -7.38749427e-03,  -2.59284482e-03,  -1.41310810e-02,
          4.62902448e-03,   3.86744304e-03],
       [ -2.63863477e-03,   2.07736229e-03,   8.71338119e-03,
         -2.66058623e-03,  -4.26121237e-03],
       [ -3.90126336e-03,  -2.17489064e-03,   6.67992122e-03,
          7.42904511e-03,  -8.46822614e-03],
       [ -1.63014794e-03,  -1.43052010e-03,  -5.41127284e-03,
         -5.66210193e-03,   8.36649141e-03],
       [  5.81248751e-03,   2.64502946e-03,   1.17380856e-03,
          1.10202411e-02,  -7.19470840e-03],
       [ -4.68059482e-03,   3.70382609e-02,   8.01418675e-03,
         -1.82664626e-02,  -6.44598467e-02]])]Hidden bias: [array([-0.53398779, -0.83802965, -0.51147044, -0.66609867, -0.66023971])]Output weights: [[ 0.10611664  0.31313855]
 [ 0.00395386  0.24069522]
 [-0.64438155 -0.01890233]
 [ 0.01475724  0.04047393]
 [ 0.19630935  0.02482164]]Output bias: [-0.12241891 -0.03772501]
Value MLP:Hidden weights: [array([[  2.22249959e-04,   1.07658084e+00,  -1.78205355e-04,
          2.18280484e+00,  -3.55259258e-03],
       [  4.80805595e-03,   3.32485721e-01,   1.99468969e-03,
          3.60052176e+00,  -4.64856372e-03],
       [  3.17243869e-03,  -4.81498685e-01,   1.95103930e-03,
          7.06021645e+00,   3.49115847e-03],
       [ -2.11345942e-04,  -5.56333666e-01,  -4.33262627e-03,
          8.42976758e+00,   3.54050968e-03],
       [  8.12365394e-03,  -5.18356381e-01,  -3.01411014e-03,
          9.75070720e+00,  -5.14943689e-03],
       [  5.46725598e-03,  -2.52951001e-01,  -2.09401221e-03,
          1.56361322e+01,   1.60121925e-03],
       [  4.72658244e-03,   5.17160554e-02,  -6.52724888e-03,
          1.31588999e+01,  -4.78042989e-03],
       [  4.72703494e-03,   9.18327961e-02,   4.59556938e-03,
          5.55928623e+00,  -7.74726326e-03],
       [ -4.84153287e-03,   2.57986557e-02,  -7.07690017e-03,
          3.50216568e+00,  -3.02570573e-03],
       [ -2.44152803e-02,  -3.77914073e-02,  -2.75990731e-02,
          4.10802282e+00,  -3.21275767e-02],
       [ -5.18749860e-02,   5.70186924e-02,  -7.12197520e-02,
          5.95712320e+00,  -1.10008065e-01],
       [ -1.99623504e-01,   1.22884449e-01,  -2.01553535e-01,
          5.52972484e+00,  -2.85327261e-01],
       [ -3.08051942e-01,  -2.99545769e-02,  -3.02671401e-01,
          1.26054970e+00,  -3.51799895e-01],
       [ -2.51330202e-01,  -6.59215720e+00,  -2.46109138e-01,
         -1.39616308e+01,  -2.64752200e-01],
       [ -1.27985919e-01,  -1.29313149e+01,  -1.30675240e-01,
         -2.57955042e+01,  -1.46332557e-01],
       [ -4.59572249e-02,  -6.78757863e+00,  -4.32520657e-02,
         -9.88443366e+00,  -7.86010706e-02],
       [ -6.36124732e-03,  -7.38683731e-01,  -7.85253411e-03,
          4.42054728e+00,  -3.88123114e-02],
       [  2.43714749e-01,   4.25800433e-01,  -1.38618457e+00,
          1.11713202e+00,  -1.03816536e-01],
       [ -5.71739559e+00,   1.17961987e+00,  -2.75130956e+00,
         -2.76353419e-01,  -4.37195066e+01],
       [ -1.21382806e+01,  -4.59674618e-02,  -1.37570081e+00,
          2.16247451e+00,  -8.72018056e+01],
       [ -6.18645036e+00,  -4.15371201e-01,   8.69297358e-03,
          3.01916775e+00,  -4.35508649e+01],
       [ -7.87839541e-03,   1.34459093e-03,   6.73148685e-03,
          1.24950965e+00,  -5.61788948e-03],
       [ -4.06629093e-04,   1.80965954e-03,   4.78319293e-03,
         -6.94909692e-03,  -5.65888684e-03],
       [ -1.54732048e-04,  -7.60734315e-03,  -6.69940867e-03,
         -2.16570266e-03,  -1.38358921e-03],
       [  3.59507055e-03,  -7.20017948e-03,   9.60566537e-03,
         -7.70539936e-03,   3.81128136e-04],
       [  5.30712546e-03,  -8.03114751e-03,   2.04070272e-03,
          2.14949907e-03,  -4.59581342e-03],
       [ -4.09469963e-04,   4.70753131e-04,   8.94233456e-03,
          1.28158173e-01,  -2.39101576e-03],
       [  9.24077990e-03,   8.24477567e-03,   1.61298911e-03,
          1.04187472e+00,   5.30515569e-03],
       [  2.37614633e-03,   1.22493125e-02,  -8.76800188e-03,
          1.68933890e-01,   8.17929597e-03],
       [  8.94014817e-03,   1.14713221e-01,  -1.28364492e-02,
          4.56468969e+00,  -4.35992073e+01],
       [ -5.10098854e-02,  -6.41390819e+00,  -5.87793100e-02,
          1.13067194e+01,  -8.72268298e+01],
       [ -8.86851231e-02,  -1.31212644e+01,  -8.24514367e-02,
          5.09060344e+00,  -4.36902729e+01],
       [ -1.08660544e-01,  -6.77105987e+00,  -1.07702552e-01,
          8.93362119e+00,  -1.29153503e-01],
       [ -1.56253682e-01,  -4.41622084e-01,  -1.53097248e-01,
          7.85458724e+00,  -1.62495474e-01],
       [ -6.47901649e+00,  -3.62833071e-01,  -2.21721729e-01,
          4.52281917e+00,  -2.14880894e-01],
       [ -1.27568495e+01,  -4.97722185e-02,  -2.98283579e-01,
         -2.78948239e-02,  -2.91342742e-01],
       [ -6.17682135e+00,   7.70741152e-01,  -1.65910086e+00,
          3.43442566e+00,  -3.60084089e-01],
       [  4.82137413e-01,   1.21779496e+00,  -2.84319899e+00,
          8.74245652e+00,  -2.67847825e-01],
       [  3.25574008e-01,   4.72041372e-01,  -1.31860141e+00,
          8.68513542e+00,  -6.80182254e-02],
       [  8.35628407e-02,  -6.05424686e+00,   8.20721220e-02,
          7.04862259e+00,  -2.99125342e-02],
       [  2.30763990e-02,  -1.21091825e+01,   2.93452969e-02,
          6.59049465e+00,  -1.02063406e-01],
       [ -1.66770573e-02,  -6.62426674e+00,  -1.81525048e-02,
          4.34894059e+00,  -3.70886001e-02],
       [ -7.52549877e-03,  -9.34436979e-01,  -1.84801431e-02,
         -2.18117505e+00,   4.78823590e-02],
       [ -1.90518715e-02,  -2.94774761e-01,  -1.91824897e-02,
         -3.19694417e+00,   5.51816880e-03],
       [ -2.46169457e-02,  -2.63288387e-01,  -1.91469031e-02,
          6.62384800e+00,  -1.91773945e-02],
       [ -1.48305920e-02,  -7.59010807e-01,  -5.15241571e-03,
          1.17744179e+01,  -9.13532721e-03],
       [ -3.38655109e-03,  -4.31337050e-01,  -1.54790131e-02,
          5.14020230e+00,  -6.22371161e-03],
       [  7.09973775e-03,  -1.99084887e-02,  -2.07583329e-03,
         -2.04691528e+00,  -4.95789884e-04],
       [  9.55884445e-03,   5.64562535e-02,   9.77728714e-03,
         -4.76975177e+00,   1.54471355e-02],
       [  9.94788417e-03,   9.64052761e-02,   2.62728416e-03,
          8.12504167e+00,   7.78214331e-03],
       [ -1.61135451e-02,   5.80800677e-02,  -2.30239104e-02,
          1.07147586e+01,  -3.43439253e-02],
       [ -3.81650063e-02,  -4.38384682e-02,  -5.71296744e-02,
         -9.20026302e+00,  -4.75373174e-02],
       [ -6.38045513e-02,  -1.10082015e-01,  -8.62288358e-02,
         -6.67764271e+00,  -8.58360963e-02],
       [ -1.42952625e-01,  -1.70436831e-01,  -1.40500797e-01,
          3.26558824e+00,  -1.39515144e-01],
       [ -1.55140171e-01,  -1.62811157e-01,  -1.62238575e-01,
          1.50538705e+00,  -1.61755365e-01],
       [ -6.04818714e+00,   6.65841275e-01,  -1.49363983e+00,
          3.52529816e+00,  -1.93251588e-01],
       [ -1.18914803e+01,   1.56032929e+00,  -2.76255324e+00,
          4.18635826e+00,  -1.88693137e-01],
       [ -5.89822428e+00,   8.74059511e-01,  -1.33190988e+00,
          3.13729816e+00,  -6.57331079e-02],
       [ -3.73288075e-02,  -4.91558268e-01,  -5.26539454e-02,
          2.51802561e+00,  -4.36372218e+01],
       [ -1.16265506e-01,  -1.64069805e+00,  -1.26074708e-01,
          4.12105194e-01,  -8.72341885e+01],
       [ -1.30971041e-01,  -1.74121976e+00,  -1.28863746e-01,
         -2.68863617e+00,  -4.36394632e+01],
       [ -1.17835178e-01,  -7.24187318e-01,  -1.28347151e-01,
         -1.20635697e+01,  -7.15468241e-02],
       [ -1.46490947e-01,  -4.55442656e-01,  -1.45849372e-01,
         -1.55345537e+01,  -1.41061320e-01],
       [ -6.37665262e+00,  -8.88633926e-01,  -1.36427200e-01,
         -7.80867764e-01,  -1.63991637e-01],
       [ -1.25191474e+01,  -6.98939667e+00,  -1.23883663e-01,
          5.86186415e+00,  -2.09240170e-01],
       [ -5.97218704e+00,  -1.13743884e+01,  -1.47788883e+00,
          5.76928654e+00,  -3.00707090e-01],
       [  4.11110686e-01,  -3.32115546e+00,  -2.85649878e+00,
          1.04030490e+01,  -3.38576947e-01],
       [  1.10790761e-01,   1.89939405e+00,  -1.49317010e+00,
          7.19183053e+00,  -4.40503278e+01],
       [ -1.65934781e-01,   2.83943799e-01,  -1.56784904e-01,
          5.58416332e+00,  -8.78166745e+01],
       [ -1.05303730e-01,  -4.47631796e-01,  -1.21458304e-01,
          8.64188687e+00,  -4.36985664e+01],
       [ -4.78424631e-02,  -9.45172761e-01,  -4.97152127e-02,
          5.01745521e+00,  -4.33657876e+01],
       [ -1.21382954e-02,  -4.71345130e-01,  -3.06324038e-02,
          2.87281089e+00,  -8.74070018e+01],
       [ -2.10049918e-02,  -3.52269295e-01,  -8.44338410e-03,
          3.67984973e+00,  -4.35856125e+01],
       [ -2.29353186e-02,  -3.89067817e-01,  -1.74435073e-02,
          1.22499745e+00,   2.34212329e-01],
       [ -3.62548733e-02,  -7.65154481e-01,  -3.82792882e-02,
         -6.64088136e-02,   4.95740374e-01],
       [ -2.75623762e-02,  -3.91024485e-01,  -4.18423372e-02,
          2.37035084e+00,   2.10679359e-01],
       [ -4.89326984e-02,  -4.31663029e-02,  -5.17103512e-02,
          3.98732857e+00,  -6.90186486e-02],
       [ -6.66705121e-02,  -6.56382255e-02,  -6.63859748e-02,
          1.40830994e+00,  -6.94823098e-02],
       [ -6.14142189e-02,  -1.95418905e-01,  -5.76231166e-02,
          6.26430610e-01,  -5.67038019e-02],
       [ -4.63482751e-02,  -2.29465809e-01,  -6.42234913e-02,
          2.57433365e+00,  -6.84624016e-02],
       [ -5.57899277e-02,  -1.19814937e-02,  -6.22359415e-02,
          1.63923963e+00,  -9.43878605e-02],
       [ -6.06294496e-02,   5.15426673e-02,  -7.34084213e-02,
          5.61308980e-02,  -7.27903612e-02],
       [ -6.51793257e-02,   9.68608966e-03,  -6.21602413e-02,
         -1.86417133e-01,  -6.63936773e-02],
       [ -6.66904474e-02,  -8.61662320e-03,  -6.64204590e-02,
          8.57574934e-01,  -7.62221686e-02],
       [ -6.82275536e-02,  -1.34037449e-02,  -6.55153324e-02,
          9.84788936e-01,  -6.71533142e-02],
       [ -6.77456015e-02,  -5.85672784e-02,  -6.09049882e-02,
         -2.73848789e+00,  -7.35720484e-02],
       [ -7.94723745e-02,  -7.71527149e-02,  -9.39541390e-02,
         -4.24964988e-01,  -8.76789053e-02],
       [ -9.26456276e-02,  -9.60738822e-02,  -1.23902385e-01,
         -3.42758906e+00,  -1.11800571e-01],
       [ -6.30550739e+00,  -5.94707158e-02,  -7.63337995e-02,
         -1.05721316e+01,  -7.98116640e-02],
       [ -1.21378992e+01,   8.57907065e-01,  -1.32166861e+00,
          5.86708737e+00,  -3.97939913e-02],
       [ -5.50564119e+00,   2.03329380e+00,  -2.63166320e+00,
          1.83707251e+01,  -2.98720685e-02],
       [  3.72558713e-01,   1.79672887e+00,  -1.33290393e+00,
          9.77674942e+00,  -2.26867988e-02],
       [ -9.29101254e-03,   9.07414835e-01,  -7.88596041e-03,
          4.17356706e+00,   3.27642389e-03],
       [  8.31109459e-04,   2.53028864e-01,  -2.17237631e-03,
          2.27975202e+00,  -1.40084793e-03],
       [ -1.67118317e-02,  -2.24137806e-02,   6.67245056e-04,
         -8.51471695e-01,  -1.35223876e-02],
       [ -9.25829409e-03,  -4.16896060e-01,  -1.10279792e-02,
         -1.43760911e+00,  -1.35117268e-02],
       [ -4.11528306e-03,  -1.03435286e+00,  -1.56281390e-02,
          7.05522656e-01,  -7.75296262e-03],
       [ -2.15663011e-02,  -6.48397197e-01,  -2.25423597e-02,
          2.49591810e+00,  -2.26406310e-02],
       [ -2.61440485e-02,   2.42142694e-01,  -1.78461969e-02,
          2.15848581e+00,  -1.52046956e-02],
       [ -1.72318164e-02,  -1.18254783e-01,  -3.25627366e-02,
          1.30436136e+00,   3.83920349e-03],
       [ -9.53572445e-02,  -9.31846468e-01,  -8.24314124e-02,
          3.88974095e-01,  -4.56581492e-02],
       [ -2.01487489e-01,  -8.27219872e-01,  -2.05034993e-01,
         -5.81876010e-01,  -2.31333648e-01],
       [ -2.48514806e-01,  -6.74869296e+00,  -2.37603874e-01,
          7.17755743e-01,  -2.89794746e-01],
       [ -2.08643728e-01,  -1.23510521e+01,  -2.02172735e-01,
          1.44892193e+00,  -2.77872814e-01],
       [ -1.47607724e-01,  -5.52039577e+00,  -1.51199732e-01,
          1.21473944e+00,  -2.14948363e-01],
       [ -1.29860135e-01,   4.16088206e-01,  -1.40140428e-01,
          2.00769481e+00,  -1.67346494e-01],
       [ -1.26562243e-01,   3.58546813e-02,  -1.34094106e-01,
          1.22608448e+00,  -1.77638482e-01],
       [ -5.83509892e-02,   2.22511695e-02,  -6.19699234e-02,
          2.52724258e+00,  -1.11107404e-01],
       [  3.69905465e-01,   8.85359224e-01,  -1.31464548e+00,
          1.06721345e+01,  -2.63202145e-02],
       [ -5.48023885e+00,   1.72892089e+00,  -2.61601575e+00,
          1.52714535e+01,  -2.33696452e-02],
       [ -1.21416327e+01,   7.65221513e-01,  -1.33831233e+00,
          1.00498900e+01,  -5.11387848e-02],
       [ -6.27012534e+00,  -5.28430302e-01,  -1.09710382e-02,
          8.80861729e+00,   2.36535360e-02],
       [ -8.28599145e-03,  -1.62093600e+00,   9.55048882e-04,
          8.90215489e+00,   5.91820389e-02],
       [ -6.07513950e-02,  -2.09274743e+00,  -5.89586526e-02,
          3.17185667e+00,  -1.83795246e-02],
       [ -6.82697787e-02,  -9.48226692e-01,  -5.87387436e-02,
         -9.93919705e-02,  -6.39525651e-02],
       [ -1.21052688e-02,  -3.42511983e-02,  -1.11795534e-02,
         -1.15217949e+00,  -2.86107708e-02],
       [  8.71156207e-03,   3.31714924e-03,  -2.78666862e-03,
         -2.90699961e+00,   5.87146439e-03],
       [ -3.66000554e-03,   4.88620406e-03,   5.68159861e-03,
         -2.88932306e+00,   5.90785153e-03],
       [ -4.27366297e-03,  -6.01828169e-03,  -9.73458412e-03,
         -1.15595292e+01,   5.47185667e-04],
       [ -9.57012247e-03,   6.68748004e-03,   2.49586049e-03,
         -1.56219910e+01,   7.96938565e-04],
       [ -3.47023070e-03,   5.88447783e-03,  -4.24434717e-03,
          5.05919746e-01,  -3.64631719e-03],
       [  7.94737249e-03,   6.58933690e-03,  -3.26920349e-03,
          4.68227264e+00,  -5.80481290e-03],
       [ -6.80960411e-03,   9.57892001e-03,  -5.22431911e-03,
          1.02438962e+01,  -8.76252691e-03],
       [  4.16692455e-03,  -4.36099966e-03,   9.42979502e-03,
          5.28118238e+00,  -2.84491416e-03],
       [  4.02178563e-03,   4.56665877e-03,  -3.08253205e-03,
         -3.51536078e-02,   5.67673099e-03],
       [  7.08807111e-03,   3.79579079e-03,  -8.64234921e-03,
         -1.23085861e-02,  -7.94358544e-03],
       [  3.88439179e-04,  -7.59601056e-03,   1.34048290e-03,
         -1.92538651e-02,   2.81967360e-03],
       [  5.46178483e-03,  -7.36433976e-03,  -5.86439541e-04,
          2.36473304e-03,  -3.72497408e-03],
       [ -3.39845005e-03,  -1.31887038e-03,   1.94142642e-03,
         -1.38405685e-03,  -2.46421957e-02],
       [ -6.20717489e+00,  -6.35557785e+00,  -1.64237245e+00,
          1.81577160e+01,  -4.15132452e-01],
       [ -1.23925376e+01,  -1.27036879e+01,  -3.27759956e+00,
          3.63313724e+01,  -8.14144586e-01],
       [ -6.20331283e+00,  -6.34635932e+00,  -1.63809534e+00,
          1.81548858e+01,  -4.09364113e-01],
       [ -7.63730817e-03,  -7.31892177e-03,   4.56483964e-03,
         -9.92553590e-04,  -3.91336542e-03],
       [ -3.70060199e-03,  -5.62184885e-03,  -9.30570327e-03,
         -3.98411871e-03,  -5.13042703e-03],
       [  6.06434659e-03,   4.93105458e-01,   7.38147144e-03,
         -2.20455959e-03,  -2.78749100e-02],
       [ -8.61441730e-03,   1.08185281e+00,   2.32617583e-03,
          4.21970317e-05,  -5.60208502e-02],
       [  5.27264601e-03,   5.23768562e-01,   2.32279746e-03,
          8.83082720e-05,  -3.58728693e-02],
       [  4.78915746e-03,  -2.40370847e-01,  -5.49727183e-03,
          3.75038659e-03,  -2.12216978e-02],
       [  2.37291738e-03,  -1.71107629e-01,   6.88364256e-03,
          8.88024638e-03,   4.67143046e-03],
       [  5.19219357e-03,  -1.36847442e-02,  -5.47952608e-03,
         -6.03501467e+00,  -4.35635195e+01],
       [  5.44214034e-03,  -6.31556016e+00,  -1.55551047e-02,
         -1.20686820e+01,  -8.71274235e+01],
       [ -5.78697862e-03,  -1.25597127e+01,  -1.38828885e-02,
         -6.03362416e+00,  -4.35659447e+01],
       [  8.31050814e-03,  -6.27055468e+00,   8.04951237e-03,
         -5.75098972e-03,   6.38119887e-03],
       [  2.87467276e-03,   8.42548441e-03,   2.60751590e-03,
          1.47215101e-04,  -1.38015549e-03],
       [  4.73315335e-03,   4.49390438e-03,  -1.55676176e-04,
         -3.09857553e-03,   3.52475319e-03],
       [ -4.03454475e-03,   9.37327158e-03,  -6.17403066e-04,
         -5.66107464e-03,   2.73988962e-03],
       [ -6.65696952e-05,  -4.71430339e-03,  -4.73966347e-03,
          8.69265293e-02,   9.63717334e-03],
       [  4.61558688e-03,   4.27561132e-03,   5.48770319e-03,
          1.60991079e-01,   5.04033606e-03],
       [  7.83307028e-03,  -4.49486198e-03,  -7.62805629e-03,
          8.63043875e-02,   5.17158058e-03],
       [ -6.20449276e+00,  -5.75879604e-02,  -1.63766844e+00,
          1.79190863e+01,  -4.39440339e+01],
       [ -1.23897351e+01,  -1.40965510e-01,  -3.27198304e+00,
          3.58492846e+01,  -8.78804304e+01],
       [ -6.19111805e+00,  -6.87149312e-02,  -1.64422655e+00,
          1.79133850e+01,  -4.39390363e+01],
       [ -2.26674240e-03,  -7.37287695e-03,   4.76058534e-03,
          3.77358718e-03,   4.98333250e-03],
       [  6.84278866e-03,   1.24565198e-03,   6.82800356e-03,
         -3.86229640e-03,   4.80834100e-03],
       [  8.24079410e-03,   2.04717286e-03,  -1.60179250e-03,
         -9.04737879e-03,  -7.11322747e-03],
       [  1.77280624e-03,  -6.53593852e-03,  -5.45134616e-03,
          1.16156812e-03,  -3.18430931e-03],
       [ -3.80332578e-03,  -8.12086015e-03,  -3.71464831e-03,
         -7.65864920e-03,  -7.22569811e-03],
       [  1.12879552e-03,  -6.67039306e-03,   9.67264731e-03,
         -4.94552832e-03,  -6.70588382e-03],
       [  5.59715451e-03,  -6.04364329e-03,  -7.21225660e-03,
         -3.88094915e-02,   9.22210643e-03],
       [ -6.26940858e-03,   5.38008917e-01,  -1.15444792e-03,
          6.18236812e-01,  -9.57828723e-03]])]Hidden bias: [array([-13.39695114, -13.74311406,  -4.29995649,  23.24715456, -88.94223412])]Output weights: [[  9.07774282]
 [ -4.74042112]
 [ 19.44343029]
 [ -1.10503641]
 [ 11.70588148]]Output bias: [-18.86625776]