Action MLP:Hidden weights: [array([[ 0.0095004 , -0.00831568, -0.00348849, ..., -0.00606453,
        -0.00314794, -0.00903202],
       [ 0.00710136,  0.00080113,  0.00538118, ..., -0.00686452,
        -0.00101138, -0.00651754],
       [ 0.00902501, -0.00770921,  0.00347666, ...,  0.00383547,
         0.00573907, -0.00501805],
       ..., 
       [-0.00379672,  0.00795772, -0.0032815 , ...,  0.00851215,
        -0.003387  ,  0.00918505],
       [-0.00951997, -0.00301223, -0.00584368, ...,  0.00028061,
         0.0033279 , -0.00254241],
       [-0.00678973, -0.0069359 ,  0.00975613, ...,  0.00202124,
        -0.00527462,  0.00840169]]), array([[  8.82178645e-03,   8.31124657e-03,  -9.48441714e-03,
         -7.33238643e-03,   8.09089055e-04,   1.46430611e-03,
         -4.70933061e-03,   6.23460875e-03,  -4.21889233e-03,
         -3.29563395e-03,   3.60427471e-03,  -3.72583758e-03,
         -2.51752308e-03,  -7.96967181e-03,   6.59575902e-03,
          8.90146922e-03,   6.32438162e-03,   6.75925185e-03,
         -4.07978992e-03,  -1.47733399e-03],
       [ -5.33573260e-03,  -1.79986475e-03,  -4.86752927e-03,
          3.58372233e-03,   4.01862822e-04,  -5.10754479e-03,
          7.47639816e-03,   2.19652121e-03,  -7.97708274e-03,
         -3.95211598e-04,  -9.58100990e-03,   2.31470765e-03,
          5.15704777e-03,   2.45863192e-03,   5.42067051e-03,
          8.71632224e-03,  -8.01459196e-03,   1.85150521e-03,
         -2.54590830e-03,  -2.28328734e-03],
       [  4.59868189e-03,   8.51473505e-03,   3.86864410e-03,
         -9.36691951e-03,   5.71953549e-03,   1.78188138e-03,
         -1.93524322e-04,  -3.50809253e-03,  -2.74379819e-03,
          1.12346062e-03,   5.51130311e-03,   5.78832529e-03,
          9.45748343e-03,  -1.31838568e-04,   6.56995578e-03,
          4.78722775e-03,   9.30589853e-03,  -8.05139217e-04,
         -4.57433631e-03,   3.30965908e-03],
       [  9.82545861e-03,   8.53599361e-03,   7.49785416e-03,
         -6.90196691e-03,  -2.67651914e-04,   6.98000375e-03,
         -2.80625601e-03,   7.81286306e-03,  -8.96892329e-03,
          3.80766426e-04,  -5.20653549e-03,   6.37687693e-03,
          4.05420573e-03,  -7.38068495e-03,   8.27988442e-03,
         -3.88306536e-04,   1.84193732e-03,  -5.88342922e-03,
         -2.81601890e-03,  -4.19728867e-03],
       [  5.62225604e-03,   8.79772765e-03,  -3.39901412e-03,
          7.43836528e-03,   1.84733440e-03,   4.15497536e-03,
          6.19814723e-03,  -3.75247915e-03,   6.27803774e-03,
         -3.27798788e-03,  -2.35570008e-05,  -9.21457812e-03,
          2.03317651e-03,   7.09914207e-03,  -4.73953813e-03,
          6.75021778e-03,   2.10258452e-03,   3.07714256e-03,
          9.34930580e-03,  -3.93975821e-04],
       [ -3.31149469e-03,  -1.20918042e-03,  -2.95306811e-03,
         -8.62864241e-03,   1.76206566e-04,  -3.07906612e-03,
          1.37223588e-03,   2.89463681e-03,  -9.74313352e-03,
          2.40073261e-03,  -1.44642881e-04,  -2.22285919e-03,
          3.08488550e-03,  -5.82052734e-03,   5.31783071e-03,
          4.51003006e-04,   7.05466594e-03,  -1.74561053e-03,
         -3.66122509e-03,  -6.73494210e-03],
       [  1.55314868e-03,  -4.71574722e-03,   9.65884390e-04,
         -1.19339514e-03,   2.79102879e-03,  -6.90203532e-03,
         -4.49252802e-03,  -4.74585945e-03,  -2.06927404e-04,
         -4.92660045e-03,  -9.48060700e-03,  -7.93025416e-03,
          4.35899716e-03,  -1.74345062e-04,   8.71328659e-03,
         -1.94451207e-03,  -8.89014101e-03,   2.11508334e-03,
         -3.69213600e-03,   6.64301657e-03],
       [ -3.90330019e-04,   1.93242402e-03,   5.22660054e-03,
          8.38021053e-03,  -2.78927206e-03,   1.92394576e-03,
          4.77113424e-03,  -4.78253486e-03,  -2.72463237e-03,
         -2.55498825e-03,   5.53791027e-03,   2.29267587e-03,
         -1.67714586e-03,   4.23196805e-05,  -8.42328186e-03,
          7.27712196e-03,   5.78742665e-03,   6.30164159e-03,
         -3.71593699e-03,  -4.14808178e-03],
       [ -5.81613863e-03,  -6.80748848e-03,   3.86915941e-04,
          8.00694475e-03,  -6.02732420e-03,   1.64203385e-03,
         -5.36916998e-03,   5.63903643e-03,  -8.32607362e-03,
         -7.82388637e-03,  -2.21733817e-03,   5.80712168e-03,
         -1.85109029e-03,  -1.27213459e-03,  -4.28709195e-03,
         -6.37214167e-03,  -2.45923362e-03,   9.73046047e-03,
          5.85537301e-03,   1.14968546e-03],
       [ -7.71996606e-03,  -2.11857494e-03,  -4.28848183e-03,
         -7.22645331e-03,   8.57189950e-03,   8.89145174e-03,
         -3.95292475e-03,  -3.08091856e-05,   5.33256749e-03,
          3.17457807e-03,  -9.53865608e-03,   8.12324910e-03,
         -5.61486233e-03,  -8.87885172e-03,  -5.89869361e-03,
          2.79265915e-03,  -4.36265384e-03,  -5.92248741e-03,
          5.82426858e-03,   1.59703868e-03],
       [ -3.29053068e-03,   2.81658538e-03,  -6.40419863e-03,
          3.96397277e-03,   7.01423612e-03,   6.77130642e-03,
         -1.26302952e-03,   6.67755734e-03,  -9.52637210e-03,
          5.23455631e-03,  -8.66928740e-03,   1.76257350e-03,
         -8.43589775e-04,   4.77055907e-03,   2.49315903e-03,
          6.71538219e-03,   6.01059268e-03,   2.71802108e-03,
         -2.51137624e-03,  -1.35373096e-03],
       [ -8.08646154e-03,  -3.78694921e-03,   7.31550316e-03,
          7.58344061e-03,   6.98608711e-03,  -1.38786856e-03,
         -6.85610100e-03,  -8.70990716e-03,   3.86137272e-03,
         -9.78788247e-03,   6.65233660e-03,   4.35233151e-04,
          6.83991405e-03,  -2.85301311e-03,  -8.05515257e-03,
          2.41941305e-03,   8.90737442e-03,  -3.85229840e-03,
          3.64843232e-03,   5.60172839e-03],
       [ -9.70093419e-03,   9.18806398e-03,   2.89260721e-03,
         -9.44166769e-03,  -9.56198613e-03,   2.81450506e-03,
         -4.08538322e-05,   9.90196005e-03,   4.14237130e-03,
         -1.21072753e-03,  -7.51326408e-03,   8.07451966e-04,
          1.42428728e-03,  -5.99933084e-03,  -1.95317570e-04,
         -2.65237213e-03,  -9.54783892e-03,   6.91134331e-03,
          9.00257384e-03,   8.65204336e-03],
       [ -9.17281704e-03,  -6.21545769e-04,   7.12039800e-03,
          2.78809848e-03,   3.90558112e-03,   9.84796189e-03,
         -6.94085843e-03,  -5.03340215e-03,   2.43918096e-03,
          1.03415701e-03,   8.80405289e-03,  -5.40576854e-04,
          4.27191002e-03,  -9.63849343e-03,   7.06871067e-03,
         -7.73315389e-03,  -5.94439649e-03,   4.41890528e-03,
         -2.21939026e-03,   7.75601304e-03],
       [  7.21563223e-03,  -8.71209140e-03,  -8.28320455e-03,
          8.25580022e-03,   9.86391952e-03,  -7.73764524e-03,
          3.42749628e-03,   8.83518803e-03,   7.62614020e-03,
         -7.93893566e-03,   9.23992694e-03,  -8.68166632e-03,
         -8.01801885e-03,   6.43828819e-03,  -7.84188266e-03,
         -7.37754988e-03,   9.31718410e-03,   4.78446870e-03,
          7.82307536e-03,  -9.19881958e-03],
       [  7.11491772e-03,   5.15992058e-03,  -9.70118252e-03,
         -5.00639397e-04,  -1.96268134e-03,  -9.60445674e-03,
         -6.65320508e-03,  -3.58599458e-03,   8.93504697e-03,
         -8.02659196e-03,   8.01369159e-03,  -1.58514813e-04,
          4.66110063e-03,  -9.95925463e-03,   8.51903883e-03,
          8.02893797e-04,  -6.06534326e-03,  -5.18039444e-03,
         -7.26854549e-03,   9.10703227e-03],
       [  5.20416809e-03,  -8.26706385e-03,  -7.51314807e-03,
          8.54568906e-04,   2.47146997e-03,   4.12517567e-03,
          5.18208125e-03,  -4.24854318e-03,  -6.58492290e-03,
         -7.60720643e-03,  -1.49099547e-03,  -9.06520574e-03,
         -5.95446035e-03,   6.86100013e-03,  -1.51446666e-04,
         -4.51136574e-04,  -8.62632286e-03,  -7.30164142e-03,
          1.99752276e-04,  -3.60857262e-03],
       [ -5.02482346e-03,   4.96955309e-03,  -8.47330062e-03,
         -2.35009923e-04,  -1.75618423e-03,   4.51286544e-03,
          3.60353631e-03,   3.03642795e-03,  -5.64983468e-03,
         -1.16925505e-03,  -5.64713497e-03,   2.31809529e-03,
         -3.28808987e-03,   9.90370714e-03,   8.46933831e-03,
         -1.15563917e-03,   7.21764684e-03,   2.17712658e-03,
          1.50126337e-03,  -1.19357312e-03],
       [  6.21331229e-03,  -9.80204118e-03,   2.89452914e-03,
          4.72831433e-03,  -6.38754901e-03,  -5.17214371e-03,
         -6.18357600e-03,   8.41575187e-03,   1.36785774e-03,
         -8.68036720e-03,   1.50716762e-03,   1.63192624e-03,
         -5.91542060e-03,   2.59156772e-03,  -6.13963658e-03,
         -2.28682888e-03,   9.31670746e-03,   4.60564732e-03,
          6.83963498e-04,  -1.53174784e-03],
       [ -6.02522619e-03,   1.91568263e-03,  -6.45201546e-03,
          8.51958279e-03,   3.56362222e-03,  -9.31421797e-03,
         -6.76326343e-03,  -2.15963643e-03,  -2.90993956e-03,
         -9.17805677e-03,   6.89103970e-03,   8.32082864e-03,
         -5.33756106e-03,   3.04666223e-03,  -4.04795308e-03,
         -5.51672265e-03,  -5.74467500e-03,  -7.19503822e-03,
         -1.23833398e-03,  -7.59851334e-03]])]Hidden bias: [array([-1.00000024, -0.99999949, -0.99999997, -0.99999954, -1.00000021,
       -0.99999989, -0.99999927, -1.00000045, -1.00000029, -0.99999992,
       -1.0000004 , -1.00000014, -1.00000021, -1.00000026, -1.00000034,
       -0.99999911, -0.99999954, -1.00000021, -1.00000049, -0.99999922]), array([-0.99996855, -0.99997393, -1.00001421, -0.99999681, -0.99997395,
       -1.00006376, -0.99998108, -1.00004293, -1.00000596, -1.00004939,
       -1.00005147, -0.99997051, -0.99996673, -1.0000299 , -0.99997207,
       -1.00003554, -1.00006024, -1.000061  , -1.00000985, -1.00003969])]Output weights: [[ -3.58202835e-04  -5.47297633e-03]
 [  6.81808595e-05   7.72771519e-03]
 [  8.63186705e-03  -7.92034475e-03]
 [  5.20311071e-03  -3.97129118e-03]
 [  2.86595508e-04   1.52789183e-03]
 [  1.85648167e-02  -1.89002939e-03]
 [  1.98450294e-03  -1.56596032e-03]
 [  1.42091642e-02   6.29794727e-03]
 [  6.57337565e-03   3.55975195e-03]
 [  1.46815673e-02  -1.97868153e-04]
 [  1.60717985e-02  -5.05227967e-03]
 [ -4.82761781e-04   5.20750494e-03]
 [ -6.15759388e-04  -9.45907713e-03]
 [  1.10537253e-02   9.53809128e-03]
 [ -1.51179705e-04   3.47508259e-03]
 [  1.30497333e-02  -3.75319510e-03]
 [  1.75999161e-02   6.67175481e-03]
 [  1.84243244e-02  -7.49274632e-03]
 [  7.76604327e-03  -2.95856657e-03]
 [  1.33295353e-02   5.58664190e-03]]Output bias: [ 0.98807183  0.99949303]
Value MLP:Hidden weights: [array([[ 0.00158737,  0.00012586, -0.00135222, ..., -0.00273379,
        -0.00575362,  0.00669312],
       [ 0.00906909,  0.00812493, -0.00577372, ..., -0.00135722,
         0.00102755,  0.00547253],
       [-0.00530331,  0.0052494 ,  0.00816736, ...,  0.00432124,
         0.00279752, -0.00033325],
       ..., 
       [ 0.00279429, -0.00661364,  0.00189913, ..., -0.00649672,
        -0.00944123,  0.00681599],
       [-0.00161322,  0.00210827, -0.00167516, ..., -0.00492962,
         0.00240272, -0.0093207 ],
       [-0.00181525,  0.00091848,  0.00292617, ..., -0.00769991,
        -0.00185059, -0.00713306]]), array([[ -1.76140371e-03,   1.15787309e-02,   1.19311793e-02,
          9.38703087e-03,   1.51976415e-02,   1.23397023e-02,
          1.61671216e-02,   3.41533175e-03,   3.98909478e-03,
         -2.17007312e-03,   2.05789927e-03,   2.53782633e-05,
         -3.27270074e-03,   1.31429346e-02,   1.49143344e-02,
          8.37263454e-04,   2.18231243e-03,  -1.99418727e-03,
          9.28889802e-03,   7.79519054e-03],
       [ -1.25238560e-03,   9.40914450e-03,   2.08125159e-03,
          1.37973868e-02,   9.39812398e-03,   1.31770724e-02,
          2.72066862e-03,   7.63787422e-03,   4.82568772e-04,
         -1.54659044e-03,   1.68984103e-03,   6.87415431e-03,
          1.37116168e-04,   5.10692250e-03,   3.96503161e-03,
          3.24380980e-04,   4.58683644e-03,   7.41778753e-04,
          7.45563550e-03,   1.41729194e-02],
       [ -1.72486419e-03,   8.66713520e-03,   7.75775821e-03,
          2.03087943e-03,   1.43000028e-02,   2.61480289e-03,
         -1.47025213e-03,   1.00612908e-03,  -1.35167366e-03,
          1.47579873e-02,   1.65227072e-02,   1.32565589e-02,
          1.29174524e-02,   1.31932839e-02,  -5.79895510e-04,
          9.03900977e-03,   1.04894333e-02,   5.56717105e-03,
          2.51225332e-04,   1.41288192e-02],
       [  1.57938144e-02,   3.18558404e-03,   5.19630229e-03,
          7.09606517e-03,   3.64446272e-03,   1.20244450e-02,
          3.12572959e-03,   1.63552306e-02,  -4.36274562e-04,
          3.59925549e-03,  -1.42281473e-03,   5.65866139e-03,
          1.02629773e-02,   1.82041022e-03,   3.83886063e-03,
          7.94269836e-04,   1.30746753e-02,   1.75464972e-02,
          1.66336641e-02,   1.60575372e-02],
       [  9.96314650e-04,   9.06314656e-03,   1.32823456e-02,
          8.97292702e-03,   2.42120333e-03,   6.67212582e-04,
          1.33599424e-02,   2.57388261e-05,  -1.98832477e-03,
          9.91064634e-03,   2.28366490e-03,   7.11871349e-04,
          4.76613341e-03,   1.20863705e-02,   1.69850764e-02,
          1.22597657e-02,   7.34601534e-03,   7.68799095e-03,
          1.18008336e-02,   2.24595919e-03],
       [  1.10098964e-02,   1.82445428e-03,   9.05191091e-03,
          8.42844904e-03,   1.04717118e-03,   1.52639269e-02,
          3.95674439e-03,   1.17813021e-02,   8.33631828e-04,
          5.98406461e-03,  -6.69259548e-04,   8.46401367e-03,
         -2.50069824e-03,   6.03996341e-04,  -1.05207048e-03,
          9.88211341e-03,   1.00305863e-02,   8.40800513e-03,
         -3.14997222e-04,   1.10983974e-02],
       [  1.42513903e-02,   1.59877542e-02,   1.25041276e-02,
          4.06831145e-03,  -1.42136583e-03,   7.39975093e-03,
          2.21077158e-03,   1.63443606e-02,   2.28515512e-03,
          4.36005301e-03,   1.03242538e-02,   3.91277228e-03,
         -5.93434096e-04,   1.00187978e-03,   7.35348740e-03,
          1.08823840e-02,   1.61114944e-02,   1.49539580e-02,
          2.75035421e-03,   1.42161899e-02],
       [ -1.12804764e-04,  -2.16991019e-03,   9.54479416e-03,
          1.65836541e-02,   4.44298090e-03,   1.15051938e-02,
          9.80300971e-03,   1.47298365e-02,   1.13128741e-02,
          1.34742154e-02,   1.38940414e-02,   2.11487707e-03,
          1.09717403e-02,   9.21250497e-03,   7.19782994e-04,
          3.38701993e-03,   1.11917514e-02,   1.54732340e-02,
         -2.27119661e-03,   2.22928771e-03],
       [  6.20590139e-03,   1.16284628e-02,   4.37451605e-03,
          1.54522628e-02,   7.34198731e-03,   3.46407081e-03,
          3.19673658e-03,  -8.76291709e-04,   1.04106629e-02,
          5.29639509e-04,   1.21436771e-02,   3.26216836e-03,
          7.67434101e-03,   9.51736637e-03,   3.97719847e-03,
          1.23572905e-02,   1.60992671e-03,   1.03681501e-03,
          1.39960238e-02,   8.29603805e-03],
       [  1.55831128e-02,   8.06735815e-03,  -1.36288387e-03,
          1.22761223e-02,   2.60830306e-03,   5.13553610e-03,
          5.89655684e-03,  -2.20107171e-03,   3.00684179e-03,
          6.77531018e-03,   2.49554044e-03,   8.18963603e-03,
          6.67476952e-03,   1.61501276e-02,   5.30018469e-03,
          2.19199732e-03,  -3.27203603e-03,   1.24178214e-03,
          7.20221333e-03,   1.67118388e-02],
       [  1.58450245e-02,   1.26004416e-02,   3.14966640e-03,
         -3.22163734e-04,   5.54118633e-03,   2.37281489e-03,
          4.23216721e-03,   3.47881372e-03,   1.72375879e-02,
         -2.23243823e-04,   5.10253301e-03,  -1.20413052e-03,
          1.25859670e-02,   8.71497663e-03,  -1.50582735e-03,
         -2.96639313e-03,   1.18885463e-03,   6.80265304e-03,
          1.47062328e-02,   8.63154968e-03],
       [  2.52330674e-03,   1.12302549e-02,   1.62487905e-02,
          1.30782740e-02,   8.68184579e-03,   9.05979146e-03,
          7.00018529e-03,  -9.04529632e-04,   8.87502720e-03,
          5.07102589e-03,   9.66640640e-03,   1.30134385e-02,
          7.38160326e-03,  -3.65436202e-03,  -1.64299586e-04,
          9.62830942e-03,   9.77976877e-03,   5.18609403e-03,
         -8.40499545e-05,   1.89519108e-03],
       [  8.79138669e-04,  -3.47221214e-03,   1.46505141e-02,
          8.26336040e-03,   1.21065511e-02,   1.40511371e-02,
          1.20519944e-02,   4.89494706e-03,   1.65061600e-02,
          1.29547089e-03,   5.71253129e-03,   3.00632935e-04,
          1.17092045e-02,   4.41358862e-03,   1.13595523e-02,
         -2.51827285e-03,   1.44516625e-02,  -6.08931808e-04,
          7.35714332e-03,   1.95565155e-03],
       [  1.45059847e-02,   7.28793785e-03,   1.51257633e-02,
          1.03263655e-02,  -1.86229023e-03,  -8.52464130e-04,
          6.40122828e-03,   7.79717639e-03,   1.02579346e-02,
          3.23491746e-03,  -4.17827688e-04,   5.27122159e-03,
          7.80417330e-03,  -1.41649246e-03,   9.72095013e-04,
          1.28528120e-02,   6.94333953e-03,  -2.05033973e-03,
          2.64657200e-03,   4.17603335e-05],
       [  1.03942517e-02,   1.25642563e-02,   7.20927909e-03,
          1.01806763e-02,   4.76521013e-03,   5.72870217e-03,
         -1.14908555e-03,   1.14933076e-02,   7.60855968e-03,
          7.21066690e-03,   1.05762929e-03,   6.02519410e-03,
          7.65216971e-03,   7.14723184e-03,   2.66495207e-03,
          4.36808826e-03,   4.14847913e-03,   6.06098967e-03,
          1.64807738e-02,   1.10290537e-02],
       [  1.66242865e-02,   4.76597228e-03,  -2.70182171e-03,
          5.31239762e-03,   1.15035889e-02,   4.33927104e-03,
          1.05577451e-02,   1.06649492e-02,   5.28934693e-03,
          5.52423457e-03,   1.29116408e-02,   8.93988565e-03,
          3.17784053e-03,   1.38420396e-02,   1.96275102e-03,
          7.02345941e-03,   3.44458690e-03,   4.75659856e-03,
          6.29090545e-03,   8.31815971e-03],
       [  1.62129338e-02,   4.01250449e-03,   4.40926055e-04,
         -3.03255347e-03,   1.56483832e-03,   4.47698307e-03,
          4.28756078e-03,   4.16979984e-03,   2.55517558e-03,
         -7.95979640e-04,   1.76859905e-03,  -9.42861681e-04,
          1.39728653e-02,   1.35113848e-02,   9.37643954e-03,
          7.05802957e-03,   1.50617172e-02,   8.65543776e-03,
          5.60828541e-04,   1.70159989e-03],
       [  1.69143414e-02,   6.22042982e-03,   7.01541226e-03,
          8.48388805e-03,   1.62650008e-02,   4.96211732e-03,
          1.50340841e-02,   9.35184048e-03,   1.52895777e-02,
          8.47410925e-03,  -1.02275704e-03,   2.85839434e-03,
          3.10818869e-03,   1.38833286e-02,   1.63454111e-03,
          1.38771401e-02,   4.63933788e-03,   8.90040037e-03,
          1.57514249e-02,   1.53256974e-02],
       [  1.58014877e-02,   3.93534616e-03,   1.39835868e-02,
          1.27476280e-02,   1.69885701e-02,   1.14415696e-02,
          1.32035456e-02,   1.50119162e-02,   1.04481855e-02,
          1.53745054e-02,   7.93220075e-03,   8.72043302e-04,
          1.08785482e-02,   5.82064671e-03,   1.09130806e-02,
          4.50359067e-03,   4.49716312e-04,   1.03551027e-02,
          1.47114795e-02,  -6.86721393e-05],
       [  1.13265790e-02,   6.61490430e-04,   8.48899664e-03,
          1.44349881e-02,   2.80868086e-03,   6.44447936e-03,
          6.56118796e-03,   7.61898542e-03,   5.14575284e-03,
          7.90286442e-03,   7.42233291e-03,   7.98826017e-03,
          5.58708354e-03,   7.77773280e-03,  -2.87173091e-03,
         -2.39715312e-03,   7.73156834e-03,   1.87582078e-03,
          9.17672952e-03,   1.05245591e-02]])]Hidden bias: [array([-1.00014871, -1.00003356, -1.0001928 , -1.000254  , -1.00013629,
       -1.00009314, -1.00027103, -1.00024321, -1.00016706, -1.00009758,
       -1.000091  , -1.00016453, -1.00015938, -1.00004597, -1.00019216,
       -1.0002103 , -1.00004998, -1.00038363, -1.00038134, -1.00011776]), array([-1.00987932, -1.00833963, -1.00941891, -1.00884554, -1.01020273,
       -1.00935155, -1.0103303 , -1.00910274, -1.0100717 , -1.00964579,
       -1.00992591, -1.00928155, -1.00880102, -1.00833492, -1.00902078,
       -1.0086018 , -1.00826043, -1.01004967, -1.00902407, -1.01020087])]Output weights: [[ 0.21870538]
 [ 0.19887694]
 [ 0.21127573]
 [ 0.20932447]
 [ 0.21454757]
 [ 0.20872727]
 [ 0.2155955 ]
 [ 0.20605169]
 [ 0.21200314]
 [ 0.20563905]
 [ 0.20791951]
 [ 0.20063624]
 [ 0.20201354]
 [ 0.20103024]
 [ 0.19776335]
 [ 0.19770843]
 [ 0.19879511]
 [ 0.21061699]
 [ 0.20738087]
 [ 0.21916261]]Output bias: [ 0.73126303]