Action MLP:Hidden weights: [array([[-0.00308216,  0.00313019,  0.00973536, ...,  0.00303027,
        -0.00092665,  0.00170097],
       [ 0.00984736, -0.00378602,  0.00322678, ..., -0.00561065,
         0.00708357,  0.0051487 ],
       [ 0.00797092,  0.00633341,  0.0032681 , ..., -0.00742989,
        -0.00501106,  0.00497555],
       ..., 
       [ 0.00272514,  0.0069376 , -0.00572948, ...,  0.00135986,
         0.00181088,  0.00760129],
       [ 0.00704964,  0.00391179,  0.00802637, ..., -0.00380507,
        -0.00850383, -0.00611843],
       [ 0.00022863, -0.00693275,  0.00844302, ...,  0.00285327,
        -0.00291577,  0.00708932]])]Hidden bias: [array([-0.97679023, -0.9758605 , -0.97640032, -0.97642212, -0.97654765,
       -0.97637687, -0.97626816, -0.97695186, -0.97556117, -0.97640943,
       -0.97642431, -0.97643513, -0.97554049, -0.97647859, -0.9766504 ,
       -0.97626343, -0.97703053, -0.97599483, -0.97601284, -0.97612632])]Output weights: [[ -4.81666850e-03  -4.44099517e-03]
 [ -9.33723919e-04   4.64397319e-03]
 [ -2.72357171e-03   1.74272892e-03]
 [  9.17079654e-03   4.88445519e-06]
 [  7.81696857e-03  -3.45749235e-03]
 [ -3.42086344e-03   5.01810033e-03]
 [  9.65888817e-04   4.09234227e-03]
 [  9.79938604e-03   2.40187824e-03]
 [ -1.82367258e-03  -4.47987418e-03]
 [  6.33473474e-03  -2.01887445e-03]
 [ -4.45967075e-03  -6.26581236e-03]
 [  5.37224940e-03  -2.03947978e-03]
 [ -6.75151143e-03   5.04549685e-04]
 [ -3.08694004e-04   4.34467799e-05]
 [  2.81870948e-03   5.23426177e-03]
 [ -5.74103663e-03   6.25216948e-03]
 [ -5.69113194e-04   5.81723532e-03]
 [  1.76455299e-03  -7.07482940e-03]
 [ -3.80976950e-03   3.40547223e-03]
 [  8.95674228e-03   3.82377891e-03]]Output bias: [ 1.00266102  1.00312952]
Value MLP:Hidden weights: [array([[ 0.00523697,  0.00539722, -0.00294629, ..., -0.00788771,
         0.00800157, -0.00973741],
       [ 0.0024254 ,  0.00540585, -0.00688699, ...,  0.00405443,
         0.00941528, -0.00215116],
       [-0.00065081, -0.00116228, -0.00047945, ...,  0.00942609,
        -0.00726185,  0.00954231],
       ..., 
       [ 0.0091211 ,  0.00113247, -0.00324776, ...,  0.00550387,
         0.00470627, -0.00328719],
       [-0.00375389, -0.00516704,  0.00235728, ..., -0.00899569,
         0.00098741,  0.00845973],
       [ 0.00105973,  0.00398223,  0.0050349 , ..., -0.00297697,
         0.0041739 , -0.00422861]])]Hidden bias: [array([-2.00767232, -1.92371317, -1.97347317, -2.06929875, -1.98430817,
       -2.00908517, -1.92337971, -1.95157161, -1.95054388, -1.92381457,
       -2.05794223, -1.89929565, -1.87659773, -1.99017441, -1.98647717,
       -1.91154356, -1.90344256, -2.00824159, -1.95363464, -1.88696367])]Output weights: [[ 4.32154649]
 [ 4.33926555]
 [ 4.35513448]
 [ 4.27946051]
 [ 4.31326847]
 [ 4.28527034]
 [ 4.35024141]
 [ 4.34429414]
 [ 4.31924747]
 [ 4.32101924]
 [ 4.31956207]
 [ 4.33367421]
 [ 4.38429916]
 [ 4.3331495 ]
 [ 4.32318319]
 [ 4.30578407]
 [ 4.41838266]
 [ 4.35752285]
 [ 4.33107147]
 [ 4.26008127]]Output bias: [-3.81388936]