Action MLP:Hidden weights: [array([[  2.47008631e-01,   9.89116484e-02,  -3.68175961e-01,
          9.52678969e-02,   5.95801461e-01,  -3.79127251e-01,
         -2.52485814e-02,   1.47784517e-02,  -5.08445702e-01,
          4.53159659e-01,   3.12742656e-01,  -2.88179239e-01,
          7.48914573e-02,   2.37288457e-01,   1.68590491e-03,
          3.53605643e-01,   4.18582368e-01,  -2.91918475e-01,
          1.48523766e-01,   1.17179998e-01,   3.32634831e-01,
         -3.24918379e-02,  -1.95783088e-01,   3.17432946e-02,
          3.76113942e-01,   2.28635054e-01,   4.78747000e-01,
          2.33522243e-01,  -1.53245591e-01,  -2.93292839e-01,
         -3.23889609e-01,   1.45930784e-01,   2.20492019e-01,
          2.90137539e-01,   3.00398981e-01,  -5.13830053e-01,
         -2.38701967e-01,   1.94566842e-02,   2.64366164e-01,
          2.20338216e-01,  -1.94290477e-01,   1.94788803e-01,
          3.46237653e-01,   2.09525185e-01,  -2.68969104e-01,
         -1.87807203e-01,  -6.07046907e-02,  -3.59859216e-01,
          3.71140864e-01,   8.99957695e-02],
       [  4.81026918e-01,  -4.26175923e-01,  -1.61316596e-01,
          5.63903458e-01,   1.19982614e-01,   8.56923355e-01,
          5.66709521e-01,   2.11329735e-01,   5.95316925e-01,
         -1.69849471e-01,   3.86289123e-01,   1.09673708e-01,
          7.27830125e-01,  -1.88786005e-01,  -2.97122988e-02,
          7.38231445e-01,   1.46136860e-01,  -1.41148604e-01,
         -4.12845081e-01,   2.85234349e-01,   6.77262326e-01,
         -1.03184387e-01,  -1.99360105e-01,   2.48661873e-01,
          2.59699256e-01,   6.32675136e-01,  -7.53188492e-02,
          5.73093858e-01,   3.81879650e-01,  -2.45172689e-01,
         -1.64599547e-01,   3.46974048e-01,   3.72881186e-01,
          6.21906518e-01,   3.36473203e-01,  -2.71387288e-01,
          4.41045336e-01,   6.84668029e-01,   9.11610636e-01,
         -1.76011519e-01,   6.81698685e-02,   5.22465726e-01,
          6.38992337e-01,   7.99949778e-02,   6.10238716e-01,
          3.72285921e-01,   3.70557297e-01,  -4.63103685e-02,
          1.73873653e-01,   2.86620640e-01],
       [  4.75800345e-02,   2.66889200e-01,   1.51083380e-01,
         -2.14998941e-01,  -3.95661634e-01,   3.14562333e-01,
         -1.00949349e-01,  -2.18555616e-01,   1.95146910e-01,
         -1.69857543e-01,   1.57293886e-01,   2.38033646e-01,
          3.00485289e-01,  -3.78316531e-01,   3.40542507e-02,
         -2.21560432e-02,  -4.30236906e-01,  -2.69145329e-01,
          3.59621637e-01,   8.73956359e-02,  -2.02370168e-01,
          1.03190487e-01,  -2.16115420e-01,  -3.75234712e-01,
         -1.48917353e-01,  -7.40725623e-02,   2.12154302e-01,
          1.48483944e-01,   4.33628512e-02,  -6.56955005e-02,
          1.69676539e-01,   3.07400706e-02,   2.12574567e-01,
          1.89884483e-01,  -5.47753321e-01,  -3.91981521e-01,
          4.21828433e-01,  -3.74691692e-01,  -3.35448044e-01,
          2.72337911e-01,   1.92627332e-01,  -3.48441040e-01,
          2.03956941e-01,   1.83814307e-01,   1.16195949e-01,
          4.05111818e-01,   1.25230465e-01,   5.61548803e-01,
         -3.07032983e-01,   5.75721163e-01],
       [ -5.75891247e-01,  -3.67549431e-02,  -3.37219040e-01,
          2.90821365e-01,  -4.48930500e-01,  -4.67715671e-01,
         -4.54804706e-01,  -1.31074572e-01,  -1.59796872e-01,
         -2.05882424e-01,  -3.60057211e-01,   4.53437877e-02,
         -6.06130686e-01,  -2.51511581e-01,  -2.41821411e-02,
          5.05166009e-01,  -4.17527961e-01,  -3.77434632e-02,
         -3.99031585e-01,  -5.67280299e-01,  -3.96018037e-01,
         -7.06642108e-02,   4.04321523e-02,  -6.45646910e-01,
          3.56889998e-01,   7.10132218e-02,  -2.30154003e-01,
          6.54066340e-01,   2.73439781e-01,  -2.18636921e-02,
         -2.99135917e-01,  -1.30805415e-01,   1.60631230e-01,
         -7.84265282e-01,  -3.65590511e-01,  -5.64014710e-01,
         -2.20148099e-01,   1.69299472e-01,  -9.18631227e-01,
         -4.91604973e-01,  -3.58689492e-01,  -5.11426097e-01,
          3.35236564e-01,  -4.75885208e-01,   2.29233159e-01,
         -6.05107954e-01,   1.62667981e-01,   1.85288163e-02,
         -1.90574982e-01,   3.53887325e-01],
       [ -2.82977541e-01,   2.79930112e-01,  -1.77576163e-01,
         -3.59054748e-01,  -8.28247281e-02,   2.55684647e-01,
         -2.15097101e-01,  -3.30295869e-01,   3.16956147e-01,
         -6.96998472e-02,   4.33952984e-01,  -1.36329493e-01,
          3.18754748e-01,  -1.40987895e-01,   4.04125851e-01,
         -9.93203239e-02,   2.26468141e-01,  -3.50084595e-01,
          2.61405346e-01,  -4.42405350e-01,   1.08410382e-01,
         -4.34679899e-01,  -4.74109459e-01,  -2.22146956e-01,
         -1.09586785e-01,   1.41262798e-01,  -4.24396778e-01,
          1.55572588e-01,   2.87439653e-01,   1.10970063e-01,
         -1.03212372e-01,  -2.96474920e-01,  -4.95551455e-01,
         -1.46955990e-02,   3.11216246e-01,   2.61395377e-01,
         -1.69388093e-01,  -9.93944450e-02,  -1.03424990e-01,
          4.18565773e-01,  -1.93194757e-01,  -1.65122560e-01,
         -5.78783153e-01,  -1.69595174e-01,   3.85239914e-01,
          3.99440345e-01,   2.16635767e-01,   4.20221129e-01,
          3.52556324e-01,   3.70350357e-01],
       [ -6.35056573e-01,   5.72479889e-01,   4.42100250e-01,
          9.08060777e-02,  -3.44923428e-01,  -1.71692626e+00,
          4.15196377e-01,  -2.61360576e-02,  -6.13707156e-02,
         -5.49243553e-01,  -6.71001167e-01,   4.03462448e-01,
          5.11206554e-02,   3.76547900e-01,  -1.53628792e-01,
          4.54901757e-01,  -4.06834972e-01,  -5.46987282e-02,
         -5.34311466e-01,   2.05634312e-02,   4.65652925e-01,
         -3.42326526e-01,   1.64988036e-01,  -2.62147524e-01,
          4.51042242e-01,  -7.26569729e-01,   4.61688174e-01,
          4.17127377e-01,  -1.48525282e-01,   4.56633909e-01,
          4.70493011e-01,   3.93428510e-02,   1.05242013e-01,
         -5.91891831e-02,   4.23380533e-01,  -1.21044259e-02,
         -1.41058616e-01,  -1.11675529e-01,   2.24701845e+00,
         -3.99557639e-01,  -2.26910951e-01,   8.30476005e-02,
         -4.03790666e-01,   3.99900289e-01,   2.93449012e-01,
          2.32481917e-01,  -1.62916304e-01,   4.69611895e-02,
          2.24519856e-03,  -3.32928205e-01],
       [ -2.09105806e-01,   7.65454153e-02,   4.43563627e-01,
         -2.50985874e-01,  -2.86969774e-01,  -4.53163588e-01,
          1.71162523e-01,   9.71095407e-02,   4.05910729e-01,
         -2.71138794e-01,  -4.92825284e-01,  -3.63911480e-01,
         -2.44004311e-01,  -9.66314587e-02,   3.28994690e-02,
         -1.83743631e-02,  -2.31983094e-01,  -1.89798253e-01,
         -7.30714675e-02,   3.44410248e-01,  -4.06696130e-01,
          3.01138224e-01,  -1.18847146e-01,  -2.94021081e-01,
         -8.14554518e-03,  -4.34317741e-02,   4.64414551e-01,
         -1.17685626e-01,  -1.88279527e-02,  -2.30022925e-03,
         -4.57509676e-02,  -3.64623997e-01,   1.79855096e-01,
          3.66622170e-01,  -1.38405329e-01,  -2.54372330e-01,
          2.60176285e-01,  -1.84481999e-01,   2.61291752e-02,
          8.09749794e-02,  -3.48217139e-01,  -1.53944383e-01,
         -2.91457009e-02,  -5.11971177e-01,   3.75836465e-01,
          1.28646818e-01,   5.05712410e-01,   3.81618480e-01,
         -2.55382745e-02,   9.20414360e-02],
       [  1.60412248e-01,   1.03192904e-01,   5.11410852e-01,
          1.29806064e-01,   4.50655680e-01,  -3.41879433e-01,
         -4.58710964e-01,   8.58884628e-02,  -4.12599928e-01,
         -1.15167133e-01,  -5.44370437e-02,  -5.44819613e-01,
         -3.00376346e-01,   2.04065929e-01,  -3.97410468e-02,
          3.85357158e-01,   6.89183024e-02,   4.14421964e-01,
          3.65061218e-01,  -4.29414646e-01,   1.37248791e-01,
          2.66580060e-01,   5.84794627e-02,  -4.80429862e-01,
          3.03393625e-01,  -5.12066151e-02,   3.27959232e-01,
         -1.19768192e-01,   4.71353231e-01,  -4.21060573e-01,
          3.69575157e-01,   9.36455977e-02,  -5.59063409e-02,
         -1.89921774e-01,  -1.89029667e-01,  -1.25511619e-02,
         -3.33675905e-01,  -2.41593316e-01,   4.15823481e-01,
         -4.93421277e-02,  -2.72315958e-01,  -1.51815026e-01,
          2.06678511e-01,  -4.94533894e-01,   5.08114503e-02,
         -1.73972771e-01,   2.57197224e-01,   3.86486751e-02,
         -3.65334492e-01,   1.91795454e-01]])]Hidden bias: [array([-0.56006308, -0.83418004, -0.66488341, -0.60370683, -0.74809366,
       -0.75185773, -0.65726639, -0.6250994 , -0.59972871, -0.73869146,
       -0.56311883, -0.58650019, -0.80054474, -0.64182754, -0.59954356,
       -0.67862928, -0.60081303, -0.63703174, -0.75327309, -0.61206037,
       -0.7548426 , -0.69105019, -0.63857366, -0.62197858, -0.57720423,
       -0.6136392 , -0.64072867, -0.65778244, -0.59555176, -0.71018876,
       -0.70453943, -0.55845921, -0.59874259, -0.70870742, -0.77680496,
       -0.68186594, -0.66931456, -0.64778337, -0.78518466, -0.65400479,
       -0.6419223 , -0.64027595, -0.69589397, -0.57039218, -0.61077202,
       -0.63802049, -0.53547433, -0.66968316, -0.60111484, -0.57236262])]Output weights: [[ 0.30707261 -0.18717263]
 [ 0.20186804 -0.50731564]
 [ 0.21881037 -0.36855301]
 [-0.06513179  0.08051988]
 [ 0.0988392   0.42061833]
 [ 0.26525808 -0.86091647]
 [ 0.17172827  0.10136659]
 [ 0.18827183  0.1355195 ]
 [ 0.03472752 -0.15199369]
 [ 0.22068395  0.36740665]
 [ 0.24844469 -0.15029301]
 [-0.13089693  0.27386548]
 [ 0.33064891  0.13464648]
 [-0.04926056 -0.23353981]
 [-0.17868137  0.18164235]
 [-0.23884367  0.17840824]
 [ 0.09591946  0.13967315]
 [-0.08433995  0.16898412]
 [ 0.18508308  0.67354237]
 [ 0.17140703 -0.15917623]
 [ 0.20981161  0.34339053]
 [-0.11769994  0.27457875]
 [-0.04033082 -0.04140655]
 [ 0.31965023 -0.05485149]
 [-0.15304856 -0.05630717]
 [ 0.15836188 -0.17852531]
 [ 0.09152478 -0.14068909]
 [-0.44448644  0.38660344]
 [-0.07505642  0.18770794]
 [-0.01180621 -0.2150531 ]
 [ 0.26043537 -0.26660894]
 [-0.04657151 -0.00358247]
 [-0.10639988 -0.12649319]
 [ 0.43250211 -0.06734378]
 [-0.11922225  0.11697933]
 [-0.00754003 -0.1546885 ]
 [ 0.01453407 -0.04783459]
 [-0.05331482 -0.0284097 ]
 [ 0.37672761  1.11498859]
 [ 0.29268526  0.38261377]
 [ 0.00156976  0.10724364]
 [ 0.19595795 -0.01608274]
 [-0.26483793 -0.18791259]
 [ 0.05031106  0.1650726 ]
 [-0.07259849  0.07649813]
 [ 0.14965874 -0.03236022]
 [ 0.04749011  0.04196966]
 [-0.04805682  0.15430329]
 [-0.08840843  0.13240574]
 [-0.25697689 -0.02461434]]Output bias: [ 0.9713922   0.80282516]
Value MLP:Hidden weights: [array([[ -1.12473933e+01,   2.75985446e+00,  -2.87760942e+00,
          4.20066136e+00,   4.10404202e+00,  -1.22674095e+00,
         -1.82458212e+00,  -5.17498914e+00,  -6.16307959e+00,
         -2.26869551e+00,  -4.83196668e+00,   3.04653474e-01,
          3.36177090e+00,  -2.79984301e-01,   5.63289367e+00,
         -3.00636163e+00,  -4.14898212e+00,  -7.40722819e+00,
          3.37005728e+00,  -5.51099247e+00,  -6.97138894e+00,
         -1.80003410e-01,   3.66453573e+00,  -1.32112138e+00,
          9.64294964e+00,   5.20765242e+00,  -1.53267086e+00,
          8.11058633e+00,   1.13342416e-01,  -7.03813237e+00,
          6.62370330e-01,  -1.20715278e+01,   1.22649073e+01,
         -1.86507644e-02,  -5.96872984e-01,   5.34504176e-01,
          6.56631690e+00,   3.96214243e+00,   3.31315210e+00,
         -3.74612409e+00,   4.37269188e-01,  -8.17058984e+00,
          4.40946681e+00,  -8.25835783e+00,   3.09677322e+00,
         -2.05423693e+00,   6.15187641e+00,   8.22933709e+00,
         -7.89406188e-01,  -1.63538852e+01],
       [ -2.43226389e+00,  -6.25262764e-01,   2.01505219e+00,
          4.45928942e+00,   3.43025471e+00,  -7.26372284e-01,
          2.24423027e+00,   1.17341566e+00,  -7.72282912e-01,
          6.47099316e-01,  -1.13909445e+01,  -3.63142781e+00,
          2.08802317e+00,   1.11391778e+00,  -1.96287221e+00,
          1.30340734e-01,   1.23750199e+00,  -1.48251035e+00,
          2.42390152e+00,   2.30305407e+00,  -1.56018684e+00,
         -2.59508798e-01,   1.37312875e+00,  -4.34308395e+00,
          5.30415738e+00,  -6.02784776e+00,   1.10906072e+00,
          4.22274364e+00,  -5.60138995e-01,   4.09066951e+00,
         -1.66745043e+00,  -9.43896058e-01,   4.45046469e+00,
         -7.39139595e-01,  -1.03237564e+00,   4.51344063e+00,
         -5.20616878e+00,   6.57033057e-01,  -1.83298400e+00,
          4.08684059e+00,  -2.77431167e+00,   1.69101970e+00,
          2.36492263e+00,  -2.85548929e+00,   9.98738647e-01,
         -1.46759945e-01,   2.32868847e+00,  -5.52880536e-01,
         -2.16280539e+00,   1.74851195e+00],
       [ -6.85296000e+00,   1.70800869e+01,  -1.02169737e+01,
          4.71998501e+00,   1.13076904e+01,  -1.79442002e+01,
         -6.34189211e+00,  -7.90825103e+00,  -9.49360381e+00,
          1.17079471e+01,   2.45416502e-01,  -1.51134364e+00,
          4.18913292e+00,   3.59250733e-01,   1.30127196e+01,
         -9.52394394e+00,  -1.50704088e+01,  -8.42082898e+00,
          1.62678569e+01,  -1.14432695e+01,  -1.40842754e+01,
         -2.83484025e+00,   6.92568997e+00,  -4.73308016e+00,
          6.78475043e+00,   1.77731192e+01,  -5.75659060e+00,
          6.27274009e+00,   1.63880068e+01,  -3.42354449e-01,
          5.81709290e-01,   2.01758154e+00,   7.99512244e+00,
         -1.77736250e-01,  -4.90986607e-01,  -2.52186186e+00,
          1.69461554e+01,   1.36910666e+01,   1.21184268e+00,
         -2.03970557e+01,   1.09109303e+00,  -1.08447068e+01,
          5.58514400e+00,  -7.05170704e+00,  -1.65876560e+00,
         -1.02726780e-01,   1.57074215e+00,   8.29389054e-01,
         -1.58243263e+00,   3.74044554e-01],
       [ -1.56572251e+00,   4.83187032e+00,   1.80741152e+00,
          2.67810905e+00,   1.70350243e+00,   5.36947239e+00,
         -9.69119924e+00,   1.98252773e+00,  -1.00742574e+01,
         -1.14718781e+00,  -3.67814340e-01,   1.65493748e+00,
          1.98175778e+00,   9.80384127e+00,  -4.66895834e+00,
         -6.41726146e+00,   1.95313440e+00,   6.21364433e-01,
          2.96773124e+00,   3.96175096e+00,  -5.29370398e+00,
          6.59703776e+00,   1.36583483e+00,   1.35872459e+00,
         -1.53825397e+00,   2.02147203e+00,   6.24087681e+00,
          2.75046345e+00,  -2.39318683e+00,   1.00871222e+00,
          2.30928181e+00,  -3.30735316e-01,  -1.16781321e-01,
         -4.86105843e+00,   2.02265071e+00,  -3.87108638e+00,
         -9.82693407e+00,  -1.17346868e-01,  -6.31279340e+00,
         -1.66784857e-01,   5.92064422e+00,   4.86313883e+00,
         -4.04342840e+00,  -5.28542981e+00,   4.27445589e+00,
          5.43236383e+00,  -8.18883983e-01,   9.23800033e-01,
          7.78023512e+00,   1.16450846e+00],
       [  1.52026062e+01,  -7.44128062e-01,   1.14120439e+01,
         -9.59006784e+00,  -9.68050666e+00,   2.58479104e+01,
          5.50077093e+00,   1.27225415e+00,   1.10484938e+01,
         -2.02789021e+01,   1.70179482e+01,   7.44332463e-01,
         -5.06020220e-01,   1.05335611e+00,  -8.24925441e-01,
          1.68556885e+01,   4.85557479e+00,  -4.65638528e+00,
         -2.59818720e+00,   8.02831376e+00,   7.04301876e+00,
         -6.90418866e+00,  -2.40809923e+00,   1.31571682e+01,
         -1.30331662e+01,  -1.85742600e+01,  -2.90499170e+00,
         -1.11309424e+01,  -1.93146987e-01,   1.24794930e+01,
          1.89826421e-01,   1.34704821e+01,  -1.43447255e+01,
          1.95236096e+00,  -1.06401908e-01,  -1.07770284e+01,
         -1.87914254e+01,  -1.02434928e+01,   6.20286629e-01,
         -4.37520175e+00,   9.19651351e-01,   2.14441826e+00,
          4.42001354e+00,   1.09131790e+01,  -1.61196604e+00,
         -7.85378689e+00,  -1.06911736e+01,  -9.30524040e+00,
         -3.25708551e+00,   1.45319181e+01],
       [  2.33663924e+01,  -1.51658169e+00,   4.26984790e+00,
          5.33000015e+00,  -6.30265281e-01,   2.26293144e+01,
          5.67342105e+00,   4.01856449e-01,   3.29487634e+01,
         -9.10366830e+00,   3.09300375e+00,  -7.71957479e-01,
         -3.21294127e-01,  -1.06713593e+01,  -1.44454417e+01,
          1.85226857e+01,   1.07897457e+01,  -1.21371794e+01,
         -5.53510744e-01,   6.23235714e+00,  -5.61020630e-01,
         -1.37889910e+01,  -3.73133483e+00,   8.21295924e+00,
         -5.90072605e+00,  -1.57559273e+01,  -1.77376427e+01,
          2.17770020e+00,   2.00441653e+01,   1.34712970e+01,
         -3.17855351e-01,   1.74505516e+01,  -5.92665220e+00,
         -2.59368528e+00,  -2.76606183e-01,  -1.00796656e+01,
         -7.80135332e+00,  -2.27744922e+00,  -1.06377706e+01,
         -2.19892776e+01,  -2.28904408e+00,  -1.19477968e+01,
          3.41555745e+00,   1.84155468e+01,  -8.35823557e-01,
         -2.53943020e+00,  -1.36232246e+01,  -1.39747260e+01,
          1.05633686e+01,   2.24337783e+01],
       [  9.27751700e+00,  -4.57920468e+00,   1.35374755e-01,
         -2.14704837e+00,  -8.16179061e-01,  -5.81185171e+00,
          4.76810029e+00,  -1.97606893e+00,   1.74365462e+00,
         -6.58890058e-01,   4.40987870e+00,  -1.91931576e+00,
         -9.23057468e-01,  -6.13818350e+00,  -3.28175090e+00,
          9.04786775e-02,   1.92765799e+00,   1.73294579e+00,
         -4.16243101e+00,  -2.70372358e+00,   2.18976962e+00,
         -4.89846567e+00,  -1.75767032e+00,  -2.89263203e+00,
         -3.86228964e+00,   3.88582688e+00,  -3.94208885e-01,
         -7.80360057e-01,   6.51265365e+00,  -6.19976541e+00,
         -6.84284776e-01,  -6.01973249e-01,  -5.86483318e+00,
          2.13161995e+00,  -7.47426370e-01,   1.02268996e+01,
          1.10147138e+01,   1.18623535e+01,   6.20083021e+00,
         -2.31983937e-01,  -7.74254132e-01,  -7.46159429e-01,
         -1.89391901e-01,   2.95294272e-01,  -2.86376583e+00,
         -5.99795772e+00,  -1.89371719e+00,   2.01153315e+00,
         -2.81108322e+00,   2.19774726e+00],
       [  3.52032765e+00,  -4.28952684e+00,  -1.90359855e+00,
         -8.89542140e+00,  -2.50964367e-01,   1.41063690e+00,
          3.44725412e+00,  -3.16231168e+00,   4.77113207e+00,
         -2.30120919e+00,   9.24610514e+00,  -8.27194042e-01,
         -7.68015580e-01,  -1.58414249e+00,   6.96691709e+00,
          5.09162175e+00,   1.90850494e+00,   1.02245265e-01,
          2.75977478e-01,   7.71504506e-01,   4.83800671e+00,
         -1.42284090e+00,   1.05070825e+00,  -7.14576985e+00,
         -7.20616198e+00,  -1.19333427e+00,  -5.06163021e+00,
         -1.74592970e+00,  -1.10261926e+00,  -4.85130829e+00,
         -3.07095752e-01,  -9.92171437e-01,  -1.19503770e+00,
          6.25220864e+00,  -1.83390100e+00,  -3.71916347e+00,
         -4.07477736e+00,  -2.28351738e+00,   1.00641166e+01,
         -1.87722256e+00,  -9.52686901e-01,   3.94995801e+00,
          4.71638423e+00,   9.91040205e+00,  -2.05170058e+00,
         -2.46330119e+00,  -6.48744559e+00,   3.41837142e+00,
         -3.92681838e+00,   2.47673389e-01]])]Hidden bias: [array([  4.07823995,  -5.21669094,  -3.02701552,  -0.50584797,
        -3.02788211,  -4.20884867,  10.3893757 ,  -2.59722792,
         2.0425577 ,  -2.14980567,   9.0342048 ,  -5.35729926,
        -2.41435358, -13.42357938,   1.94787423,   3.27227967,
         0.71310724,   2.05658291,  -3.36836831,   0.22528372,
         1.67760656,  -9.42658869,  -1.4381862 , -14.6387279 ,
        -4.36813201,  -6.19730069,  -7.7346304 ,   0.12625145,
         2.45383406,  -0.82323637,  -3.90258979,  -0.4607465 ,
        -5.41927529,   8.03907931,  -5.2011268 ,  10.72758561,
         0.88025092,   3.45845826,  14.82039861,  -1.18758958,
        -5.43068849,   1.81154096,   3.4592641 ,   3.39441146,
        -6.43978014,  -9.52912394,  -6.10798395,   1.36870068,
       -12.4130031 ,   0.26902097])]Output weights: [[  6.43854812]
 [  2.74894728]
 [ -4.29085368]
 [  1.55410907]
 [ -7.10015534]
 [ -3.66192883]
 [ -4.95419793]
 [  5.34701538]
 [ -1.78727781]
 [ -5.52894786]
 [ -5.86261387]
 [  6.66719802]
 [  5.62798308]
 [  8.17669216]
 [  5.75015364]
 [  6.10645167]
 [  4.23053801]
 [  4.31806918]
 [  1.26388529]
 [ -1.03304959]
 [ -2.81832849]
 [  4.80940643]
 [ -3.73012303]
 [  7.59721239]
 [  5.35652067]
 [ -2.92816863]
 [  3.32047435]
 [  4.1113486 ]
 [ -8.03195569]
 [  6.67045809]
 [  7.68726027]
 [-10.41458628]
 [-10.17212582]
 [  3.94858676]
 [  6.83394567]
 [ -2.64876   ]
 [ -0.47506719]
 [ -2.83382264]
 [ -3.65761578]
 [ -5.10790141]
 [  5.87301205]
 [  7.09630912]
 [ -4.82067118]
 [  3.74099763]
 [  6.29613242]
 [ -2.77628276]
 [ -9.93596265]
 [  8.01642563]
 [  3.23506426]
 [  9.32764792]]Output bias: [-7.5729743]