Action MLP:Hidden weights: [array([[-0.12583572, -0.40398105,  0.03296884,  0.10819184, -0.17320775,
         0.40603081,  0.26415107,  0.49589315,  0.42135913,  0.1241893 ,
         0.13513342,  0.29998231,  0.32947724,  0.01927223,  0.07062937,
        -0.35248915,  0.17885415,  0.11236131,  0.27263469, -0.15811567,
        -0.41773747, -0.31696887,  0.11646253,  0.07179991,  0.18110107,
         0.19824366,  0.02269353,  0.0207153 ,  0.3049014 , -0.05412275,
         0.31779196,  0.33739672,  0.24309575,  0.2680094 ,  0.41950291,
         0.01350078,  0.00648541,  0.36879942,  0.33942664,  0.27068943,
        -0.34832227,  0.29840056,  0.28757438,  0.23018289,  0.00153209,
        -0.08564365,  0.0768851 ,  0.33055623,  0.0428339 ,  0.44539827],
       [ 0.41293394,  0.02806303,  0.20053947, -0.28432191, -0.00603005,
         0.2362258 ,  0.01000243, -0.28136473,  0.07747102,  0.23362256,
         0.16317521,  0.35780721, -0.21307282, -0.28398104,  0.36546504,
         0.4664276 ,  0.36180344,  0.23925165, -0.09902604,  0.4983525 ,
         0.08467719, -0.30134202, -0.05492855, -0.10038472,  0.35896001,
        -0.1765088 , -0.17665619, -0.1256891 , -0.16766923, -0.39362976,
        -0.40163352, -0.33190766, -0.00612684, -0.31768663, -0.28749512,
         0.27721535, -0.33337577,  0.25861443,  0.46861325,  0.25129846,
        -0.0450842 ,  0.29985345, -0.44516958,  0.43549605,  0.38479715,
         0.20094711,  0.07664536,  0.1223365 ,  0.32076085,  0.5101699 ],
       [-0.21563574, -0.118948  , -0.33837992, -0.20650632, -0.29663446,
        -0.14838732, -0.14645462,  0.17028936, -0.43584141, -0.03760843,
         0.21314327,  0.02989589, -0.30622175,  0.40280529, -0.39485379,
        -0.49180319, -0.31813187, -0.47087755,  0.1635234 , -0.27797232,
         0.32324854, -0.47831905,  0.457541  , -0.25578184,  0.06294321,
         0.14283996, -0.49917728, -0.46937001,  0.17306328,  0.22371809,
        -0.05565983, -0.21525569, -0.38098726,  0.34561132,  0.27635901,
        -0.03982596, -0.17692175,  0.01552898, -0.04148395,  0.30047586,
        -0.09723356,  0.47785959, -0.16406497, -0.28299778,  0.2622316 ,
        -0.18391935, -0.43464536, -0.34893837,  0.41513875,  0.11836953],
       [ 0.30655533,  0.44465287, -0.49748399,  0.40244625,  0.41169057,
        -0.0489182 ,  0.19026616, -0.42627567,  0.09631752, -0.19841462,
        -0.28272219,  0.01945346,  0.38547241, -0.07387869,  0.35530948,
         0.28761515,  0.32408541,  0.38968312,  0.08873854,  0.33104241,
        -0.35024505, -0.30541449,  0.16825011, -0.42882432, -0.46898034,
         0.49295017,  0.10380045,  0.09458278,  0.23471349, -0.36075177,
        -0.08165798, -0.01344371,  0.48173972,  0.36171416,  0.23023777,
        -0.08187662,  0.3405628 ,  0.24516065, -0.48650473, -0.01707436,
         0.02964979, -0.07908178, -0.12556901,  0.08818881,  0.3387387 ,
         0.40093211,  0.14356631,  0.27438721,  0.27311664,  0.11145986],
       [-0.2083816 ,  0.38777122,  0.42394899, -0.26782809, -0.3271431 ,
         0.06705283, -0.43833185, -0.47040103,  0.15611315, -0.24085645,
        -0.36573561,  0.17514034,  0.2226064 ,  0.26390989, -0.46057478,
         0.35082317,  0.30424144,  0.13269072,  0.11962171,  0.28990183,
         0.1669574 , -0.48441798,  0.10702673, -0.0397148 , -0.00867193,
        -0.39574524, -0.47990641, -0.32246034, -0.25545314,  0.00583045,
        -0.37498443, -0.14232926,  0.43810403,  0.25820495,  0.28057358,
         0.18140749, -0.36175727, -0.34000271,  0.01530035,  0.08220008,
         0.29141737,  0.24598573, -0.29635581,  0.04885849, -0.45324728,
        -0.31507445,  0.22337779, -0.4533386 ,  0.20767352, -0.23918007],
       [ 0.1352847 ,  0.14745324, -0.10133239,  0.33998332, -0.24169637,
         0.15734777,  0.34502134,  0.22814226,  0.16406896, -0.30310785,
         0.26042851,  0.08593868,  0.24269887,  0.48312442,  0.14985533,
         0.1806745 ,  0.30516309, -0.22379453,  0.41460709,  0.13611679,
        -0.47087667, -0.03784006,  0.24174747, -0.23684509,  0.30126592,
        -0.27037898,  0.36323309,  0.25988304,  0.30665121, -0.47178801,
         0.26807616,  0.44123332,  0.30166499,  0.12904249, -0.33092424,
        -0.09463771, -0.3950838 ,  0.37567052, -0.04934876,  0.23141695,
        -0.23570985, -0.34703088,  0.49007892,  0.23582497,  0.50446995,
         0.24309337,  0.06848426, -0.43844711,  0.39217622, -0.44851535],
       [ 0.19209458,  0.35124435, -0.19124149, -0.10750767, -0.35156421,
         0.25012887,  0.00207599,  0.41442343,  0.20195473, -0.28321662,
         0.15016219,  0.06643848,  0.43720227, -0.09391167, -0.01269006,
         0.10636296,  0.18424584, -0.42501134, -0.33127142,  0.04494211,
         0.29579746,  0.21045436, -0.43893924, -0.29815683, -0.2385506 ,
         0.09057967, -0.12574314, -0.27992971,  0.45363982,  0.29724415,
         0.43558814,  0.37650339,  0.11516287, -0.323441  ,  0.34311437,
         0.08652549, -0.45052521,  0.45500182, -0.19547809,  0.02083741,
         0.17638643,  0.22469792, -0.12411441,  0.03999803,  0.18366183,
         0.42171816, -0.31123372, -0.12235511,  0.47887195,  0.06727463],
       [-0.33093369, -0.14944287, -0.29820782, -0.15956224,  0.06600535,
         0.30193477, -0.10604391, -0.41375087,  0.49946321, -0.01500857,
         0.36824093, -0.17048932, -0.01330339,  0.25193288, -0.25593573,
        -0.48065228, -0.01534309, -0.13498024, -0.2130357 ,  0.37805012,
        -0.21684619, -0.11983248,  0.30520329, -0.35631451, -0.15370917,
         0.29573754,  0.18800088, -0.48499666,  0.06977765,  0.36314222,
         0.1366039 , -0.27063039, -0.07709031, -0.45571953,  0.10051349,
         0.48047514,  0.35157085, -0.45949539, -0.3738452 , -0.46588897,
        -0.46655633,  0.40886341, -0.34707156, -0.15169721,  0.43802111,
         0.20339322,  0.43802979, -0.23075774,  0.09955155,  0.26210958]])]Hidden bias: [array([-1.0065975 , -0.99461022, -0.99791466, -0.99618624, -1.0000675 ,
       -0.99546467, -0.99500135, -1.00394947, -1.0019706 , -1.01486895,
       -1.01662412, -1.01356307, -1.0018184 , -0.99608591, -0.99973396,
       -0.99470282, -0.99882876, -0.99587679, -1.0037326 , -0.99696783,
       -0.99330833, -0.99785733, -1.01477874, -0.99373707, -1.00330116,
       -1.00091191, -1.00075626, -1.00365037, -0.99297678, -0.98903455,
       -0.99515427, -1.0021479 , -0.99577772, -0.99763239, -0.99831889,
       -1.00236991, -1.00158122, -1.0140244 , -1.01947196, -0.99071982,
       -1.0045    , -1.01469856, -1.00503156, -0.99354311, -1.01643225,
       -0.99385174, -1.00277703, -0.99007465, -1.00953813, -0.98008447])]Output weights: [[ 0.30143102  0.27938144]
 [-0.38781654 -0.2346755 ]
 [-0.0898336   0.14796037]
 [-0.38312195  0.03050245]
 [ 0.04198806 -0.28034644]
 [-0.16811523 -0.14655139]
 [-0.23041672 -0.19115269]
 [ 0.12512303 -0.38262527]
 [ 0.22289477 -0.28590189]
 [ 0.43241627 -0.03529311]
 [ 0.44781708 -0.35969535]
 [ 0.46260238  0.25149321]
 [ 0.28900673  0.16378467]
 [-0.18496543  0.18960563]
 [ 0.02255644  0.07182778]
 [-0.36274627  0.37521325]
 [-0.00156786 -0.39552504]
 [-0.26713444  0.27547738]
 [ 0.22413639  0.41742084]
 [-0.15198214  0.40668047]
 [-0.17170814 -0.31747299]
 [-0.20286135 -0.02506389]
 [ 0.5030274   0.23059178]
 [-0.36109564 -0.2916083 ]
 [ 0.10587396 -0.24533643]
 [ 0.05674026  0.07055456]
 [ 0.14445367  0.31475499]
 [ 0.46110792  0.08372972]
 [-0.27530829  0.16364118]
 [-0.45319992 -0.4078582 ]
 [-0.28992845 -0.16290397]
 [ 0.26815616  0.01971817]
 [-0.43155931 -0.37795776]
 [-0.10389473  0.09026366]
 [-0.04980484 -0.0572995 ]
 [ 0.12385387 -0.22089544]
 [ 0.14571186  0.04676517]
 [ 0.47128988  0.17648834]
 [ 0.49833601 -0.02897031]
 [-0.2324799   0.09591078]
 [ 0.35982243  0.07006087]
 [ 0.33527442  0.01212072]
 [ 0.53409818  0.25829045]
 [-0.25816103 -0.42822684]
 [ 0.42439188 -0.28811897]
 [-0.28816147 -0.37856709]
 [ 0.29237006  0.37849488]
 [-0.37630426  0.32566341]
 [ 0.2870577   0.1376245 ]
 [-0.4528665  -0.11698241]]Output bias: [ 0.95123089  1.00026628]
Value MLP:Hidden weights: [array([[  6.40189918e-02,  -2.52136262e-01,  -5.17614871e-01,
          1.26165687e-01,  -1.95039622e-01,  -2.97041436e-01,
         -9.34470387e-02,   2.87895201e-01,   3.01953083e-01,
          2.96807668e-01,  -2.50929196e-01,  -3.35142463e-01,
          2.57184196e-01,  -3.26680306e-01,   5.36902014e-01,
          2.82234834e-01,  -5.00205719e-01,  -4.66451027e-01,
         -5.08434987e-01,  -3.81418778e-01,   5.41625039e-02,
         -2.19156669e-01,   2.09328790e-01,   2.97603650e-01,
         -3.57323324e-01,   1.59077211e-01,  -3.38788019e-01,
         -2.77791260e-01,  -2.54915180e-01,   3.55219007e-01,
         -5.77402037e-01,   3.38970549e-01,   2.08380053e-01,
          2.07312927e-02,   2.45444225e-02,  -2.54493615e-01,
          2.21846632e-01,   9.71938125e-02,   5.28118739e-02,
         -8.48137522e-02,  -1.14822049e-01,  -3.77985625e-01,
          4.11682631e-01,   3.48821144e-01,   3.13110907e-02,
          5.98207269e-02,  -2.12005296e-01,  -2.21884604e-01,
          2.39162808e-01,  -4.18583396e-01],
       [ -5.58897896e-01,  -3.53612104e-01,  -2.99373438e-01,
         -8.44099538e-01,  -1.91141992e-01,  -2.63468126e-02,
         -5.57390260e-02,  -5.95653292e-01,  -3.16339277e-01,
         -1.58682262e-01,  -3.33921020e-01,  -7.03710701e-01,
         -7.49263933e-02,  -2.51409628e-01,   5.02992387e-01,
          2.10809920e-01,   3.29762258e-01,  -6.90102025e-01,
         -7.16786130e-01,  -4.45843016e-01,   2.91565859e-02,
         -6.95275617e-01,  -3.40627862e-01,  -6.60176773e-01,
          3.06709854e-02,   9.53460828e-03,  -3.05735169e-01,
         -2.64591362e-01,  -4.60399849e-01,  -4.45490729e-02,
          1.92055842e-01,   5.95878078e-01,  -4.70539632e-01,
          4.05308108e-01,  -4.69150969e-01,   7.50337054e-02,
         -6.65900096e-01,  -2.94139369e-01,  -4.51770975e-01,
          9.18984097e-01,  -4.05306892e-01,  -2.03337345e-01,
         -5.96898700e-01,   8.32149464e-01,  -7.44618605e-01,
         -6.20533517e-01,  -4.48663365e-01,   2.00479730e-01,
         -1.88775565e-01,  -4.01907512e-01],
       [ -6.38670377e-01,  -3.71032236e-01,  -5.63413866e-01,
         -2.64949453e-01,  -6.10971068e-01,  -4.90659965e-01,
         -7.11137082e-01,  -4.12272957e-01,  -7.45804198e-01,
         -6.52323875e-01,  -1.53862934e-01,  -3.08447032e-01,
         -1.22865461e-01,  -4.29172940e-01,   7.73391904e-01,
          9.25731700e-01,  -1.72443867e-01,  -5.51325936e-02,
         -8.50235680e-02,  -1.89250464e-01,  -2.87230931e-01,
         -4.30427161e-02,  -2.59186419e-01,  -4.97792301e-01,
         -5.93688164e-01,  -7.63919603e-01,  -6.56797200e-01,
         -3.60927613e-01,  -4.20757060e-01,  -4.99222801e-01,
         -6.33960484e-01,   7.61462244e-01,  -1.70281894e-01,
         -2.51165959e-01,  -4.94116773e-01,  -5.37595196e-01,
         -1.25477380e-01,  -6.93566171e-01,  -5.65582187e-01,
          1.14343281e+00,  -1.34812569e-01,  -5.70376530e-01,
         -5.41144983e-01,   6.72272377e-01,  -2.57408206e-01,
         -2.36652221e-01,  -1.80516295e-01,  -9.62397632e-02,
         -7.25222003e-01,  -5.06966751e-01],
       [ -3.51698199e-01,   4.77170410e-01,   5.48825979e-01,
          2.93920125e-02,  -3.88257849e-01,   7.40228582e-02,
         -1.23859774e-01,  -2.39194004e-01,  -1.94799072e-02,
          9.16411659e-02,   1.14967799e-01,   5.28990227e-01,
         -6.69722102e-03,  -3.23844511e-01,  -3.96648064e-02,
         -3.55800170e-01,   4.75265927e-01,  -3.53235234e-01,
         -7.55003673e-02,  -9.59941566e-02,  -3.26992931e-02,
         -2.98052551e-01,   6.50709037e-01,  -7.77729238e-02,
         -2.91618650e-01,   2.06355017e-01,  -2.86521790e-01,
         -3.61274224e-02,  -3.95465112e-01,   6.43193139e-01,
          8.97150746e-02,  -1.39922293e-01,  -2.58472922e-01,
          5.21863956e-01,   4.43106647e-01,  -3.27660406e-01,
          1.33450605e-01,   3.31847840e-01,   2.17502839e-01,
         -3.25574726e-02,  -2.59653055e-01,   3.18747137e-01,
          1.96266881e-01,  -9.51613627e-02,  -3.14510786e-01,
          5.26197433e-01,  -1.33883988e-01,  -3.67517769e-01,
          5.88746971e-01,  -3.05302225e-01],
       [  4.60754762e-02,   3.00092489e-01,   2.15313133e-02,
         -4.81284152e-02,   2.19739376e-01,   5.05495045e-01,
         -1.24703083e-01,   3.04366918e-01,   6.63584815e-02,
         -1.02866909e-01,   1.49323672e-01,   3.48226143e-02,
          5.59033717e-01,   2.18743622e-01,  -4.89737017e-01,
         -5.53569061e-01,   5.34273995e-01,   6.10197178e-01,
          3.83343990e-01,   3.40862729e-01,   2.57098760e-01,
          3.91492462e-01,  -1.05686542e-01,   7.97271275e-02,
          5.31096613e-02,  -1.97483492e-01,  -1.83205339e-01,
          3.35707482e-01,   5.81115149e-01,   3.72489701e-01,
         -2.58160056e-01,  -4.82895404e-01,   3.94951170e-01,
          6.16600648e-01,  -1.54646293e-01,   4.44883690e-01,
          2.23509107e-01,  -1.18757427e-01,   4.99075155e-01,
          1.54063279e-02,   4.01521037e-01,   3.15381144e-01,
          7.91381178e-02,  -4.13636701e-01,   5.71853275e-01,
         -9.15482243e-02,   5.88084761e-01,   7.02500373e-01,
         -6.75900388e-02,   5.21727726e-01],
       [  4.29914624e-01,   2.81277520e-01,   3.89659281e-02,
          4.03153883e-01,   1.22281762e-01,  -1.54016016e-01,
          4.36639898e-01,   4.71678639e-01,  -2.03530625e-01,
         -1.93665756e-01,   3.85016244e-01,  -8.07518388e-02,
         -9.61174989e-02,   1.71414350e-01,  -4.71884679e-01,
         -4.13825024e-01,   6.45013535e-02,   2.63445950e-01,
         -2.65407773e-01,   6.01270055e-01,   7.05477160e-01,
          3.78342099e-01,   3.92831880e-01,   7.06661644e-02,
          5.28770206e-01,   1.15078366e-01,   2.40243034e-01,
          4.84433886e-01,  -1.06847381e-01,  -2.17539379e-01,
          4.83943329e-01,  -5.51129880e-01,   6.79084519e-01,
         -4.79126091e-02,  -2.47931035e-01,   2.69765516e-03,
          4.35680878e-01,   2.38372521e-01,   4.98723539e-02,
         -7.16608475e-01,   6.81756295e-01,  -3.32016264e-01,
          2.79954087e-01,  -2.60855765e-01,  -1.12174076e-01,
          5.78921559e-02,  -1.12253297e-01,   4.63210261e-01,
         -1.11906385e-01,  -3.34335078e-02],
       [  4.80012452e-01,   1.96612177e-01,  -3.87547747e-01,
          6.77898586e-02,  -1.45277185e-01,   4.23164717e-01,
          9.88420878e-03,   1.95542261e-01,   4.79154146e-01,
          3.97988282e-01,  -1.41542809e-01,  -4.21632615e-01,
         -1.58820256e-01,  -1.21645095e-01,   9.92056537e-02,
          2.57921291e-01,   2.40394730e-01,   4.35500786e-01,
          2.01739865e-01,  -8.52759774e-05,   9.49559396e-02,
         -2.70387695e-01,   3.18134917e-01,  -3.04392991e-01,
          3.53524772e-02,   2.36083374e-01,   3.32983427e-01,
         -4.93426624e-01,   3.68593459e-01,  -2.37185195e-01,
          4.15151492e-01,   4.09278805e-01,   4.10806157e-01,
          8.33567708e-02,  -2.74504939e-01,   6.58722601e-02,
          2.48411855e-01,   3.84476674e-01,  -8.21753313e-02,
          1.81431747e-01,   4.71295331e-01,   2.78111667e-01,
          4.89696608e-01,  -3.93289887e-01,   1.70294015e-01,
         -3.41411825e-01,   4.76976818e-01,  -1.56188091e-01,
         -4.54917642e-01,   9.27868146e-02],
       [  2.40272954e-01,  -6.86838941e-02,   3.64931438e-02,
          3.48610657e-01,  -3.69712715e-02,  -3.04014109e-01,
          8.13540773e-02,   2.98881285e-02,   2.96924910e-01,
          1.34162292e-01,   4.54697432e-01,  -5.08437880e-02,
          2.39542192e-02,  -7.38420152e-04,  -3.38874077e-01,
         -1.29077264e-01,  -2.71193013e-01,  -1.90513016e-01,
         -1.39877953e-01,  -4.03423779e-01,  -2.56762074e-01,
         -1.85847804e-01,  -5.99550188e-02,   3.58504611e-01,
          7.65055530e-02,   3.00094669e-01,  -2.66913338e-03,
         -4.45775391e-01,  -1.55549081e-01,   1.85936974e-01,
         -3.10147519e-01,   2.65421718e-01,  -2.66227246e-01,
          4.82075768e-01,   1.76651927e-01,  -3.83853775e-01,
         -2.85521571e-01,   3.37728399e-01,   3.79625498e-01,
         -1.25032606e-01,   9.96397638e-02,   4.18545811e-01,
          4.21788699e-01,  -3.06144931e-01,   3.46690104e-01,
          4.06981033e-01,  -2.87553811e-01,  -2.20116880e-01,
          2.26129529e-01,  -3.66354257e-01]])]Hidden bias: [array([-1.30130053, -1.22021901, -1.17077127, -1.59012509, -1.21186146,
       -1.12656573, -1.30274561, -1.22025953, -1.39269355, -1.43386544,
       -1.30839852, -1.33318474, -1.2132952 , -1.40938403, -0.51812679,
       -0.5640155 , -1.21490388, -1.29417167, -1.42149762, -1.3120488 ,
       -1.50219606, -1.31571924, -1.57111444, -1.32064441, -1.38403852,
       -1.23552935, -1.21650096, -1.09561318, -1.15660332, -1.45626612,
       -1.23716239, -0.47928722, -1.3761697 , -1.08984885, -1.30117462,
       -1.28629845, -1.47665974, -1.32212639, -1.14201652, -0.32783041,
       -1.48969997, -1.13066219, -1.18801298, -0.49854628, -1.43370628,
       -1.55188965, -1.43702628, -1.08598575, -1.29166925, -1.13884254])]Output weights: [[ 3.17364137]
 [ 3.33596694]
 [ 3.05835446]
 [ 3.1218836 ]
 [ 2.39424396]
 [ 2.37523775]
 [ 2.56821567]
 [ 2.54847941]
 [ 2.69592058]
 [ 1.8786133 ]
 [ 2.06211305]
 [ 3.28269171]
 [ 1.19787875]
 [ 2.74531509]
 [-1.79170828]
 [-1.86770367]
 [ 2.21567875]
 [ 3.03638134]
 [ 2.64330664]
 [ 3.18380103]
 [ 2.65324164]
 [ 2.23943913]
 [ 2.64939109]
 [ 2.37452795]
 [ 2.93507513]
 [ 2.01607103]
 [ 2.21521307]
 [ 2.35325918]
 [ 2.53627021]
 [ 3.07000242]
 [ 2.31572483]
 [-1.89661726]
 [ 2.43551313]
 [ 1.72785287]
 [ 2.02369842]
 [ 2.47469758]
 [ 2.60248101]
 [ 3.14134861]
 [ 3.17510346]
 [-2.35027591]
 [ 3.14432999]
 [ 2.55741214]
 [ 2.49187097]
 [-1.47576846]
 [ 3.21301847]
 [ 2.57539836]
 [ 2.92952606]
 [ 1.51558448]
 [ 2.72984471]
 [ 2.79200475]]Output bias: [-1.94394321]