Action MLP:
Initial hidden weights: [array([[ -9.06375187e-03,   9.92748049e-03,   1.23492034e-04,
          3.66356057e-03,  -2.55217529e-03,   3.08043970e-03,
          1.07578238e-03,   8.48478081e-03,  -4.59244139e-04,
         -4.00731775e-03,  -5.53132712e-03,  -7.06162295e-04,
         -4.83142347e-03,  -8.97387434e-03,   8.88011702e-03,
         -8.90751033e-03,  -8.88461426e-03,  -5.39968169e-03,
          3.35979292e-03,  -2.93967077e-03,  -2.05445663e-03,
         -5.94725559e-03,  -7.59894159e-04,  -7.94623506e-03,
          7.56407175e-03,   3.19964981e-03,   5.85810257e-03,
         -6.01308186e-04,  -8.20882842e-03,   1.61123756e-05,
         -2.53161459e-03,   3.15291019e-03,  -1.98552632e-03,
         -4.96966526e-03,  -6.17365379e-03,   7.15345220e-03,
          9.42398974e-03,   8.39594132e-03,   4.43792751e-03,
          9.23937101e-03,   6.11759998e-03,   2.35796912e-03,
         -1.11322469e-03,   5.22958736e-03,   1.14584714e-03,
         -1.54769574e-03,   6.11370862e-03,  -4.93259509e-03,
          2.16531838e-03,   3.91836824e-03],
       [ -2.79187885e-03,  -9.58713980e-03,  -8.16667465e-03,
         -3.33012220e-03,   2.55477113e-03,   7.58550345e-03,
          9.72155751e-03,   1.48987125e-03,   5.73617197e-03,
         -7.53527566e-03,   2.05674267e-03,   9.42247576e-03,
          2.82528603e-03,  -9.74697841e-03,   8.11858842e-03,
          6.58202150e-03,   3.25297682e-03,  -9.33107953e-03,
         -9.61833025e-03,   6.03668546e-03,  -1.35998254e-03,
         -1.05558367e-03,   2.75595126e-03,   2.73038886e-04,
         -7.92314995e-03,  -5.01909860e-03,   8.23562879e-03,
          3.04251708e-03,  -2.67203336e-03,  -9.68450139e-03,
          7.55562377e-03,  -2.37541882e-03,  -5.30780083e-03,
          2.75929582e-03,   5.76657021e-04,  -7.09111893e-03,
          7.44504175e-03,   8.74629960e-03,   7.26982795e-03,
          6.92795629e-03,  -4.32045307e-03,   3.13797487e-03,
          8.23687780e-03,  -8.19594539e-03,   7.73486470e-03,
          9.40134873e-03,  -2.18934134e-03,   1.34614161e-03,
          1.12820123e-03,  -1.40761022e-03],
       [  7.83137530e-03,  -3.29397363e-03,  -3.77762094e-03,
          3.27063983e-03,   8.15823583e-03,   5.12698393e-03,
          3.27803093e-03,   5.76431641e-03,  -3.37237797e-03,
          6.76327510e-03,   6.93937657e-03,   6.95404211e-03,
          6.91483944e-03,  -5.41951250e-03,  -7.00185056e-03,
         -3.18725304e-03,  -9.82799087e-03,  -6.17593673e-03,
          1.90665754e-03,  -7.49437423e-03,   1.20395570e-03,
          6.05119378e-03,   3.86827666e-03,   3.77179269e-03,
          4.62655165e-03,  -6.49226244e-03,  -6.06162207e-03,
          4.09033460e-03,  -4.62336016e-03,  -8.50673545e-03,
          3.71644170e-04,   5.77469592e-03,  -2.86913002e-03,
          4.68420686e-03,  -5.08733621e-03,   7.25099266e-03,
         -9.25867605e-03,   8.89337238e-03,   3.18102439e-03,
         -2.30042341e-03,  -8.85707858e-03,   3.80609494e-04,
         -1.83591238e-03,  -7.34377716e-04,  -8.96190310e-03,
          9.22006744e-03,   4.86592844e-03,   1.38469142e-03,
          4.55537500e-03,   1.52300675e-03],
       [  4.73704159e-03,   2.24575045e-04,  -2.97693663e-03,
         -5.43567729e-03,  -8.97316961e-03,  -7.16797710e-03,
         -8.58467367e-03,   8.35145810e-03,  -7.64781036e-03,
         -5.49811770e-03,  -3.29096725e-03,   9.25838156e-03,
          8.49830670e-03,   7.94532514e-03,  -9.43127847e-03,
          9.76098720e-03,   1.73844522e-03,   6.72043147e-03,
         -5.97058738e-03,   9.07702370e-03,  -5.30622480e-03,
         -1.38929586e-03,   9.50970931e-04,  -9.73141362e-03,
          1.61227640e-03,   8.34853700e-03,  -8.98401442e-03,
          6.09119498e-03,   5.03092777e-03,   8.84871703e-03,
         -5.03662291e-03,  -1.79707122e-03,  -8.26845751e-03,
          1.69126765e-03,  -3.85396236e-03,  -7.41192732e-03,
         -9.34452740e-03,   7.25169708e-03,  -4.31117935e-03,
          2.70849430e-03,  -8.66652941e-03,  -3.25816101e-03,
          6.05284023e-03,   2.26244383e-03,   2.48460497e-03,
         -3.63446292e-03,   4.13150882e-03,   7.09837966e-03,
         -5.55236750e-03,   1.26625367e-03],
       [ -4.52633362e-03,   8.63795932e-03,   7.63362031e-03,
         -1.91626758e-04,   9.84197410e-03,   2.14234235e-03,
          7.27466646e-03,   9.19121989e-03,   6.35095038e-03,
          6.78248810e-03,   1.09745039e-03,   4.82708647e-03,
         -6.85444615e-03,   9.26191855e-04,   5.10169288e-03,
          7.71094380e-03,   5.04686696e-03,   5.53555682e-03,
          5.54093219e-03,  -9.21077279e-03,   8.65571282e-03,
          6.08896237e-03,  -8.68342835e-03,  -3.63298687e-03,
         -3.56811197e-03,  -3.95324366e-03,   1.26617800e-03,
          8.94246332e-03,   5.19416784e-03,   7.71689303e-03,
         -8.75773351e-03,  -9.16853919e-03,   3.59507540e-03,
         -5.01974687e-03,   4.45070238e-03,   2.33984296e-04,
         -9.78638166e-03,   4.91364130e-03,  -5.56135545e-03,
         -6.56786634e-03,  -6.66397243e-03,  -6.59231928e-03,
         -7.53233562e-03,  -4.89559206e-03,   2.51637097e-03,
          5.44370652e-03,  -2.19671364e-04,   8.16557544e-04,
          2.69548380e-04,  -3.98496942e-04],
       [ -5.45135687e-03,   4.06390450e-03,   9.63386667e-03,
          1.01844519e-03,   9.75413931e-03,   4.85671158e-04,
         -5.60233715e-03,  -1.25797777e-03,   3.40997754e-03,
         -7.30825391e-03,  -6.69050359e-03,   3.24787441e-03,
         -7.01211894e-03,  -2.27224402e-03,   6.28077953e-03,
         -5.50560025e-03,   4.08549566e-03,   3.02187067e-03,
         -6.12736928e-03,   6.94668045e-03,   9.41188994e-03,
          7.47011076e-03,   5.15616417e-03,   8.57934255e-03,
          8.00085300e-03,   2.17357603e-03,  -9.75181765e-04,
          8.83823341e-03,   1.16055399e-03,   4.41078925e-03,
          3.00445595e-03,  -8.95096047e-03,  -5.59909650e-03,
         -1.38476210e-03,  -7.80608800e-03,  -6.02460344e-03,
          4.66977082e-03,  -4.40383450e-03,  -7.60074328e-03,
          7.57920265e-03,   1.71776341e-04,  -9.88005239e-04,
         -7.76329064e-04,   3.20624562e-03,   8.29855459e-03,
          5.34646599e-03,   5.63626816e-03,   3.04754332e-03,
         -9.67062119e-03,   8.29683884e-03],
       [  9.45023906e-03,   2.48397831e-03,  -3.62411687e-03,
         -6.09263222e-03,   2.22385396e-03,   3.92434244e-03,
         -8.32269705e-03,  -4.90824186e-03,  -7.11153333e-03,
         -9.98916488e-03,  -7.31362590e-03,  -5.05986179e-03,
          8.91979710e-03,   5.33768022e-03,   7.13660170e-03,
         -9.58439937e-03,  -2.64194971e-03,   4.48821787e-03,
         -1.10100386e-03,  -9.11987677e-03,   9.57595596e-03,
         -6.70433986e-03,  -4.90192932e-03,   9.99969548e-03,
         -4.16426761e-03,  -8.09470773e-03,  -4.57014863e-03,
         -2.15918732e-03,   1.61305848e-03,   3.98623716e-03,
          3.19095849e-03,   7.38657737e-03,   1.32823466e-03,
         -9.27382604e-03,   7.94180647e-03,   9.24219765e-03,
          3.19516465e-03,  -1.28571574e-03,   3.07103316e-03,
          7.98915861e-03,  -8.16160174e-03,  -3.74368499e-03,
          3.33641966e-03,   6.33966206e-03,  -9.60703575e-03,
          3.42622419e-03,  -8.77409368e-03,   3.85549318e-03,
          5.48800574e-03,  -3.25525789e-03],
       [  9.41721601e-03,   3.10871793e-03,  -3.60686267e-03,
          8.06463985e-03,  -6.40377934e-03,   1.53702100e-04,
          4.04849992e-03,  -1.60003984e-03,   1.94325753e-03,
         -8.47838501e-03,   2.36973506e-03,   7.71416489e-05,
          8.70243167e-03,  -1.27431815e-03,   2.50522216e-03,
         -5.75685962e-03,  -7.89856752e-03,  -4.98852056e-03,
          5.24026309e-03,   4.41265719e-04,  -7.61451886e-03,
          6.42468684e-03,  -1.28214115e-03,  -4.59593456e-03,
          6.38929256e-03,   5.95981082e-03,   7.49167301e-03,
          2.02716727e-03,   2.93882749e-04,  -7.76117571e-03,
         -6.27902603e-03,   2.08265785e-03,  -1.07233839e-03,
         -1.90437917e-03,  -6.66155750e-03,   4.06759765e-03,
          6.48127047e-03,  -1.28909558e-03,  -9.19877382e-03,
         -9.38347462e-03,   4.02469995e-03,  -6.41947280e-03,
         -7.67129641e-03,   5.13932876e-03,   6.55395091e-03,
         -5.15069291e-03,   1.25556272e-03,   3.68949208e-04,
         -4.73165236e-03,  -4.82426823e-03]])]
Initial hidden bias: [array([-1., -1., -1., -1., -1., -1., -1., -1., -1., -1., -1., -1., -1.,
       -1., -1., -1., -1., -1., -1., -1., -1., -1., -1., -1., -1., -1.,
       -1., -1., -1., -1., -1., -1., -1., -1., -1., -1., -1., -1., -1.,
       -1., -1., -1., -1., -1., -1., -1., -1., -1., -1., -1.])]
Initial output weights: [[-0.00772159 -0.00808727]
 [-0.00332974 -0.00472286]
 [ 0.0091585  -0.00424995]
 [-0.00786743  0.0015355 ]
 [ 0.00275012 -0.00636027]
 [-0.00317886 -0.00332739]
 [ 0.00722729 -0.00267322]
 [ 0.00657903 -0.00798392]
 [-0.00718658 -0.00849717]
 [-0.00678178  0.00849931]
 [-0.00734785  0.00173546]
 [ 0.00424871  0.00844633]
 [-0.00974444 -0.00192074]
 [ 0.0001977   0.00350452]
 [ 0.00069426  0.00082997]
 [-0.00282559 -0.00702686]
 [-0.00652322  0.00852137]
 [-0.00847243  0.00899542]
 [ 0.0095547  -0.00807093]
 [ 0.00717091 -0.00642743]
 [-0.00772479  0.00214893]
 [ 0.00736269 -0.00146735]
 [-0.00846035 -0.00098975]
 [-0.00628398  0.00637863]
 [-0.00477078  0.00926422]
 [ 0.00368631 -0.00390163]
 [-0.00296378  0.0052549 ]
 [ 0.00487984 -0.00581962]
 [ 0.00713079 -0.00541586]
 [ 0.00848574  0.00580684]
 [ 0.0075763   0.00742304]
 [-0.00746947 -0.00811442]
 [-0.00829922 -0.00624586]
 [-0.00926725  0.00684464]
 [ 0.00569642  0.00236248]
 [-0.00296929 -0.00739766]
 [-0.00159904 -0.00603712]
 [-0.00283004 -0.00886258]
 [-0.00447591  0.00849124]
 [-0.00484571  0.00503444]
 [ 0.00994326 -0.00343834]
 [ 0.0012661   0.00778286]
 [-0.00429922 -0.00334558]
 [ 0.00671127  0.00324383]
 [-0.00053137 -0.00599373]
 [ 0.00448231 -0.00794683]
 [-0.00994396  0.00611599]
 [ 0.00257565  0.00472104]
 [ 0.00736361  0.00364307]
 [ 0.00151577 -0.00757031]]
Initial output bias: [ 1.  1.]
Value MLP:
Initial hidden weights: [array([[ -9.95032633e-03,  -8.46411356e-03,   3.90440493e-04,
          6.98054992e-03,  -6.52010161e-03,  -5.20407013e-03,
          7.93735504e-03,  -3.58884098e-03,  -2.49637310e-03,
          8.50134753e-03,  -5.71530309e-03,  -7.93012393e-03,
         -5.62565063e-03,   1.35489313e-03,   3.23876701e-03,
          4.22420790e-03,  -3.72776681e-03,  -6.55459145e-03,
         -5.46184379e-03,   5.72844779e-03,   2.44128468e-04,
          9.60757552e-03,  -4.32365182e-03,   5.42900618e-03,
          5.59544540e-03,  -2.45373228e-04,  -6.04543235e-03,
         -3.25398827e-03,   8.80504556e-03,  -6.33036234e-03,
          3.45174751e-04,  -5.51336407e-03,  -6.15372216e-03,
         -1.90633804e-03,   6.95900400e-03,  -5.91380873e-03,
          7.42315420e-03,   2.57015666e-03,   2.16124611e-03,
          9.32291811e-03,  -2.03585669e-03,   9.68255510e-04,
          8.00970846e-03,   8.11147811e-03,   7.98787904e-03,
          6.70836513e-03,   4.81883878e-03,  -8.97488492e-03,
          6.63296388e-03,  -3.32808896e-03],
       [ -7.80932370e-04,   4.94327208e-03,  -5.89238960e-03,
         -5.16478275e-03,   6.94490527e-03,   4.65637715e-03,
          5.00540093e-03,   4.71522924e-03,   1.71375624e-03,
          9.95929897e-03,   4.48424109e-03,   8.15545870e-03,
         -3.38585623e-03,  -2.14090848e-03,  -1.27993574e-03,
         -3.65046726e-03,  -3.89489108e-04,   4.74868149e-03,
         -7.01487489e-03,   8.96296080e-03,  -8.23130191e-03,
          5.21048142e-03,  -5.58396782e-03,   6.59074109e-03,
          8.59254674e-03,  -6.26414619e-03,   4.56540875e-03,
          1.32771896e-03,   1.78630277e-03,   7.26848257e-03,
         -3.83345880e-03,   8.51735133e-03,  -1.27112890e-03,
          7.93717677e-03,  -5.91047858e-03,  -8.87278702e-03,
         -4.79493642e-03,  -8.84630158e-03,   5.16251806e-03,
         -8.46143407e-03,   9.19389140e-03,  -4.74146005e-03,
         -4.18643521e-03,  -9.75784436e-04,  -5.02946668e-03,
         -5.78991650e-03,  -6.75233412e-03,  -9.56002336e-03,
         -2.08310709e-03,   8.99012644e-03],
       [ -9.10601633e-03,   3.04271017e-03,   1.95985289e-03,
         -2.74621983e-03,  -3.04508659e-04,  -1.49531656e-03,
          7.69111743e-03,   5.64994963e-03,   5.91390040e-03,
          4.01613728e-03,  -7.97780803e-03,   4.31069209e-03,
         -8.16594098e-03,  -8.73870655e-03,   4.79891503e-03,
         -9.08416877e-04,  -9.97985647e-03,   3.43599887e-03,
         -2.81848733e-03,  -6.55608176e-03,   8.33086916e-03,
          7.26627957e-03,   4.55147107e-03,  -6.52971544e-03,
         -7.59176188e-03,   3.93768750e-03,   6.77033221e-03,
          7.99631739e-03,  -8.28303265e-03,   4.73396242e-04,
         -8.37988017e-03,  -7.59195306e-03,  -1.83075011e-03,
         -4.15384726e-03,  -5.77563945e-03,  -4.62220998e-03,
         -8.34763291e-03,  -7.95607483e-03,  -5.04883775e-03,
          9.29209506e-04,  -3.38679852e-03,   4.96069320e-03,
         -3.01747368e-03,  -4.75807251e-03,  -9.08419571e-03,
          2.75321177e-03,   8.15557051e-03,   7.77505729e-03,
          4.58816967e-03,   5.82850382e-03],
       [  9.15720379e-03,   9.96872996e-03,   8.61028451e-03,
          5.57053496e-03,   7.09239431e-03,   6.79071431e-03,
         -2.11552282e-03,  -4.07965951e-03,  -5.21716521e-03,
         -8.84955272e-03,   3.37423823e-04,  -6.60811009e-03,
          8.79816642e-03,   3.40081156e-03,   3.74562695e-03,
         -1.34124536e-03,   3.94552733e-03,   9.42924012e-03,
         -8.62295521e-03,   6.30946939e-03,  -4.77280079e-03,
         -4.50682081e-03,   7.12503803e-03,   6.38747673e-03,
          5.50923142e-03,   1.97896501e-03,  -6.95691679e-03,
         -4.54994210e-03,   7.05049697e-03,   1.17602381e-03,
         -4.66405355e-03,  -8.10605899e-03,   7.19131327e-04,
          4.82477392e-03,  -9.62455841e-03,   5.25883332e-03,
         -5.59802085e-03,   1.14987067e-03,   8.32129997e-03,
          6.56786343e-04,  -6.13621739e-03,  -7.89433531e-04,
         -8.98700812e-03,   8.29082011e-03,   1.07355840e-03,
         -4.57990071e-03,   5.88561313e-03,   7.39052784e-03,
         -8.04610800e-03,   5.75066279e-03],
       [  1.82726313e-03,  -4.69130738e-03,  -5.32047068e-03,
          9.66481373e-03,   2.00561741e-03,  -9.72194901e-03,
          3.34479710e-03,   8.54964062e-03,   5.61524143e-03,
         -2.39734863e-03,  -9.05366569e-03,   9.43109973e-03,
         -1.57416146e-03,  -6.25160286e-03,  -6.31438704e-04,
          3.05635628e-03,  -4.21293152e-03,   8.65354143e-03,
          9.76264612e-03,  -1.32072446e-03,   1.95671364e-03,
          6.92628352e-03,   8.80203728e-03,  -5.61743106e-03,
          4.76992382e-03,   6.71269561e-03,  -6.46352457e-03,
          5.27168519e-03,   8.43749830e-03,  -6.07237385e-03,
         -6.78799450e-03,   8.12928859e-03,   7.65230930e-04,
          8.80841440e-03,   6.09387807e-03,  -1.20869111e-03,
         -8.51430127e-04,   8.43581413e-03,   3.64049836e-03,
          6.59959321e-03,  -2.58120374e-03,   3.21188978e-03,
         -5.68250121e-03,   4.24940002e-03,  -9.63498436e-03,
         -1.11433557e-03,   2.73147503e-03,  -8.59893158e-03,
         -7.05413890e-03,   1.82958010e-03],
       [ -8.11923817e-03,  -9.73111243e-03,   2.77574015e-03,
         -8.26401326e-03,  -3.91205307e-03,   8.51625551e-03,
         -4.07975235e-03,   8.84557492e-03,   8.07506593e-03,
         -7.54518729e-03,  -4.87091757e-03,  -6.88780915e-03,
         -3.54833087e-03,  -9.03853904e-03,  -6.34976358e-03,
         -7.45825010e-03,  -7.04642938e-03,  -1.65215096e-04,
         -4.77471196e-03,   2.56526680e-03,   9.84532128e-03,
         -9.19981927e-03,   6.10489974e-03,   8.50444004e-03,
         -7.59935526e-03,  -1.50754726e-03,  -6.19452694e-03,
          8.15185897e-03,  -2.00690811e-03,   1.02028740e-03,
          3.15398213e-04,   1.54248064e-03,  -7.58422317e-03,
         -6.63983891e-03,  -6.07489356e-03,  -3.12351941e-03,
         -9.45448437e-03,   1.91551489e-03,   9.14581127e-04,
          3.54391729e-03,  -3.78773498e-03,   3.50819126e-03,
         -5.52587727e-04,  -9.42957255e-04,   8.23159567e-03,
          1.61003836e-03,  -5.94882618e-04,  -1.70074077e-04,
         -3.75202572e-03,  -9.08762666e-03],
       [ -3.89187045e-03,  -6.34134037e-03,   6.89716174e-03,
         -6.04476984e-03,   2.39988924e-03,  -4.07865587e-03,
         -3.27635819e-03,   3.78690791e-03,   1.90050542e-03,
          8.35346025e-04,  -8.00546916e-03,  -8.63095055e-04,
          9.69590363e-03,   9.13021992e-03,  -7.58322146e-05,
          2.49197705e-03,  -4.59979456e-03,  -7.39005695e-03,
          3.36661387e-03,   5.20912406e-03,   4.72580350e-03,
         -5.12500151e-03,   7.57270022e-03,   4.50053508e-03,
          4.08970214e-03,   9.28797384e-03,   8.76284996e-03,
          4.46423693e-04,  -3.29263926e-03,   2.44994381e-03,
          9.15686774e-03,   2.93235407e-03,  -7.05983037e-03,
          1.96305054e-03,  -8.95059696e-03,   9.16791039e-03,
          9.75076272e-04,   7.64241824e-03,   3.89461388e-03,
          5.75440172e-03,  -6.26137702e-03,  -9.06783616e-03,
         -5.05597029e-03,   2.07418514e-03,   6.59464912e-03,
         -2.34604120e-03,   9.10162585e-03,   1.62790947e-03,
          7.95559145e-03,   4.34520645e-03],
       [  5.37258946e-03,   6.22564356e-03,  -2.41444324e-03,
         -8.46251419e-03,   9.17485529e-03,   4.63814719e-03,
         -4.32362950e-03,  -9.40060868e-03,   1.98895632e-04,
         -9.45853818e-03,  -3.59497930e-03,   2.87274706e-03,
          9.58970025e-03,  -4.31246715e-03,  -3.94734031e-03,
         -5.01420178e-03,   6.76455454e-03,  -7.29847215e-03,
         -2.91041981e-03,  -3.33843851e-03,   8.50666868e-03,
          1.30343195e-03,   7.64746972e-03,   9.49007884e-03,
          9.13641281e-03,   6.53259900e-03,   9.67386371e-03,
          6.31332828e-03,   9.64372951e-03,  -9.56295356e-03,
          6.64732077e-03,  -4.70629689e-04,  -2.43857358e-04,
         -8.99353258e-04,  -9.10599886e-03,  -9.62339307e-03,
          7.37401121e-03,   5.80484195e-03,   8.24071692e-03,
          9.92180472e-03,  -6.93849432e-03,  -4.35258140e-04,
          8.16293402e-03,  -3.74070195e-03,  -5.90526912e-03,
         -8.42362308e-03,  -8.88374085e-03,   3.21755635e-03,
          3.65346051e-03,   6.38411823e-03]])]
Initial hidden bias: [array([-1., -1., -1., -1., -1., -1., -1., -1., -1., -1., -1., -1., -1.,
       -1., -1., -1., -1., -1., -1., -1., -1., -1., -1., -1., -1., -1.,
       -1., -1., -1., -1., -1., -1., -1., -1., -1., -1., -1., -1., -1.,
       -1., -1., -1., -1., -1., -1., -1., -1., -1., -1., -1.])]
Initial output weights: [[ 0.00114713]
 [-0.0055788 ]
 [ 0.00971708]
 [-0.0047553 ]
 [-0.00996834]
 [ 0.00040831]
 [-0.00587817]
 [-0.00769963]
 [-0.00336182]
 [ 0.00533123]
 [-0.00100798]
 [-0.00725544]
 [ 0.00622651]
 [ 0.0023213 ]
 [ 0.00912891]
 [ 0.00417052]
 [ 0.00283514]
 [ 0.0061317 ]
 [-0.00628938]
 [ 0.00639147]
 [ 0.00673395]
 [ 0.00898827]
 [ 0.00299688]
 [-0.00670465]
 [-0.00826995]
 [ 0.00014632]
 [-0.00458342]
 [-0.00095683]
 [ 0.00878409]
 [-0.00194421]
 [-0.00462856]
 [ 0.00958816]
 [-0.00777696]
 [ 0.00906954]
 [ 0.00073878]
 [-0.00854683]
 [ 0.00322412]
 [-0.0007098 ]
 [ 0.00694129]
 [-0.00403635]
 [ 0.00543655]
 [ 0.00299469]
 [-0.00017578]
 [ 0.0083441 ]
 [ 0.00926084]
 [-0.005577  ]
 [ 0.00545858]
 [ 0.00362454]
 [-0.00481517]
 [-0.00957984]]
Initial output bias: [ 1.]
