Action MLP:Hidden weights: [array([[  1.54427794e-02,   1.66900640e-02,   3.19033135e-02, ...,
          2.79235717e-02,   1.30957844e-02,   2.51322652e-02],
       [  1.73233629e-02,   3.13716522e-02,   2.16102612e-02, ...,
          3.97576158e-02,   1.93489066e-02,   2.29611860e-02],
       [  1.10700160e-02,   2.11707959e-02,   2.54945486e-02, ...,
          1.91078206e-02,   2.67516334e-02,   4.63563219e-02],
       ..., 
       [  1.29741974e-02,   3.45227897e-03,   9.49393760e-03, ...,
          4.60740114e-03,   1.45108489e-02,   1.48323834e-02],
       [ -6.46065691e-03,   3.12561533e-03,   8.36230121e-03, ...,
          5.05261347e-03,   8.59239871e-03,  -6.07930270e-03],
       [  4.73245707e-03,   6.22495368e-03,  -2.65089315e-05, ...,
          9.16106624e-03,   7.36926408e-04,   6.23541529e-03]])]Hidden bias: [array([-0.90685819, -0.90814235, -0.91135315, -0.91161761, -0.91085424,
       -0.91743294, -0.91319927, -0.92007228, -0.92276353, -0.91342447,
       -0.90457741, -0.90545716, -0.90968391, -0.90273087, -0.92147027,
       -0.89983302, -0.89853283, -0.91758268, -0.90264787, -0.90755685,
       -0.90978945, -0.91120017, -0.90894498, -0.90095987, -0.91100367,
       -0.91284145, -0.91078422, -0.90654418, -0.92069621, -0.91640106,
       -0.9035087 , -0.90169597, -0.91303173, -0.90992193, -0.90810886,
       -0.90912208, -0.92434215, -0.90792201, -0.90784245, -0.90342971,
       -0.91261854, -0.90278426, -0.90445839, -0.92139203, -0.91311072,
       -0.91869309, -0.90110099, -0.90922378, -0.91221255, -0.90884223,
       -0.9002859 , -0.91836408, -0.9045581 , -0.90176979, -0.89953975,
       -0.92176569, -0.91840618, -0.90284467, -0.91030399, -0.92573564,
       -0.91755826, -0.9180783 , -0.91229865, -0.90733293, -0.91096868,
       -0.91608373, -0.91556821, -0.92103456, -0.90798535, -0.90727561,
       -0.90338363, -0.90823305, -0.91381772, -0.91137595, -0.91105386,
       -0.91105515, -0.91434023, -0.91460194, -0.90397765, -0.90134073,
       -0.9031632 , -0.90131863, -0.91066645, -0.89874299, -0.89584038,
       -0.89677573, -0.91146909, -0.91621144, -0.89797042, -0.91398964,
       -0.91337318, -0.89516852, -0.91030103, -0.89805471, -0.90372894,
       -0.91036524, -0.90362041, -0.91649475, -0.90870666, -0.90299064])]Output weights: [[ -4.51573982e-03  -6.03677247e-02]
 [  1.97068482e-02   2.11452844e-02]
 [  3.65095965e-02   4.14860056e-02]
 [  2.38419917e-02  -1.74038121e-02]
 [  1.88849758e-02  -4.92958905e-03]
 [  5.71993149e-02  -2.62480052e-02]
 [  3.97690684e-02  -1.27434820e-02]
 [  8.76132876e-02  -1.06197371e-01]
 [  1.20302040e-01   6.08631052e-02]
 [  4.30102433e-02   5.20684341e-03]
 [ -8.64334205e-03   3.74505328e-02]
 [  9.85471620e-03   1.20867385e-01]
 [ -9.16463856e-03  -4.90938030e-02]
 [ -1.93697570e-02   5.10937525e-02]
 [  9.69832996e-02  -9.39844663e-02]
 [ -3.62675405e-02   6.72748075e-02]
 [ -3.66067942e-02   1.42201658e-01]
 [  5.01909535e-02  -7.04868113e-02]
 [ -9.43639985e-03   6.98630178e-02]
 [  4.84392016e-04   8.77738089e-02]
 [  1.96072573e-02   1.06527528e-03]
 [  3.19231897e-02   6.69843748e-02]
 [  3.33647462e-02   1.44659934e-01]
 [ -4.64779881e-02   4.73518058e-02]
 [  3.40665918e-02   1.10084455e-02]
 [  6.43736901e-02   3.36721590e-02]
 [  4.68098090e-02   1.02981605e-01]
 [ -7.22824323e-03   2.05621040e-04]
 [  8.46105937e-02  -1.07411178e-01]
 [  7.55310626e-02   3.45962576e-02]
 [ -7.24784233e-03   6.92009192e-02]
 [ -4.00018056e-02   9.98018643e-02]
 [  6.28645277e-02   5.45777571e-02]
 [  5.03270460e-02   6.42917219e-02]
 [  1.05285935e-02  -1.39415690e-02]
 [  4.38988673e-02   6.28832231e-02]
 [  1.12464077e-01  -6.81957945e-02]
 [ -2.35665415e-03  -1.35523354e-03]
 [  1.78447204e-02   6.37465296e-02]
 [ -1.75747063e-02   1.74522857e-02]
 [  4.44485683e-02   5.32673925e-02]
 [ -4.39665875e-02  -5.95477024e-03]
 [  7.49629868e-03   7.80685405e-02]
 [  1.00307966e-01  -8.20757733e-02]
 [  5.51431182e-02   5.33865837e-03]
 [  7.82201756e-02   4.93122852e-02]
 [ -2.78911509e-02   7.77505219e-02]
 [  1.91799800e-02   2.97251954e-02]
 [  2.35140773e-02   2.81620732e-03]
 [  9.88708484e-03   1.73325497e-02]
 [ -5.04909490e-02  -1.04729428e-02]
 [  7.57617416e-02  -6.38436700e-02]
 [ -2.98528247e-03   7.35215313e-02]
 [ -2.38235093e-02   4.99493330e-02]
 [ -7.84424233e-02   1.05558433e-01]
 [  1.11000963e-01  -1.20950337e-01]
 [  8.29549638e-02  -4.60395421e-02]
 [  6.20462069e-05   1.06292342e-01]
 [  5.60135438e-02  -1.98106202e-02]
 [  1.18720840e-01  -7.26728610e-02]
 [  6.80458455e-02  -1.66322449e-02]
 [  6.41216880e-02  -3.74036593e-02]
 [  3.27104647e-02   3.55639635e-02]
 [  2.10973044e-02   1.27943510e-02]
 [  2.41777776e-02   3.67802168e-02]
 [  6.12302020e-02  -1.00075009e-01]
 [  5.02023561e-02  -3.68362466e-02]
 [  8.28114477e-02  -1.00391058e-01]
 [  3.40542170e-02   6.43138532e-02]
 [  2.93798235e-02   4.93108625e-04]
 [ -1.33322262e-02   8.25134573e-04]
 [  3.27965547e-03  -2.57630002e-02]
 [  3.85549846e-02  -2.60671425e-02]
 [  1.62899838e-02  -2.04507040e-02]
 [  4.81635434e-02   7.75152509e-02]
 [  6.65557106e-03  -9.56167263e-03]
 [  5.31786971e-02  -2.94589198e-03]
 [  4.66242278e-02   4.72018253e-02]
 [ -1.36464001e-02   7.06581896e-02]
 [ -8.88639805e-03   6.06442285e-02]
 [ -1.68980578e-02   1.19472089e-01]
 [ -2.65667094e-02   8.14036900e-02]
 [  2.20678457e-02   1.54201129e-02]
 [ -5.31974077e-02   1.34104265e-01]
 [ -4.81663528e-02   1.25005236e-01]
 [ -7.63731830e-02   9.64953163e-02]
 [  3.23692612e-02   4.18278564e-02]
 [  6.74041060e-02  -1.08151007e-02]
 [ -6.62441110e-02   1.69024479e-01]
 [  5.08704277e-02  -6.10976938e-02]
 [  5.56159582e-02  -2.67641273e-02]
 [ -5.99865070e-02   1.01825519e-01]
 [  4.51068793e-02   1.80169558e-02]
 [ -6.34070355e-02   5.17621720e-02]
 [  8.64901208e-03   1.16891325e-01]
 [  3.91891660e-02   1.06262861e-01]
 [  3.93790659e-03   9.34241537e-02]
 [  7.94556465e-02  -2.96689692e-02]
 [  3.94255716e-03   3.93762681e-02]
 [ -2.04194826e-03   1.05017999e-01]]Output bias: [ 0.69897044  0.80750097]
Value MLP:Hidden weights: [array([[  1.50060153e-01,   1.81094080e+00,   3.53858144e-01, ...,
          1.93582124e-01,   9.94049161e-01,   9.36168231e-02],
       [  3.21468789e-02,   8.80298650e-01,   9.09757723e-02, ...,
          3.78890739e-02,   6.34037859e-01,  -1.54230781e-01],
       [ -1.52612430e-01,   1.01588545e-01,  -2.54856780e-01, ...,
         -2.89871626e-01,  -1.77250758e-01,  -2.51710657e-01],
       ..., 
       [  2.39397624e-01,   4.14335402e-01,   1.17932061e-02, ...,
          3.12046370e-01,   3.92712823e-02,  -5.21406115e-02],
       [ -9.49403234e-03,   2.82499522e-01,   1.33237830e-02, ...,
         -2.70136104e-03,   3.06205714e-03,   3.58410507e-03],
       [  1.40483661e-04,   1.90956579e-01,  -3.77436023e-03, ...,
         -1.07228234e-03,   2.41528479e-03,   1.02210998e-02]])]Hidden bias: [array([ 0.57060386,  0.97711639, -1.53358631, -1.82603395, -1.61664172,
       -1.7109168 , -2.6408991 , -1.61237954, -2.10358159, -0.50507097,
        0.12969383, -1.87179402, -1.73347192, -1.60654529, -2.5393684 ,
       -0.29847295, -1.92058684, -1.84538373, -0.62592841, -1.75754275,
        0.84953071, -1.62112764, -1.69171214, -1.86427593, -1.54879214,
       -1.90068051, -1.75116187, -0.95749063, -1.897168  , -2.09379035,
       -1.4808301 , -2.72418613,  1.31601996, -1.65836826, -1.58284867,
       -1.59475538, -1.79176259, -2.78775143, -1.6694757 , -2.68640591,
       -1.51282749, -1.8578599 , -2.11034299, -1.6478497 , -1.63336823,
        0.09455035, -1.74083417,  0.86897559, -1.76444916, -1.73262322])]Output weights: [[ 2.31791683]
 [ 3.93340155]
 [ 2.61602962]
 [ 0.63732273]
 [ 2.56657789]
 [ 2.72467247]
 [ 2.36416521]
 [ 2.75427588]
 [ 1.55166312]
 [-1.90586225]
 [ 2.36494187]
 [ 2.65181326]
 [ 1.94821999]
 [-0.20794968]
 [ 2.20263523]
 [ 4.6718719 ]
 [ 2.66354776]
 [ 2.6582159 ]
 [ 5.61177851]
 [ 2.52472587]
 [ 1.7146123 ]
 [ 2.67380319]
 [ 2.50378447]
 [ 3.71757596]
 [ 2.76534517]
 [ 2.65022163]
 [ 2.58106744]
 [-0.11796198]
 [ 2.65666427]
 [ 2.51229792]
 [ 2.75930041]
 [ 2.37123176]
 [ 2.3736822 ]
 [-0.16594481]
 [ 2.73377862]
 [ 2.08390452]
 [ 2.67857323]
 [ 2.40908845]
 [ 2.75389368]
 [ 2.35397068]
 [ 2.55804945]
 [ 2.70735311]
 [ 4.21920074]
 [ 2.51449184]
 [ 2.59013321]
 [ 2.15843408]
 [ 2.47429831]
 [ 1.85184104]
 [ 3.08457845]
 [ 2.62055637]]Output bias: [-2.1999893]