Action MLP:Hidden weights: [array([[ -4.16652565e-03,   2.59836602e-03,  -6.00868853e-03,
         -2.91210910e-03,  -5.23824299e-04,   4.52249867e-03,
          5.79111780e-03,  -2.17459778e-03,  -7.28743755e-03,
         -1.88183239e-03,   1.59742665e-03,  -1.04439062e-02,
         -9.07831075e-03,   7.45813918e-03,  -1.17201322e-02,
         -1.15190693e-02,  -1.19371327e-03,  -4.39301069e-03,
         -6.54257061e-04,  -1.01747128e-02,  -5.34544287e-03,
         -4.07476978e-03,   6.50293095e-04,   3.10279548e-03,
         -7.27865489e-03,  -6.48656783e-03,  -3.50205615e-03,
          5.22646487e-03,  -5.40464971e-03,  -8.08462369e-03,
         -7.71521149e-03,  -4.38895535e-03,  -1.02592404e-02,
         -1.13695858e-02,  -7.66866671e-03,   5.62982332e-03,
          5.14450730e-03,   5.98717733e-03,  -4.37358263e-03,
         -9.14243324e-03,   7.15373124e-03,  -1.09081722e-02,
          7.56205760e-03,   3.00977326e-03,   7.36038695e-03,
         -2.03275206e-03,   1.24930338e-04,   2.29964752e-03,
          4.34497805e-03,  -5.01155711e-03],
       [ -1.57403989e-03,  -6.79513903e-03,   8.49844073e-03,
          9.15686645e-03,   7.02613984e-03,  -7.58475507e-03,
          7.55882982e-03,   8.31504539e-03,   5.52767723e-05,
         -1.09029521e-02,  -7.34695546e-03,  -4.52639579e-03,
         -2.05152012e-03,   4.97347296e-03,   5.36650187e-03,
         -4.56606375e-04,  -6.80144396e-03,   3.40947205e-04,
          6.15236535e-03,   6.20978416e-03,  -5.66170053e-03,
         -7.72197864e-03,  -8.87963238e-03,  -6.46683203e-03,
         -3.50610496e-03,   5.56129629e-03,  -9.43406628e-03,
          4.86667222e-03,  -2.59284493e-03,  -2.86887646e-03,
         -4.60282496e-04,  -7.61590480e-03,   1.79048022e-03,
         -2.55214680e-03,   3.83005872e-03,  -9.44474973e-03,
          3.32087266e-03,  -4.16926246e-03,   9.79376251e-03,
         -9.36780551e-03,  -5.21279602e-03,   4.61414357e-03,
          2.88886079e-03,  -7.67688316e-03,   7.15145614e-03,
          2.23022428e-03,  -2.24303416e-03,  -9.75891460e-03,
         -5.72070122e-03,  -3.77945465e-03],
       [ -1.99356806e-02,  -1.57209123e-02,  -1.02099287e-02,
         -1.92390261e-02,  -1.11790282e-02,  -1.06106142e-02,
         -2.19206929e-02,  -1.75328113e-02,  -1.11257029e-02,
         -1.80564118e-03,  -5.20655936e-03,  -1.67061516e-02,
         -7.36809911e-04,  -1.37960860e-03,  -1.05291686e-02,
         -6.40078608e-03,  -7.10609771e-03,  -2.00959703e-02,
         -1.48294652e-02,  -5.74436163e-03,  -6.17007757e-03,
         -4.52446540e-03,  -1.97078861e-02,  -9.05065294e-03,
         -1.08473555e-02,  -8.81808691e-03,  -9.31310705e-04,
         -1.11407261e-02,  -9.05384024e-03,  -1.51565133e-03,
         -5.28288601e-03,  -3.71207601e-03,  -1.93079937e-02,
         -1.61239748e-02,  -2.24126813e-03,  -7.06050078e-03,
         -9.96701019e-03,  -1.65975259e-02,  -2.31719140e-02,
         -8.10634998e-03,  -2.00625253e-03,  -1.32616796e-02,
         -1.89309255e-02,  -1.59458187e-02,  -8.92973731e-03,
         -7.71130186e-03,  -1.82283385e-02,  -2.28786344e-04,
          5.15979537e-03,  -1.37073663e-02],
       [ -1.75486310e-02,  -1.35022563e-02,  -2.07951240e-03,
         -4.64717284e-03,  -3.03190017e-03,  -1.33849191e-02,
          2.73293357e-03,  -1.27033681e-02,   1.01059568e-03,
         -9.75192377e-03,  -1.50033446e-02,  -8.17079525e-03,
         -8.31815333e-03,  -8.95634972e-03,  -1.38901498e-02,
         -5.22682039e-03,  -1.03610957e-02,  -9.14356521e-03,
          1.51094837e-03,  -1.82327334e-02,  -5.61682540e-03,
         -1.42523719e-02,  -8.60024532e-03,  -1.58857592e-02,
         -3.32330290e-03,  -1.51549126e-02,  -2.49534650e-03,
         -1.02538996e-02,  -1.64039074e-02,  -1.23732414e-02,
         -8.18866837e-03,  -1.28964215e-03,   5.34550354e-04,
         -1.06590210e-02,  -1.65609942e-03,   3.18326322e-04,
         -9.40730464e-04,  -1.23458949e-02,  -7.18429267e-03,
         -1.55132515e-02,  -7.41059080e-03,  -1.78526046e-02,
         -8.64557779e-03,  -6.37778155e-03,   1.11177840e-03,
         -1.08279375e-02,  -1.79246252e-02,  -3.50241937e-03,
         -1.29298141e-02,   2.02247662e-04],
       [  1.44691509e-02,   6.32639565e-03,   1.68561403e-02,
          1.36954070e-02,   1.67509588e-03,   8.68940348e-03,
         -2.71778681e-04,   1.42992096e-02,   1.20820591e-02,
          1.52448711e-02,   1.34475985e-03,   6.45994753e-04,
          1.44294259e-03,   4.49456716e-04,   1.04586417e-02,
         -2.01246655e-03,  -2.45746596e-03,   1.23386458e-02,
          1.51920771e-02,   3.87496824e-03,  -1.50525680e-03,
          1.43827137e-02,   6.85192163e-03,   1.55901319e-02,
          1.78238133e-03,   1.05973195e-03,  -6.66342663e-04,
          1.15593623e-02,   1.00172935e-02,   1.01121274e-02,
          1.38025246e-02,   8.31016255e-03,   3.54030877e-03,
          9.03699060e-03,   1.09831367e-02,   1.27756278e-02,
          5.36184212e-04,  -5.08341212e-04,   1.81004240e-02,
         -1.54439888e-03,   4.73097630e-03,   3.32043075e-03,
          1.20555520e-03,   1.65593840e-02,   1.29760731e-02,
          1.06635530e-02,   9.07188947e-03,  -1.56387752e-03,
          1.06870611e-02,   9.47219241e-03],
       [ -5.07095914e-03,  -2.34366368e-04,   5.00371705e-03,
          9.38268217e-03,   6.38059964e-03,  -5.89373851e-03,
          8.29588402e-03,  -4.78026407e-03,  -1.26549403e-03,
          3.98200250e-03,   5.97144259e-03,   1.25818994e-02,
          6.76586307e-03,  -7.35758689e-03,  -5.28628475e-03,
          8.64644098e-03,  -8.84435747e-04,   4.45113946e-03,
         -4.34459561e-03,   6.24723164e-03,  -5.31353447e-03,
         -5.37186926e-04,  -2.18353379e-03,   2.99446803e-03,
          8.17824635e-03,   2.59446421e-03,   4.92608991e-03,
          5.10102827e-03,  -8.37681050e-04,   2.94797174e-03,
          7.06355554e-03,  -5.76381906e-03,   3.38874600e-03,
          8.04966267e-03,   6.11549229e-03,   8.36243140e-03,
         -6.34414734e-03,  -5.57406735e-03,   5.45202244e-03,
          6.60647917e-04,   6.54361040e-03,   9.15183355e-03,
          4.15317187e-03,   1.63798648e-03,  -5.85111776e-03,
          1.94947819e-04,  -5.47592879e-03,  -5.45251245e-03,
          6.31930993e-03,  -4.48606918e-04],
       [ -2.62370732e-03,   1.20303120e-04,   6.15138256e-03,
          1.33764589e-03,  -4.62941766e-03,  -7.85770809e-04,
          1.30711442e-03,   6.05206214e-03,  -3.90933914e-03,
          2.88465520e-03,   4.94399334e-03,  -2.05471151e-03,
         -6.08033883e-03,  -7.98647637e-04,  -8.13211348e-03,
         -6.78992701e-03,   5.40964194e-03,  -8.42357603e-03,
         -8.85877606e-04,  -6.70865824e-03,  -2.57073201e-03,
         -3.48996976e-03,   6.40206967e-03,   2.94484282e-03,
         -8.30060302e-03,  -9.14516111e-03,   1.48836847e-03,
          6.25794893e-03,   1.94098503e-03,  -3.40923518e-03,
         -4.80172259e-03,  -9.27170291e-03,   7.46720676e-03,
         -8.56040014e-03,  -4.21382242e-03,   1.76253411e-03,
         -9.06205181e-03,   4.03351771e-03,   3.32639246e-04,
          7.07155865e-03,  -9.65020683e-03,   5.20541585e-03,
          7.01737301e-03,  -6.62970856e-03,   3.95191567e-03,
         -1.66594175e-03,   4.32958516e-03,  -2.54686815e-03,
          7.12698141e-03,  -3.20273012e-03],
       [  7.80918012e-03,   7.28779806e-03,  -3.48156262e-03,
          9.35286621e-03,  -1.44767309e-03,   7.48394775e-03,
          6.42660617e-03,  -4.06542443e-03,  -5.41830671e-03,
         -7.09643844e-03,  -6.79915010e-03,   3.82019588e-03,
         -5.87611343e-03,   7.63480993e-04,   5.16305922e-03,
         -2.19043381e-03,  -9.99913676e-03,  -7.46248059e-03,
          7.49287835e-03,  -9.35466669e-03,   7.28681989e-05,
          2.81852413e-03,   4.16137258e-03,  -4.59601185e-03,
         -2.36535013e-03,   8.38372907e-03,  -1.01564438e-02,
          2.80086816e-03,   9.36956826e-03,  -9.46731319e-04,
         -1.81743853e-03,  -3.73601059e-03,  -5.80880921e-03,
         -6.62347612e-03,  -8.96287467e-03,   7.35220826e-03,
         -8.55354383e-03,  -1.00091015e-02,   8.23280066e-03,
          6.16813261e-06,  -7.58028280e-03,  -9.96594295e-04,
          2.60853659e-03,   7.14679957e-03,  -5.75124801e-03,
         -6.57012361e-03,  -9.71010788e-03,  -7.40718644e-03,
          3.26434576e-03,  -1.30062150e-03]])]Hidden bias: [array([-0.99777589, -0.99790267, -0.99800189, -0.99781739, -0.99825999,
       -0.99784445, -0.99803537, -0.99801181, -0.99791314, -0.99796602,
       -0.99792181, -0.99789141, -0.99803171, -0.99796994, -0.99797632,
       -0.99824196, -0.99826245, -0.99777602, -0.99803414, -0.99788197,
       -0.99819742, -0.99789609, -0.99794596, -0.99781423, -0.99799118,
       -0.99806527, -0.99830966, -0.99793695, -0.99793787, -0.99805908,
       -0.99807703, -0.99817092, -0.997948  , -0.9978224 , -0.99820098,
       -0.99791453, -0.99814118, -0.9979896 , -0.99763502, -0.99811031,
       -0.99821972, -0.99793112, -0.99797591, -0.99792973, -0.9981129 ,
       -0.99801847, -0.99790869, -0.99816152, -0.9979576 , -0.9980257 ])]Output weights: [[ 0.02539771  0.03591809]
 [ 0.01998121  0.02970475]
 [ 0.01415619  0.03599591]
 [ 0.01574902  0.03477178]
 [ 0.01776966  0.03575641]
 [ 0.01908898  0.01816539]
 [ 0.00874224  0.03843974]
 [ 0.02768132  0.03930912]
 [ 0.0090825   0.02564434]
 [ 0.02566831  0.02257782]
 [ 0.02532724  0.01787618]
 [ 0.01783071  0.0317972 ]
 [ 0.01187287  0.02225295]
 [ 0.01041774  0.01269335]
 [ 0.02588554  0.02724921]
 [ 0.02308873  0.02962409]
 [ 0.02756192  0.02829584]
 [ 0.01057174  0.04182869]
 [ 0.01865441  0.02696398]
 [ 0.02753443  0.01879089]
 [ 0.0104144   0.02818809]
 [ 0.02974591  0.02018342]
 [ 0.02531208  0.03115102]
 [ 0.01674803  0.02775997]
 [ 0.01838916  0.02299662]
 [ 0.02778679  0.02552789]
 [ 0.02042219  0.02646369]
 [ 0.01728155  0.028889  ]
 [ 0.02308014  0.02878873]
 [ 0.012085    0.03058587]
 [ 0.01957082  0.03515778]
 [ 0.02375256  0.02088984]
 [ 0.01269533  0.03328965]
 [ 0.01338155  0.03860946]
 [ 0.02532545  0.02477328]
 [ 0.01356228  0.01954993]
 [ 0.01173696  0.02408806]
 [ 0.0159171   0.02822147]
 [ 0.00806487  0.04341645]
 [ 0.02238165  0.03093714]
 [ 0.02391115  0.02624065]
 [ 0.02866346  0.03229667]
 [ 0.01777036  0.03037683]
 [ 0.026482    0.03180359]
 [ 0.01024011  0.02912977]
 [ 0.00983068  0.03335971]
 [ 0.02985457  0.03470315]
 [ 0.01447923  0.01800098]
 [ 0.02513897  0.01455703]
 [ 0.01464616  0.03183729]]Output bias: [ 0.97741705  0.96785817]
Value MLP:Hidden weights: [array([[ 0.30946223,  0.19974975,  0.28910758,  0.89618407,  0.99652376,
         0.18715531,  1.03257356,  0.21054654,  0.30537272,  0.65695008,
         1.02609146,  0.21090647,  0.25220678,  0.18025523,  0.04492765,
         0.17750755,  1.0314421 ,  0.19657825,  0.27064087,  0.94512295,
         0.48008755,  0.22876873,  0.12854802,  0.1770928 ,  0.31481939,
         0.85739446,  0.65153869,  0.20352288,  0.16453043,  1.22806244,
         1.02795607,  0.9546718 ,  0.38425579,  0.23508091,  0.44100186,
         0.19141314,  0.27976129,  0.98733369,  0.5297417 ,  1.06492126,
         0.28017679,  0.94547439,  0.06674751,  0.92162713,  1.07337777,
         0.83036315,  1.02159542,  1.05936362,  0.44694145,  0.26752454],
       [-1.28028857, -1.23289931, -1.2620663 , -1.14138657, -1.06831957,
        -1.24989477, -1.01673844, -1.19735196, -1.21332164, -1.38420838,
        -1.01759043, -1.205731  , -1.18796408, -1.21951105, -1.12679235,
        -1.20460941, -1.02944088, -1.21434226, -1.2664274 , -1.17476377,
        -0.79715725, -1.23858838, -1.24182432, -1.22615124, -1.2140684 ,
        -1.29192622, -1.26801823, -1.23458604, -1.24784967,  1.88780165,
        -1.0259772 , -0.94349904, -1.19443841, -1.20761089, -1.2530206 ,
        -1.20605927, -1.26080586, -1.02250751, -1.87783385, -1.02211616,
        -1.22520436, -1.0689986 , -1.13822327, -1.13008873, -1.01553577,
        -1.33029633, -0.87108384, -1.01662843, -1.62506016, -1.24655174],
       [-1.15275473, -0.82701695, -0.86140453,  1.757276  ,  1.99522263,
        -0.7958686 ,  2.11341663, -0.74805212, -0.99954369, -0.49451198,
         2.15681519, -0.80892231, -0.86870002, -0.62004092, -0.57493788,
        -0.79073623,  2.10435151, -0.84986927, -0.81524627,  1.77406368,
         0.86139305, -0.88407727, -0.66838406, -0.71209628, -0.94360418,
         1.56875484,  1.29682994, -0.8391071 , -0.7608798 ,  2.88320282,
         2.09625243,  1.97804139, -0.25055441, -0.71145927, -0.13270455,
        -0.80087571, -0.84258703,  2.14556462,  0.34207934,  2.2184097 ,
        -1.045404  ,  1.88898494, -0.64081591,  1.80443544,  2.19077023,
         1.50359026,  1.37156621,  2.19039379,  0.02130587, -0.8373561 ],
       [ 1.7588496 ,  1.62578548,  1.62244168,  0.56291785,  0.57821967,
         1.59321306,  0.44543378,  1.64452992,  1.81215088,  1.78784121,
         0.52836698,  1.64897991,  1.67324361,  1.61162633,  1.44151021,
         1.65202152,  0.50254195,  1.65342909,  1.59351067,  0.65675895,
         1.3176583 ,  1.64870522,  1.55103148,  1.61739105,  1.79182126,
         0.68244236,  0.84614852,  1.6347545 ,  1.59653326,  0.07787543,
         0.53538442,  0.58249558,  1.8075039 ,  1.6594779 ,  1.39101221,
         1.63659652,  1.61696077,  0.47873082,  1.6091898 ,  0.5125341 ,
         1.78571583,  0.53740199,  1.45706404,  0.58463314,  0.53628488,
         0.69928291,  1.91282463,  0.52335029,  1.68542251,  1.60914427],
       [-0.02074259, -0.63189661, -0.5498285 , -3.6027563 , -4.48227251,
        -0.63090545, -4.50123309, -0.6142928 , -0.27363491, -0.49041043,
        -4.39618674, -0.62821516, -0.57050313, -0.48606715, -0.43334734,
        -0.62615846, -4.52805529, -0.62657755, -0.61253307, -4.15778031,
         0.3278709 , -0.59588899, -0.51777874, -0.58051345, -0.39826107,
        -3.19593688, -2.5156913 , -0.63189618, -0.61341885, -3.07093239,
        -4.61293011, -4.46432647, -1.16184412, -0.59131275,  0.01388119,
        -0.63095747, -0.56738293, -4.13218426, -0.99653733, -4.51482453,
        -0.21910957, -3.95542812, -0.49131043, -3.77962777, -4.67027408,
        -3.01059866,  0.46759901, -4.4911858 , -1.18771546, -0.57516278],
       [ 1.19617811,  1.6440326 ,  1.59793341, -3.6310286 , -3.53577645,
         1.66901387, -4.34231559,  1.66764803,  1.39273464,  0.63035747,
        -4.5221587 ,  1.64826491,  1.58510591,  1.67358436,  1.6023051 ,
         1.65820929, -4.1268801 ,  1.63670888,  1.65876107, -2.81290489,
         0.17890188,  1.61575382,  1.68500093,  1.66722071,  1.4813043 ,
        -3.23807031, -3.29145248,  1.65260876,  1.67388544, -0.04965168,
        -4.01440732, -3.98115083,  2.11379442,  1.67144071,  0.12399035,
         1.65689169,  1.61967972, -4.69984257, -1.69256355, -4.65026112,
         1.35026745, -3.88289452,  1.60156189, -3.61985198, -4.40755432,
        -3.22119667,  0.2730138 , -4.60258092, -1.44776784,  1.61918329],
       [-1.1989413 , -1.27677159, -1.28292553, -1.003346  , -1.13403658,
        -1.28897138, -1.01840204, -1.28548683, -1.21108906, -1.1456312 ,
        -1.07449395, -1.27535856, -1.27530197, -1.26846487, -1.1564147 ,
        -1.27624786, -1.07013968, -1.25907316, -1.28485946, -1.14187546,
        -0.02561846, -1.25949985, -1.28594296, -1.2848043 , -1.26069529,
        -1.00102684, -0.94273163, -1.28015663, -1.28700706,  0.21991594,
        -1.11588316, -1.07885223, -1.25102923, -1.27383311, -0.8259279 ,
        -1.29094878, -1.27731751, -1.00847806, -0.88595241, -1.05751896,
        -1.21002273, -1.04579564, -1.19827262, -1.04436764, -1.10774286,
        -0.99980907, -0.43158531, -1.07372231, -0.97056368, -1.27173331],
       [-0.03224877, -0.06812382, -0.04434126,  0.06729714,  0.05085472,
        -0.06712649,  0.10806586, -0.0665983 , -0.08019167,  0.05415874,
         0.09089641, -0.07293004, -0.05598503, -0.10747342, -0.112988  ,
        -0.0858781 ,  0.07700642, -0.09437247, -0.06337631,  0.04970164,
        -0.54338928, -0.09020465, -0.0866082 , -0.07932634, -0.05850199,
         0.04067997, -0.02532212, -0.07957932, -0.07664676, -0.04577933,
         0.09474989,  0.09854474, -0.08184032, -0.09429352,  0.10977645,
        -0.06208749, -0.06438025,  0.05461143,  0.09091013,  0.05707543,
        -0.07410955,  0.09389206, -0.08195709,  0.07489076,  0.09516948,
         0.04844571, -0.9281742 ,  0.07796648,  0.10717989, -0.05998584]])]Hidden bias: [array([-5.69093457, -5.34643446, -5.45142914, -4.68988401, -4.80059608,
       -5.3640463 , -4.68735547, -5.35337257, -5.55025837, -5.61594825,
       -4.76646899, -5.34399421, -5.37804273, -5.36747282, -5.1977531 ,
       -5.33223305, -4.75428954, -5.34404696, -5.42332579, -4.86225794,
       -3.29381216, -5.39060929, -5.40182563, -5.34261844, -5.52163578,
       -4.85093364, -4.85040039, -5.37324476, -5.35394536,  0.34354354,
       -4.76317988, -4.65609134, -5.02399366, -5.32636129, -4.34386003,
       -5.3498862 , -5.43812646, -4.74771796, -5.35518041, -4.79205683,
       -5.5782063 , -4.66443239, -5.20323415, -4.71680704, -4.79682804,
       -4.89387633, -4.27505436, -4.80109437, -5.60155554, -5.41786562])]Output weights: [[  4.99138189e+00]
 [  4.97221165e+00]
 [  4.94868918e+00]
 [  9.76726295e-02]
 [ -1.29133215e-01]
 [  4.97096565e+00]
 [ -1.43560034e-01]
 [  4.96517589e+00]
 [  5.04763466e+00]
 [  4.92254126e+00]
 [ -1.99222246e-03]
 [  4.97067410e+00]
 [  4.91945874e+00]
 [  5.01533796e+00]
 [  4.93775466e+00]
 [  4.97767349e+00]
 [ -1.64050019e-01]
 [  5.02655289e+00]
 [  4.95516842e+00]
 [ -8.06727021e-02]
 [  1.15778507e+01]
 [  4.99459860e+00]
 [  4.96272684e+00]
 [  5.00725421e+00]
 [  5.03035573e+00]
 [  2.92440873e-01]
 [  4.56226771e-01]
 [  4.99775701e+00]
 [  4.98076916e+00]
 [  7.04503771e+00]
 [ -1.32522028e-01]
 [ -2.09116342e-01]
 [  5.31591756e+00]
 [  5.03318579e+00]
 [  6.72815027e+00]
 [  4.97226426e+00]
 [  4.95025319e+00]
 [ -4.74354104e-02]
 [  3.70557198e+00]
 [ -1.80720767e-02]
 [  5.03256009e+00]
 [  4.78063333e-02]
 [  4.88404859e+00]
 [  1.07662735e-01]
 [ -9.04059962e-02]
 [  3.38626026e-01]
 [  1.11360493e+01]
 [ -2.48306553e-02]
 [  4.65415078e+00]
 [  4.93952137e+00]]Output bias: [-11.92058697]