Action MLP:Hidden weights: [array([[-0.00552582,  0.01032499, -0.00411344, ...,  0.01077996,
         0.00184724,  0.00907284],
       [ 0.01412118, -0.00598845, -0.01460386, ...,  0.0138796 ,
        -0.02676746, -0.00554432],
       [ 0.08394413,  0.01955486,  0.01847896, ...,  0.02141628,
        -0.02080782,  0.02639695],
       ..., 
       [ 0.06854933, -0.01012368, -0.0047964 , ..., -0.00560361,
        -0.00752091,  0.00214839],
       [-0.00047147,  0.00464291,  0.00546692, ..., -0.00164447,
        -0.00295832, -0.00598734],
       [ 0.00092973,  0.00402958,  0.00762431, ...,  0.00119685,
        -0.00682097, -0.00191907]])]Hidden bias: [array([-0.74480648, -0.87238796, -0.86970582, -0.87444308, -0.86801702,
       -0.64566356, -0.86714802, -0.87681507, -0.87623898, -0.86687307,
       -0.86115937, -1.08112242, -0.86492857, -0.87412282, -0.8751121 ,
       -0.86946562, -0.87190066, -0.86834285, -1.24206546, -0.86826726])]Output weights: [[ 0.567119    0.12267198]
 [ 0.01601722  0.02593628]
 [-0.0162892   0.06304789]
 [ 0.01716912  0.00412328]
 [ 0.04016702  0.00933344]
 [-0.13933678  0.29384252]
 [-0.01030061  0.03056525]
 [ 0.0234466   0.00990846]
 [-0.00737304  0.01670573]
 [ 0.04479813  0.02693194]
 [ 0.0321896   0.05441941]
 [ 0.21693591  0.15322553]
 [-0.02634244  0.0304107 ]
 [ 0.05685439  0.01903089]
 [ 0.02511112  0.01437521]
 [ 0.06426689  0.02323626]
 [ 0.03850268  0.01227709]
 [ 0.04897775  0.01982797]
 [-0.13143761  0.68120423]
 [ 0.00595019  0.02279913]]Output bias: [-0.17239025  0.57112751]
Value MLP:Hidden weights: [array([[ -3.88064413e-02,  -4.22437232e-01,  -1.50702147e-02, ...,
         -3.72101100e+00,  -7.62796340e+00,  -3.78144112e-01],
       [ -2.48821966e-02,   4.94407196e-02,  -7.49621492e-03, ...,
         -3.08434440e+00,  -4.76699624e+00,  -2.70873994e-01],
       [  2.34687011e-02,   6.49305921e-01,   3.28975764e-02, ...,
         -8.73240708e-01,  -9.44465656e-01,  -1.11855249e-01],
       ..., 
       [  4.01300688e-02,  -3.47295562e-01,   4.29338891e-02, ...,
         -4.17803586e-01,   1.02700213e-01,   1.00270265e+00],
       [  5.32222218e-03,  -2.03510564e-01,  -6.26422021e-03, ...,
         -6.47549053e-03,   5.58961790e-03,   4.48924064e-03],
       [  1.94165928e-03,  -3.78598653e-02,  -3.22866584e-03, ...,
         -9.21450996e-04,   7.16389374e-03,  -9.82011103e-03]])]Hidden bias: [array([  0.94862021,   0.9701348 ,   1.28719313,   0.8327632 ,
         1.29258122,  -3.54517232,   0.93623196,   1.49688011,
       -19.05896624,   2.69107007,   1.11103468,   1.43980954,
         1.24834294,   1.31321703,   3.23222126,  11.2715682 ,
         0.90498685,  -3.66618268,  -7.35261525,   7.62091294])]Output weights: [[ -7.7871459 ]
 [ -6.27231421]
 [ -7.76844417]
 [ -7.78548907]
 [ -7.71276804]
 [ -0.64760988]
 [ -7.68327753]
 [ -5.70554957]
 [-12.39305416]
 [ -4.58696975]
 [ -7.68482549]
 [ -7.74892172]
 [ -7.74512915]
 [ -6.40694912]
 [ -8.18160857]
 [ -3.43487749]
 [ -7.58114027]
 [ -3.31202357]
 [ -0.37481286]
 [ -6.85275989]]Output bias: [-7.22483324]