Action MLP:Hidden weights: [array([[-0.00525579,  0.01035916, -0.00400815, ...,  0.01077356,
         0.00170099,  0.00911067],
       [ 0.01461397, -0.00588772, -0.01433381, ...,  0.01391132,
        -0.02666035, -0.0054449 ],
       [ 0.08526626,  0.01975779,  0.01901399, ...,  0.02151176,
        -0.01978903,  0.02659075],
       ..., 
       [ 0.068788  , -0.01008911, -0.00471335, ..., -0.00558178,
        -0.00751863,  0.00218015],
       [-0.00047147,  0.00464291,  0.00546692, ..., -0.00164447,
        -0.00295832, -0.00598734],
       [ 0.00092973,  0.00402958,  0.00762431, ...,  0.00119685,
        -0.00682097, -0.00191907]])]Hidden bias: [array([-0.74295633, -0.87215787, -0.86901024, -0.87445046, -0.86806172,
       -0.64400652, -0.86676712, -0.87678579, -0.87601404, -0.86675364,
       -0.86075142, -1.07986255, -0.86447809, -0.87413386, -0.87504149,
       -0.86946338, -0.8719073 , -0.86830909, -1.24237614, -0.86803066])]Output weights: [[ 0.57008612  0.11462179]
 [ 0.01590056  0.02646127]
 [-0.01629495  0.06193854]
 [ 0.01708675  0.00586033]
 [ 0.03984036  0.01079215]
 [-0.13975556  0.30190503]
 [-0.01029621  0.03094287]
 [ 0.02338923  0.01132916]
 [-0.00729715  0.01758685]
 [ 0.0442848   0.027242  ]
 [ 0.03175599  0.0532826 ]
 [ 0.22134473  0.14842879]
 [-0.02635749  0.03119487]
 [ 0.05667705  0.01974964]
 [ 0.02497036  0.01546994]
 [ 0.06394071  0.0235935 ]
 [ 0.03833753  0.01351743]
 [ 0.04859875  0.02080775]
 [-0.13271608  0.69973192]
 [ 0.00587869  0.02345204]]Output bias: [-0.17647221  0.58233338]
Value MLP:Hidden weights: [array([[ -3.17553017e-03,  -3.41257494e-02,  -9.11391345e-03, ...,
         -2.67743037e+00,  -7.62796340e+00,  -1.06856286e-01],
       [ -3.66568485e-03,  -3.39452932e-02,  -3.92644068e-03, ...,
         -1.48197037e+00,  -4.76699624e+00,  -6.22475031e-02],
       [  2.79350616e-02,   2.23859019e-02,   3.36605579e-02, ...,
         -2.22453978e-01,  -9.44465656e-01,   4.54186097e-03],
       ..., 
       [  4.27913435e-02,   4.45139783e-02,   4.32305749e-02, ...,
         -2.22940142e-01,   1.02700213e-01,   3.25050844e-02],
       [  5.50217559e-03,   1.77750788e-03,  -6.25586878e-03, ...,
         -6.47549053e-03,   5.58961790e-03,   4.48924669e-03],
       [  2.00696551e-03,   8.17248564e-03,  -3.22585690e-03, ...,
         -9.21450996e-04,   7.16389374e-03,  -9.82011103e-03]])]Hidden bias: [array([  0.98428309,   0.67883937,   1.29306938,   0.90224838,
         1.29817305,  -3.54517227,   0.97487916,   0.510419  ,
       -19.05896624,   2.69107007,   1.1262527 ,   0.78385669,
         1.25582453,   1.31322057,   3.2322216 ,  11.2715682 ,
         0.90492696,  -2.94063881,  -7.35261525,   0.52443238])]Output weights: [[ -7.38190839]
 [ -7.29733814]
 [ -7.36372254]
 [ -7.37964071]
 [ -7.30805205]
 [ -1.05222572]
 [ -7.27798095]
 [ -7.28193567]
 [-12.79767001]
 [ -4.18235391]
 [ -7.27993944]
 [ -7.41545555]
 [ -7.34037813]
 [ -6.00233318]
 [ -7.77699272]
 [ -3.03026165]
 [ -7.17652855]
 [ -1.9813426 ]
 [ -0.77942871]
 [ -7.4473777 ]]Output bias: [-6.8202174]