Action MLP:
Initial hidden weights: [array([[  3.92156240e-02,  -7.70820004e-02,   3.96748496e-01,
         -1.55151863e-01,   3.20045558e-01,  -2.52348155e-02,
          1.16940994e-02,  -5.52170899e-02,  -7.13130965e-02,
         -4.79362814e-01,   4.06695589e-02,   3.34749853e-01,
          4.74426936e-01,   1.33766074e-01,  -3.28329955e-01,
         -4.13156890e-01,   3.04816174e-01,   2.62845560e-01,
          3.64578163e-01,  -4.05893125e-01,  -3.20250264e-01,
         -1.94642073e-01,   3.64751780e-01,   1.71395012e-03,
          8.84694245e-02,   2.43926872e-01,  -6.52377988e-02,
         -4.39915099e-01,  -1.87756751e-01,   1.17240748e-01,
         -9.69710545e-02,  -1.41124709e-02,  -1.43046007e-01,
          1.09322695e-01,  -4.34879818e-01,   2.14083915e-02,
         -2.62015886e-01,  -3.93490442e-03,  -1.23926353e-02,
          4.80805902e-01,   1.87478136e-01,   1.38429221e-01,
         -5.28999415e-03,  -3.40352063e-01,   1.39563076e-01,
         -1.34269331e-01,  -8.83341033e-02,   7.53112317e-02,
         -8.29193914e-02,  -3.44297905e-01],
       [ -4.93626259e-01,   4.11488088e-01,   2.84025382e-01,
         -6.57846304e-02,   2.50244311e-01,  -2.45366458e-01,
         -2.75146668e-02,   1.51331083e-03,  -3.69102312e-01,
         -1.71940597e-01,   4.93688599e-01,   1.61343119e-01,
          4.13522058e-01,  -5.36044140e-02,  -1.49978734e-01,
          4.62847626e-01,   4.81730484e-01,   2.30193866e-01,
         -3.57162309e-01,  -1.96931650e-01,  -8.68275434e-02,
          2.27844209e-01,  -4.71550384e-01,  -2.44395794e-01,
         -4.01109291e-01,   1.81161913e-01,   2.46534844e-01,
          3.38818353e-01,  -3.91957157e-01,  -1.29893583e-01,
          1.72792902e-01,  -1.03009929e-01,   1.71921423e-01,
         -7.24467170e-02,  -4.96829096e-01,   4.18057999e-01,
          1.94247868e-01,  -1.38721461e-01,  -2.72446046e-01,
         -3.11993686e-01,   1.57170985e-01,   3.07887237e-01,
         -3.32658705e-01,   2.16148363e-01,  -4.05842696e-01,
          3.98901990e-01,  -3.85391940e-01,   5.01206516e-02,
         -1.08040874e-01,   3.38907255e-01],
       [ -1.04793443e-01,   3.09623537e-01,   3.70955774e-01,
         -2.47331204e-02,  -3.26543690e-01,   2.12327683e-01,
         -1.42450886e-01,   2.47825883e-01,  -3.50931425e-01,
         -8.71453276e-02,  -4.72536537e-01,  -2.35275478e-01,
         -4.00680495e-01,   1.57662107e-01,  -4.31535843e-01,
          2.81712956e-01,   1.32567346e-03,  -7.42324615e-02,
          1.38951625e-01,  -2.45815703e-01,  -2.55622395e-01,
          4.14731507e-01,   4.12596250e-01,  -1.67040405e-01,
          4.47471814e-01,   3.31048348e-01,   1.26199295e-01,
         -2.31097411e-01,  -4.04852303e-01,  -4.10100885e-01,
         -4.40302544e-02,  -4.24825525e-01,  -2.71749132e-01,
         -1.81097906e-01,  -1.86510333e-01,  -1.73456776e-01,
          1.38813338e-01,  -1.06089442e-01,   1.73261231e-02,
          4.91751072e-01,   3.76868488e-01,  -2.89113895e-01,
         -2.43437815e-01,  -2.08962850e-01,   1.10041798e-01,
         -4.24825633e-01,  -1.34787618e-02,   1.68280552e-01,
         -4.22003888e-01,   7.48551801e-02],
       [  3.74985903e-01,  -1.28806220e-04,  -4.83450451e-01,
         -8.47054491e-03,  -1.97906479e-01,   9.07900693e-02,
          3.49374385e-01,  -5.48605002e-02,   2.76322193e-01,
         -3.84789425e-01,   1.78221083e-01,   6.43901315e-02,
          2.86089814e-01,   4.64923919e-01,  -1.04577624e-02,
          4.97283883e-01,   4.53023392e-01,   4.33621967e-01,
          3.89972122e-01,  -3.62135667e-01,   4.10278597e-01,
         -2.00743669e-01,  -5.25724676e-02,  -2.49091505e-01,
         -1.20094174e-02,  -2.07640269e-01,   2.58887608e-01,
         -1.36092480e-01,  -3.87306190e-01,   3.24051097e-01,
          1.11432289e-01,  -4.67042738e-01,   1.50637952e-01,
          6.45517588e-02,  -7.49108765e-02,  -1.78491852e-01,
         -3.60924497e-01,   1.28293229e-01,   8.35308920e-02,
          2.00580577e-01,  -4.37765179e-01,   3.30462197e-01,
          4.93845210e-01,  -2.28623525e-01,  -1.07297664e-01,
          2.54514867e-01,  -2.16728067e-01,   4.03695442e-01,
          2.74601716e-01,  -4.90181157e-01],
       [  8.78731190e-02,  -2.34009530e-02,  -3.04538920e-01,
          3.59767935e-01,  -2.89599444e-01,  -1.44942723e-01,
          4.18514692e-01,  -8.95391295e-02,  -2.73568367e-01,
         -3.37304159e-01,   3.22547500e-01,   1.29881239e-01,
         -8.91663758e-02,   4.49625008e-01,  -1.50885251e-01,
          1.14864455e-01,  -2.24305008e-01,  -4.02967966e-02,
         -3.12350465e-02,  -4.50567025e-01,   1.72377128e-01,
          9.50681985e-02,   3.81353073e-01,   1.10194870e-01,
          1.31570800e-01,  -3.98351142e-01,  -1.65615374e-01,
         -2.13939377e-01,   1.82765469e-01,   6.63947426e-02,
          4.05410888e-01,   4.81709995e-01,  -1.75061850e-01,
          3.99581788e-01,  -3.52362138e-02,   3.86603561e-01,
         -2.31907692e-01,   4.57394728e-01,   1.53521317e-01,
          1.90228411e-01,  -2.14880108e-01,   1.55683795e-01,
         -4.74076245e-01,  -3.51599753e-01,  -2.54485107e-01,
          2.27254798e-01,  -4.44070443e-01,   3.55230106e-01,
         -3.41217854e-01,  -6.88309239e-02],
       [ -3.70713526e-01,  -2.07472863e-01,   4.68379275e-01,
          1.00770891e-01,  -4.11117512e-01,   2.20797732e-01,
         -2.82068954e-01,  -4.83289275e-01,  -1.31915413e-01,
         -1.36713648e-01,  -4.70987968e-01,   1.92711506e-01,
          4.44788879e-01,   1.34900715e-01,  -2.29020643e-01,
         -2.10433391e-01,  -1.81538304e-01,  -3.82927699e-01,
          4.14782123e-02,  -3.06778179e-01,   3.18965249e-01,
         -2.01209289e-01,  -6.47082145e-02,   9.21921982e-03,
         -2.26360019e-01,   2.48682970e-01,  -1.03428431e-01,
          2.57983903e-01,   1.26620568e-01,   4.87480850e-01,
         -1.61128869e-02,   3.60379546e-02,  -2.49076384e-02,
         -4.34669917e-01,   2.08405910e-01,   2.62813845e-01,
          2.38128768e-01,  -8.32851561e-02,   1.79641255e-02,
          9.92863259e-02,  -5.41820878e-02,  -1.38492782e-01,
         -3.27544946e-01,  -1.21281289e-01,   2.46195244e-01,
         -2.79278969e-01,   3.72411531e-01,   2.43154642e-01,
          1.81640743e-01,  -3.66071379e-01],
       [ -4.97996532e-01,  -3.27393543e-01,  -2.24796850e-01,
          4.53716934e-01,   4.24758753e-01,  -2.99246680e-01,
         -2.74811231e-01,   4.26648927e-01,   4.79758086e-02,
          2.02569785e-01,  -1.10104764e-01,   2.63462903e-01,
         -3.26433787e-01,   4.06955941e-01,   2.09925422e-01,
          2.64162429e-02,   4.05470409e-01,   2.36568722e-01,
          7.84175112e-02,   2.90793854e-02,  -1.75586994e-01,
          3.47754929e-02,  -4.63911440e-01,   7.09173733e-03,
         -3.97380380e-01,  -6.40571630e-02,  -2.80704486e-01,
         -4.95060295e-01,   2.75101667e-01,  -1.30133554e-01,
         -2.80264126e-01,   4.65655944e-01,  -4.74479046e-01,
         -1.06951189e-01,   2.51386006e-01,  -3.48586789e-01,
         -2.75096096e-02,  -4.10055418e-01,  -1.81796509e-01,
         -3.27977032e-01,  -4.96279925e-01,   2.32295870e-01,
         -3.33200194e-01,   4.97592497e-01,   1.74217032e-01,
         -3.86640260e-01,  -1.84465028e-02,  -4.03166959e-01,
         -3.52850000e-01,  -4.77832319e-01],
       [ -1.47246694e-01,   3.22200832e-01,   8.47966298e-02,
         -4.83462049e-01,   3.94916795e-01,   1.28923089e-01,
         -4.95223801e-01,   3.52744063e-01,   3.24304576e-01,
         -4.87815699e-01,  -2.45402533e-01,   1.62579191e-01,
         -3.22982281e-01,  -5.82251198e-02,  -3.37797099e-01,
          2.33020263e-01,  -4.20995393e-02,  -3.82005350e-01,
         -4.42073896e-01,   1.09675930e-01,  -4.49496189e-01,
         -3.91141326e-01,  -2.17292776e-01,   3.81136844e-01,
          9.31012738e-02,  -6.09058887e-02,  -3.97331826e-01,
          2.44970273e-01,  -1.27109969e-01,  -3.16971541e-02,
         -4.44630974e-01,  -1.21920920e-01,  -4.61512090e-01,
          4.40987758e-01,  -2.69949535e-01,  -1.27746161e-01,
         -1.04389188e-01,  -2.03817411e-01,   2.94015085e-01,
         -4.36735092e-01,   8.64688114e-02,   9.88808435e-02,
          1.09285207e-01,   1.10933473e-01,  -6.67011387e-02,
          4.18581846e-01,  -4.53497030e-01,   4.24015387e-01,
          3.72061923e-01,  -4.81751068e-01]])]
Initial hidden bias: [array([-1., -1., -1., -1., -1., -1., -1., -1., -1., -1., -1., -1., -1.,
       -1., -1., -1., -1., -1., -1., -1., -1., -1., -1., -1., -1., -1.,
       -1., -1., -1., -1., -1., -1., -1., -1., -1., -1., -1., -1., -1.,
       -1., -1., -1., -1., -1., -1., -1., -1., -1., -1., -1.])]
Initial output weights: [[ 0.20058244 -0.21327531]
 [ 0.07838862 -0.21241234]
 [-0.18338365  0.1795078 ]
 [-0.15284576  0.27493101]
 [ 0.34154692 -0.04285979]
 [ 0.02692217  0.13323768]
 [-0.46937696 -0.23934762]
 [ 0.23415671 -0.21399061]
 [ 0.04182634  0.24205288]
 [ 0.45786092  0.22045648]
 [ 0.3118174  -0.49108949]
 [-0.14893323  0.33183666]
 [-0.38962204 -0.44836946]
 [-0.21886715 -0.40056129]
 [ 0.01144145 -0.31137019]
 [-0.48077106 -0.04769618]
 [-0.32786667 -0.35169289]
 [ 0.17080798  0.42353567]
 [-0.2109091  -0.38554761]
 [ 0.24290381  0.10803065]
 [ 0.1047781   0.48925726]
 [ 0.16801698  0.21944818]
 [-0.26504181  0.44074866]
 [-0.15833257  0.27136517]
 [ 0.11292907  0.46333712]
 [ 0.40075507  0.17289854]
 [ 0.44106772  0.37012686]
 [-0.07534191 -0.06409508]
 [ 0.31566901 -0.07054152]
 [ 0.19051118 -0.44282814]
 [ 0.33385446 -0.04857369]
 [-0.32805931 -0.10721509]
 [ 0.46123365  0.09363318]
 [-0.01171274 -0.13709303]
 [-0.17640353  0.32517833]
 [ 0.02446346  0.16788296]
 [-0.21494478  0.2461075 ]
 [-0.28522331  0.26795186]
 [-0.06857162  0.16267379]
 [-0.1624213  -0.08557904]
 [ 0.27308198 -0.03402174]
 [-0.30912395 -0.32322619]
 [ 0.27137863  0.19500892]
 [ 0.18222244 -0.18334042]
 [ 0.0416498   0.35073163]
 [ 0.12782151 -0.16123955]
 [-0.18346388 -0.08225084]
 [-0.11659739 -0.0662876 ]
 [-0.17988111 -0.01578341]
 [ 0.38060613 -0.10945352]]
Initial output bias: [ 1.  1.]
Value MLP:
Initial hidden weights: [array([[-0.17836101, -0.49994801,  0.2504263 ,  0.49926117, -0.44514876,
        -0.44010833,  0.43756759, -0.11424145, -0.39265759, -0.09651163,
        -0.32346112,  0.40632314, -0.47917165,  0.14077087,  0.29917351,
         0.36481558, -0.06145132,  0.08644814, -0.01567028, -0.32210322,
        -0.01243758,  0.29760406,  0.28188157,  0.229307  ,  0.36020202,
        -0.04739685, -0.46333181,  0.12452901, -0.31643764, -0.25806464,
         0.10971003, -0.43078352, -0.37459624, -0.36406342,  0.48498639,
        -0.19702334,  0.48040217, -0.41897466, -0.41738708,  0.01333919,
        -0.23459618,  0.44914399,  0.48773835,  0.1636942 , -0.18808931,
        -0.10211592, -0.19476277,  0.22693926, -0.41275931, -0.28041089],
       [ 0.27394056,  0.2878989 ,  0.19109307,  0.26319625,  0.05525874,
        -0.09430595, -0.49595245,  0.45137755, -0.49726316, -0.20215958,
        -0.18413394,  0.31752963,  0.11885472,  0.49100853, -0.24347206,
         0.18706867,  0.12140168, -0.15770246,  0.05020547,  0.09357591,
        -0.15115265, -0.07182542,  0.31477568, -0.20663565, -0.43879234,
        -0.1796394 , -0.29273405,  0.32108751,  0.38684364, -0.3645985 ,
        -0.44964803, -0.06623144, -0.38708778,  0.34777736,  0.35631618,
        -0.48167427, -0.2295727 , -0.33215351,  0.22669085, -0.22284736,
        -0.18423885,  0.26718417,  0.155945  ,  0.16197893,  0.17612825,
        -0.32326453,  0.45000442,  0.17341888,  0.22528158, -0.31052913],
       [ 0.48964022, -0.01733883, -0.18009681, -0.13483048, -0.17875222,
        -0.39613651,  0.44201334, -0.32145531,  0.00588935, -0.03486748,
         0.05776874, -0.34241106, -0.42650268, -0.03087563,  0.06915878,
        -0.46461876, -0.18289049,  0.04073462, -0.07742698,  0.10634455,
         0.48246108, -0.23727645, -0.42940118, -0.17837446, -0.26240264,
        -0.45501583,  0.08663819, -0.25231115, -0.13928871,  0.22573965,
        -0.39051343, -0.10172184,  0.11466461,  0.13841821, -0.15578298,
         0.0538569 ,  0.28876228,  0.12885124, -0.38015443,  0.10158664,
         0.20587292,  0.29534325, -0.34949653,  0.34865872, -0.01666683,
        -0.18514821,  0.26560671, -0.37954535, -0.34165167,  0.05140851],
       [-0.34876301,  0.08347487, -0.02403325,  0.29327904,  0.35373255,
        -0.41548177,  0.08129256, -0.06592838, -0.36322419, -0.40687559,
        -0.45229102,  0.33134721, -0.38488557, -0.11082121,  0.1456294 ,
        -0.37048928, -0.40500054, -0.33349516,  0.39067991, -0.05956696,
         0.47909091, -0.15668028,  0.11405085,  0.28978858,  0.47307418,
         0.27971837, -0.19259191, -0.40275522,  0.1852029 , -0.48020395,
         0.4036968 , -0.42836685,  0.28542611, -0.24377726,  0.24680575,
        -0.42404157, -0.33859307, -0.12819424, -0.33503415,  0.1199501 ,
        -0.08346733,  0.20850722,  0.25925694,  0.07424419, -0.38683523,
        -0.44559559,  0.11431034,  0.08604437,  0.07365198,  0.2970612 ],
       [-0.40131841, -0.46984546, -0.46376643,  0.333846  , -0.42073653,
        -0.1306337 ,  0.42681534,  0.35834998,  0.14338768, -0.32813252,
         0.4399084 ,  0.46963775,  0.43973923,  0.39469866,  0.14008388,
        -0.03204245, -0.39372764, -0.11730294, -0.27856335,  0.47254308,
        -0.02169841, -0.04898253,  0.04004453, -0.12287831,  0.08025638,
         0.08454615, -0.01285523, -0.07470983, -0.30966189, -0.40308597,
         0.03740623, -0.1500516 , -0.21663091,  0.35137988,  0.33650233,
        -0.03082552, -0.13407611,  0.43289846, -0.32122457, -0.16510863,
        -0.34215598, -0.33586095,  0.40419062,  0.01601705, -0.41470447,
        -0.40476302, -0.44463703, -0.15609199, -0.0344123 ,  0.18947308],
       [-0.4711828 , -0.4450084 , -0.46380727,  0.0010627 , -0.39727179,
        -0.41623546,  0.11303586,  0.03205121,  0.36781045,  0.00446736,
         0.26060115, -0.10324904, -0.3479468 , -0.42345403,  0.22946984,
        -0.24256819, -0.46960681,  0.43708806,  0.12165437, -0.05817924,
        -0.4731192 ,  0.31445692, -0.14383903,  0.16755992,  0.25125155,
        -0.39388581,  0.39479407,  0.44337341,  0.12749675,  0.39322464,
         0.34367235,  0.00485433,  0.16266492, -0.2532739 ,  0.1484951 ,
        -0.09627026,  0.26014995,  0.23905311, -0.48119212,  0.23031791,
        -0.39640067,  0.261149  ,  0.47899927, -0.17484862, -0.36108721,
         0.01298044,  0.04516427,  0.30506184, -0.21361872, -0.04158399],
       [ 0.48954561,  0.19568263,  0.37956266, -0.49841275,  0.26308786,
         0.0420761 ,  0.3537678 , -0.29959957,  0.47124605, -0.09190707,
         0.191946  , -0.2691468 , -0.45090171,  0.15113062, -0.25587218,
         0.38877179,  0.48058923, -0.44492063,  0.4285895 , -0.46004848,
         0.45448325,  0.07238964,  0.2780224 ,  0.194726  , -0.0661047 ,
         0.10187909,  0.38241157,  0.07167038,  0.18520842, -0.02614855,
        -0.01264479, -0.15234732, -0.30634512,  0.33220099,  0.30875455,
         0.35851669,  0.04768716,  0.37311698, -0.37490394, -0.258765  ,
         0.15322418, -0.03649323,  0.3462552 , -0.10611735, -0.12119376,
        -0.447271  ,  0.07836659,  0.05905726,  0.44485276,  0.20351376],
       [ 0.0605653 ,  0.35660461,  0.15464287,  0.4166318 ,  0.42026746,
         0.22154233, -0.38984946, -0.2135396 , -0.12555633,  0.08218539,
        -0.11585388,  0.1247467 , -0.34343588, -0.16508727,  0.41145764,
        -0.3664206 ,  0.24850374, -0.47556384,  0.3979389 ,  0.28651545,
         0.11628156,  0.29210883,  0.08861231,  0.17381602, -0.20711498,
        -0.10692654, -0.38716275,  0.33278701, -0.23124316, -0.43840542,
         0.01428302,  0.32013462,  0.06954972,  0.05708765,  0.07850444,
         0.24968599,  0.07330366,  0.09953949, -0.05437058,  0.35644482,
         0.00399842, -0.29031281,  0.34116394,  0.10737116, -0.04692089,
         0.43717331, -0.23232816, -0.3491238 ,  0.22186363, -0.27978202]])]
Initial hidden bias: [array([-1., -1., -1., -1., -1., -1., -1., -1., -1., -1., -1., -1., -1.,
       -1., -1., -1., -1., -1., -1., -1., -1., -1., -1., -1., -1., -1.,
       -1., -1., -1., -1., -1., -1., -1., -1., -1., -1., -1., -1., -1.,
       -1., -1., -1., -1., -1., -1., -1., -1., -1., -1., -1.])]
Initial output weights: [[-0.44525536]
 [ 0.17162303]
 [-0.48767012]
 [-0.3265526 ]
 [-0.26838412]
 [ 0.15054858]
 [ 0.1193104 ]
 [ 0.14944454]
 [ 0.23021483]
 [-0.21086063]
 [-0.47974785]
 [-0.491435  ]
 [ 0.42191098]
 [-0.3225298 ]
 [ 0.18266169]
 [-0.40688789]
 [ 0.19179053]
 [ 0.00358394]
 [-0.08276564]
 [ 0.06429581]
 [-0.00664741]
 [ 0.02810146]
 [-0.21062614]
 [ 0.24926374]
 [ 0.26842012]
 [-0.2011219 ]
 [-0.23476836]
 [-0.00597296]
 [-0.15529954]
 [ 0.45723419]
 [ 0.2226456 ]
 [-0.11229552]
 [-0.23123598]
 [ 0.41677545]
 [ 0.21698922]
 [ 0.38153056]
 [ 0.16034306]
 [-0.29475731]
 [-0.33989534]
 [ 0.44244314]
 [ 0.40784582]
 [-0.29794356]
 [ 0.10235359]
 [ 0.27511097]
 [ 0.1546109 ]
 [ 0.37107809]
 [-0.43493629]
 [ 0.27304868]
 [ 0.09407317]
 [ 0.18293271]]
Initial output bias: [ 1.]
