Action MLP:Hidden weights: [array([[-0.00841491, -0.00134963,  0.008693  , ..., -0.00512202,
        -0.00668049, -0.00410021],
       [ 0.00089574,  0.00635475, -0.00017359, ..., -0.00401172,
        -0.00973134, -0.00465903],
       [-0.0021356 ,  0.00257995,  0.00085694, ...,  0.00084661,
         0.00035929,  0.00809161],
       ..., 
       [-0.00397776,  0.00852394,  0.00476926, ...,  0.00613961,
         0.00042094, -0.00286815],
       [ 0.00904152, -0.00955842, -0.00495676, ..., -0.00274828,
        -0.00368054,  0.00086483],
       [ 0.00682739, -0.00824089, -0.00565471, ..., -0.00428415,
         0.00772602,  0.00168852]])]Hidden bias: [array([-0.99056337, -0.99061723, -0.99070264, -0.9905624 , -0.99028843,
       -0.99030545, -0.99063133, -0.99031978, -0.99053395, -0.99047908,
       -0.99018392, -0.99067209, -0.99085877, -0.99074182, -0.9904178 ,
       -0.99085743, -0.99055484, -0.99007733, -0.99062778, -0.99049396])]Output weights: [[ 0.00015068  0.00451974]
 [ 0.00442067 -0.00130664]
 [ 0.00330845 -0.00789727]
 [ 0.00232021 -0.00240735]
 [ 0.00882415  0.00050102]
 [-0.00026676 -0.00372064]
 [ 0.00085793 -0.00672868]
 [ 0.00334184 -0.00344763]
 [ 0.00778973 -0.00119499]
 [ 0.00617443  0.00386143]
 [ 0.00667982 -0.00420709]
 [-0.00897823  0.00668973]
 [-0.00527318 -0.00277493]
 [ 0.00304691  0.00376996]
 [-0.00076648  0.00789551]
 [ 0.00232258  0.00022088]
 [ 0.00248786  0.00598604]
 [-0.0015541  -0.00215828]
 [ 0.00019461  0.00264321]
 [-0.00851341  0.00298535]]Output bias: [ 0.99988269  1.00058641]
Value MLP:Hidden weights: [array([[ 0.00759339,  0.00999533, -0.00346901, ..., -0.00920723,
         0.00387045,  0.00311732],
       [-0.00750324, -0.0071583 ,  0.00488718, ...,  0.00814325,
         0.00866866, -0.00636332],
       [ 0.00527388, -0.00833174,  0.00136351, ...,  0.00435005,
         0.00635502,  0.00640943],
       ..., 
       [-0.03835943, -0.0407489 , -0.02990337, ..., -0.04214547,
        -0.03225878, -0.02380484],
       [-0.00916736, -0.00736437,  0.00618089, ...,  0.00959238,
         0.00830057, -0.00314393],
       [ 0.00842599,  0.00833264, -0.00455116, ...,  0.00308436,
        -0.00415649,  0.00087445]])]Hidden bias: [array([-1.23821987, -1.24009279, -1.23869031, -1.23872541, -1.24245705,
       -1.24352052, -1.23995253, -1.24087505, -1.24096462, -1.24310386,
       -1.23911475, -1.2377621 , -1.23993895, -1.23935848, -1.23928005,
       -1.24030293, -1.23840203, -1.24216272, -1.24396526, -1.24178434])]Output weights: [[ 4.35082519]
 [ 4.36297483]
 [ 4.34887216]
 [ 4.34283284]
 [ 4.33628245]
 [ 4.32900458]
 [ 4.36087045]
 [ 4.35589036]
 [ 4.35820922]
 [ 4.36270528]
 [ 4.36982121]
 [ 4.36373804]
 [ 4.35128608]
 [ 4.34785425]
 [ 4.35646005]
 [ 4.33608384]
 [ 4.36492378]
 [ 4.3053706 ]
 [ 4.33410397]
 [ 4.36157912]]Output bias: [-3.64959816]