Action MLP:Hidden weights: [array([[ 0.03757785,  0.03852483,  0.03574448,  0.04517255,  0.02556752,
         0.04123962,  0.05088684,  0.04144749,  0.04239726,  0.04258156,
         0.04307581,  0.04308334,  0.03997069,  0.04364415,  0.05400729,
         0.03823592,  0.05118962,  0.05160112,  0.03751021,  0.03961147],
       [ 0.24452926,  0.24007057,  0.24515836,  0.25257731,  0.25989236,
         0.25154612,  0.23528347,  0.24034922,  0.23827328,  0.23745333,
         0.25168104,  0.2383032 ,  0.23678797,  0.2338882 ,  0.24111122,
         0.23503537,  0.245952  ,  0.23635984,  0.24745347,  0.23918068],
       [ 0.01469132,  0.01777329,  0.00994359,  0.00271871,  0.01192617,
         0.00483802,  0.00847754,  0.00326355,  0.00486972,  0.01401686,
         0.01808288,  0.00237078,  0.00643763,  0.01151009,  0.00217816,
         0.01250426,  0.01037196, -0.00534675,  0.00508444,  0.00657642],
       [-0.24891617, -0.264567  , -0.27013042, -0.25223606, -0.24983715,
        -0.24814989, -0.24485226, -0.25690056, -0.24288735, -0.27526349,
        -0.2709892 , -0.25537854, -0.25233084, -0.27354355, -0.23745598,
        -0.2755751 , -0.23638789, -0.22481507, -0.2437097 , -0.2554535 ],
       [ 0.03048386,  0.0165371 ,  0.01508473,  0.02535617,  0.0068462 ,
         0.02183771,  0.04223823,  0.0194459 ,  0.03903177, -0.00044961,
         0.01252774,  0.01473141,  0.02441679,  0.00378081,  0.04124591,
         0.00612835,  0.04957435,  0.04374087,  0.02870205,  0.0272522 ],
       [ 0.08476716,  0.0532623 ,  0.07554494,  0.10713237,  0.05608067,
         0.08135696,  0.11254514,  0.08632276,  0.12451847,  0.0405784 ,
         0.05033604,  0.06889689,  0.1024668 ,  0.06942491,  0.14499934,
         0.04417073,  0.14288826,  0.14427627,  0.09564283,  0.11196399],
       [ 0.02788172,  0.02844274,  0.0130829 ,  0.02738411,  0.01564873,
         0.00872141,  0.02595346,  0.02532179,  0.02325084,  0.02675865,
         0.01764626,  0.02099642,  0.02063508,  0.02688885,  0.01292213,
         0.02913503,  0.01296516,  0.01627665,  0.01158504,  0.01730684],
       [ 0.04681064,  0.04375039,  0.04810051,  0.04588722,  0.04246144,
         0.04977252,  0.0465317 ,  0.04819312,  0.05517889,  0.05460061,
         0.04604049,  0.05596853,  0.0585539 ,  0.04695051,  0.04791143,
         0.04731133,  0.06163206,  0.05447926,  0.05844707,  0.06056015]])]Hidden bias: [array([-0.565599  , -0.57015938, -0.57256401, -0.57032005, -0.56467265,
       -0.56621431, -0.56547438, -0.56793598, -0.56880285, -0.56674885,
       -0.57037554, -0.56450662, -0.57029625, -0.5710398 , -0.56653211,
       -0.56964614, -0.56938235, -0.56403918, -0.56702543, -0.57018676])]Output weights: [[ 0.07145261  0.08788918]
 [ 0.09473796  0.06966061]
 [ 0.08492559  0.0775065 ]
 [ 0.06427101  0.09754615]
 [ 0.08043954  0.05881423]
 [ 0.07042788  0.08195041]
 [ 0.06111193  0.11114086]
 [ 0.07649701  0.08867635]
 [ 0.05752168  0.11701706]
 [ 0.10489049  0.05750229]
 [ 0.09358546  0.0606103 ]
 [ 0.08257009  0.07889494]
 [ 0.0721557   0.10097374]
 [ 0.09662197  0.07559432]
 [ 0.04744801  0.12647041]
 [ 0.10370195  0.06319148]
 [ 0.04673937  0.12701217]
 [ 0.04344576  0.13222631]
 [ 0.06468399  0.09422204]
 [ 0.06765249  0.10428765]]Output bias: [ 0.57431193  0.5951113 ]
Value MLP:Hidden weights: [array([[  4.38488688e+00,  -4.86582898e+00,  -2.20907377e+00,
          2.74163723e+00,  -8.04393427e+00,  -3.76822434e+00,
         -6.53191443e+00,   2.07102766e+00,   1.43001884e+00,
          1.92110325e+00,  -3.65804723e+00,   4.92011903e+00,
         -2.62966019e+00,  -2.39692297e+00,  -4.52925596e+00,
          2.07758345e+00,  -1.17369959e+00,  -5.13961252e-01,
         -2.72119713e+00,   1.01174299e+01],
       [  8.13399334e+00,   9.83860026e+00,   7.77224349e+00,
          6.43713314e+00,   7.68103767e+00,   1.47424597e+01,
          9.96503504e+00,   1.13073317e+01,  -1.48782138e+00,
         -1.76595142e+00,   9.49647567e+00,   6.98022961e+00,
         -6.01070092e+00,  -1.90145509e+00,  -9.06980187e+00,
          1.92839490e+01,  -2.19046705e+00,  -2.89739200e-03,
         -7.60871671e+00,   1.88782241e+01],
       [  3.27064592e+00,  -2.74722739e+00,   1.16817612e+00,
          1.24040222e+00,  -1.18587239e+01,  -6.98564661e+00,
         -8.18729803e+00,   7.40560480e-01,   1.20703083e+00,
          3.20523788e-01,  -2.36920039e+00,   5.88636971e+00,
         -1.78861751e+00,  -4.90102888e+00,  -3.20327535e+00,
         -1.87093813e-02,  -1.12590423e+00,   5.25376611e-01,
         -2.35171610e+00,   1.84077159e+01],
       [ -2.63171214e+00,   1.66143936e+00,   3.40953113e+00,
          2.75320631e+00,  -2.22941111e+00,   2.11753155e+00,
         -1.61384217e+00,   2.53247114e+00,   2.23464340e+00,
          5.00437671e+00,  -4.62494547e+00,  -1.51685307e+00,
          4.53489000e+00,   5.90717390e+00,   3.62869322e+00,
          4.20578493e+00,   7.03001464e+00,   3.94522519e+00,
         -1.25783136e-01,   5.34019190e+00],
       [ -1.29115534e+00,  -1.52119340e+00,  -4.00782556e+00,
         -3.15594779e+00,   3.26696011e+00,   3.05263864e+00,
          3.85810203e+00,   1.43644471e+00,  -2.11621066e+00,
          1.76449564e+00,   6.16858968e-02,  -2.77645568e+00,
         -8.80540497e-01,   5.26638538e+00,   5.87219953e-01,
          1.04905526e+01,   2.23838216e+00,  -3.82363065e-01,
          1.56458737e+00,  -1.16679720e+01],
       [  2.14318035e+00,  -3.05608684e+00,  -8.80255530e+00,
         -5.47612016e+00,  -1.31689656e+01,  -1.13031418e+01,
          7.29133978e+00,  -5.33279830e+00,  -5.49147434e+00,
          5.39163061e+00,  -4.43786837e+00,  -3.56140060e+00,
         -4.62258879e+00,   1.21066429e+01,  -1.27580200e+01,
          1.89806941e+01,  -2.94842648e+00,   1.10871332e-01,
         -7.69795565e+00,  -6.07623392e+00],
       [ -5.31697917e+00,   1.11746972e+00,   1.20133705e-01,
         -3.81267974e-02,  -4.97187532e+00,  -9.24111916e+00,
         -6.15302437e+00,  -9.94275292e+00,  -2.64636179e+00,
         -3.58125809e+00,  -5.17077493e+00,   5.25310931e-01,
         -1.01262855e+00,  -1.48921066e+00,  -6.20682621e-01,
         -1.02516417e+01,   3.17432884e-01,  -4.57672190e-01,
          1.83327706e+00,  -5.44951400e+00],
       [ -7.95943699e+00,   3.78324923e-01,   3.58809381e+00,
         -4.58346635e+00,  -1.56840354e+00,  -3.89579269e+00,
         -2.74799534e+00,  -1.00257557e+01,  -2.01929025e-01,
          8.03883697e-01,  -4.69690591e+00,   9.27043116e-01,
          4.78651873e+00,  -2.23250237e+00,   4.12771122e+00,
         -1.12687654e+01,  -5.62407979e-01,  -2.20243552e+00,
          4.98312085e+00,  -8.20120600e+00]])]Hidden bias: [array([ 11.08920802,   9.28756785,   7.78984273,   5.80076403,
         8.86608555,   7.79206898,   4.38647816,   5.57335202,
        -5.87102045,  -6.52514729,  10.13740926,  10.82341465,
       -11.46477848,  -6.71228884, -11.68052543,   7.99948866,
        -6.18584663,  -4.80555816,  -7.01462781,  14.14772365])]Output weights: [[-3.37462063]
 [ 3.62585139]
 [-1.55083154]
 [ 2.97028357]
 [ 2.69967458]
 [ 2.96704471]
 [ 3.28826312]
 [ 5.44184233]
 [-3.51685956]
 [ 4.55404464]
 [-0.64109022]
 [ 6.21077411]
 [ 0.12540275]
 [-0.10460217]
 [-7.86333092]
 [ 4.20043485]
 [ 0.94976615]
 [ 9.31717795]
 [-3.50699302]
 [ 5.41292292]]Output bias: [-15.09423134]