Action MLP:Hidden weights: [array([[ 0.07191015,  0.08868101,  0.08034116,  0.07500101,  0.06636404,
         0.07479956,  0.07892439,  0.07931402,  0.06785727,  0.10144787,
         0.09386428,  0.0846177 ,  0.07410719,  0.0956183 ,  0.0740806 ,
         0.09594514,  0.07006698,  0.06827679,  0.06690037,  0.07178394],
       [ 0.2547357 ,  0.23796032,  0.24783211,  0.26742316,  0.26340393,
         0.26204097,  0.2535647 ,  0.24853369,  0.26035627,  0.23011768,
         0.24817389,  0.24287597,  0.2493494 ,  0.23165843,  0.26950677,
         0.22882953,  0.27495195,  0.26961405,  0.26292446,  0.25382928],
       [ 0.07448893,  0.12022578,  0.09746371,  0.04880072,  0.09189854,
         0.06349908,  0.04774476,  0.07205079,  0.03512938,  0.13923445,
         0.12365145,  0.08221833,  0.0629482 ,  0.11729316,  0.01550768,
         0.13430757,  0.02037023, -0.00288621,  0.05041956,  0.05734689],
       [-0.2885807 , -0.36149466, -0.34364491, -0.26960836, -0.32943601,
        -0.28975286, -0.24694963, -0.30467376, -0.23135797, -0.40281024,
        -0.37528932, -0.3217461 , -0.28038524, -0.37034468, -0.20137214,
        -0.39515874, -0.19707296, -0.17487074, -0.26348757, -0.27357755],
       [ 0.05440487,  0.01666405,  0.02404216,  0.05678523,  0.01151213,
         0.04365966,  0.08167678,  0.03965268,  0.08380385, -0.01601871,
         0.00727245,  0.02732082,  0.0541611 ,  0.00466534,  0.09569971,
        -0.00541382,  0.1061213 ,  0.10469233,  0.06009026,  0.06005313],
       [ 0.10578778,  0.06240481,  0.09067419,  0.13506252,  0.06404913,
         0.09984919,  0.14745237,  0.1064522 ,  0.16438647,  0.04267341,
         0.05703596,  0.08309281,  0.12995643,  0.08181163,  0.19650742,
         0.04824615,  0.19510941,  0.19870755,  0.12048823,  0.14288088],
       [ 0.033343  ,  0.03370724,  0.01810933,  0.03266607,  0.02023181,
         0.01384504,  0.03173197,  0.03058631,  0.02893484,  0.03143382,
         0.02253434,  0.02618032,  0.02610694,  0.03195579,  0.01857238,
         0.03404679,  0.01881885,  0.02205943,  0.01691684,  0.02272279],
       [ 0.05929953,  0.05771769,  0.06128974,  0.05680118,  0.05450091,
         0.06163853,  0.05756277,  0.06082659,  0.06504898,  0.06827046,
         0.05941523,  0.06913457,  0.07078212,  0.0609955 ,  0.05549145,
         0.06119309,  0.06930453,  0.06104461,  0.06974112,  0.07217487]])]Hidden bias: [array([-0.51869993, -0.4985336 , -0.51128811, -0.53427305, -0.49935954,
       -0.51801534, -0.53603574, -0.51780636, -0.54515075, -0.48216513,
       -0.49611337, -0.50568129, -0.52893397, -0.49969598, -0.55405368,
       -0.48844575, -0.55820592, -0.55583988, -0.52832736, -0.53368743])]Output weights: [[ 0.11133442  0.09087764]
 [ 0.18447256  0.05184631]
 [ 0.15628069  0.06331868]
 [ 0.08494741  0.10557595]
 [ 0.14203563  0.05003193]
 [ 0.10576014  0.08423975]
 [ 0.07556105  0.12583465]
 [ 0.12274997  0.08517845]
 [ 0.05777113  0.13672949]
 [ 0.22430465  0.02642112]
 [ 0.19107436  0.03925996]
 [ 0.14142191  0.07096791]
 [ 0.10457454  0.10515407]
 [ 0.19195424  0.05200804]
 [ 0.02974596  0.15581273]
 [ 0.21501758  0.03444387]
 [ 0.02743269  0.15988383]
 [ 0.0064572   0.16880265]
 [ 0.08313168  0.10443082]
 [ 0.09493455  0.11071779]]Output bias: [ 0.59144513  0.20314384]
Value MLP:Hidden weights: [array([[  1.01631766e+01,  -1.85012121e+01,  -1.90857564e+00,
         -5.12090318e+00,  -2.78589940e+00,  -3.55424200e+00,
         -1.97475211e+01,   1.05032727e+01,   9.59013952e+00,
          6.28962446e+00,  -4.22237669e+00,   5.62357495e+00,
          6.40265453e-02,  -8.84292951e+00,  -4.68902978e+00,
         -2.12228754e+00,   1.03276506e+00,  -1.23417310e+00,
         -5.38177441e+00,   9.44228037e+00],
       [  1.04276652e+01,   1.46227624e+01,   9.81790532e+00,
          1.04862887e+01,   1.03999567e+01,   1.69182071e+01,
          2.10297381e+01,   1.77674452e+01,  -5.10660569e+00,
         -1.52402315e+00,   9.69443801e+00,   9.92021104e+00,
         -5.58397609e+00,  -8.98159530e+00,  -1.32634102e+01,
          1.99678742e+01,  -6.82011630e+00,   5.25382730e+00,
         -1.63504845e+01,   3.03603245e+01],
       [  8.27106007e+00,  -1.39888193e+01,  -3.32488001e+00,
         -1.76573962e+01,  -2.98852993e-01,  -9.50913535e+00,
         -1.66320983e+01,   1.00864165e+01,   1.22274262e+01,
          7.14714744e+00,  -1.37853053e+00,   3.46499070e+00,
          1.13874127e-01,  -4.70808384e+00,   4.22329017e-01,
         -1.64161749e+00,   1.21058078e+00,   1.58748491e+00,
         -1.08318223e+01,   3.64118659e+00],
       [ -6.85473499e-01,  -5.82792345e+00,  -5.84217863e+00,
          3.20172894e+00,  -9.16128176e+00,  -8.42919540e+00,
         -1.31969692e+01,  -6.72295912e-02,   3.67910988e+00,
          5.73164592e+00,  -4.07414148e+00,  -2.68276046e+00,
          1.27577084e+01,   5.95333295e+00,   4.65469877e-01,
          7.46592220e+00,   1.58948234e+01,  -2.16278638e+00,
         -7.22975043e+00,   9.37323473e+00],
       [ -4.27820224e+00,  -1.28711741e+00,   1.74975310e+00,
          8.45581243e+00,  -8.05608712e+00,   5.35173863e+00,
          5.16123516e+00,   2.29589149e-02,   6.47604816e-01,
         -7.74110426e-01,   5.05769325e-01,   2.27161850e+00,
         -4.23517321e+00,   2.43138639e-01,  -1.10214485e+01,
          8.25737268e+00,   2.72095859e+00,  -1.81234843e-01,
          2.52870419e+00,   2.84374931e+00],
       [  6.12703210e+00,  -4.50216157e-01,  -5.83446080e-01,
         -7.52443381e+00,  -1.44966187e+01,  -2.83808920e+01,
          9.01911835e+00,   1.07892476e+00,   2.18383445e+01,
          3.03323939e+00,  -3.58965330e+00,  -1.34244155e+00,
         -6.15086989e+00,   1.83840664e+01,  -3.14978459e+01,
          2.47948900e+01,  -4.32398204e+00,   5.23827460e-01,
         -1.77612480e+01,   1.77207521e+01],
       [ -5.15378197e+00,   1.93935955e+00,   1.53289938e-01,
         -8.26811266e+00,  -2.96890312e-01,  -2.69365995e+00,
         -1.19678856e+01,  -8.31218426e+00,  -2.66044476e+00,
         -4.34690005e+00,  -1.02557914e+01,  -3.35849707e-01,
         -1.01862388e+01,  -7.04931113e-01,  -2.31093216e+00,
         -7.55548666e+00,   1.25260767e+00,   5.24472592e-01,
          2.48987366e+00,  -9.18079968e+00],
       [ -1.43815988e+01,   3.16443068e+00,   3.44586519e+00,
         -1.64509226e+01,   3.42423722e+00,   6.47192535e-01,
         -4.96020189e+00,  -1.44453199e+01,  -4.62092760e+00,
         -4.25187004e-01,  -8.59023981e+00,   2.67488465e+00,
         -7.63787709e+00,  -2.71205742e+00,   8.01117685e+00,
         -1.85380933e+01,   8.87874619e-01,   8.97143946e-01,
          8.59480736e+00,  -2.22910251e+01]])]Hidden bias: [array([  7.69418707,  19.16424335,  17.72101688,   8.50146624,
        21.38229883,  20.37426032,  24.47544021,  16.27044293,
        -7.35113608,  -7.54711356,   6.60183291,  17.67573703,
       -23.3276233 , -18.72418983, -11.26196827,   4.77485221,
       -12.88061596,   6.10120761, -12.51458598,  20.61862836])]Output weights: [[ -1.17989471]
 [  4.09234123]
 [  4.62573383]
 [  4.32544088]
 [  4.91885161]
 [  8.17879895]
 [  3.92651793]
 [  0.9298957 ]
 [ -0.11948106]
 [ -2.1137972 ]
 [  0.31028028]
 [  0.53850493]
 [ 13.21297895]
 [ -0.26824618]
 [ -6.90907442]
 [ -2.47525176]
 [  9.8267011 ]
 [  1.25873528]
 [ -0.77616884]
 [  3.19643504]]Output bias: [-21.84243784]