Action MLP:Hidden weights: [array([[ 0.13444318, -0.32477673, -0.20142712, -0.33033504,  0.23339571,
        -0.38689679, -0.17722528, -0.43941869,  0.02242189, -0.42296101,
         0.03779775,  0.10600961,  0.3822939 , -0.39985615, -0.24239336,
         0.13015788,  0.28658708, -0.08204223,  0.15427836,  0.34905367,
        -0.4662751 , -0.29246127, -0.24355411, -0.40974939,  0.27689823,
         0.06752634,  0.18626392,  0.0232201 , -0.18221083, -0.09503768,
        -0.48742742, -0.18647453, -0.36786661,  0.0807402 ,  0.07358179,
        -0.06626862,  0.19844555, -0.0167641 ,  0.07302695,  0.32769573,
         0.02094481,  0.01301403,  0.35271007,  0.08850335,  0.35676247,
         0.1215317 ,  0.10194679, -0.39837155, -0.0745136 ,  0.48061777],
       [-0.24161686,  0.30402303,  0.02313362,  0.19643213,  0.0658889 ,
        -0.09021341,  0.11149218, -0.39989589,  0.32953376,  0.19750477,
         0.42483627,  0.04741869,  0.20433611,  0.07149506,  0.44108467,
         0.16203761,  0.04015682, -0.29452513,  0.26507649,  0.24642376,
        -0.28483311,  0.30981733,  0.24082328,  0.41006954,  0.25487854,
        -0.32725379,  0.14449629, -0.46478919,  0.09938134,  0.0498656 ,
         0.29131542,  0.11793385, -0.04600568,  0.23371309, -0.44864987,
         0.02640285, -0.45544838, -0.45721496,  0.44608574,  0.24846136,
        -0.15302989, -0.01222259,  0.13871769, -0.20291624,  0.034181  ,
         0.2622464 ,  0.29155288,  0.12037955, -0.2380147 ,  0.07242026],
       [-0.40814125,  0.00969673, -0.07007226, -0.20963246,  0.24457618,
        -0.3524206 ,  0.34293101, -0.13644745,  0.0528151 , -0.4511315 ,
        -0.42724817, -0.13993155,  0.12490576, -0.38810816,  0.24143972,
         0.15899602, -0.35475076,  0.4535081 ,  0.32928259,  0.221656  ,
         0.18363185, -0.21747433,  0.25699611, -0.25242069,  0.11227824,
         0.24133748, -0.01269542, -0.40946541,  0.09309157,  0.48172038,
        -0.30396743, -0.29868196,  0.43648665, -0.41607929, -0.29814029,
         0.02244826,  0.13832498, -0.0153149 ,  0.34632181, -0.39245807,
        -0.00391876,  0.21718402, -0.17793117,  0.35787633, -0.06275846,
         0.31772614,  0.43720749,  0.17688616, -0.01960614,  0.10293014],
       [ 0.48030845, -0.43610758,  0.37717   ,  0.11779617, -0.17082428,
         0.45264626,  0.49796465,  0.0256717 ,  0.40598538, -0.26087681,
        -0.49382353,  0.17770589,  0.1693749 , -0.49182126,  0.08354064,
        -0.31606802, -0.19223346,  0.21074205, -0.14772314,  0.26647139,
         0.29723919, -0.4915123 ,  0.32266484,  0.01229835, -0.3068747 ,
        -0.40650537, -0.00393637,  0.3885357 , -0.4690224 ,  0.0592226 ,
         0.2884613 , -0.19523037, -0.29269006, -0.09570399,  0.20103211,
        -0.04524881,  0.41180861,  0.00767518, -0.05769193, -0.06315883,
         0.11098721,  0.27958753, -0.11117157, -0.41912869, -0.39861561,
         0.49645665,  0.18606913,  0.07008934, -0.21739984,  0.11205769],
       [-0.15355707,  0.3761683 , -0.20475942, -0.17847552,  0.20865842,
         0.23312193, -0.09984484, -0.00469367,  0.33398417, -0.25502636,
         0.24677338,  0.44220729,  0.06865291, -0.39414458, -0.10780826,
        -0.15771738,  0.29852676, -0.16110309,  0.00393861, -0.49086807,
        -0.20741562, -0.02866196, -0.37012908, -0.2853152 ,  0.38259294,
        -0.22471861, -0.19393967, -0.2641522 ,  0.36551143, -0.38678348,
         0.15007991, -0.15516564,  0.35732986,  0.0514566 ,  0.41038226,
        -0.11815987,  0.3588359 ,  0.21904459, -0.1741363 ,  0.21669977,
         0.47427522,  0.21826454, -0.27285823,  0.35820648,  0.38253671,
        -0.0205018 ,  0.06466548,  0.18207614,  0.15912229, -0.05031906],
       [ 0.32889594,  0.1930528 , -0.36143544,  0.2852064 , -0.28708187,
         0.48263787, -0.15859159,  0.47387024, -0.22662052,  0.36839013,
         0.02200354,  0.22681384,  0.42311091, -0.11947191,  0.1719694 ,
        -0.12009065, -0.02848842, -0.15361388,  0.11660572, -0.21237138,
        -0.28394487, -0.22265966, -0.47291034,  0.17862571, -0.03851585,
        -0.46232621, -0.21409237,  0.44532662, -0.35357209, -0.10861851,
         0.11872393, -0.29634362,  0.15003218, -0.49188575, -0.41906594,
         0.39809037, -0.33538219, -0.46737724, -0.48664387, -0.27306178,
        -0.39652031, -0.42492378, -0.24496164,  0.12802953,  0.28123164,
         0.40353331, -0.13073223,  0.05941406, -0.41689532, -0.22900368],
       [-0.45798197, -0.39072184,  0.03833965,  0.48679292, -0.29148884,
        -0.1353593 ,  0.44787643, -0.17644759, -0.05133432, -0.28576424,
        -0.33982288, -0.31437235, -0.12636118,  0.42553338, -0.4795716 ,
         0.11969338, -0.35644835, -0.11662066, -0.17700829, -0.30555686,
         0.4503909 ,  0.3208997 ,  0.04962706, -0.03392691,  0.30248958,
         0.4708394 ,  0.1187105 ,  0.29342058, -0.06308063, -0.21335756,
         0.35584895, -0.13110961,  0.11891798, -0.42527641, -0.01434978,
        -0.36343378, -0.27328948,  0.39250258,  0.13400755,  0.3097973 ,
        -0.24544977,  0.34227271,  0.26359967,  0.42903965,  0.46367783,
         0.24038114,  0.48786548,  0.43494927,  0.32107977, -0.02293502],
       [-0.02606563,  0.0401837 , -0.05195077, -0.25856619,  0.29848047,
        -0.11295423,  0.14848883, -0.19422394,  0.2375197 , -0.2325928 ,
         0.18080804, -0.27092765,  0.43158339,  0.49912046, -0.09930937,
         0.49407321, -0.13311742, -0.42381717,  0.26554091,  0.0235272 ,
        -0.49607148, -0.46897235, -0.33638316, -0.30847279,  0.28754134,
         0.44585046, -0.02145764,  0.3351973 ,  0.05897546, -0.25332461,
        -0.32892833,  0.35045249,  0.35069599,  0.19291532,  0.3585507 ,
         0.24017582, -0.24143913,  0.17330709,  0.03889324, -0.15497534,
         0.02547898,  0.01377596,  0.02025934, -0.30510603,  0.02577758,
        -0.0348775 , -0.11672031,  0.42931308,  0.11137607,  0.36982535]])]Hidden bias: [array([-0.9999891 , -0.99967928, -1.00145327, -0.99944301, -0.99562966,
       -1.00068271, -1.0028044 , -0.99962883, -0.99995026, -0.99990496,
       -0.99976946, -0.99940604, -1.00013055, -1.00414946, -1.0019532 ,
       -0.99742015, -0.99950772, -1.00436189, -1.0025682 , -1.0020136 ,
       -1.00062584, -0.99945129, -0.99672913, -0.9988145 , -1.00048484,
       -0.99682455, -0.99804207, -1.0000709 , -1.00317957, -1.0022804 ,
       -0.99900029, -1.0034866 , -0.99973742, -0.99964017, -0.99951916,
       -0.99956804, -0.99947657, -1.00003938, -0.99981696, -1.00060264,
       -0.99977944, -0.99777083, -1.00430862, -0.99959401, -1.00008694,
       -0.99927069, -0.99873973, -0.9994581 , -0.99658663, -1.00048708])]Output weights: [[ 0.01904413 -0.15895829]
 [ 0.02917007 -0.27061578]
 [ 0.28732609  0.32611959]
 [ 0.01455666  0.41513337]
 [-0.19683335 -0.48704285]
 [-0.1522031  -0.29629987]
 [-0.44215147  0.46411107]
 [-0.29624862  0.0222834 ]
 [ 0.04953841  0.25858782]
 [ 0.05763886 -0.38656049]
 [ 0.24535083  0.08781922]
 [ 0.33309155  0.12820259]
 [ 0.18305986 -0.31096621]
 [ 0.34622019  0.49465626]
 [ 0.26477056  0.46621398]
 [-0.25737618 -0.25153643]
 [-0.08962721 -0.36834588]
 [-0.22808889  0.47707908]
 [-0.10864952  0.38254609]
 [ 0.28197018  0.37120226]
 [-0.31411422  0.09722352]
 [-0.03754122 -0.00306398]
 [-0.3953942  -0.31027825]
 [-0.28576732 -0.32031965]
 [-0.42665885  0.30192778]
 [ 0.45929375 -0.45177735]
 [ 0.11716145 -0.14566198]
 [ 0.10087488 -0.19455496]
 [-0.39998835  0.46337233]
 [-0.15841006  0.40368001]
 [ 0.47214693  0.48347322]
 [-0.19958477  0.43512065]
 [ 0.33189007  0.04372938]
 [-0.16694117  0.0116638 ]
 [ 0.03040572 -0.14780165]
 [ 0.0898289  -0.05578837]
 [-0.08036431 -0.20365763]
 [-0.07525955  0.07266937]
 [-0.4470151  -0.01452111]
 [ 0.43119083  0.41183942]
 [-0.46566459 -0.05152506]
 [-0.26899177 -0.43065081]
 [ 0.26908916  0.47818316]
 [ 0.34472644 -0.0298913 ]
 [ 0.45588756 -0.1565168 ]
 [ 0.32614825  0.29369121]
 [-0.32826602 -0.12618031]
 [ 0.03935829 -0.063845  ]
 [ 0.34939379 -0.43459213]
 [-0.29003898  0.0844135 ]]Output bias: [ 1.00039314  0.99173128]
Value MLP:Hidden weights: [array([[ -4.23116210e-01,   4.56200887e-01,  -1.90564481e-01,
         -1.11843103e-01,   4.00616472e-01,  -1.84718051e-01,
          2.49610856e-01,  -1.92413781e-02,  -1.37531811e-01,
          3.61251811e-02,  -1.70324172e-01,   4.13907260e-01,
          4.86931272e-01,  -3.47789393e-01,  -9.18361084e-02,
         -5.13451272e-01,  -2.51803964e-01,  -1.18117090e-01,
         -1.92204650e-01,   1.81676573e-01,  -9.59940533e-02,
          4.05091113e-02,  -4.44033793e-01,   1.41447872e-01,
          1.17320847e-01,  -7.14848353e-02,  -1.43931187e-01,
          2.69116062e-01,   8.56326685e-02,   1.96293107e-01,
          8.18341978e-02,  -9.28593896e-02,   2.46553523e-01,
         -3.43948217e-01,   2.98295717e-01,  -3.73682839e-01,
          4.56378659e-02,   2.34527207e-01,   4.24948519e-01,
         -3.81204297e-01,  -3.94807332e-01,  -1.74836487e-01,
         -3.97485464e-01,   9.07399897e-02,   1.31631217e-01,
          4.58523115e-01,  -1.71330035e-01,   1.84368727e-01,
         -4.05051889e-01,  -3.76223299e-01],
       [ -4.03508661e-01,  -3.14853007e-01,  -1.20208110e-01,
         -3.87594465e-01,  -1.57649648e-01,   1.77894960e-01,
         -5.12577297e-01,  -7.20878076e-01,  -7.58395625e-01,
         -1.96383490e-01,  -4.14902288e-01,  -6.79388330e-01,
         -9.14103519e-02,  -2.02636806e-01,  -5.14755622e-01,
         -8.13073175e-01,  -5.78972020e-01,  -3.97177488e-02,
         -7.98512373e-02,  -4.94951699e-01,  -2.45333176e-02,
         -4.32204095e-01,  -2.67935798e-01,  -5.90280390e-01,
         -2.68786882e-02,  -1.61974073e-01,  -5.36059135e-01,
         -5.78634331e-01,  -1.21311964e-01,  -2.76295330e-01,
          5.76487481e-01,   2.50642183e-02,   1.65510015e-01,
         -1.34038446e-01,  -3.75204300e-01,  -6.56383097e-01,
         -5.37035406e-01,   8.81524162e-01,  -3.07422575e-01,
         -3.69362145e-01,  -3.00611238e-01,  -1.16840096e-01,
         -5.13893255e-01,  -7.79024359e-01,  -3.93622227e-01,
         -3.49245013e-01,  -8.45724488e-02,  -5.68985993e-01,
          6.59321958e-02,   2.78374774e-02],
       [ -3.42202284e-01,  -5.03251347e-02,  -5.17259943e-01,
         -4.75773346e-01,  -5.23240605e-01,  -6.39330045e-01,
         -1.15234303e-01,  -3.42146102e-01,  -7.29271870e-01,
          1.48630342e-01,  -5.62644688e-01,  -6.34852198e-02,
         -5.67154062e-01,  -8.52116520e-04,  -3.51083415e-01,
         -4.20432186e-01,   1.36069564e-02,  -5.76568871e-01,
         -9.45045505e-02,  -1.55072178e-01,  -1.73926881e-01,
         -1.35561716e-01,   1.46641054e-01,   1.14193676e-01,
          2.51207004e-01,  -2.26455912e-01,  -2.13256668e-01,
          8.77935551e-02,  -2.89672672e-01,  -5.46876811e-01,
          4.76219988e-02,  -6.01796071e-01,  -3.64820114e-01,
         -1.14998461e-01,  -4.00434954e-01,   5.19874596e-02,
          1.09999983e-01,   4.64024736e-01,  -4.47285135e-01,
          2.13965318e-01,  -2.82544550e-01,  -3.54915462e-01,
         -2.39757062e-01,  -7.89884421e-02,  -2.34131551e-01,
          9.09553447e-02,  -4.21853550e-01,   5.84000286e-02,
         -1.84903343e-02,  -1.37677193e-01],
       [  2.15245562e-01,   5.42897111e-01,   9.34565823e-02,
          3.77218198e-01,   5.04497553e-01,  -2.61508581e-01,
          4.54196012e-01,   2.21147807e-01,   9.26899017e-02,
          1.77841279e-02,   2.09852181e-01,   2.11521853e-01,
          5.07935599e-01,   2.51751592e-01,   3.82776820e-01,
          2.14135853e-01,   1.02155708e-01,   2.80096832e-01,
          5.49050423e-01,   4.74969048e-01,   2.32786931e-01,
          3.30312112e-01,   4.44326231e-01,  -1.64039875e-01,
          1.44971762e-01,  -1.02696067e-01,   7.03652410e-01,
          2.19152399e-01,  -1.81022436e-02,   3.46977157e-01,
         -4.53936625e-01,   6.21293267e-01,  -7.79346579e-02,
          5.18889510e-01,   3.81304920e-01,   5.36753233e-01,
          4.90852309e-01,  -4.64993196e-01,   4.89671563e-01,
          5.21737979e-02,   3.23662174e-01,   1.34395562e-01,
          2.32465698e-01,   4.26666350e-01,   1.67635102e-01,
          5.99432956e-01,  -1.18747561e-01,   5.51658794e-01,
         -2.78037973e-01,   4.04398899e-01],
       [  5.86330243e-01,   2.10236414e-01,   3.05620740e-01,
          2.55834205e-01,   1.31886405e-01,   5.98462110e-01,
          5.01258107e-01,   4.92354944e-01,  -4.91169940e-02,
          8.00582044e-01,   2.53859607e-01,   3.42312638e-01,
          2.56385648e-01,   2.07884471e-01,   1.42296292e-01,
          1.20627863e-01,   6.67293084e-01,   3.64729756e-01,
          2.89692955e-01,   4.77434773e-01,   6.21736896e-01,
          6.94865108e-02,   5.29305910e-01,   6.55391470e-01,
          7.16318670e-01,   4.90957101e-01,   1.85485874e-01,
          4.97279612e-01,   5.42254526e-01,   3.98622693e-01,
         -7.22818727e-01,  -7.82511372e-02,   6.23695748e-01,
          5.39805256e-01,   5.60244425e-01,   3.96144502e-01,
          5.38924032e-01,  -8.67847431e-01,   2.50326182e-02,
          8.24877736e-01,   2.29765723e-01,   9.96027055e-02,
          1.33939309e-01,   4.30128998e-01,   7.11398939e-01,
          6.21849280e-01,   5.66745163e-01,   3.11040528e-01,
          7.18929275e-01,   3.04554318e-01],
       [ -2.31637850e-01,   1.22742815e-01,  -5.79701308e-02,
          4.37393737e-01,   3.52283489e-01,   1.63121293e-01,
          8.83184291e-02,  -1.59723142e-01,   1.70384992e-01,
          2.93361080e-01,  -1.90109939e-01,   5.44516019e-01,
          6.13736393e-01,   6.37215489e-01,   5.54004072e-01,
         -1.20364648e-01,   1.79862097e-01,   4.98175040e-01,
          9.97344006e-03,  -1.31898841e-02,   5.79812957e-01,
          7.05560776e-01,  -2.51195941e-02,   1.65515514e-01,
          5.68399319e-01,   3.30752290e-01,  -1.28914597e-01,
          5.00921710e-01,   3.18940415e-01,   4.03814945e-01,
          3.72042102e-02,   4.87826203e-01,   4.40425086e-01,
          9.86714070e-02,   3.16215253e-03,  -4.68495975e-02,
          2.30631875e-01,  -3.92005157e-01,   6.97216251e-01,
          5.00769393e-02,   1.36861892e-01,   5.25465826e-01,
          6.15629722e-01,  -1.69070387e-01,  -1.11043716e-01,
         -1.30039906e-01,   2.65070780e-02,   3.59053515e-01,
          3.40766531e-01,   6.91125338e-01],
       [ -4.44126947e-01,  -1.52609561e-02,   2.20796767e-01,
         -8.20988207e-02,  -3.83671779e-01,   2.46738884e-01,
         -2.76662877e-01,   4.89017466e-01,  -1.07951385e-01,
         -4.25186808e-02,  -2.78825652e-01,  -1.67512210e-01,
         -2.42514000e-01,  -4.59905017e-01,   4.67972243e-01,
          1.38416233e-01,   4.00848923e-01,   4.24604239e-02,
         -4.85910110e-03,   4.43467802e-01,  -2.51324048e-01,
         -2.09820534e-01,   2.11861196e-01,  -1.03573619e-01,
         -4.92162275e-01,   1.16952029e-01,   2.20244036e-01,
          4.14104174e-01,   7.21066205e-02,  -4.53160198e-01,
         -1.91208331e-01,   4.31760513e-01,  -2.56022990e-01,
          3.32553178e-01,  -1.07171793e-01,   4.59957217e-01,
         -7.77179947e-02,   2.46785982e-01,   3.09186460e-01,
         -3.08538798e-01,   7.26288763e-02,  -2.60412933e-01,
         -1.52808618e-01,   4.28780211e-01,   4.87117018e-01,
         -5.34518052e-02,   5.51683376e-02,   4.00946694e-01,
         -2.55734093e-02,  -4.68295996e-01],
       [ -2.87134085e-01,  -4.81701803e-01,  -4.36277015e-01,
         -8.43904725e-02,  -4.20861490e-01,  -2.73115531e-01,
         -4.96040031e-01,   2.06782931e-01,  -4.72766274e-03,
         -1.32185975e-01,   1.55290091e-01,   2.51827129e-01,
          2.80346836e-01,   2.66607512e-01,   4.55756845e-01,
          2.26565310e-01,  -4.63416097e-01,   3.97049632e-01,
          3.75204190e-01,   1.03082924e-01,  -5.03272823e-02,
         -2.17150245e-01,   4.81391642e-01,  -3.75087566e-01,
         -1.03576971e-01,  -3.21480953e-01,   3.34242882e-01,
          1.28946706e-01,  -4.02030550e-01,  -5.11699067e-02,
          4.05695582e-01,   4.17642444e-01,  -4.32536006e-01,
         -2.57153831e-01,  -4.82817607e-01,   2.20138162e-01,
         -3.31886919e-01,  -4.76077957e-01,  -1.07175291e-03,
          3.52744975e-01,  -2.25879042e-01,  -4.35548379e-01,
         -3.53977944e-02,   1.07267712e-01,  -2.94920908e-01,
         -1.71440975e-01,   2.38621369e-01,   3.64202602e-01,
         -1.17977612e-01,   4.80701928e-01]])]Hidden bias: [array([-1.14938269, -1.69382081, -1.4043002 , -1.21821358, -1.42768365,
       -1.34789133, -1.19932387, -1.349505  , -1.43388498, -1.36403115,
       -1.40376874, -1.32390914, -1.21571203, -1.55445687, -1.18101222,
       -1.54830446, -1.18177286, -1.2662994 , -1.27023667, -1.29931051,
       -1.11517976, -1.46974989, -1.37280693, -1.50460326, -1.37712548,
       -1.29361816, -1.44434982, -1.22863315, -1.2874949 , -1.11823102,
       -0.75099986, -1.24188529, -1.35526485, -1.24081657, -1.23746468,
       -1.27452663, -1.15789558, -0.46620052, -1.34859255, -1.44322456,
       -1.36112463, -1.60837141, -1.38242547, -1.44566952, -1.33238754,
       -1.42756646, -1.47198183, -1.44120405, -1.27850579, -1.34930964])]Output weights: [[ 2.78768164]
 [ 2.85089049]
 [ 2.60972241]
 [ 3.63926114]
 [ 3.60958686]
 [ 3.16997561]
 [ 3.04535786]
 [ 3.77458193]
 [ 3.39793099]
 [ 3.38222627]
 [ 2.91125258]
 [ 3.48109597]
 [ 3.64717959]
 [ 3.35449747]
 [ 3.21282685]
 [ 3.41491872]
 [ 3.12686747]
 [ 3.71918792]
 [ 2.01039226]
 [ 3.27585097]
 [ 3.09928389]
 [ 3.32830545]
 [ 2.6947982 ]
 [ 3.03871701]
 [ 3.37137022]
 [ 2.71660493]
 [ 3.05678418]
 [ 3.12413637]
 [ 3.08822556]
 [ 3.25606414]
 [-0.38575525]
 [ 2.78925989]
 [ 3.39763713]
 [ 3.12227373]
 [ 3.53868611]
 [ 2.78009737]
 [ 2.91735256]
 [-2.69616963]
 [ 3.7399645 ]
 [ 3.58582956]
 [ 2.77626525]
 [ 3.34219339]
 [ 3.77960592]
 [ 3.40277737]
 [ 3.5859038 ]
 [ 3.20546432]
 [ 3.34778268]
 [ 3.69124868]
 [ 2.56193881]
 [ 3.5483465 ]]Output bias: [-2.44523485]