Action MLP:Hidden weights: [array([[ 0.02017876,  0.03626929,  0.00074591, ...,  0.02469406,
         0.00950775,  0.0134946 ],
       [ 0.4783718 ,  0.47311087,  0.44981355, ...,  0.48246873,
         0.46445671,  0.47853578],
       [ 0.0258012 ,  0.03564985,  0.04208711, ...,  0.02999999,
         0.04322109,  0.04352183],
       ..., 
       [ 0.01104247,  0.01872831,  0.01234466, ...,  0.01801435,
         0.00529523,  0.01709174],
       [-0.01248991,  0.01061899, -0.05333881, ...,  0.02206376,
        -0.03109462, -0.01856604],
       [-0.00667472, -0.01125788, -0.05305328, ...,  0.02161515,
        -0.02805615, -0.00867048]])]Hidden bias: [array([-0.19442375, -0.21660284, -0.1947742 , -0.20390956, -0.19036408,
       -0.19940357, -0.22565065, -0.21353299, -0.21128092, -0.19405549,
       -0.21277715, -0.20973321, -0.20375757, -0.1890721 , -0.18788244,
       -0.2018958 , -0.19964463, -0.20419951, -0.21511471, -0.18559111,
       -0.17533467, -0.20797528, -0.1774813 , -0.2113284 , -0.20730952,
       -0.18026834, -0.20307478, -0.1818005 , -0.20860588, -0.23124439,
       -0.19093491, -0.22197277, -0.20344926, -0.2059837 , -0.20238978,
       -0.19635089, -0.22763825, -0.19707863, -0.21494743, -0.19078244,
       -0.17618377, -0.1956834 , -0.19320851, -0.19548365, -0.21496834,
       -0.20553607, -0.19230215, -0.22173119, -0.17421053, -0.18912882,
       -0.21404982, -0.19290653, -0.17926323, -0.21914258, -0.19268029,
       -0.21412461, -0.20447215, -0.20071432, -0.19300658, -0.19434008,
       -0.19631349, -0.19599004, -0.21035901, -0.17855251, -0.18844342,
       -0.20155135, -0.21377922, -0.20479241, -0.18126488, -0.19543474,
       -0.19900631, -0.18497112, -0.18176192, -0.20877231, -0.20960134,
       -0.17992759, -0.20729464, -0.19376735, -0.19535768, -0.21268228,
       -0.20261216, -0.20004977, -0.21043046, -0.20233831, -0.20113734,
       -0.18582171, -0.18502842, -0.19458102, -0.19804561, -0.18995704,
       -0.21034276, -0.19474665, -0.19528995, -0.19174786, -0.19370343,
       -0.21227913, -0.18329604, -0.21214264, -0.16560246, -0.20358371,
       -0.21861428, -0.1976356 , -0.19378929, -0.21074472, -0.21174359,
       -0.17243069, -0.19264467, -0.19542667, -0.23172142, -0.20156875,
       -0.19460509, -0.20902545, -0.19664842, -0.19366439, -0.19961746,
       -0.21222024, -0.21322768, -0.20364458, -0.1980898 , -0.18925558,
       -0.19766019, -0.18336623, -0.20080396, -0.19526542, -0.21799303,
       -0.2169592 , -0.190266  , -0.19928312, -0.22203468, -0.21206297,
       -0.20689233, -0.19251808, -0.18739231, -0.22201954, -0.20129189,
       -0.18177084, -0.19820994, -0.19970036, -0.22178878, -0.20207575,
       -0.21113861, -0.18719401, -0.21787096, -0.22173071, -0.19726887,
       -0.18954072, -0.16488266, -0.20124138, -0.20667258, -0.19614273,
       -0.21352588, -0.18711531, -0.20902356, -0.2015864 , -0.22084983,
       -0.21857746, -0.20415078, -0.18811758, -0.20954473, -0.18813632,
       -0.17441048, -0.21482072, -0.19058678, -0.17400361, -0.19481413,
       -0.19691031, -0.19460974, -0.19920069, -0.22173599, -0.21775024,
       -0.21122575, -0.20537606, -0.201425  , -0.1907182 , -0.22152918,
       -0.19560189, -0.19459631, -0.18859418, -0.18382331, -0.20116346,
       -0.20830675, -0.18315367, -0.20102768, -0.22592546, -0.18751176,
       -0.20410176, -0.20849539, -0.19455642, -0.20788065, -0.1963111 ,
       -0.21657971, -0.18495428, -0.2070339 , -0.18767182, -0.21150461,
       -0.19468056, -0.20923642, -0.21154633, -0.18720255, -0.18978939,
       -0.19452842, -0.19312011, -0.19095427, -0.20532624, -0.20058808,
       -0.21675745, -0.1842498 , -0.19531722, -0.21072652, -0.19742546,
       -0.21267355, -0.19724294, -0.20569915, -0.18460988, -0.16489535,
       -0.20376992, -0.19477212, -0.17206516, -0.1848527 , -0.21796124,
       -0.19080495, -0.19781398, -0.22755548, -0.19152516, -0.20098743,
       -0.18366314, -0.18789084, -0.20318409, -0.17766124, -0.17206198,
       -0.21386002, -0.20111294, -0.20950702, -0.20573271, -0.1962651 ,
       -0.19098567, -0.19343312, -0.19666424, -0.18739737, -0.1899899 ,
       -0.19960835, -0.21522602, -0.20256943, -0.19949528, -0.21217619,
       -0.22699997, -0.19883775, -0.20282206, -0.20207412, -0.19377945,
       -0.22641041, -0.18287481, -0.18898202, -0.18923186, -0.21759013,
       -0.19958036, -0.19283231, -0.1780299 , -0.19239817, -0.21232427,
       -0.18862006, -0.21269542, -0.18299082, -0.21493111, -0.19876045,
       -0.18216033, -0.22427259, -0.19690261, -0.22383981, -0.20352206,
       -0.20721087, -0.20647874, -0.2035097 , -0.20578065, -0.18526042,
       -0.19085547, -0.20844191, -0.20784648, -0.20269321, -0.21240917,
       -0.21071381, -0.20479066, -0.20613454, -0.20204335, -0.20922566,
       -0.19780085, -0.21015253, -0.18096656, -0.19294246, -0.18143608,
       -0.21880898, -0.19184541, -0.18464031, -0.17855174, -0.17972315,
       -0.16613216, -0.20174896, -0.2123663 , -0.1941493 , -0.201813  ,
       -0.1962587 , -0.21883532, -0.20423737, -0.21858644, -0.21926429,
       -0.20880723, -0.20928176, -0.2035136 , -0.18958935, -0.21081527,
       -0.20996557, -0.18286436, -0.19471439, -0.19569945, -0.18690028,
       -0.17837548, -0.19287542, -0.19633354, -0.20083176, -0.20583431,
       -0.20424019, -0.19825361, -0.21142003, -0.22975145, -0.19262756,
       -0.17786351, -0.22884111, -0.18742867, -0.20521692, -0.19188618,
       -0.19669192, -0.19606684, -0.20476137, -0.1901435 , -0.20636207,
       -0.18180901, -0.19769502, -0.19124634, -0.19041101, -0.20131061,
       -0.21660257, -0.18375377, -0.18678456, -0.17858416, -0.18848074,
       -0.18406184, -0.19949246, -0.21868913, -0.19218178, -0.19279621,
       -0.19902019, -0.20176955, -0.21907495, -0.20839776, -0.18195972,
       -0.20802292, -0.19509909, -0.18218449, -0.21916055, -0.19396677,
       -0.21155135, -0.1745694 , -0.20367229, -0.19611923, -0.19392397,
       -0.20323212, -0.1921981 , -0.20964196, -0.19424899, -0.17564428,
       -0.20261092, -0.19498307, -0.18885308, -0.22133124, -0.20170988,
       -0.19212273, -0.21130598, -0.21514339, -0.20875172, -0.21019509,
       -0.2066079 , -0.19046345, -0.18373853, -0.18178449, -0.20736327,
       -0.19973501, -0.19836413, -0.21059238, -0.21585367, -0.18004135,
       -0.2046347 , -0.19809491, -0.18773674, -0.19159286, -0.17572627,
       -0.20869302, -0.16532829, -0.20481577, -0.18879417, -0.19942602,
       -0.19224596, -0.19591982, -0.20172256, -0.19604875, -0.20051573,
       -0.18707091, -0.18208836, -0.21332886, -0.17979069, -0.19582895,
       -0.21550425, -0.19336913, -0.16574887, -0.21368444, -0.20079298,
       -0.19753512, -0.19673064, -0.21020631, -0.18598982, -0.21396635,
       -0.17597851, -0.18621795, -0.20013722, -0.19820009, -0.19217715,
       -0.20067029, -0.19128352, -0.19279691, -0.19990099, -0.18822735,
       -0.21091966, -0.2127551 , -0.2032594 , -0.19468327, -0.19612296,
       -0.20631591, -0.19029464, -0.20266104, -0.21270244, -0.19453358,
       -0.19998471, -0.22525899, -0.2240664 , -0.20290134, -0.18672793,
       -0.17678755, -0.22259685, -0.19858936, -0.19640758, -0.18902225,
       -0.18043503, -0.18189872, -0.19158907, -0.17686424, -0.19009037,
       -0.18995577, -0.22036928, -0.18044529, -0.18135374, -0.21804447,
       -0.18881764, -0.1974591 , -0.20271455, -0.19174733, -0.21177136,
       -0.21391203, -0.17411787, -0.21017183, -0.20970161, -0.19680635,
       -0.19286719, -0.19805723, -0.21270924, -0.20389742, -0.2111966 ,
       -0.20160359, -0.21161663, -0.20150406, -0.20847172, -0.19206702,
       -0.18957869, -0.1860995 , -0.1952623 , -0.22170178, -0.20438834,
       -0.19125102, -0.20109876, -0.19421184, -0.2096658 , -0.1862115 ,
       -0.18819301, -0.19907445, -0.19715582, -0.16807162, -0.20309234,
       -0.23203646, -0.20213759, -0.19815801, -0.20648258, -0.20509594])]Output weights: [[  2.44486931e-02   1.01192353e-03]
 [  4.73565686e-03   3.53550550e-02]
 [  1.21349243e-01  -8.26084713e-03]
 [ -3.82001880e-02   1.65747485e-02]
 [ -1.64044207e-02  -9.88622411e-03]
 [ -2.71826524e-02  -2.53985249e-03]
 [ -4.78521894e-02   3.44529416e-02]
 [ -1.59831461e-02   2.91574974e-02]
 [ -3.93953769e-02   2.30555205e-02]
 [  1.95260686e-02  -1.51427864e-03]
 [  4.90514781e-03   2.65445793e-02]
 [ -7.48618837e-02   1.49319177e-02]
 [  4.28342084e-02   9.07007593e-03]
 [ -3.24317338e-02  -1.95918290e-02]
 [ -7.46110664e-02  -1.78129013e-02]
 [  3.52922634e-02   3.20772872e-03]
 [ -5.07755401e-02   1.13347305e-02]
 [  1.45980456e-02   9.41877295e-03]
 [ -9.98952728e-03   2.62353573e-02]
 [ -6.28795996e-03  -1.56685890e-02]
 [  6.20293840e-03  -4.26431323e-02]
 [  2.75844455e-02   1.07469587e-02]
 [  2.53126124e-02  -4.13673929e-02]
 [  4.86032924e-03   2.87828411e-02]
 [ -2.37690433e-02   1.97718848e-02]
 [ -4.43207530e-02  -2.89502798e-02]
 [  4.55272704e-02   3.68664439e-03]
 [  1.02080299e-01  -2.90564553e-02]
 [ -2.90933713e-02   3.05577384e-02]
 [ -4.17115007e-04   5.65099788e-02]
 [  3.01071311e-02  -2.42786456e-02]
 [  2.32503570e-02   2.96247548e-02]
 [ -5.53187968e-02   3.45853034e-03]
 [  3.91388539e-03   7.65873599e-03]
 [ -3.16172842e-02   7.49551015e-03]
 [ -4.09987177e-03   7.47269455e-03]
 [ -1.88288951e-02   5.81617460e-02]
 [ -6.51076207e-02   3.36113429e-03]
 [  9.30121611e-02   2.14259315e-02]
 [  2.44720134e-02  -2.00177077e-02]
 [ -2.99242989e-02  -2.91000983e-02]
 [  4.36403442e-02  -2.91985509e-03]
 [  5.63921738e-02  -2.06632817e-04]
 [ -9.31979557e-03  -1.60348807e-02]
 [  4.83114762e-02   1.60908892e-02]
 [ -5.34373372e-02   1.46439826e-02]
 [  6.84152658e-02  -1.25685809e-02]
 [ -6.22504461e-04   3.30715586e-02]
 [ -1.28914284e-02  -5.25320953e-02]
 [ -2.81480755e-02  -2.12718942e-02]
 [ -5.36805450e-02   3.62355736e-02]
 [ -2.91183168e-02  -8.43100840e-03]
 [ -4.11005057e-02  -3.10621511e-02]
 [  8.17608881e-02   3.68158695e-02]
 [  7.15670945e-02  -2.06465227e-02]
 [ -9.69789492e-02   1.92815979e-02]
 [  4.84691427e-02  -1.01931603e-02]
 [  3.48501398e-02   1.20425651e-02]
 [  2.10656261e-02  -1.05637714e-02]
 [  1.50061153e-02  -1.84915708e-02]
 [  4.10006445e-02  -1.31511153e-02]
 [  2.64887486e-02  -1.76357846e-03]
 [ -6.47001083e-02   2.30049732e-02]
 [ -8.49535781e-02  -3.17547664e-02]
 [ -5.18600970e-02  -8.01656281e-03]
 [  9.23444450e-02   1.50183783e-03]
 [ -3.53036390e-02   3.02295080e-02]
 [  2.49222463e-02   1.24850671e-02]
 [  3.75937943e-02  -4.53546589e-02]
 [ -8.38613872e-02  -6.10886934e-03]
 [  7.31130806e-03  -1.03177733e-03]
 [  1.53894190e-02  -3.50869566e-02]
 [ -2.01033409e-02  -2.11732082e-02]
 [ -4.08438555e-02   1.94242944e-02]
 [  3.90135074e-02   1.97022856e-02]
 [  3.95600649e-02  -3.48839330e-02]
 [  1.28337420e-02   2.84120459e-02]
 [ -3.19513219e-02  -1.33024129e-02]
 [ -1.13155865e-02  -1.11208266e-02]
 [ -2.90133464e-02   2.92121636e-02]
 [  4.71614162e-02  -1.01229387e-02]
 [ -2.10928668e-02   9.96603124e-03]
 [ -9.40582031e-03   4.18648391e-03]
 [  2.18035416e-02   1.56417923e-02]
 [ -4.34733027e-02   1.78797773e-02]
 [  2.46609557e-02  -2.58986977e-02]
 [  3.26703264e-02  -2.19311141e-02]
 [  7.40247676e-02  -9.19331825e-03]
 [ -7.30488793e-02  -1.58083628e-03]
 [ -1.82970769e-02  -2.31792495e-02]
 [  4.73473541e-02   7.46245111e-03]
 [ -5.05320501e-02  -8.11488575e-03]
 [  4.48364785e-03  -9.47658345e-03]
 [ -3.94689558e-02  -1.37534234e-02]
 [  4.70211516e-02  -5.74998239e-04]
 [ -3.35309396e-02   2.89275129e-02]
 [ -1.48095555e-02  -2.00945475e-02]
 [  2.47475127e-02   2.68076412e-02]
 [  2.45751039e-02  -5.35093460e-02]
 [ -2.52589723e-02   1.00676001e-02]
 [  2.23708528e-02   2.81465614e-02]
 [  1.14138579e-03  -4.78508801e-03]
 [  2.57433802e-02  -6.73796061e-03]
 [  9.06011641e-02   2.06893879e-02]
 [  4.96002270e-02   1.42427383e-02]
 [  7.87529713e-02  -5.61182154e-02]
 [  2.34421458e-02  -1.37268552e-02]
 [  8.02061772e-02  -3.45442413e-04]
 [  6.69132706e-02   5.18056209e-02]
 [  1.06944152e-02  -1.08405756e-02]
 [ -2.98045079e-02  -1.05946471e-02]
 [  8.39666935e-03   2.34256980e-02]
 [ -1.12778570e-03  -1.24956455e-02]
 [ -5.40487333e-03  -2.47044859e-02]
 [  3.67736179e-02  -1.07751267e-02]
 [ -4.82770955e-03   1.78391464e-02]
 [  7.71378373e-02   2.82040409e-02]
 [ -7.69038968e-03   4.57062662e-03]
 [  7.66539343e-02  -3.14958534e-03]
 [ -3.07332924e-02  -1.69920484e-02]
 [ -4.72875949e-03  -1.38467404e-02]
 [  4.77913513e-02  -3.40399073e-02]
 [ -5.31380412e-02  -4.38563429e-03]
 [ -3.98547636e-02  -1.38746644e-02]
 [ -1.76113159e-02   4.02044583e-02]
 [  7.79304128e-02   3.00197269e-02]
 [  5.42909527e-02  -2.37682101e-02]
 [ -4.99085964e-02   6.79430853e-04]
 [  5.76148889e-02   2.72396611e-02]
 [  1.26758004e-03   2.67656983e-02]
 [  6.94785283e-03   3.88820791e-03]
 [  4.49153248e-02  -1.15823276e-02]
 [  7.20569772e-02  -2.15767082e-02]
 [ -4.04928696e-02   4.18768750e-02]
 [ -3.30030242e-02   8.26714283e-03]
 [ -2.33496076e-02  -2.79291618e-02]
 [ -8.66676203e-04  -8.94101119e-03]
 [ -4.91215814e-02   4.07650701e-03]
 [  8.39676252e-03   4.12822459e-02]
 [  6.15939739e-03   1.62864158e-03]
 [  8.29034287e-03   1.10398474e-02]
 [  7.96142174e-03  -1.97512437e-02]
 [  2.36305983e-02   2.92973570e-02]
 [  4.17609609e-02   3.69996539e-02]
 [  6.94740135e-02  -1.33720363e-03]
 [  3.69811780e-03  -1.30380954e-02]
 [  6.74533542e-03  -5.57795727e-02]
 [  1.02281683e-01  -1.56857531e-03]
 [  7.58853516e-02   8.29105515e-03]
 [  2.03198122e-02  -1.99662699e-02]
 [ -3.96794571e-02   2.41978863e-02]
 [ -5.01004371e-02  -1.98750222e-02]
 [  1.93391691e-03   9.80900053e-03]
 [ -8.62354006e-02   6.81140141e-03]
 [ -4.62809270e-02   3.11650910e-02]
 [  4.21359043e-02   3.58743229e-02]
 [ -1.68873770e-02   2.40004164e-03]
 [  9.98641466e-02  -2.47906673e-02]
 [ -2.75653563e-02   2.10105081e-02]
 [ -7.06480307e-02  -3.57038864e-03]
 [ -2.03554125e-02  -4.67322301e-02]
 [  7.34003316e-03   2.55000221e-02]
 [  9.89376553e-02  -2.08002763e-02]
 [  4.36717874e-02  -5.81508953e-02]
 [  2.69850917e-02  -8.44411791e-03]
 [ -4.21783700e-02  -1.33005663e-02]
 [ -4.12127721e-02   2.41046956e-03]
 [ -6.79000243e-02  -2.14780565e-03]
 [  7.58951720e-02   3.97733149e-02]
 [  5.08541702e-02   3.10685006e-02]
 [ -5.12898640e-03   1.98693732e-02]
 [ -3.91089442e-02   1.58279386e-02]
 [ -2.11944451e-02   9.61755458e-03]
 [ -8.17559445e-02  -8.59385169e-03]
 [  1.79932568e-02   3.33422112e-02]
 [ -2.87025674e-02   4.03628509e-04]
 [  8.30109333e-02  -9.25498405e-03]
 [  8.08785753e-02  -1.50788634e-02]
 [ -5.69373298e-02  -2.87431955e-02]
 [  2.69762028e-02  -3.35227111e-03]
 [ -1.28339115e-01   1.86072678e-02]
 [  5.27519598e-03  -2.25706744e-02]
 [ -5.69982003e-02   8.99219560e-03]
 [ -6.33432794e-03   4.15281474e-02]
 [  6.92819282e-02  -2.90788069e-02]
 [  1.22788574e-01   2.38724821e-03]
 [ -9.63305839e-03   9.88893354e-03]
 [  1.43931181e-01   4.24444097e-03]
 [  5.18611503e-02   1.88293948e-02]
 [  8.74321429e-02  -1.69242056e-03]
 [ -5.18258925e-03   3.14864380e-02]
 [  4.07488775e-02  -2.30948954e-02]
 [ -2.28847958e-02   1.65790812e-02]
 [  8.40565508e-02  -3.08184891e-02]
 [  1.17020032e-01   2.66541934e-02]
 [ -7.94701725e-02   1.59840780e-03]
 [ -7.03259017e-02   1.64145586e-02]
 [ -4.16934307e-02   3.34403688e-02]
 [ -2.25248260e-02  -1.50866749e-02]
 [ -1.02085110e-01  -1.08575292e-02]
 [ -4.83676065e-02  -1.02655329e-02]
 [  5.39522443e-02  -2.08055351e-02]
 [ -1.49823782e-02  -8.80286293e-03]
 [ -2.25805796e-02   8.97330689e-03]
 [ -9.12220264e-03  -3.55338276e-03]
 [ -6.76722838e-02   2.79362940e-02]
 [ -5.73398570e-02  -2.09318216e-02]
 [ -2.80364134e-02  -9.38349096e-03]
 [  4.17769986e-02   1.48951663e-02]
 [ -1.52001688e-02  -1.97390652e-05]
 [ -4.97578696e-02   2.78687495e-02]
 [  5.62033654e-03  -7.68229551e-03]
 [  3.15557803e-02   1.92637786e-03]
 [ -1.49044034e-02  -1.41744627e-02]
 [ -7.44917638e-02  -5.67047931e-02]
 [  2.84937296e-03   7.15608798e-03]
 [ -1.11305570e-01  -7.55555584e-03]
 [  9.43939786e-02  -5.35488515e-02]
 [  3.61036337e-02  -2.66425613e-02]
 [ -3.59360442e-02   3.20990990e-02]
 [  4.11954325e-02  -1.65124810e-02]
 [  4.26903455e-02   1.34445108e-03]
 [  8.88926075e-02   4.04987181e-02]
 [  9.01314510e-02  -2.41696490e-02]
 [ -8.95462788e-03   6.53421661e-03]
 [ -5.55233551e-02  -1.28437444e-02]
 [  3.64897195e-02  -1.60387728e-02]
 [ -6.67662730e-02   1.09033823e-02]
 [ -1.31847905e-02  -4.46977027e-02]
 [  9.54568183e-02  -4.25733643e-02]
 [ -3.74239661e-02   2.40015419e-02]
 [ -1.61526318e-02   4.96462853e-03]
 [  1.01869091e-01   1.64246788e-02]
 [  1.01123596e-01   8.73425456e-03]
 [  6.75692904e-02  -9.44913464e-04]
 [ -6.94736254e-03  -1.33952324e-02]
 [  3.91172258e-02  -1.86562401e-02]
 [ -5.24664593e-02   1.27020507e-02]
 [ -1.53633997e-02  -2.60276122e-02]
 [  2.34135853e-02  -7.82089435e-03]
 [  7.89694001e-02   5.29977915e-03]
 [ -5.31513573e-02   3.49636516e-02]
 [  6.76557230e-02  -3.84506761e-03]
 [ -5.64922579e-02   1.02101744e-02]
 [  2.26891927e-03   1.56141179e-02]
 [  2.78637278e-02   5.26514056e-02]
 [ -7.44102816e-02  -7.86673742e-03]
 [  8.28728532e-02  -3.46717873e-03]
 [ -7.08949791e-02   2.54316390e-02]
 [ -1.68646824e-02  -1.63629194e-02]
 [ -1.22502496e-02   4.08491483e-02]
 [ -2.90995855e-02  -2.26907804e-02]
 [  2.90929413e-02  -1.96143343e-02]
 [ -3.57540648e-02  -1.44887561e-02]
 [ -8.41026491e-02   2.81787904e-02]
 [  3.38202924e-02   1.10371677e-02]
 [  8.57174352e-03  -1.29553285e-03]
 [  4.12737263e-02  -2.93061179e-02]
 [  7.96707919e-02  -1.04695459e-02]
 [ -3.97610363e-02   3.85552170e-02]
 [ -3.29951363e-02  -1.38352858e-02]
 [ -1.59716034e-02   1.59987271e-02]
 [ -4.30813341e-02  -7.61546724e-03]
 [ -3.59868326e-02   3.18769512e-02]
 [ -3.95114377e-02   1.19945939e-02]
 [ -4.25310026e-02  -3.46208361e-02]
 [  4.16388446e-02   2.77097608e-02]
 [ -2.03914031e-02  -5.01564906e-03]
 [ -2.20323644e-02   3.07690895e-02]
 [ -2.04967917e-03   1.49825040e-02]
 [  8.91565771e-02   7.64628457e-03]
 [ -1.93011441e-02   1.93746297e-02]
 [ -1.43096031e-02  -1.56863981e-04]
 [ -4.32683498e-02   1.49048989e-02]
 [ -1.52018376e-02  -2.83347122e-02]
 [  5.01402614e-02  -1.00366124e-02]
 [ -3.74613162e-02   2.52130388e-02]
 [ -1.56947945e-02   1.20547753e-02]
 [ -7.24583766e-02   7.51767421e-03]
 [ -9.12218470e-03   2.00620521e-02]
 [ -4.14530995e-02   2.42590102e-02]
 [  5.80593216e-02   6.02818251e-03]
 [ -3.50591556e-02   9.56874248e-03]
 [  3.18197032e-02  -6.54335700e-03]
 [  3.72924116e-02   6.43464526e-03]
 [  1.11543545e-01  -9.63721694e-03]
 [  5.88701195e-02   2.82941507e-02]
 [ -3.06877025e-02  -2.67130672e-02]
 [ -4.75134921e-02  -3.38239658e-03]
 [  7.25668651e-02  -3.22575103e-02]
 [  8.60884134e-03   4.03447589e-02]
 [ -7.14119839e-02  -8.31781267e-03]
 [ -4.45530679e-02  -2.68652801e-02]
 [ -1.30349837e-02  -2.89556072e-02]
 [  3.10592372e-03  -3.34716515e-02]
 [ -9.50931605e-02  -4.75478078e-02]
 [ -7.56138074e-03   9.21037511e-03]
 [ -2.56045516e-02   1.60378973e-02]
 [  8.14138211e-02  -1.33994012e-02]
 [ -5.35758503e-03   1.11116033e-02]
 [  2.60362355e-02   1.00916851e-02]
 [ -4.83002865e-02   4.76328476e-02]
 [  4.45287501e-03   1.25590373e-02]
 [  1.36517519e-02   3.01104400e-02]
 [ -2.62498063e-02   3.48887101e-02]
 [ -6.03808363e-02   2.40432848e-02]
 [ -3.29663108e-03   1.72497356e-02]
 [  5.34047535e-04   2.42615196e-02]
 [ -7.10934609e-02  -8.97492188e-03]
 [ -5.97838990e-02   3.16001266e-02]
 [ -1.24355127e-02   1.16299487e-02]
 [  5.34505981e-02  -4.11307052e-02]
 [  4.47089154e-02  -8.87774716e-03]
 [ -7.76620761e-02   3.66047015e-03]
 [ -3.77984179e-02  -1.02159022e-02]
 [  4.57619566e-02  -3.45279684e-02]
 [ -4.53402779e-02  -1.80293416e-02]
 [ -2.93660978e-02  -9.62004659e-03]
 [ -6.16515623e-02   2.35388538e-02]
 [  1.08477317e-01   1.97131896e-02]
 [  5.95959534e-03   1.29406126e-02]
 [  2.05016765e-02   2.41576393e-03]
 [  8.69769636e-03   2.53115643e-02]
 [ -5.15784728e-02   5.52442523e-02]
 [  7.01307638e-04  -1.23573076e-02]
 [ -4.32833676e-02  -3.48384516e-02]
 [ -3.20650851e-02   6.17398505e-02]
 [ -2.53428276e-02  -1.81042365e-02]
 [ -2.28759720e-02   1.31925287e-02]
 [  8.78265231e-02  -2.11373779e-02]
 [ -9.44389690e-02  -3.60358493e-03]
 [ -2.86399434e-02   4.72276757e-03]
 [  8.99368563e-02   4.36828714e-04]
 [ -6.31608742e-02  -7.99109440e-03]
 [ -1.49245971e-02   1.59843925e-02]
 [  9.75318152e-03  -3.67202668e-02]
 [ -2.72961492e-02  -7.04106403e-03]
 [  9.68852999e-03  -2.40922225e-02]
 [ -1.26046805e-02  -2.21395959e-02]
 [  4.27683082e-02   1.90683254e-04]
 [  4.82943770e-02   3.41367969e-02]
 [ -2.06516492e-02  -2.92942329e-02]
 [ -2.10407962e-02  -1.54986212e-02]
 [  9.66758131e-03  -3.25458638e-02]
 [ -9.18597186e-03  -1.72078811e-02]
 [  1.66889423e-02  -3.29924714e-02]
 [ -2.62538249e-02   5.25088617e-03]
 [  2.17830639e-02   2.42116007e-02]
 [  8.28172813e-02  -1.50960701e-02]
 [ -4.85648641e-02  -9.92133132e-03]
 [  1.76702523e-02  -6.11396199e-03]
 [ -6.61742849e-03  -2.90716805e-03]
 [  4.69341696e-02   3.42282962e-02]
 [ -1.58691841e-02   1.47306493e-02]
 [ -2.32760999e-02  -2.22410611e-02]
 [ -2.51845114e-02   2.06420001e-02]
 [ -4.82744419e-02  -2.19134917e-03]
 [  7.77608487e-02  -3.28277778e-02]
 [  3.77952988e-02   4.38423937e-02]
 [  3.59417626e-02  -8.65557092e-03]
 [ -7.61842787e-02   2.47369470e-02]
 [  2.01543869e-02  -3.97116543e-02]
 [ -4.62439594e-02   1.73142111e-02]
 [ -3.42099133e-03  -4.89517134e-03]
 [  8.62035473e-02   3.08385052e-04]
 [ -1.61583529e-02   1.64358740e-02]
 [  1.94999629e-02  -3.10113039e-03]
 [ -2.95507230e-02   2.72583163e-02]
 [ -2.42424423e-02  -1.10529504e-02]
 [ -1.25883446e-02  -3.69499435e-02]
 [ -1.68851581e-02   1.20882129e-02]
 [ -3.77753326e-02   2.15024159e-03]
 [ -8.72970136e-03  -2.74110030e-02]
 [  9.35870922e-03   4.48887612e-02]
 [ -3.30611210e-02   3.41564283e-03]
 [  1.65133481e-02  -1.13196955e-02]
 [ -5.60468154e-02   2.15034957e-02]
 [  2.24868329e-02   3.04335741e-02]
 [ -2.04806923e-02   1.75656149e-02]
 [ -1.84065252e-02   2.43021982e-02]
 [ -8.21802346e-02   1.58220913e-02]
 [ -6.02286064e-02  -6.70884614e-03]
 [ -1.39739232e-03  -3.48358332e-02]
 [  4.41190816e-02  -2.39418187e-02]
 [  2.26819703e-02   1.35892299e-02]
 [ -5.17979917e-02   1.91627741e-02]
 [ -4.09016499e-03   1.63915093e-03]
 [ -4.08277654e-02   1.33055514e-02]
 [ -3.74498794e-02   2.48004929e-02]
 [ -5.12465963e-02  -1.80142961e-02]
 [  2.82485256e-02   4.94766308e-03]
 [  1.20829722e-02   8.51734854e-03]
 [ -7.00168295e-02  -1.52855291e-02]
 [  4.64204337e-02  -1.47653850e-02]
 [  1.10144252e-02  -3.29212013e-02]
 [  6.24473004e-02   2.73407035e-02]
 [ -3.42331656e-02  -5.41007964e-02]
 [ -2.97575477e-03   1.61825878e-02]
 [  4.38919376e-02  -1.49469387e-02]
 [ -5.88039155e-02   1.02736855e-02]
 [  9.95407287e-02  -1.60530162e-02]
 [  1.56302841e-02  -9.31978405e-03]
 [  3.65864181e-02  -9.79825163e-04]
 [  7.82632409e-03   4.48641806e-03]
 [  6.94030301e-03   3.75140696e-04]
 [ -2.01561223e-02  -1.96361216e-02]
 [  4.67819127e-02  -3.16944451e-02]
 [  1.62607758e-02   2.50311362e-02]
 [ -1.16261522e-02  -3.04761003e-02]
 [  4.93972243e-02  -6.61184031e-03]
 [ -9.18109393e-02   2.89865981e-02]
 [ -5.19906488e-02  -6.03016748e-03]
 [ -2.41127884e-02  -5.76177948e-02]
 [  8.92643941e-02   1.45006544e-02]
 [ -4.76176093e-02   4.33344911e-03]
 [  5.29037104e-02  -1.26872282e-02]
 [ -9.75141459e-02  -8.63159059e-03]
 [ -7.08945048e-03   1.81251949e-02]
 [ -1.08686455e-02  -2.07438829e-02]
 [ -1.48104218e-03   2.47884747e-02]
 [  4.20190677e-02  -4.36922186e-02]
 [  6.82465084e-02  -1.85703475e-02]
 [  1.23317018e-02   1.18407518e-02]
 [ -2.43571037e-02  -1.38628118e-02]
 [  1.39613483e-02  -2.20659311e-03]
 [ -7.75275464e-02   4.93866565e-03]
 [  4.50748251e-02  -1.84782395e-02]
 [ -2.87086682e-02  -1.50927835e-02]
 [  2.80537326e-02   1.93505317e-03]
 [ -6.81437828e-02  -9.06994093e-03]
 [ -9.56781933e-03   2.69439386e-02]
 [ -3.30568355e-02   2.68712224e-02]
 [ -1.39349327e-02   1.57993769e-02]
 [  1.91995169e-02  -7.55673150e-03]
 [ -4.96079655e-02  -4.85749021e-03]
 [  3.19141725e-03   1.62994951e-02]
 [  2.98958230e-02  -4.75207491e-03]
 [  7.37232987e-02   1.14005054e-02]
 [ -9.29675129e-02   1.91650340e-02]
 [ -7.79220432e-02  -5.88919344e-03]
 [  5.02939055e-03  -2.90345641e-03]
 [ -8.05397703e-02   3.75965516e-02]
 [ -1.79076643e-02   4.61360129e-02]
 [  1.85629250e-02   5.12272003e-03]
 [  1.06637261e-01  -2.20458402e-02]
 [  5.39795122e-02  -4.09626494e-02]
 [  5.29278035e-02   2.45665881e-02]
 [  4.91819665e-02   1.55555490e-03]
 [  5.76327353e-02  -1.04432928e-02]
 [  2.18064531e-02  -1.67168384e-02]
 [ -1.11961871e-01  -2.39801516e-02]
 [ -3.17130766e-02  -2.43831229e-02]
 [ -9.17775388e-04   6.71536923e-05]
 [ -1.19581081e-01  -2.60042071e-02]
 [ -3.23264367e-02  -1.23645868e-02]
 [  6.81814146e-02  -1.12137839e-02]
 [  1.23256553e-01   3.31294569e-02]
 [ -6.71051975e-02  -3.16405799e-02]
 [ -1.98842823e-02  -3.13775182e-02]
 [ -5.19953720e-02   4.17387017e-02]
 [ -5.64409616e-02  -1.25041125e-02]
 [ -5.11247967e-02  -4.09017915e-04]
 [  1.10320740e-02   1.07472648e-03]
 [ -7.31804599e-03  -8.31930258e-03]
 [  4.97608464e-02   2.21120856e-02]
 [ -2.98115819e-02   2.96611701e-02]
 [ -6.60243552e-02  -4.25414094e-02]
 [ -3.78396253e-02   6.44538446e-03]
 [  6.88500462e-02   5.87306455e-03]
 [ -3.37365032e-02   6.23341705e-03]
 [  1.10794335e-01  -1.24431694e-02]
 [  7.11140639e-02  -2.67077400e-03]
 [ -9.95783120e-02   2.24202683e-02]
 [  5.86601952e-02   6.11002079e-03]
 [ -4.62069584e-03   2.12160741e-02]
 [  4.29194413e-02  -8.76382932e-04]
 [ -5.27510915e-02   1.93069178e-02]
 [ -1.24520309e-02  -2.17946114e-03]
 [ -3.09161482e-02   2.16839798e-02]
 [  1.12158889e-01  -1.68730200e-02]
 [  8.00020061e-03  -1.18012674e-02]
 [  4.01334196e-02  -2.01721960e-02]
 [ -1.10437163e-01  -1.58068567e-02]
 [ -9.05653261e-02   5.79229406e-02]
 [ -4.81293162e-02   1.83046073e-02]
 [  3.62061576e-02  -2.29206062e-02]
 [ -1.96564081e-02  -4.57918357e-03]
 [ -1.22468749e-02  -7.78663041e-03]
 [  3.13028451e-02   9.03384693e-04]
 [ -1.35203416e-01  -9.88682031e-03]
 [ -2.38028761e-02  -9.52640407e-03]
 [ -1.33793421e-01   1.36957577e-02]
 [  5.18634763e-02  -4.07980716e-03]
 [ -7.42532322e-03  -5.78144251e-02]
 [  5.55384179e-02   1.20971965e-02]
 [  2.40455216e-02   5.64081847e-02]
 [  7.32568028e-02   4.84644986e-03]
 [ -2.24437901e-02   1.70827070e-02]
 [  5.65578496e-02   8.93910300e-04]
 [  2.32431881e-02   3.35996878e-03]]Output bias: [ 0.23555754  0.11612969]
Value MLP:Hidden weights: [array([[-0.17417426, -0.00550792, -0.01492846, ..., -0.02815241,
        -0.1652626 , -0.01439698],
       [ 1.20482588,  0.04965795,  0.02048659, ...,  0.19133065,
         1.17745229,  0.04964647],
       [ 0.12050587, -0.08117501, -0.06213024, ..., -0.08585799,
         0.11253698, -0.07255139],
       ..., 
       [ 0.16218188, -0.03737922, -0.0381271 , ..., -0.02855341,
         0.15064992, -0.02516715],
       [-0.18087176,  0.15446143,  0.15095638, ...,  0.19035207,
        -0.17718474,  0.15496915],
       [-0.10591938,  0.14139111,  0.13521616, ...,  0.18886928,
        -0.10697745,  0.14387872]])]Hidden bias: [array([-1.94069577, -0.38803982, -0.37050877, -0.3754855 , -0.38594243,
       -0.36965588, -0.37155848, -0.3877068 , -0.38403737, -0.66554227,
       -0.3678725 , -0.38233193, -0.37406088, -0.4031532 , -0.36829967,
       -0.36620386, -0.39992608, -0.36830648, -0.38622741, -0.37524696,
       -0.3832733 , -1.75106764, -0.39864274, -0.38352471, -0.39977399,
       -0.36446184, -0.37192052, -0.36989781, -0.43570499, -0.42453766,
       -0.37916433, -0.41753675, -1.81881979, -1.56329142, -0.52174408,
       -0.37432086, -0.38725306, -0.3965925 , -0.36753496, -0.36623177,
       -0.36753878, -0.4032662 , -0.39186676, -0.38806292, -0.36977113,
       -0.36793355, -0.37814565, -0.39778761, -0.38243907, -0.41629298,
       -0.37544754, -0.37483159, -0.48107007, -0.37653795, -0.37019399,
       -0.36263034, -0.35399064, -0.37856921, -0.39684973, -1.86119841,
       -0.37793943, -0.37685977, -0.41416857, -1.84348741, -1.9491295 ,
       -0.38314122, -0.37692523, -0.36689362, -0.38405645, -0.37301144,
       -1.75462755, -0.40858343, -0.37095079, -0.38441201, -0.37849652,
       -0.38400586, -0.68625291, -0.39304682, -0.37548835, -0.51408463,
       -0.37290176, -0.37314635, -0.37206614, -0.37782963, -0.36326062,
       -0.37963134, -0.39335606, -0.38118623, -0.39460773, -0.40462922,
       -0.37467861, -0.40906947, -0.36749608, -0.39162027, -0.36372357,
       -0.3602515 , -0.38433969, -0.3778023 , -0.39947456, -0.40764804,
       -0.35809466, -0.37677209, -0.39137765, -0.38785553, -0.3783789 ,
       -0.41886715, -0.36205416, -0.73655995, -0.39956966, -1.60551164,
       -0.35860565, -0.38437751, -0.37013372, -0.36558267, -0.38064582,
       -0.37212906, -0.36283165, -0.36753083, -0.39155314, -0.37234674,
       -0.56803292, -0.38597559, -0.40438959, -0.38149654, -0.37299357,
       -0.37552006, -0.36245518, -0.36567931, -0.4498879 , -0.36563621,
       -0.36376476, -0.38402495, -1.59457705, -0.38900879, -0.37459631,
       -0.37614624, -0.39337472, -0.36595631, -0.36644215, -0.40693884,
       -0.47191158, -0.37289709, -0.37602734, -0.36837271, -0.41569122,
       -0.35777206, -0.40751587, -0.3908844 , -0.36840967, -0.38765632,
       -0.49898704, -0.38523983, -0.3704164 , -0.37228963, -0.37058991,
       -0.41995823, -1.96430081, -0.38510059, -0.46986083, -0.37484305,
       -0.36927583, -0.51937934, -0.3658813 , -0.41618822, -0.38674268,
       -0.38770377, -1.58386128, -0.36864877, -0.3654913 , -0.36809552,
       -0.37770039, -0.37387238, -1.36913249, -0.35711349, -0.38172   ,
       -0.37466836, -0.4642165 , -0.37401762, -0.37648462, -0.43917049,
       -0.38309449, -0.37231878, -0.37327519, -0.37062657, -0.36244129,
       -0.36981552, -0.36317363, -0.3741477 , -0.41379748, -0.38225792,
       -0.35922377, -0.39288136, -2.02217637, -0.38466381, -0.43703701,
       -0.41476946, -1.33404808, -0.37108813, -0.71430726, -0.40683471,
       -0.4098483 , -0.39002447, -0.36929379, -0.38324194, -0.36280811,
       -0.38144956, -1.69278568, -0.39610022, -0.38808273, -0.38122368,
       -0.37234605, -0.39640739, -0.37481006, -0.3900754 , -0.38627576,
       -0.39336702, -0.3651661 , -0.52019707, -0.3771576 , -0.38609865,
       -0.39046105, -0.39426386, -0.38632895, -0.37720464, -0.4329699 ,
       -0.59794999, -0.37638518, -1.64526846, -0.52246131, -0.37957495,
       -0.38662657, -0.40849954, -0.44440258, -0.36647943, -0.3788163 ,
       -0.3697098 , -0.37130618, -0.49279608, -0.38943719, -0.40351012,
       -0.41211134, -0.39871534, -0.37372581, -0.3798449 , -0.38943709,
       -0.37705176, -0.38307106, -0.37938869, -0.36637385, -0.40016907,
       -0.39730733, -0.39121818, -0.39549656, -0.49667684, -0.37217136,
       -0.38317706, -0.3655654 , -0.37843161, -0.38096517, -0.37784628,
       -1.81177885, -0.3747745 , -0.55453615, -0.42793174, -2.04927161,
       -0.39440326, -0.37582184, -0.37437706, -0.39140594, -0.38713318,
       -0.36791035, -0.36828805, -0.36860054, -0.3677803 , -0.67142716,
       -0.39919501, -1.8146342 , -0.39173604, -0.4021665 , -0.53556627,
       -0.38784663, -0.38745069, -0.36509323, -0.46910795, -0.40949133,
       -0.37451672, -0.39693468, -0.41439266, -1.55777132, -1.65033506,
       -0.51055508, -0.36526393, -0.36300104, -0.37739251, -1.83323027,
       -0.38923411, -0.41198491, -0.3617486 , -0.38784081, -0.37501504,
       -0.37392208, -0.36287081, -1.69218749, -0.37660726, -0.35920691,
       -0.37440553, -0.35911378, -0.35843468, -0.39134458, -0.37847204,
       -0.37660297, -0.38761759, -0.37936062, -0.37693468, -0.412576  ,
       -0.42808024, -0.38055966, -0.41136032, -0.38981314, -0.38225573,
       -0.72839641, -0.39507136, -0.37104501, -0.37840238, -0.38753563,
       -0.40459361, -0.39513844, -0.36503146, -0.3738188 , -0.36551759,
       -0.37571235, -0.37467438, -0.38352239, -0.37241451, -1.98593093,
       -0.36353639, -0.40628268, -0.38344869, -0.37411505, -0.39177413,
       -0.3640225 , -0.37090045, -0.36296568, -1.96589948, -0.37009567,
       -0.37287332, -0.38831455, -1.91180103, -0.37814687, -1.31138796,
       -0.39373759, -0.37545113, -0.37234895, -0.37183127, -0.37584867,
       -0.37131057, -0.37744061, -0.38160315, -0.50375359, -0.38313175,
       -0.43948743, -0.39361633, -0.54024119, -0.71777589, -0.39568758,
       -0.4027144 , -0.40298274, -0.43414466, -0.36895822, -0.36946346,
       -1.86870586, -0.41739739, -0.3756057 , -0.37332023, -0.37504698,
       -0.36780211, -0.57921323, -0.37163865, -0.37295385, -0.49572972,
       -0.40581124, -0.40259525, -0.38886745, -0.38296793, -0.37830228,
       -0.39382631, -0.51758006, -0.42664699, -0.39302765, -0.3942829 ,
       -1.57899592, -0.35822008, -0.37248116, -0.36840855, -0.36595011,
       -0.40896971, -0.41004865, -0.39350292, -0.38500387, -0.37471012,
       -0.36775276, -0.43242773, -0.36518466, -0.36068179, -1.96414257,
       -0.38652317, -0.3635184 , -0.37664733, -0.36705538, -0.40299318,
       -0.36621288, -0.38073789, -0.37479774, -0.36168968, -0.35866669,
       -0.37432108, -0.36667792, -0.36522276, -0.40537228, -0.38049671,
       -0.39548665, -0.62276749, -0.39278519, -0.36885888, -0.37299729,
       -0.36030981, -0.36142149, -1.94281343, -0.37284242, -0.36380985,
       -0.39444487, -0.39569716, -0.37122539, -0.37997227, -0.37619935,
       -0.39828425, -0.38065749, -0.37595553, -0.36753353, -0.38086585,
       -0.40690733, -0.50706076, -0.70333664, -0.38260252, -0.37543661,
       -0.37473287, -0.36022709, -0.59706247, -0.3743024 , -0.39917064,
       -0.38233103, -0.42369906, -1.8366371 , -0.40200985, -0.36843218,
       -0.35945188, -0.36581078, -0.36462907, -0.38486533, -0.38948375,
       -1.39658703, -0.38111298, -0.37945172, -0.36655276, -0.37316546,
       -0.37825171, -0.36688107, -0.38420588, -0.41655518, -0.39043128,
       -0.37920115, -0.38931841, -0.41129063, -0.41535225, -0.37833143,
       -0.43919442, -0.46945214, -0.36729077, -0.38175355, -0.37448428,
       -0.52351836, -0.37381739, -0.36376067, -0.36923273, -0.3756481 ,
       -0.40307339, -0.3616916 , -0.389658  , -0.36312169, -0.39844714,
       -0.40090977, -0.37948735, -0.36567078, -1.83016386, -0.39205009,
       -0.38550738, -0.38724233, -0.48084417, -1.89142745, -0.39005273])]Output weights: [[-2.13361794]
 [-0.08507905]
 [-0.07708225]
 [-0.07820724]
 [-0.08207289]
 [-0.07691349]
 [-0.07870296]
 [-0.0842416 ]
 [-0.08408684]
 [-0.09663841]
 [-0.07526047]
 [-0.08170855]
 [-0.07776696]
 [-0.08653612]
 [-0.07506948]
 [-0.07588914]
 [-0.08595537]
 [-0.07399332]
 [-0.08104788]
 [-0.07805152]
 [-0.07943635]
 [-1.84084655]
 [-0.08589209]
 [-0.08063456]
 [-0.08593508]
 [-0.07048141]
 [-0.07741641]
 [-0.07497203]
 [-0.0928231 ]
 [-0.091758  ]
 [-0.0827026 ]
 [-0.09138039]
 [-1.94452902]
 [-1.4861117 ]
 [-0.09872132]
 [-0.07874274]
 [-0.08320755]
 [-0.08480533]
 [-0.07664763]
 [-0.0746729 ]
 [-0.07559274]
 [-0.08625107]
 [-0.0837867 ]
 [-0.08354352]
 [-0.07499076]
 [-0.07652034]
 [-0.0799912 ]
 [-0.08701601]
 [-0.08170965]
 [-0.09131928]
 [-0.07750914]
 [-0.07514258]
 [-0.09773543]
 [-0.07972041]
 [-0.07640482]
 [-0.07464289]
 [-0.06709097]
 [-0.07909575]
 [-0.08656054]
 [-2.01093556]
 [-0.07706633]
 [-0.07809148]
 [-0.09090048]
 [-1.97224018]
 [-3.0593101 ]
 [-0.08132479]
 [-0.07679208]
 [-0.07540996]
 [-0.08016036]
 [-0.07832078]
 [-1.82009857]
 [-0.08977845]
 [-0.07721333]
 [-0.08295157]
 [-0.08078202]
 [-0.0786768 ]
 [-0.09719361]
 [-0.08363535]
 [-0.07941502]
 [-0.09901489]
 [-0.07610301]
 [-0.07541944]
 [-0.07800119]
 [-0.07931256]
 [-0.07376796]
 [-0.07884796]
 [-0.08494902]
 [-0.07990648]
 [-0.08613899]
 [-0.08813073]
 [-0.0806651 ]
 [-0.08844887]
 [-0.07464702]
 [-0.0855473 ]
 [-0.07574664]
 [-0.06849241]
 [-0.08176633]
 [-0.07840716]
 [-0.08680373]
 [-0.08735951]
 [-0.069943  ]
 [-0.08065453]
 [-0.0841367 ]
 [-0.08449931]
 [-0.0804548 ]
 [-0.09083136]
 [-0.07038474]
 [-0.09016188]
 [-0.08653721]
 [-5.19105584]
 [-0.07301346]
 [-0.08426195]
 [-0.07577755]
 [-0.07347667]
 [-0.07991899]
 [-0.07598873]
 [-0.07579672]
 [-0.07729259]
 [-0.08258965]
 [-0.07792223]
 [-0.09609972]
 [-0.08419379]
 [-0.08656606]
 [-0.08064507]
 [-0.07643513]
 [-0.08198645]
 [-0.0726833 ]
 [-0.0746419 ]
 [-0.09550091]
 [-0.07609398]
 [-0.07258663]
 [-0.08033566]
 [-1.53698194]
 [-0.08144731]
 [-0.07943042]
 [-0.07680739]
 [-0.08506678]
 [-0.07743786]
 [-0.07467033]
 [-0.08812614]
 [-0.09874448]
 [-0.07758817]
 [-0.07917004]
 [-0.07197778]
 [-0.09030374]
 [-0.06939808]
 [-0.08830564]
 [-0.08414915]
 [-0.07502151]
 [-0.08493874]
 [-0.09926425]
 [-0.08275669]
 [-0.07681749]
 [-0.07445722]
 [-0.07526965]
 [-0.09146458]
 [-2.16539289]
 [-0.0832739 ]
 [-0.09833361]
 [-0.07632995]
 [-0.0767019 ]
 [-0.09855911]
 [-0.07397582]
 [-0.09179905]
 [-0.08352166]
 [-0.08158472]
 [-1.5206094 ]
 [-0.0752346 ]
 [-0.07412428]
 [-0.07778109]
 [-0.08111909]
 [-0.07956149]
 [-1.11781774]
 [-0.06980671]
 [-0.0828662 ]
 [-0.07721696]
 [-0.09714536]
 [-0.07653093]
 [-0.08047787]
 [-0.09375898]
 [-0.08008312]
 [-0.07965682]
 [-0.07801832]
 [-0.07618451]
 [-0.07335296]
 [-0.07584739]
 [-0.07299191]
 [-0.07896216]
 [-0.09080924]
 [-0.07949484]
 [-0.07239871]
 [-0.08431064]
 [-2.56112779]
 [-0.08417561]
 [-0.09344564]
 [-0.09032036]
 [-1.05354982]
 [-0.07575998]
 [-0.09744567]
 [-0.08950529]
 [-0.089398  ]
 [-0.0836446 ]
 [-0.0728602 ]
 [-0.08042397]
 [-0.07436719]
 [-0.08182704]
 [-1.73117585]
 [-0.0854259 ]
 [-0.08274847]
 [-0.08397558]
 [-0.0777465 ]
 [-0.08599807]
 [-0.07793051]
 [-0.08420175]
 [-0.08210467]
 [-0.08697145]
 [-0.07290883]
 [-0.09929458]
 [-0.07824197]
 [-0.08250122]
 [-0.08481948]
 [-0.08415471]
 [-0.08374156]
 [-0.07638193]
 [-0.09338414]
 [-0.09436778]
 [-0.07759635]
 [-1.62515232]
 [-0.09833123]
 [-0.07841195]
 [-0.08201012]
 [-0.08879641]
 [-0.09513832]
 [-0.07485062]
 [-0.08072107]
 [-0.07929614]
 [-0.07787747]
 [-0.09816182]
 [-0.08277065]
 [-0.08719432]
 [-0.08752653]
 [-0.08594826]
 [-0.07677697]
 [-0.08000556]
 [-0.08285525]
 [-0.07874216]
 [-0.08371822]
 [-0.07913256]
 [-0.07578938]
 [-0.08708088]
 [-0.08400316]
 [-0.08263425]
 [-0.08438325]
 [-0.0997566 ]
 [-0.07703382]
 [-0.08150532]
 [-0.0741735 ]
 [-0.08017574]
 [-0.08235005]
 [-0.08029941]
 [-1.93032047]
 [-0.07594017]
 [-0.09557567]
 [-0.09278857]
 [-2.44605503]
 [-0.0851613 ]
 [-0.07839046]
 [-0.07988565]
 [-0.08341174]
 [-0.08268408]
 [-0.07473297]
 [-0.0736125 ]
 [-0.07757607]
 [-0.07355768]
 [-0.09487597]
 [-0.08501077]
 [-1.92206569]
 [-0.08535162]
 [-0.08624788]
 [-0.09733178]
 [-0.08357031]
 [-0.08274872]
 [-0.07590503]
 [-0.0977978 ]
 [-0.09011824]
 [-0.07824611]
 [-0.0846091 ]
 [-0.09034907]
 [-1.46942899]
 [-1.64378812]
 [-0.09761992]
 [-0.07492625]
 [-0.07550928]
 [-0.0769111 ]
 [-1.96145876]
 [-0.08256905]
 [-0.09024403]
 [-0.07399595]
 [-0.08267744]
 [-0.07954335]
 [-0.07547285]
 [-0.07375519]
 [-1.7225098 ]
 [-0.07791643]
 [-0.07252914]
 [-0.07859151]
 [-0.0727824 ]
 [-0.07090866]
 [-0.08575185]
 [-0.07762369]
 [-0.07895088]
 [-0.0833633 ]
 [-0.07785398]
 [-0.08003651]
 [-0.08858106]
 [-0.0929175 ]
 [-0.07928279]
 [-0.09018772]
 [-0.08206145]
 [-0.08063075]
 [-0.09348014]
 [-0.08476434]
 [-0.07818973]
 [-0.08016089]
 [-0.08252993]
 [-0.08828676]
 [-0.08452632]
 [-0.07363458]
 [-0.078989  ]
 [-0.07374159]
 [-0.07932706]
 [-0.07788135]
 [-0.07994973]
 [-0.07603718]
 [-2.71382894]
 [-0.07082391]
 [-0.08941014]
 [-0.07979806]
 [-0.0789438 ]
 [-0.08479296]
 [-0.0727169 ]
 [-0.07787893]
 [-0.0723604 ]
 [-2.17329008]
 [-0.07671239]
 [-0.07702781]
 [-0.08132366]
 [-2.09787502]
 [-0.07842473]
 [-1.01828189]
 [-0.08587402]
 [-0.07883609]
 [-0.07842621]
 [-0.07426912]
 [-0.07903913]
 [-0.07639418]
 [-0.08100726]
 [-0.08221798]
 [-0.09831498]
 [-0.07932677]
 [-0.09565654]
 [-0.08435256]
 [-0.09731103]
 [-0.09935785]
 [-0.08591582]
 [-0.08830506]
 [-0.0870197 ]
 [-0.09328086]
 [-0.07554257]
 [-0.07441796]
 [-2.02191133]
 [-0.08960979]
 [-0.07584891]
 [-0.07983674]
 [-0.07781269]
 [-0.07498024]
 [-0.09452164]
 [-0.07600401]
 [-0.07575767]
 [-0.09919199]
 [-0.08912006]
 [-0.08847138]
 [-0.08390588]
 [-0.07939463]
 [-0.08007701]
 [-0.08666927]
 [-0.09879023]
 [-0.09339125]
 [-0.08129671]
 [-0.08555582]
 [-1.50720934]
 [-0.07046303]
 [-0.07630542]
 [-0.07592447]
 [-0.07251825]
 [-0.08804611]
 [-0.08888637]
 [-0.08624924]
 [-0.08236159]
 [-0.07918779]
 [-0.07620358]
 [-0.09402257]
 [-0.07125527]
 [-0.07065997]
 [-2.82072987]
 [-0.08205441]
 [-0.07481645]
 [-0.07876931]
 [-0.07529155]
 [-0.08798719]
 [-0.07627798]
 [-0.08079648]
 [-0.07892984]
 [-0.07241443]
 [-0.06990521]
 [-0.07841835]
 [-0.07307442]
 [-0.07438807]
 [-0.08810685]
 [-0.07998965]
 [-0.08522915]
 [-0.09373019]
 [-0.08350462]
 [-0.07565841]
 [-0.07501599]
 [-0.07271203]
 [-0.07171653]
 [-2.13024731]
 [-0.0758866 ]
 [-0.07260176]
 [-0.0848477 ]
 [-0.08524216]
 [-0.07298721]
 [-0.08128103]
 [-0.07878251]
 [-0.08749596]
 [-0.07995126]
 [-0.07768188]
 [-0.07483078]
 [-0.08299025]
 [-0.08862983]
 [-0.09983001]
 [-0.10008279]
 [-0.08200122]
 [-0.07689744]
 [-0.07953459]
 [-0.07286398]
 [-0.09419232]
 [-0.07693794]
 [-0.08759781]
 [-0.08053673]
 [-0.09170141]
 [-1.95653355]
 [-0.08798793]
 [-0.07911008]
 [-0.071084  ]
 [-0.0732907 ]
 [-0.0743881 ]
 [-0.08441132]
 [-0.08515758]
 [-1.18202501]
 [-0.08088377]
 [-0.08077263]
 [-0.07423823]
 [-0.07682619]
 [-0.07892626]
 [-0.07432962]
 [-0.08282867]
 [-0.09058788]
 [-0.0841106 ]
 [-0.08093319]
 [-0.08353493]
 [-0.08966945]
 [-0.0895836 ]
 [-0.081615  ]
 [-0.09314529]
 [-0.0973452 ]
 [-0.07749114]
 [-0.08061114]
 [-0.07740179]
 [-0.09887471]
 [-0.07772795]
 [-0.07563667]
 [-0.07813078]
 [-0.0761688 ]
 [-0.08753831]
 [-0.07090191]
 [-0.0848194 ]
 [-0.07319358]
 [-0.08611833]
 [-0.08483267]
 [-0.07882231]
 [-0.0709257 ]
 [-1.94846608]
 [-0.08607411]
 [-0.07946259]
 [-0.08126989]
 [-0.09841841]
 [-2.04869149]
 [-0.08453458]]Output bias: [ 6.12934141]