Action MLP:Hidden weights: [array([[  1.81453811e-02,  -2.63688973e-02,  -1.30208709e-02,
          1.56501657e-01,  -9.41743914e-03,  -4.76522514e-02,
         -1.54823620e-02,  -6.12297796e-02,   2.59033483e-01,
          5.86836093e-03,  -9.18033580e-02,  -3.40060846e-02,
         -7.39125609e-01,  -3.64313094e-02,   2.45518617e-03,
         -2.68494701e-02,  -2.54349645e-02,  -4.96336836e-02,
         -3.82351335e-03,  -1.27658092e+00],
       [ -9.74697109e-02,  -2.51889793e-03,  -1.25032109e-01,
         -5.03027180e-02,  -1.78338857e-02,  -1.55409231e-03,
         -9.95658541e-03,   5.59556361e-04,  -5.58428698e-01,
         -7.37066584e-02,  -1.92316845e-01,  -7.02807422e-03,
          7.87268112e-01,  -3.86344091e-03,  -3.59999324e-02,
         -6.70006603e-03,  -1.51118887e-03,   1.56183796e-03,
         -1.42845143e-02,  -2.02086121e-01],
       [ -1.59399449e-01,  -2.66214972e-02,  -1.76689577e-01,
          5.88454643e-01,  -8.26593993e-02,  -2.78388639e-03,
         -6.92418474e-02,   5.18268740e-03,   1.70453368e+00,
         -1.38848403e-01,  -1.83349896e-01,  -4.17696857e-02,
         -2.53787950e+00,  -1.68376887e-02,  -1.07395867e-01,
         -5.39405703e-02,  -3.92686008e-02,   5.56047786e-04,
         -8.26962579e-02,  -4.51763406e+00],
       [ -3.94269564e-01,  -1.61797225e-01,  -4.12514062e-01,
         -7.93782511e-01,  -1.99553041e-01,  -1.88374426e-01,
         -1.84031678e-01,  -2.12046314e-01,  -7.92761922e-01,
         -3.20134736e-01,  -4.35220803e-01,  -1.67718989e-01,
         -2.99426138e+00,  -1.65361024e-01,  -2.39833960e-01,
         -1.73250773e-01,  -1.57122292e-01,  -1.86954356e-01,
         -1.94853128e-01,   1.93052023e+00],
       [ -1.58471803e-01,   4.41895015e-02,  -8.82059698e-02,
         -4.89044341e-01,  -1.52842758e-02,   1.04831511e-01,
         -3.53603686e-03,   1.17873325e-01,  -1.31681945e+00,
         -8.52215991e-02,   7.02101619e-03,   2.04179288e-02,
          1.02647047e+00,   5.83587206e-02,  -4.07052413e-02,
          9.82367568e-03,   2.05367465e-02,   1.06866993e-01,
         -1.37792190e-02,   8.40294180e-01],
       [  1.67809933e-01,  -1.05978641e-02,   2.32966743e-01,
          1.56550025e-01,   2.62527827e-02,   8.90893156e-02,
          1.30896851e-02,   1.05868263e-01,  -1.75051958e+00,
          1.14262081e-01,   5.45267696e-01,  -2.02019427e-02,
          7.49008569e-01,  -6.21818433e-03,   5.90782353e-02,
         -5.37206050e-03,  -1.50186856e-02,   8.99954427e-02,
          3.22849393e-02,   2.06841155e+00],
       [  1.65069804e-01,   1.20072096e-01,   1.67707091e-01,
          1.66838054e-01,   1.46033736e-01,   1.01498329e-01,
          1.31798308e-01,   1.32387324e-01,   2.80063642e-01,
          1.69422515e-01,   1.83477943e-01,   1.39769503e-01,
         -2.16635827e-01,   1.31094123e-01,   1.56019079e-01,
          1.27004399e-01,   1.25492377e-01,   1.03514788e-01,
          1.31303276e-01,  -3.09995786e-01],
       [  5.20327457e-02,   8.34986676e-02,   6.36907338e-02,
         -2.23443214e-01,   8.53902791e-02,   8.87613956e-02,
          9.02926672e-02,   7.38050790e-02,  -2.13346212e-01,
          6.91015056e-02,   8.38702947e-02,   8.00556268e-02,
         -5.40705775e-02,   6.75674014e-02,   7.91672907e-02,
          9.31858594e-02,   8.31204133e-02,   8.94378829e-02,
          9.43529383e-02,   4.13623729e-01]])]Hidden bias: [array([-0.30854087, -0.17244292, -0.32420621, -0.00154647, -0.20482975,
       -0.17720727, -0.19408303, -0.19985465, -0.8005813 , -0.27582204,
       -0.34801674, -0.18173814, -0.27367831, -0.17291749, -0.2305182 ,
       -0.1861056 , -0.17187785, -0.17704732, -0.2011347 , -1.29329864])]Output weights: [[  7.43680478e-02   1.22951461e-02]
 [ -2.14376586e-02   1.37674030e-02]
 [  3.83800553e-02   2.44842676e-02]
 [  4.75931253e-01  -1.67733516e-02]
 [  1.76936907e-03   3.70926368e-03]
 [ -7.69022747e-02  -2.02874712e-02]
 [ -2.34114581e-03   5.25382847e-03]
 [ -8.52790171e-02  -2.32775522e-02]
 [ -7.51273825e-02   2.21296216e-01]
 [  3.39419250e-02   6.07359004e-03]
 [ -1.62162254e-02   6.16397666e-02]
 [ -5.90489714e-03   1.76344532e-02]
 [  6.98381938e-01  -7.39284138e-02]
 [ -2.97689583e-02   1.49066453e-02]
 [  1.16181806e-02   1.31314809e-03]
 [ -4.93373963e-03   1.05312031e-02]
 [ -7.97856422e-03   1.37209635e-02]
 [ -7.84563319e-02  -2.13751683e-02]
 [ -1.12391116e-03   3.22403813e-04]
 [ -4.33347586e-01   1.00147703e-01]]Output bias: [-0.36095423 -0.23096079]
Value MLP:Hidden weights: [array([[  5.58501409e+03,  -1.53273858e+03,  -2.47685718e+01,
          4.41236376e+02,  -5.14240768e+02,  -3.35368366e+02,
          1.04907158e+02,  -1.92658969e+03,  -1.41696947e+03,
          4.22928484e+01,  -2.85446916e+03,  -1.01744064e+03,
         -1.78608208e+04,  -2.41355853e+02,   4.22668292e+02,
          6.94292887e+03,  -3.37442703e+03,   2.68916947e+03,
          3.56516087e+02,  -5.69223594e+02],
       [  2.14611780e+03,   1.47847999e+05,  -1.30520097e+02,
          4.62954473e+02,   4.24577004e+04,  -3.64699142e+03,
         -2.93709209e+04,   3.85015968e+03,   2.82132980e+03,
          9.34388622e+02,   6.32143702e+03,   7.95021328e+03,
         -5.99829278e+02,   3.02019684e+03,  -7.04062841e+03,
         -6.03258986e+02,  -7.55513505e+03,   3.68981044e+03,
         -4.71233735e+02,   1.05468599e+04],
       [  6.26023250e+03,   1.00467250e+04,  -3.49296016e+01,
          4.71771385e+02,  -7.57441415e+02,  -1.59983502e+03,
         -1.59927979e+04,  -3.84515375e+03,  -2.24144942e+03,
         -7.76596018e+02,  -6.53202544e+03,   1.11305059e+03,
         -1.73125523e+04,  -2.03198413e+03,   2.67897080e+03,
         -4.52796856e+03,  -1.07712209e+04,   6.27171408e+03,
          3.55248182e+02,  -2.11443405e+03],
       [ -2.45349648e+03,  -3.09010429e+04,   1.12862531e+01,
         -3.87469176e+01,   4.21928841e+03,  -1.25514946e+02,
          7.13270834e+03,  -1.36514599e+03,  -2.34882515e+03,
         -3.01240820e+02,  -1.38511913e+02,  -2.30030884e+03,
         -2.36431821e+04,  -1.25883899e+02,  -1.50479022e+03,
          9.89037971e+02,   1.22246728e+04,  -3.65874923e+03,
          8.72729903e+02,   6.97440418e+02],
       [ -7.95230867e+03,  -5.56058268e+04,   1.34956785e+01,
         -2.46947517e+03,  -4.81525506e+03,   1.42033672e+03,
          1.51642663e+04,   9.42426286e+02,   1.38829717e+03,
          2.26824009e+03,   3.65885401e+03,  -4.19208093e+03,
          2.67308978e+03,   8.63092285e+02,  -1.25295744e+03,
         -9.62964340e+03,   1.45730755e+04,  -3.67885627e+03,
          1.45209868e+02,   8.96349278e+02],
       [ -6.29845961e+03,  -9.81163175e+04,  -3.46892970e+00,
         -1.24849223e+03,  -1.36869784e+04,   1.59667794e+03,
          1.08568207e+04,   5.18181957e+02,   1.41771043e+03,
          1.43519781e+03,   6.18889687e+03,  -7.07156960e+03,
          6.51550093e+02,   8.44236581e+02,  -3.42255815e+03,
          6.62770351e+03,   1.42400226e+04,  -7.93400606e+02,
          2.57974587e+02,   1.52411200e+03],
       [  1.28378361e+02,   1.34130432e+02,  -8.57019125e+01,
          2.15395187e+01,  -1.14560343e+02,   2.27261999e+01,
         -3.79275825e+00,   7.64193082e+00,  -4.18987428e+01,
          4.42264118e+01,   1.60234909e+01,   2.12685392e-02,
          6.78103565e+01,  -7.77498681e-01,   7.87920827e+02,
          2.25666222e+02,  -7.51629621e-02,   8.22654944e+01,
          1.53192560e+01,   9.15039410e+00],
       [  1.32072045e+02,  -1.08615273e+02,  -4.23748463e+00,
          2.16413030e+01,   2.38045302e+01,   1.58813602e+02,
         -3.91527363e+00,   6.44530704e+01,   4.37626302e+01,
          4.12595866e+01,   1.07568919e+03,  -7.11981780e+00,
          8.70982188e-01,  -4.53247068e+00,   2.47312979e+02,
         -9.87608194e+03,   1.52345406e+02,  -4.95859761e+01,
          1.58642365e+01,   2.36076712e+01]])]Hidden bias: [array([  -2018.46893724,  149766.6791769 ,    -224.74102287,
           815.14446199,   42553.62490758,   -3737.86623658,
        -19771.33483714,    4846.67989202,    3776.4575689 ,
           605.29515801,    6835.62510464,    8314.71474554,
         17580.70391269,    3147.30120966,   -6303.76023028,
        -10033.36050025,  -11305.67523352,    6354.02106047,
         -1144.34108316,   11082.81171423])]Output weights: [[  44.58122598]
 [-180.3090552 ]
 [-191.47060943]
 [ -88.03880336]
 [  33.88008477]
 [  51.91801615]
 [ 142.54699717]
 [-176.04201505]
 [-161.89324847]
 [   2.01023985]
 [ -42.96887221]
 [ -79.2479906 ]
 [ -49.14438913]
 [  58.24655325]
 [  78.89693595]
 [-145.62491113]
 [ 125.05522369]
 [ -25.79042599]
 [ 117.20015232]
 [  85.66374593]]Output bias: [ 133.81427451]