Action MLP:Hidden weights: [array([[  2.19654624e-02,   5.13207815e-03,  -1.78816065e-02,
          2.55252179e-02,   6.93303517e-03,   1.23715302e-02,
          2.36849329e-02,  -2.82846730e-02,   8.36926828e-02,
         -1.95650124e-02,   1.45535232e-02,   1.54608261e-02,
         -7.60845925e-03,   4.10330211e-02,   1.97427790e-03,
          2.76416574e-02,   3.29871753e-03,   9.13842233e-03,
         -2.42376984e-02,   1.39164314e-02,   2.62589226e-02,
          1.03916800e-02,   2.79474717e-02,   2.58539169e-02,
          1.71162878e-02,   1.11454913e-02,   1.86773385e-02,
          4.06167639e-03,   1.58502596e-02,   1.73658524e-02,
          3.73598772e-02,   1.09990060e-02,   4.09309294e-02,
          1.97355724e-02,   8.19336262e-03,   6.04694253e-03,
          4.89778569e-02,   2.88453794e-02,   1.59987839e-02,
          1.56567516e-02,   1.21958940e-03,   4.99367319e-03,
          3.34994781e-02,   1.42112455e-02,   9.26744965e-03,
         -8.13033939e-03,   1.76193740e-02,   3.82338261e-04,
          3.01556843e-02,  -2.97890617e-03,  -8.13184144e-03,
          2.05046796e-02,   5.95090643e-03,  -8.26047226e-03,
          1.27747255e-02,   1.45496918e-02,   2.18682522e-02,
          1.24356382e-02,   1.53883856e-02,   9.75985599e-03,
          4.50071481e-03,  -2.00834741e-02,   1.26840493e-02,
         -6.69766400e-01,  -4.44917253e-03,   1.37507382e-02,
          2.69489960e-02,   3.40107235e-02,   2.58367288e-02,
          3.01894603e-02,   3.80803851e-03,  -2.78085690e-03,
          3.17821277e-02,  -2.77325795e-03,   2.68635763e-02,
         -2.09545385e-02,   6.04709766e-03,   1.05988927e-02,
          1.51995105e-02,   2.84358747e-02,   1.23979968e-02,
          2.08660350e-02,  -3.59371790e-03,  -2.64578176e-02,
          2.03049963e-02,   1.98546844e-02,   2.95224171e-02,
          2.02344000e-02,   2.39511269e-03,   1.26369125e-02,
          2.56915878e-02,   8.38210035e-03,   8.96289347e-03,
          1.84176637e-02,   3.57842326e-03,  -7.16093056e-03,
          4.04006048e-02,   7.85445888e-03,   7.32795820e-04,
          3.94728780e-02],
       [  7.78668313e-02,   1.21168270e-01,   3.71578479e-02,
          8.64424188e-02,   2.17488737e-02,   5.40010817e-02,
          1.02181066e-01,   5.77849806e-02,   5.15741653e-01,
         -3.43225577e-03,   1.16618381e-01,   6.24157287e-02,
          4.48843767e-02,   4.99382922e-02,   6.96437895e-02,
          5.82910675e-02,   7.05943650e-02,   8.73053431e-02,
          4.85551755e-02,   7.52219031e-02,   5.41257935e-02,
          7.30591057e-02,   7.40956430e-02,  -4.14949148e-03,
          7.81539218e-02,   5.91884779e-02,   4.96305057e-02,
          3.29026435e-02,   8.31090135e-02,   4.74015466e-03,
          6.13017419e-02,   6.98078234e-02,   5.11444885e-02,
          2.22723104e-02,   4.32592607e-02,   5.90357599e-02,
          1.35985085e-01,   8.37197389e-02,   3.40078301e-02,
          1.52759784e-02,   4.65763823e-02,   4.48990836e-02,
          4.97174689e-02,   8.95589207e-02,   9.68880649e-02,
          1.12111693e-01,  -8.49056789e-03,   5.22628973e-03,
          3.18654570e-02,   6.87846146e-02,   7.19558713e-02,
          8.82295294e-02,   9.76250122e-02,   9.22548726e-02,
          9.32566889e-02,   2.65580423e-02,   1.72730093e-01,
          1.02453831e-01,   2.66135451e-02,   4.91146738e-02,
          1.04439673e-02,   8.27646688e-02,   8.46377953e-02,
         -3.09607936e-01,   6.17964042e-02,   6.54442646e-03,
          9.12470060e-02,   6.08363018e-02,   6.62752605e-02,
          7.85013266e-02,   5.83818255e-02,   2.38150940e-02,
          1.03157809e-01,   8.39705665e-02,   1.59682181e-01,
          9.92352541e-02,   5.10109818e-02,   1.38229489e-02,
          1.16216962e-01,   9.46927455e-02,   5.63552705e-02,
          2.47670838e-02,   3.69696164e-02,   1.06564647e-01,
          1.06469168e-01,   7.38223797e-02,   7.84771199e-02,
          7.05777904e-02,   4.65265593e-02,   4.48996317e-02,
          9.66288603e-02,   1.71582084e-03,   6.28725282e-02,
          5.46355973e-02,  -3.55919954e-02,   3.12921927e-02,
          6.27049085e-02,   1.03587861e-01,   9.84355214e-02,
          4.10404760e-01],
       [ -1.10221399e-01,   8.96949652e-02,   1.07481431e-01,
         -6.15034391e-02,  -8.35058476e-02,  -6.89778599e-03,
         -2.57710486e-02,   1.77342555e-01,   3.80143818e+00,
          5.83133632e-02,   6.43543788e-02,  -3.71541160e-02,
          3.40285231e-02,  -2.68208905e-01,   7.25840580e-02,
         -7.11201770e-02,   6.99434028e-02,   4.58282100e-02,
          1.40028553e-01,  -1.01339653e-02,  -7.60071463e-02,
          3.57423395e-02,  -9.98650742e-02,  -1.34691973e-01,
         -1.84686523e-02,  -3.99504844e-03,  -7.94398859e-02,
          1.86895554e-02,  -3.59729093e-02,  -1.24923047e-01,
         -1.61613766e-01,   4.12111677e-02,  -2.21206199e-01,
         -1.39062493e-01,   3.72552595e-03,   2.08947298e-02,
         -1.15650662e-01,  -6.01057921e-02,  -8.44758129e-02,
         -9.38514509e-02,  -2.77009368e-02,  -1.99740810e-02,
         -1.98215384e-01,   1.86072083e-02,   7.91378054e-02,
          1.66716048e-01,  -9.03413312e-02,  -8.75680607e-02,
         -1.34080593e-01,   6.29316527e-02,   9.78169563e-02,
         -6.67269563e-02,   4.36046403e-02,   1.51600800e-01,
          4.73564549e-02,  -1.22925358e-01,   2.50389589e-02,
          5.83737383e-02,  -3.26746534e-02,  -3.42670919e-02,
         -4.31022584e-02,   1.83888838e-01,   1.99218226e-02,
         -3.21888290e+00,   7.95757666e-02,  -1.38943052e-01,
         -7.94223932e-02,  -1.06348602e-01,  -5.36399718e-02,
         -1.12922474e-01,   2.18359342e-02,   5.18274410e-04,
         -2.36198641e-02,   8.97379629e-02,   5.62224546e-02,
          2.13725478e-01,  -2.20998008e-02,  -6.52309130e-02,
          4.04060162e-02,  -5.18466235e-02,  -8.41244338e-03,
         -2.38430786e-01,  -1.93299162e-02,   2.62254407e-01,
         -8.29627830e-03,  -3.74327301e-02,  -5.83945939e-02,
         -3.36878362e-02,   3.05581463e-02,  -6.52626510e-02,
         -6.99413120e-02,  -1.01416163e-01,  -1.53298095e-02,
         -9.61928780e-02,  -1.61200942e-01,   7.94806449e-03,
         -1.35841159e-01,   3.16765803e-02,   1.00380482e-01,
         -2.42643857e+00],
       [ -2.46964576e-01,  -5.06857008e-02,  -2.19988215e-01,
         -1.07814322e-01,  -2.70510493e-01,  -1.90980430e-01,
         -5.04352882e-02,  -2.02694985e-01,  -4.85954978e+00,
         -2.97207889e-01,  -1.20052318e-02,  -1.42640559e-01,
         -1.92197212e-01,  -2.57327101e-01,  -1.63642870e-01,
         -1.68192795e-01,  -1.05905545e-01,  -6.25223704e-02,
         -2.28171294e-01,  -8.89795797e-02,  -1.65371450e-01,
         -5.51671918e-02,  -1.81613627e-01,  -3.60495509e-01,
         -1.35337075e-01,  -1.78477802e-01,  -2.02775061e-01,
         -2.64302299e-01,  -1.49510805e-01,  -2.77926210e-01,
         -1.80841375e-01,  -1.23391332e-01,  -2.80948659e-01,
         -3.13982065e-01,  -2.16129710e-01,  -1.75919819e-01,
         -9.03494276e-02,  -1.74290047e-01,  -2.75060303e-01,
         -2.28614571e-01,  -2.71456442e-01,  -2.38909732e-01,
         -2.82274461e-01,  -7.39116104e-02,  -6.23368813e-02,
         -6.32070296e-02,  -3.18424815e-01,  -2.96155995e-01,
         -3.06080134e-01,  -1.46388673e-01,  -1.93451543e-01,
         -1.38735232e-01,  -1.23692065e-01,  -6.29561567e-02,
         -6.41575115e-02,  -2.88089667e-01,   1.10019969e-01,
         -6.86848560e-02,  -2.21870576e-01,  -2.52455228e-01,
         -2.39501950e-01,  -6.89164715e-02,  -1.19007003e-01,
         -2.25809333e+00,  -1.32010221e-01,  -3.22311300e-01,
         -8.56923792e-02,  -1.35366424e-01,  -1.48761882e-01,
         -1.32882844e-01,  -1.81715804e-01,  -2.42937445e-01,
         -4.56930770e-02,  -9.73288596e-02,   2.21414927e-02,
         -7.07462059e-02,  -2.12646508e-01,  -2.14056662e-01,
         -2.56835140e-02,  -9.01729455e-02,  -2.35858935e-01,
         -3.55562734e-01,  -2.76090314e-01,  -1.09881947e-02,
         -1.08431473e-01,  -1.74691490e-01,  -1.21875426e-01,
         -1.49752066e-01,  -2.63382432e-01,  -2.46357894e-01,
         -1.25244424e-01,  -3.21850916e-01,  -1.46820358e-01,
         -2.22498785e-01,  -3.61186295e-01,  -2.43318590e-01,
         -2.06688271e-01,  -1.40132977e-01,  -1.01915047e-01,
         -2.99569316e+00],
       [ -8.68986309e-02,   4.77701266e-02,   1.47104325e-01,
         -1.08699746e-01,   3.38050308e-02,   4.97709730e-04,
         -7.27864516e-02,   1.17659308e-01,  -2.25102362e+00,
          1.28455403e-01,  -9.04096425e-03,   8.58284904e-03,
          6.67407997e-02,  -1.30462301e-01,   8.70853448e-03,
         -6.69966933e-02,   6.46834523e-03,   2.84463877e-02,
          1.53989570e-01,  -6.29034927e-02,  -8.99620778e-02,
          1.33150895e-02,  -1.24210627e-01,  -2.34511361e-01,
         -4.82054220e-02,  -1.35991592e-02,  -7.68962386e-02,
         -3.30585311e-02,  -4.49058688e-02,  -6.34361855e-03,
         -1.12497828e-01,   1.37180572e-02,  -1.99120480e-01,
         -5.05677341e-02,   4.12911969e-02,   3.08893880e-02,
         -1.44464452e-01,  -8.53760378e-02,  -2.06309482e-02,
         -3.27050297e-02,  -2.23839189e-02,  -1.20513013e-03,
         -2.78432821e-02,  -3.85122238e-02,  -1.12751139e-02,
          1.41694464e-01,  -6.48325003e-02,   5.66339942e-02,
         -1.26816202e-01,   7.28195074e-03,   1.35521071e-01,
         -4.85724352e-02,   3.04302990e-02,   8.90967101e-02,
         -2.20509901e-02,  -7.22691035e-03,   5.99937802e-02,
          2.63117599e-02,  -3.19595544e-02,  -3.18556616e-02,
          4.12618858e-02,   1.14391913e-01,   1.19142219e-02,
          1.71042319e+00,   8.08492284e-02,   3.62531755e-02,
         -9.22679609e-02,  -1.10817623e-01,  -3.15888998e-02,
         -3.32011485e-02,   9.91142994e-03,   3.07172370e-02,
         -2.27891554e-02,   8.29123449e-02,   2.00641584e-02,
          1.44601321e-01,  -5.89350331e-02,  -4.41653586e-02,
          1.02794261e-03,  -4.27896177e-02,  -3.40266047e-02,
          8.93635172e-02,   7.89144160e-02,   1.31150386e-01,
         -1.09255822e-02,  -2.39499435e-02,  -8.61672020e-02,
         -7.72102519e-02,   5.59998861e-02,  -2.20889219e-02,
         -7.67729942e-02,  -1.06874931e-02,  -4.04070553e-02,
          2.75316057e-02,   1.03936014e-01,   2.42596676e-02,
         -1.88139599e-01,   5.60329753e-03,   4.76965673e-02,
          1.41971187e+00],
       [  1.46231111e-01,   1.02362200e-01,  -1.19615721e-01,
          4.22751096e-02,  -4.17996416e-03,  -4.15392638e-02,
          3.81129664e-02,  -2.52337429e-02,   5.92287148e-03,
         -1.92913059e-01,   3.02380970e-02,  -3.17064716e-02,
          1.18330455e-01,   1.40399109e-01,  -5.74338479e-02,
         -5.44226610e-02,  -3.56177279e-02,   6.35516903e-02,
         -1.23594829e-01,   3.01998521e-02,  -1.00606788e-01,
          9.29276658e-04,  -7.72167128e-04,  -1.72121509e-01,
          2.68403597e-02,   8.95869167e-03,  -2.06331339e-02,
         -1.39472805e-01,   1.11255726e-01,  -1.35708018e-01,
          1.45497327e-02,  -4.41343978e-02,   3.78021999e-02,
          2.72936943e-03,  -5.36775802e-02,  -5.96956420e-03,
          4.95626408e-02,   4.18365783e-02,  -1.14004517e-01,
         -1.58560734e-01,   1.13478641e-01,   5.43563662e-02,
          1.73284520e-02,   8.57538084e-02,   4.20539475e-03,
         -1.80476554e-02,  -3.23483784e-01,   6.14397765e-02,
         -2.14724421e-02,  -1.63891267e-01,   3.34485219e-02,
          1.79738177e-01,   3.10115405e-03,  -3.03810106e-03,
         -2.30091684e-02,   3.67275445e-02,  -9.28531132e-02,
         -5.10625822e-02,  -1.84210143e-01,  -5.87578381e-02,
         -9.95263908e-02,  -5.60299188e-02,  -1.01473622e-01,
          3.50609837e+00,   6.60879891e-02,  -1.54043199e-02,
          1.40619880e-01,  -6.32207876e-02,  -6.57734263e-02,
         -4.24941366e-02,   4.50911107e-02,  -8.31218164e-02,
         -1.43453078e-01,  -3.85256018e-02,   1.79982579e-02,
         -3.02958492e-02,  -3.70274865e-02,  -1.69939235e-01,
          5.24376573e-02,  -7.16895777e-02,  -3.90712712e-02,
          2.81977957e-02,   6.38193433e-02,  -1.59861153e-01,
          1.75623520e-02,  -5.90005073e-02,  -8.56596146e-02,
         -1.18458093e-01,  -1.60057874e-01,   1.40778763e-02,
          1.07118633e-01,  -1.57758804e-01,  -2.68772277e-02,
          2.18390407e-02,  -4.27756645e-01,   4.19915138e-02,
         -1.45176787e-01,   1.48684360e-01,  -1.41822555e-02,
         -8.33726533e-01],
       [  4.29448831e-02,   2.26666507e-02,   3.34173734e-02,
          3.89103007e-02,   4.15133428e-02,   2.35684890e-02,
          2.67632217e-02,   1.70873084e-02,  -2.57677697e-01,
          3.60559010e-02,   1.16335623e-02,   2.84588883e-02,
          2.11296230e-02,   4.04989547e-02,   2.00152711e-02,
          2.56231211e-02,   2.43949874e-02,   1.31354114e-02,
          2.69655075e-02,   1.62057798e-02,   4.28677245e-02,
          1.05894863e-02,   3.70677527e-02,   6.39708323e-02,
          1.76037383e-02,   2.90369067e-02,   3.08145404e-02,
          3.86341275e-02,   4.31574627e-02,   3.71415577e-02,
          4.11996159e-02,   1.28309651e-02,   5.75592197e-02,
          4.41653095e-02,   3.23215345e-02,   3.36941589e-02,
          3.44478883e-02,   2.99726101e-02,   5.92241315e-02,
          3.55349048e-02,   3.75001506e-02,   2.05570259e-02,
          5.25758324e-02,   2.23126339e-02,   8.93995774e-03,
          2.05889348e-02,   4.90275606e-02,   1.59841844e-02,
          3.61708008e-02,   4.63137840e-02,   2.34608989e-02,
          2.02792513e-02,   4.23900638e-02,   8.09197384e-03,
          2.43587962e-02,   3.39884957e-02,   3.34348441e-02,
          2.38391527e-02,   4.29244176e-02,   5.64812191e-02,
          1.96571690e-02,   1.92132648e-02,   3.49171336e-02,
         -4.21049343e-01,   8.10015315e-03,   4.32000854e-02,
          3.14562716e-02,   1.54568765e-02,   3.66243669e-02,
          3.16953854e-02,   1.87150215e-02,   4.88289701e-02,
          3.06034333e-02,   3.77372292e-02,   2.48018893e-02,
          3.07934379e-02,   3.06674235e-02,   2.53113574e-02,
          8.12886429e-03,   3.97220407e-02,   3.65933946e-02,
          5.48039396e-02,   3.83612446e-02,   2.50207345e-02,
          4.08731991e-02,   3.39975903e-02,   3.42911647e-02,
          4.60440826e-02,   4.30522057e-02,   3.15245652e-02,
          1.86420553e-02,   5.45484913e-02,   2.72732435e-02,
          2.90977252e-02,   4.08765666e-02,   3.18336920e-02,
          4.69140101e-02,   2.85845621e-02,   2.56673135e-02,
          6.36345578e-02],
       [  4.17114116e-02,   4.33346745e-02,   3.98080789e-02,
          2.04064658e-02,   2.81657834e-02,   4.51028299e-02,
          2.71967456e-02,   6.09199539e-02,  -2.12015565e-01,
          3.77668973e-02,   4.27020680e-02,   3.13309182e-02,
          4.25056412e-02,   2.85669113e-02,   5.12917417e-02,
          3.79308698e-02,   3.33745320e-02,   3.97317447e-02,
          5.40241743e-02,   3.56799678e-02,   1.87148330e-02,
          3.48842793e-02,   3.36504726e-02,   1.62551209e-02,
          4.63779072e-02,   3.78242381e-02,   3.55360815e-02,
          4.03273134e-02,   2.42786808e-02,   2.85328784e-02,
          2.20149358e-02,   4.85017040e-02,   2.10911178e-02,
          3.36428184e-02,   3.83638918e-02,   3.38865463e-02,
          4.07158936e-02,   4.42621626e-02,   1.91320345e-02,
          2.45974964e-02,   4.25142592e-02,   5.27578003e-02,
          2.76263453e-02,   3.23713064e-02,   4.97333400e-02,
          4.89255534e-02,   2.65665366e-02,   5.10376698e-02,
          4.47768043e-02,   2.21412122e-02,   5.63622591e-02,
          4.50960412e-02,   2.99122322e-02,   5.14667601e-02,
          3.24553081e-02,   3.95402051e-02,   1.73305175e-02,
          3.94160723e-02,   2.34449385e-02,   2.32266930e-02,
          4.13891056e-02,   3.89598385e-02,   3.19504557e-02,
          2.06935195e-01,   5.14334023e-02,   3.02269187e-02,
          2.24510689e-02,   4.04777102e-02,   2.67183407e-02,
          3.06681228e-02,   4.86415496e-02,   1.94381742e-02,
          2.74281555e-02,   2.49237321e-02,   4.07178779e-02,
          3.61256346e-02,   4.01024706e-02,   3.18166833e-02,
          4.83816671e-02,   2.23150218e-02,   4.30899612e-02,
          2.82983669e-02,   4.02699643e-02,   3.37652478e-02,
          3.00374000e-02,   3.88667613e-02,   2.80731169e-02,
          2.05431293e-02,   4.29815375e-02,   4.26694234e-02,
          4.79316714e-02,   2.08986494e-02,   3.36057218e-02,
          4.31214756e-02,   3.72964117e-02,   3.74585950e-02,
          2.70729442e-02,   4.78502332e-02,   4.41898965e-02,
         -9.96023024e-02]])]Hidden bias: [array([-0.08175302, -0.05958117, -0.06717199, -0.05705132, -0.06717517,
       -0.06505177, -0.05090086, -0.07084706,  0.04613474, -0.0692229 ,
       -0.04942167, -0.05662468, -0.05916952, -0.06950956, -0.06638835,
       -0.06137705, -0.05340053, -0.04835161, -0.07401333, -0.04916233,
       -0.05983232, -0.04183187, -0.06883726, -0.08053994, -0.06068402,
       -0.06331067, -0.06442582, -0.07532798, -0.06395965, -0.06449503,
       -0.06239861, -0.05706368, -0.07887815, -0.07635746, -0.06667754,
       -0.06330102, -0.07227037, -0.07119024, -0.07576847, -0.05887393,
       -0.07641419, -0.06982296, -0.07859658, -0.05097207, -0.05381814,
       -0.06152788, -0.07429069, -0.06479444, -0.07981533, -0.06380852,
       -0.07293221, -0.06214493, -0.06688552, -0.05301348, -0.05257114,
       -0.07160866, -0.04484753, -0.05799868, -0.06390754, -0.07635211,
       -0.058591  , -0.05135241, -0.06238813,  0.04881876, -0.05433379,
       -0.07167641, -0.05170847, -0.05482803, -0.06050248, -0.06002519,
       -0.0632846 , -0.06487653, -0.05436875, -0.05689283, -0.05914699,
       -0.05876346, -0.06789313, -0.05579304, -0.05165495, -0.05881263,
       -0.07592935, -0.08141282, -0.07432102, -0.0506666 , -0.06631328,
       -0.06926699, -0.05990776, -0.06375911, -0.0809481 , -0.07139439,
       -0.06357811, -0.07368555, -0.05791022, -0.06918045, -0.07749309,
       -0.06567603, -0.07312132, -0.07089135, -0.06374034,  0.17314748])]Output weights: [[ -1.05946952e-02  -5.69417269e-03]
 [  1.35167529e-02   1.76713016e-02]
 [ -1.21126646e-03   2.58738900e-03]
 [  1.96519199e-03  -6.34337441e-03]
 [ -1.53229547e-02  -1.19319099e-02]
 [ -1.63778722e-03  -5.03861570e-03]
 [  9.09431497e-03  -8.32353176e-04]
 [  3.88072972e-03   1.61670128e-02]
 [  6.49854527e-01  -3.46445245e-01]
 [ -1.07178521e-02  -1.00093748e-02]
 [  1.71626516e-02   1.01466365e-02]
 [  2.99170366e-05  -6.62320860e-03]
 [ -6.48181682e-03   1.04091070e-02]
 [ -1.99667294e-02  -2.27489359e-02]
 [  5.27895430e-03   2.58779799e-03]
 [ -1.49300788e-03  -1.30618920e-02]
 [  6.90903285e-03   4.17482725e-03]
 [  8.53573933e-03   9.88804938e-03]
 [  1.83937784e-03   5.99732578e-03]
 [  4.95145547e-03  -2.84918516e-04]
 [ -2.19839208e-03  -1.78857640e-02]
 [  8.57625243e-03   4.53637176e-03]
 [ -2.94623016e-03  -1.40170050e-02]
 [ -1.89752426e-02  -3.67167828e-02]
 [  2.89635617e-03  -1.48854216e-03]
 [ -2.11918508e-03  -1.94618510e-03]
 [ -6.01552747e-03  -1.28694967e-02]
 [ -5.54074283e-03  -1.18842171e-02]
 [ -2.29796619e-03   1.13065175e-03]
 [ -1.53716960e-02  -2.52919350e-02]
 [ -7.77632244e-03  -1.91652520e-02]
 [  6.33435216e-03   1.36203419e-03]
 [ -1.72448788e-02  -2.71889576e-02]
 [ -1.89603945e-02  -1.90258114e-02]
 [ -4.68329599e-03  -4.88456723e-03]
 [ -1.43795709e-03   2.84925624e-04]
 [  8.77645359e-03  -1.01147282e-02]
 [ -7.27799914e-04  -6.13939296e-03]
 [ -1.19765595e-02  -2.05330928e-02]
 [ -9.75564841e-03  -2.37590270e-02]
 [ -1.25199168e-02   4.70677957e-04]
 [ -8.10330464e-03  -1.11483964e-03]
 [ -1.66124139e-02  -2.25693519e-02]
 [  6.43896131e-03   6.77917672e-03]
 [  1.34647609e-02   8.99115110e-03]
 [  1.71765032e-02   1.91285085e-02]
 [ -1.46415682e-02  -4.07848780e-02]
 [ -1.88846399e-02  -7.31015079e-03]
 [ -1.51331221e-02  -2.08795242e-02]
 [  6.26953534e-03  -6.62659604e-03]
 [  1.41812231e-03   1.30335353e-02]
 [ -1.87987666e-03   4.34795338e-03]
 [  6.35378791e-03   4.19480615e-03]
 [  1.47622273e-02   1.75051969e-02]
 [  1.12631015e-02   3.25861669e-03]
 [ -1.69995759e-02  -1.37603827e-02]
 [  3.08163746e-02   1.96630338e-03]
 [  1.33835904e-02   3.82512618e-03]
 [ -5.61976967e-03  -1.98840859e-02]
 [ -8.30832217e-03  -1.17166832e-02]
 [ -9.74110824e-03  -1.28666246e-02]
 [  1.45072847e-02   1.69979422e-02]
 [  7.67769295e-03  -4.94387479e-03]
 [  3.95206018e-02   4.54996187e-01]
 [  2.79291354e-03   1.32740889e-02]
 [ -2.13386718e-02  -1.87829385e-02]
 [  8.79402470e-04  -5.80275171e-04]
 [  6.30019951e-04  -1.70340091e-02]
 [  2.65372700e-04  -1.14301058e-02]
 [  6.24454170e-04  -1.49936091e-02]
 [ -1.79077458e-03   3.64049669e-03]
 [ -9.50702912e-03  -8.87242393e-03]
 [  1.39826682e-02  -1.12276835e-02]
 [  8.36621668e-03   7.34652048e-03]
 [  2.38785503e-02   1.01313503e-02]
 [  1.58540254e-02   2.19995283e-02]
 [ -3.98126374e-03  -8.16725722e-03]
 [ -7.04926482e-03  -2.16203785e-02]
 [  1.53004853e-02   9.42425789e-03]
 [  7.17867880e-03  -1.06314854e-02]
 [ -4.40079285e-03  -6.80319849e-03]
 [ -2.52402488e-02  -2.46647467e-02]
 [ -1.32278589e-02  -1.18637957e-04]
 [  2.55708937e-02   1.89015112e-02]
 [  6.63185944e-03  -2.74942833e-04]
 [  7.54613494e-04  -9.30299253e-03]
 [  4.30276824e-03  -1.36235565e-02]
 [  2.54700195e-03  -1.43667971e-02]
 [ -3.64752647e-03  -1.01661474e-02]
 [ -9.61876052e-03  -8.93967747e-03]
 [  2.15082471e-03  -1.40571500e-03]
 [ -1.79320707e-02  -2.60905886e-02]
 [  8.60735519e-04  -5.27346101e-03]
 [ -8.32841310e-03  -9.74469145e-03]
 [ -2.42180619e-02  -5.47342228e-02]
 [ -1.02144304e-02   3.84951002e-04]
 [ -3.01019209e-03  -2.93887930e-02]
 [  3.49581457e-03   1.27409649e-02]
 [  1.12503897e-02   9.97889968e-03]
 [  6.90456459e-01   1.24153638e-01]]Output bias: [-0.3593465  -0.06419405]
Value MLP:Hidden weights: [array([[ -11.64364079,   -1.74920181,    8.69920806,   -1.08799622,
          -8.92590116,   -0.75484951,    0.81701595,    2.22930169,
         -22.62350515,   -4.63562208,    6.50006232,    2.60414386,
           4.44219027,    0.45458865,   12.71786326,    2.82626719,
           2.19833991,   -5.20354557,    5.29695781,   -3.08187401,
           0.59249999,   -3.87718684,   -9.25665429,    0.13034361,
           5.07588569,   -3.70859824,   -2.55876536,    4.84372055,
           0.26016041,    3.43538816,   -2.93953262,   -0.69941219,
           1.28796561,   -9.73317259,    5.85328498,   17.25718572,
           4.27930691,   -6.64555454,   -3.20337173,    2.53270763,
           0.75484514,    4.21305293,   -2.30000123,   -2.90090734,
           3.41161005,    0.92550298,    4.73187481,   -1.06884501,
         -12.80551418,   -6.91437035],
       [   0.75708899,   -2.08715735,    3.24347907,   -1.69451454,
          11.24652092,    6.51633222,   -4.0067425 ,   -0.27245612,
          13.40781231,   -1.43285574,   13.50866078,    8.27546277,
           8.90655123,    8.49042393,    9.44005335,    7.61016326,
           0.94653311,   -0.13021979,   -1.57116321,    8.1101876 ,
          -8.96547731,    4.31486111,    4.26803329,    4.03122728,
           1.58272719,    7.72763708,   -1.12476905,   -0.78846429,
          10.77538397,   -1.15409655,    1.20914849,   -9.91360091,
           8.36900246,   11.72147323,    6.27841784,   -0.64027905,
           8.7321078 ,    0.5252725 ,    9.98814065,    2.14251269,
           1.64734518,    1.35352562,   -5.14166871,    0.68066462,
          -5.09493156,   -0.52632471,   -1.01593487,    4.41999828,
           4.89873286,   -4.08374898],
       [   4.51411406,   -7.90933275,   -0.44928274,  -26.50803833,
          -3.30279965,    5.22787052,   -9.37639091,    0.79258912,
         -49.57327178,   -8.60694319,   -8.03190847,   12.00888363,
          22.28389832,    5.07079745,  -19.38202989,  -15.0420984 ,
          18.10512025,    0.89205805,  -12.04633037,  -11.93975665,
          -2.16206841,  -19.66247893,   -6.20424024,   31.69503344,
           1.45186857,   -3.54645677,   -0.86871983,    5.89774606,
          11.03016371,   -3.79271042,   -2.87325231,   -9.27992602,
          -8.14606028,    7.68900969,   16.12026315,   24.06572812,
         -17.61325935,   24.98005875,   20.86526465,   -4.96803661,
         -19.00089794,   -3.53727899,   -8.94154378,   -0.6412025 ,
          -2.19936811,   11.27586944,   -3.06650811,   17.40298937,
          15.58026556,   -4.80488883],
       [ -10.71576959,    9.41313364,   15.55694182,   -5.28470272,
          -0.59611019,  -30.4535192 ,   24.90325919,   -0.96420563,
         -28.00520085,  -17.568433  ,    6.90330257,   12.54955286,
          -3.96227604,   11.45697073,    5.77208633,   -1.30954299,
         -14.74771238,   -8.55139533,    3.05576315,   17.93552213,
          19.98558894,    9.88833426,   -2.24280146,    4.41604697,
          -6.42103428,    1.89072638,    6.16908338,   11.12532538,
          13.76131964,   -9.43038355,   13.33059872,   21.83636372,
          -7.02279373,    9.94513079,   14.34154297,    0.80587211,
          -9.25370847,   -6.6057395 ,   -2.55196154,   -1.68060433,
          -1.04722107,   -6.83444771,   21.6800966 ,  -12.38570281,
           4.74627878,   12.34496848,   12.09867242,   -0.54569612,
          10.95525044,  -18.98055948],
       [ -47.550748  ,    5.69209241,   25.0289929 ,    2.95412466,
           6.02760673,  -11.3818622 ,   10.73416118,   -0.55409742,
          40.31249009,   20.30012076,   -7.36624134,    4.39662364,
          30.33714173,    4.02448732,   -9.61319345,   16.83143176,
         -32.70678629,    7.44371093,   -3.92998392,   -5.22108636,
          -4.59450098,   -1.79045491,  -26.084301  ,   -3.81346968,
          21.7557686 ,   -3.25193292,   -1.21885343,   -7.55940953,
          -8.05307854,    7.56816201,   18.75741758,   23.13706873,
          -6.45138993,    6.2452137 ,   -1.2876117 ,    5.89612702,
          25.30436444,  -23.85592243,    5.73303283,   45.13377471,
          21.74641241,   13.91431731,   33.17737131,    1.95140146,
          25.12919691,   20.68361558,   -4.08144876,   -0.6132946 ,
          -0.98730089,   -0.71057892],
       [  -6.9822609 ,  -15.00786011,   10.00305862,  -25.59555049,
          28.54008962,  -30.63147811,   39.52326696,  -31.01961019,
         113.16139363,  -11.76004418,  -18.05065742,   24.62838889,
          29.29098196,    3.12426809,  -26.96217965,  -18.10264114,
         -18.50549531,   38.1779909 ,  -18.06714454,  -36.86727692,
         -25.34411559,  -12.76886773,    2.9192782 ,   25.32527977,
           4.00232149,  -18.63804581,   -0.26767211,    3.87692472,
          15.5528447 ,   -8.38281949,    7.97670805,   16.02757416,
         -26.76100776,   45.11977188,   11.55839634,   10.83671723,
           7.08923614,    9.62634467,   27.02791792,   20.12435603,
         -27.0631578 ,  -16.52660276,   11.78676834,   -0.18159046,
          24.00613534,    9.70065393,  -22.77084197,   16.50851922,
          35.01407712,   24.32349426],
       [   2.45131474,  -14.73764604,  -18.32192398,   -8.60395872,
          -1.39363281,    8.73450964,  -20.842922  ,   -2.49682845,
         -17.84411939,    7.96799829,   -5.73861532,  -10.73904614,
         -12.80438011,  -13.92668749,  -14.2839968 ,   -9.53355177,
           4.88359141,    4.78732516,    4.10987219,   -8.23046822,
          -2.95105284,   -6.15858453,    1.12523261,   -1.06607924,
          -8.52816195,   -9.07760084,   -4.77980985,  -12.18329554,
           3.15810184,  -28.98829679,  -16.81446337,   -5.6201954 ,
         -10.37389285,    0.82790088,  -13.06684801,    4.57198002,
          -7.25053287,    2.98499325,   -3.37418671,  -21.11129013,
          -9.13833833,  -14.55057191,  -10.97872386,    5.81540198,
          11.12410088,   -7.02597399,   -7.03502417,  -10.30920909,
           1.70628319,    9.64320334],
       [ -12.63365048,   20.12330689,    0.96203502,    3.8941283 ,
         -15.04715202,    2.05143668,   -9.35618715,    9.34810975,
         -16.94030554,   15.24693295,  -10.13786126,   -5.96141727,
         -14.51665992,  -15.48888   ,   -6.70179646,   -3.49693727,
          12.38382464,   -4.06384861,   27.48469524,   -3.73775349,
          -6.91917352,    3.6031907 ,  -13.354798  ,  -14.76151055,
          16.44181909,  -21.57825049,   -4.3406597 ,  -12.29074585,
         -14.93170737,   -5.59954005,   -5.30850615,  -11.37473644,
           1.44795662,    1.68641152,  -10.85921067,    9.32830849,
         -13.9020718 ,   -2.15934421,    6.71808019,   -0.75077816,
          -2.77122001,   14.10097943,   -5.79734793,   13.42602113,
          -1.64366394,   -3.63189938,   -8.30896832,   24.77205365,
           5.3241444 ,    0.53943765]])]Hidden bias: [array([  1.51367586, -15.42069477,  -9.35828392,   5.13876821,
       -37.5765541 ,  21.45570758, -32.61983625, -19.24060638,
        16.09304237,  23.48305302, -17.62844432, -19.60747364,
        -2.87054343, -22.47006744, -14.8369994 , -22.79159519,
        15.59525504, -21.56357735, -11.0674231 , -21.96590116,
       -22.63475324, -25.57626961, -11.52683775,   4.94589867,
         2.30844369, -16.93552742, -10.57753996, -26.35742643,
       -27.69683866,  14.31009001, -19.6746618 , -27.63421856,
         8.67421927, -22.92878939, -30.01049224,  12.23265612,
        10.19111902,  15.1141033 ,  -8.2846165 ,  -6.08382124,
         0.31893029,  13.27361216, -18.11362558,  22.15955447,
        -3.47108878, -18.12665849, -23.41756836,  -1.99284411,
       -14.38311546,  19.45101775])]Output weights: [[-1.61928462]
 [-1.68675577]
 [ 1.40194249]
 [-1.77904134]
 [-2.60515115]
 [ 0.71806183]
 [ 5.10226032]
 [-6.89023656]
 [ 0.40476701]
 [-3.86810239]
 [-5.02420709]
 [-2.820235  ]
 [ 1.75109254]
 [-5.42740363]
 [-1.80059966]
 [ 6.73883183]
 [ 4.90491346]
 [-2.15613864]
 [-2.89720216]
 [-5.07467667]
 [-2.41090818]
 [-8.46235484]
 [ 4.57513497]
 [-4.50830791]
 [-0.25999422]
 [-6.37956065]
 [-1.71808672]
 [ 5.37831688]
 [ 7.92560196]
 [ 4.51528741]
 [-5.34240445]
 [ 7.17302912]
 [ 0.73314349]
 [-4.76189403]
 [-4.65259828]
 [ 1.10454568]
 [ 5.15799548]
 [-4.03922467]
 [-1.43112099]
 [-2.8821162 ]
 [ 0.99953606]
 [-3.99835073]
 [-3.52579945]
 [-2.37178618]
 [-2.45742509]
 [-5.87837064]
 [ 0.544747  ]
 [ 0.23941121]
 [-1.36019789]
 [-0.26016661]]Output bias: [-59.21541105]