Action MLP:Hidden weights: [array([[ 0.0383386 ,  0.07640335,  0.05374276, ...,  0.04929381,
         0.04774995,  0.07509016],
       [ 0.01537115,  0.06773314,  0.06713582, ...,  0.04005777,
         0.04883061,  0.06395791],
       [ 0.01253216,  0.06783318,  0.04992411, ...,  0.02495738,
         0.03432567,  0.06530914],
       ..., 
       [-0.00723854, -0.01160563, -0.00073901, ..., -0.00614914,
        -0.00209877, -0.00989171],
       [ 0.00077001, -0.00970238,  0.00298311, ...,  0.00352624,
        -0.00122931,  0.00238932],
       [-0.00645608, -0.00045666,  0.00747215, ...,  0.00162062,
        -0.00909356,  0.0094614 ]])]Hidden bias: [array([-0.87116772, -0.74570613, -0.79420858, -0.84200758, -0.79328864,
       -0.81743742, -0.79271631, -0.83316534, -0.849614  , -0.82627298,
       -0.81621413, -0.83960796, -0.86191279, -0.68240548, -0.81707475,
       -0.81004926, -0.88205159, -0.8424349 , -0.83469966, -0.7656728 ])]Output weights: [[  1.08115814e-02  -7.93856992e-03]
 [ -5.58714632e-03   2.68946275e-02]
 [  5.84537043e-03  -2.19301333e-03]
 [  7.71231270e-03  -4.55758270e-03]
 [ -4.01120034e-02   2.51212196e-02]
 [  4.66328960e-01   2.10660032e-01]
 [  6.65977565e-03  -1.98152643e-03]
 [  1.06023139e-02  -7.03899945e-03]
 [  1.56761868e-02  -8.24170566e-03]
 [ -5.83641825e-04  -3.98553766e-04]
 [  9.59379500e-03  -3.67088419e-03]
 [  1.84568938e-02  -1.03445108e-02]
 [  8.25090858e-03  -7.92040283e-03]
 [ -6.91900602e-02   5.67700179e-01]
 [  1.33352029e-02  -7.20237763e-03]
 [ -2.28494623e-04  -2.57718963e-06]
 [  2.94078791e-02  -1.67489985e-02]
 [  1.05715041e-02  -7.85073359e-03]
 [  8.93712122e-03  -6.52843983e-03]
 [  8.66509049e-04   1.02790199e-02]]Output bias: [ 0.18908484  0.00177013]
Value MLP:Hidden weights: [array([[ 0.27433867,  0.2895492 ,  0.27808922, ...,  0.2692286 ,
         0.27127166,  0.28704783],
       [ 0.82202963,  0.81679329,  0.78537833, ...,  0.74293697,
         0.78831461,  0.78388973],
       [ 1.23736387,  1.2335121 ,  1.18289097, ...,  1.16376661,
         1.22234286,  1.19360948],
       ..., 
       [ 0.20892732,  0.21484323,  0.19721609, ...,  0.1970437 ,
         0.20020382,  0.20761862],
       [-0.00980609,  0.00785878,  0.00958908, ...,  0.00491813,
         0.00350982,  0.00632543],
       [ 0.00428621, -0.00302436, -0.00913088, ..., -0.00792054,
         0.00766025, -0.00886458]])]Hidden bias: [array([ 0.56371442,  0.57506767,  0.49369058,  0.45803214,  0.48261626,
        0.46484468,  0.52517886,  0.52887841,  0.55469575,  0.40984052,
        0.53073519,  0.4679799 ,  0.36542731,  0.44351614,  0.33831433,
        0.31822725,  0.54499499,  0.43709179,  0.50449683,  0.48999635])]Output weights: [[-3.25268969]
 [-3.2273843 ]
 [-3.33074688]
 [-3.35560793]
 [-3.32343516]
 [-3.34789776]
 [-3.29616914]
 [-3.28180463]
 [-3.25578393]
 [-3.37891255]
 [-3.2912968 ]
 [-3.3424741 ]
 [-3.41666789]
 [-3.34478333]
 [-3.42243185]
 [-3.42186244]
 [-3.27156988]
 [-3.35870659]
 [-3.31348934]
 [-3.32755615]]Output bias: [-22.34729986]