Action MLP:Hidden weights: [array([[  2.15335010e-03,   5.07854532e-03,  -5.06102763e-03, ...,
         -1.52859451e-02,  -3.39065197e-02,  -2.04478541e-02],
       [  3.78520790e-02,   4.44016728e-02,   3.49298025e-02, ...,
          3.40921821e-02,   3.84265140e-02,   3.67556365e-02],
       [  3.39959612e-02,   3.06607898e-02,   4.17977221e-02, ...,
          3.59593715e-02,   5.73778785e-02,   3.91116725e-02],
       ..., 
       [ -3.12523950e-03,  -7.75880885e-03,   7.39901731e-03, ...,
         -4.24583867e-03,  -6.47365390e-03,  -5.10396228e-03],
       [ -1.00618436e-03,  -1.55651458e-03,   1.87523376e-05, ...,
          8.74354073e-03,  -8.13271743e-03,  -3.95549340e-03],
       [ -1.23546929e-02,   5.09706505e-03,  -1.67338363e-02, ...,
          4.76286803e-04,  -2.84340516e-02,  -2.06272470e-02]])]Hidden bias: [array([-0.76309708, -0.77189813, -0.76284474, -0.7662496 , -0.76743643,
       -0.76779416, -0.76133559, -0.78852466, -0.76092766, -0.75872079,
       -0.7653387 , -0.76504012, -0.75582397, -0.76839943, -0.75966533,
       -0.81957107, -0.76207366, -0.75938292, -0.7891177 , -0.75930855])]Output weights: [[ -7.06435431e-03  -2.12380711e-02]
 [ -9.50987193e-03  -1.53329174e-02]
 [ -1.20421492e-02  -1.51998119e-02]
 [ -1.12190468e-02  -1.72024596e-02]
 [ -1.08903481e-02  -1.41381460e-05]
 [ -1.61752652e-02  -2.24366591e-02]
 [ -6.63939902e-03  -2.63376677e-02]
 [  1.36623444e-01  -3.50558220e-01]
 [ -5.77955070e-03  -1.17864065e-02]
 [ -7.69911444e-03  -8.17617601e-03]
 [ -5.11514127e-03  -2.20161715e-03]
 [ -1.08587966e-02  -2.24341138e-02]
 [ -1.31397360e-02  -2.11848483e-02]
 [ -1.63800276e-02  -3.61704716e-03]
 [ -9.81789916e-03  -3.26006058e-03]
 [  4.33261435e-03  -2.42469118e-02]
 [ -1.00821861e-02  -1.97283558e-02]
 [ -6.34535438e-03  -2.06441166e-02]
 [ -1.09306568e-02  -7.95412071e-03]
 [ -9.42544302e-03  -2.06993077e-02]]Output bias: [ 0.15611051  0.50767906]
Value MLP:Hidden weights: [array([[-0.00998485, -0.00862694,  0.00395565, ..., -0.00915666,
        -0.00889235,  0.00191243],
       [ 0.00175073, -0.00723798, -0.00460619, ..., -0.00283406,
        -0.00697807,  0.00439274],
       [ 0.0093    ,  0.00086121,  0.00253138, ..., -0.00863278,
         0.00028744, -0.00698094],
       ..., 
       [ 0.00396985,  0.00191055,  0.00942344, ..., -0.00982465,
         0.00089315,  0.00175356],
       [ 0.00762704, -0.00098857,  0.00197392, ...,  0.00355022,
         0.00426944,  0.00145942],
       [ 0.00593204,  0.00788859, -0.00805609, ...,  0.00783169,
         0.00561622,  0.00911615]])]Hidden bias: [array([-59.94716354, -35.54351079, -30.11848149, -51.5939529 ,
       -48.91614632, -53.40505972, -43.45614726, -52.15332754,
       -83.48458543, -27.3662784 , -74.83057648, -86.24407908,
       -34.25797808, -48.4710849 , -27.49012363, -76.84302026,
       -58.6134483 , -37.14101955, -46.01562091, -42.65529012])]Output weights: [[-0.14710737]
 [ 0.5649594 ]
 [ 0.73172925]
 [ 0.10341632]
 [ 0.19023413]
 [ 0.02531122]
 [ 0.32818361]
 [ 0.09629488]
 [-0.85127077]
 [ 0.78844884]
 [-0.59417515]
 [-0.90970562]
 [ 0.60069601]
 [ 0.19417285]
 [ 0.79430056]
 [-0.63877345]
 [-0.12679682]
 [ 0.52208332]
 [ 0.26820552]
 [ 0.32619106]]Output bias: [ 135.57250706]