Action MLP:Hidden weights: [array([[  2.15335010e-03,   5.07854532e-03,  -5.06102763e-03, ...,
         -1.52859451e-02,  -3.39065197e-02,  -2.04478541e-02],
       [  3.78520790e-02,   4.44016728e-02,   3.49298025e-02, ...,
          3.40921821e-02,   3.84265140e-02,   3.67556365e-02],
       [  3.39959612e-02,   3.06607898e-02,   4.17977221e-02, ...,
          3.59593715e-02,   5.73778785e-02,   3.91116725e-02],
       ..., 
       [ -3.12523950e-03,  -7.75880885e-03,   7.39901731e-03, ...,
         -4.24583867e-03,  -6.47365390e-03,  -5.10396228e-03],
       [ -1.00618436e-03,  -1.55651458e-03,   1.87523376e-05, ...,
          8.74354073e-03,  -8.13271743e-03,  -3.95549340e-03],
       [ -1.23546929e-02,   5.09706505e-03,  -1.67338363e-02, ...,
          4.76286803e-04,  -2.84340516e-02,  -2.06272470e-02]])]Hidden bias: [array([-0.7631029 , -0.77190387, -0.76285148, -0.76625624, -0.76744034,
       -0.76780339, -0.76134198, -0.78853742, -0.76093145, -0.75872473,
       -0.76534083, -0.76504748, -0.75583189, -0.7684059 , -0.75966932,
       -0.81957511, -0.76208053, -0.75938836, -0.78912387, -0.75931528])]Output weights: [[ -7.04557760e-03  -2.12603151e-02]
 [ -9.46837148e-03  -1.53046505e-02]
 [ -1.20388410e-02  -1.52217703e-02]
 [ -1.12131478e-02  -1.72356611e-02]
 [ -1.08766060e-02   8.47986829e-06]
 [ -1.61521355e-02  -2.24289670e-02]
 [ -6.60380901e-03  -2.63252777e-02]
 [  1.36716575e-01  -3.50576290e-01]
 [ -5.76584988e-03  -1.17505127e-02]
 [ -7.67628554e-03  -8.14260300e-03]
 [ -5.11880417e-03  -2.16511049e-03]
 [ -1.08667477e-02  -2.24766366e-02]
 [ -1.31307312e-02  -2.12030639e-02]
 [ -1.63544125e-02  -3.58210665e-03]
 [ -9.80877639e-03  -3.19623707e-03]
 [  4.29405462e-03  -2.42109585e-02]
 [ -1.00893522e-02  -1.97486993e-02]
 [ -6.33309303e-03  -2.06438772e-02]
 [ -1.09625811e-02  -7.94903444e-03]
 [ -9.43404772e-03  -2.07180354e-02]]Output bias: [ 0.15646229  0.50783094]
Value MLP:Hidden weights: [array([[-0.00998485, -0.00862694,  0.00395565, ..., -0.00915666,
        -0.00889235,  0.00191243],
       [ 0.00175073, -0.00723798, -0.00460619, ..., -0.00283406,
        -0.00697807,  0.00439274],
       [ 0.0093    ,  0.00086121,  0.00253138, ..., -0.00863278,
         0.00028744, -0.00698094],
       ..., 
       [ 0.00396985,  0.00191055,  0.00942344, ..., -0.00982465,
         0.00089315,  0.00175356],
       [ 0.00762704, -0.00098857,  0.00197392, ...,  0.00355022,
         0.00426944,  0.00145942],
       [ 0.00593204,  0.00788859, -0.00805609, ...,  0.00783169,
         0.00561622,  0.00911615]])]Hidden bias: [array([-59.94716354, -35.54351079, -30.11848149, -51.5939529 ,
       -48.91614632, -53.40505972, -43.45614726, -52.15332754,
       -83.48458543, -27.3662784 , -74.83057648, -86.24407908,
       -34.25797808, -48.4710849 , -27.49012363, -76.84302026,
       -58.6134483 , -37.14101955, -46.01562091, -42.65529012])]Output weights: [[ 3.61425736]
 [ 4.32632413]
 [ 4.49309398]
 [ 3.86478105]
 [ 3.95159886]
 [ 3.78667595]
 [ 4.08954834]
 [ 3.85765961]
 [ 2.91009396]
 [ 4.54981357]
 [ 3.16718958]
 [ 2.85165911]
 [ 4.36206074]
 [ 3.95553759]
 [ 4.55566529]
 [ 3.12259128]
 [ 3.63456791]
 [ 4.28344805]
 [ 4.02957025]
 [ 4.08755579]]Output bias: [ 131.81114233]