Action MLP:Hidden weights: [array([[ -9.23364151e-03,  -6.34521878e-03,   6.61939692e-03, ...,
          7.68215320e-03,   8.13122426e-03,  -5.65316470e-03],
       [ -7.38828057e-03,   3.96438468e-03,  -1.42430102e-03, ...,
         -2.89116267e-03,  -7.98691457e-03,  -5.58049700e-04],
       [ -8.98654307e-05,   3.63651144e-03,   7.53538483e-03, ...,
          8.17503098e-04,   9.50767640e-03,   1.22978259e-02],
       ..., 
       [  1.43841739e-02,   1.70644957e-02,   6.40975951e-03, ...,
          1.46414202e-02,   6.95608454e-03,  -1.65594861e-04],
       [ -4.92485636e-03,  -1.23624861e-03,   7.95327848e-03, ...,
          3.39257200e-03,   2.05306488e-03,   2.60769099e-04],
       [ -5.85390595e-03,   2.98910993e-03,   3.69736374e-03, ...,
          2.77508516e-03,  -2.15778576e-03,  -6.74794135e-03]])]Hidden bias: [array([-0.93417165, -0.93276349, -0.93286125, -0.9342508 , -0.93263996,
       -0.93427872, -0.93239035, -0.93244678, -0.93269941, -0.93150486,
       -0.93227453, -0.93267797, -0.93302977, -0.93333271, -0.93266115,
       -0.93358914, -0.93326217, -0.93303685, -0.93273645, -0.93205301])]Output weights: [[  9.14535611e-04   5.17823145e-03]
 [  5.03932776e-03   1.62580870e-03]
 [  1.25480965e-03   2.41563861e-03]
 [ -4.88170409e-04   1.23096772e-03]
 [  1.56137613e-03   2.58356692e-03]
 [ -3.95656514e-03   3.99574843e-03]
 [  5.27993166e-03   1.71812459e-03]
 [ -3.26100751e-03   3.70080462e-03]
 [  2.37026815e-03   4.47261768e-03]
 [  4.62411913e-03  -3.17434998e-04]
 [  4.45703077e-03  -2.20072111e-03]
 [  3.02260837e-03   2.36260338e-03]
 [  8.31431907e-04   4.54608482e-03]
 [  8.75244550e-03   2.90026310e-03]
 [  9.43758257e-03   4.79180371e-03]
 [  7.07661745e-03   2.71074188e-03]
 [  3.55103695e-05   4.17483563e-03]
 [  1.00374480e-03   1.92008206e-03]
 [  5.24621282e-03   7.17072869e-03]
 [  4.31532075e-03   2.14484808e-03]]Output bias: [ 1.01972265  1.00341352]
Value MLP:Hidden weights: [array([[ 0.00600464,  0.00527256,  0.00340614, ...,  0.00542006,
        -0.00303715,  0.00953501],
       [-0.00559189, -0.00022125,  0.00161667, ...,  0.00041274,
        -0.00532263,  0.00423513],
       [-0.00910408, -0.00907599, -0.0060621 , ..., -0.02186299,
        -0.01990563, -0.01431269],
       ..., 
       [-0.02893135, -0.03092347, -0.03332917, ..., -0.02610502,
        -0.03236019, -0.02407969],
       [-0.00339542, -0.00422659, -0.00554685, ...,  0.00769141,
         0.00579592, -0.00720046],
       [-0.00546835, -0.00772879,  0.00851107, ...,  0.00262473,
        -0.00116786,  0.00402131]])]Hidden bias: [array([-1.239418  , -1.24786343, -1.23766962, -1.24436931, -1.24212862,
       -1.23756955, -1.23646948, -1.25112399, -1.23591144, -1.25007673,
       -1.23645079, -1.23577297, -1.23935192, -1.24418817, -1.24651468,
       -1.24235677, -1.24575588, -1.24186384, -1.24005451, -1.23716727])]Output weights: [[ 4.4259174 ]
 [ 4.85919984]
 [ 4.30195027]
 [ 4.740445  ]
 [ 4.49165811]
 [ 4.36983643]
 [ 4.4417832 ]
 [ 4.93276013]
 [ 4.29280322]
 [ 4.90175978]
 [ 4.34538625]
 [ 4.3149369 ]
 [ 4.42979467]
 [ 4.74962244]
 [ 4.75901615]
 [ 4.63069279]
 [ 4.61530507]
 [ 4.55234064]
 [ 4.38757812]
 [ 4.32147225]]Output bias: [-5.01875298]