Action MLP:Hidden weights: [array([[ 0.00291357,  0.00595603, -0.00991981, ..., -0.00380821,
         0.00024208, -0.00648151],
       [ 0.00552619,  0.00508138, -0.00205699, ...,  0.00800491,
        -0.00042201,  0.00396717],
       [ 0.00796055,  0.0097053 ,  0.00981172, ...,  0.0003475 ,
         0.00634801,  0.00899266],
       ..., 
       [-0.00148604, -0.00834841,  0.00190033, ...,  0.00013838,
         0.00194524, -0.00293905],
       [-0.00862747, -0.00140455, -0.00648524, ..., -0.00902249,
        -0.00839677,  0.0048035 ],
       [ 0.0058852 , -0.0055099 ,  0.00929192, ..., -0.00935156,
        -0.00663874, -0.00853327]])]Hidden bias: [array([-1.00000402, -1.00000109, -1.00000284, -1.00000157, -0.99999616,
       -0.99999998, -0.99999807, -0.99999973, -0.99999825, -1.0000052 ,
       -1.00000132, -1.00000009, -1.00000081, -0.99999967, -0.99999936,
       -0.99999909, -0.99999939, -1.00000283, -0.99999972, -1.00000305])]Output weights: [[ 0.00930312  0.00750129]
 [ 0.00687406  0.00147228]
 [-0.00029034  0.00913664]
 [ 0.00952779  0.00145927]
 [-0.00045899 -0.00787665]
 [-0.0086158   0.00607488]
 [-0.00799932  0.00078202]
 [-0.00160407  0.00204396]
 [-0.00190376 -0.00151727]
 [ 0.00949385  0.01026188]
 [-0.00248647  0.00641691]
 [-0.00163942  0.00293223]
 [-0.00810481  0.00761822]
 [ 0.00152784  0.00043411]
 [-0.00511202  0.00279664]
 [-0.00523273  0.00209958]
 [-0.00514586  0.00282653]
 [ 0.00147165  0.00778563]
 [-0.006293    0.00423753]
 [ 0.00991502  0.00505683]]Output bias: [ 0.9995556   0.99904605]
Value MLP:Hidden weights: [array([[ 0.00568655,  0.00371155, -0.00528982, ...,  0.00040414,
        -0.00523559,  0.00663773],
       [-0.00031978, -0.00671338,  0.00593023, ..., -0.00265301,
         0.0090268 ,  0.00978766],
       [-0.00080559,  0.0026695 , -0.00809438, ..., -0.00958998,
         0.00544002,  0.00414819],
       ..., 
       [-0.00408109, -0.00479587,  0.00305437, ..., -0.00525855,
        -0.00754624,  0.00225801],
       [-0.0023503 , -0.00471939,  0.00687184, ..., -0.00799875,
         0.00700845, -0.00183199],
       [ 0.00796945, -0.00561554,  0.00881651, ..., -0.00473771,
        -0.00338516,  0.00468399]])]Hidden bias: [array([-1.04875777, -1.04943751, -1.04702677, -1.04974341, -1.0467091 ,
       -1.04519756, -1.04795424, -1.04693818, -1.0483241 , -1.04713011,
       -1.04813008, -1.04667753, -1.04715725, -1.04799686, -1.0468374 ,
       -1.04920588, -1.04602589, -1.04622759, -1.04688022, -1.04879907])]Output weights: [[ 0.50689442]
 [ 0.51009993]
 [ 0.5001154 ]
 [ 0.50403586]
 [ 0.51173299]
 [ 0.4992858 ]
 [ 0.48950047]
 [ 0.4987485 ]
 [ 0.5058047 ]
 [ 0.51022794]
 [ 0.50438784]
 [ 0.49170988]
 [ 0.50056671]
 [ 0.50817577]
 [ 0.50286464]
 [ 0.50511864]
 [ 0.50048852]
 [ 0.48987547]
 [ 0.49520776]
 [ 0.49581113]]Output bias: [ 0.37511165]