Action MLP:Hidden weights: [array([[  1.81200658e-04,   1.59351317e-03,   7.58705722e-03, ...,
          9.49473852e-04,  -6.61244019e-03,   1.05222322e-03],
       [ -1.50870789e-03,  -1.69446773e-03,  -7.64674927e-03, ...,
          3.97426479e-03,  -1.03461827e-02,   7.89394801e-03],
       [  4.11414555e-03,  -1.33723647e-03,   8.67213683e-03, ...,
         -7.49558843e-03,  -3.57202619e-03,  -4.39229539e-03],
       ..., 
       [ -8.84849422e-03,   4.03105908e-03,   3.03527982e-03, ...,
         -7.01011867e-03,   7.98036685e-03,   8.84526746e-03],
       [  8.25043711e-03,   1.26172678e-03,   8.87435999e-03, ...,
         -5.43636113e-03,   5.89231360e-03,  -7.96977070e-03],
       [ -5.32938145e-04,  -5.86452183e-03,  -5.80303428e-05, ...,
          8.38362057e-04,  -1.42279588e-03,  -2.26879387e-03]])]Hidden bias: [array([-0.99471898, -0.99462839, -0.99427463, -0.99457964, -0.9927955 ,
       -0.99272   , -0.99400893, -0.9904754 , -0.9928633 , -0.99307519,
       -0.99352252, -0.99387266, -0.99033447, -0.99309284, -0.99378792,
       -0.99433021, -0.99279415, -0.99343904, -0.99250527, -0.99290475])]Output weights: [[ 0.0578277   0.03073075]
 [ 0.06302234  0.04379471]
 [ 0.05542889  0.03798814]
 [ 0.05626189  0.04743276]
 [ 0.05827851  0.06920397]
 [ 0.06333742  0.06334154]
 [ 0.06609222  0.05564977]
 [ 0.06365722  0.08524736]
 [ 0.04746661  0.06715912]
 [ 0.06901342  0.05513715]
 [ 0.05370621  0.0606549 ]
 [ 0.06735812  0.05303852]
 [ 0.07191898  0.0767231 ]
 [ 0.05630851  0.05690617]
 [ 0.05054935  0.05611207]
 [ 0.0567994   0.04223911]
 [ 0.06097697  0.06426073]
 [ 0.05420359  0.04854698]
 [ 0.04518475  0.06513478]
 [ 0.0520119   0.07064416]]Output bias: [ 0.93317147  0.96534403]
Value MLP:Hidden weights: [array([[  1.27295580e+00,   2.56954847e+00,   3.42922327e+00, ...,
          2.29233468e+00,   2.34461717e-01,  -3.19284838e+00],
       [  6.61367245e-01,   1.73121187e+00,   2.99113554e+00, ...,
          2.95831124e-01,  -5.26410967e-02,  -2.13231793e+00],
       [  6.59661925e-04,   1.81382326e+00,   1.92678983e+00, ...,
         -1.01136832e+00,  -2.09270421e-01,  -2.98885384e-01],
       ..., 
       [ -2.60317427e-02,  -7.39012934e-03,  -1.15493708e-02, ...,
         -2.62439199e-01,  -4.09583151e-01,  -2.79719978e-02],
       [  7.12577982e-03,  -9.28238219e-03,  -8.57153057e-03, ...,
          2.10402743e-02,   8.13442407e-04,   3.56990948e-03],
       [  5.72352666e-01,   1.44412253e+00,   1.62894386e+00, ...,
          1.37519171e+00,   1.55105326e-01,  -1.33408381e+00]])]Hidden bias: [array([-0.28424789,  0.73291949,  2.24509616, -2.27106371,  1.92036742,
        1.22852585, -2.19255063, -4.76095147, -2.45670249, -5.66480978,
       -2.2119575 , -2.7343541 , -2.1967481 , -2.19943745, -4.27025791,
        2.1276139 , -2.52983152, -1.67856857, -2.18977051, -1.90902037])]Output weights: [[  3.48680823]
 [  7.31506123]
 [ 10.2283627 ]
 [  6.72575625]
 [  9.1407461 ]
 [  8.86548261]
 [ 13.4931081 ]
 [ 12.78494335]
 [ 13.45562504]
 [ 14.50098393]
 [ 13.47483237]
 [ 11.49290983]
 [ 13.48838805]
 [ 13.49396403]
 [ 11.75096964]
 [  7.63473223]
 [ 13.11112734]
 [ 11.89010499]
 [ 13.50713758]
 [ 18.4289327 ]]Output bias: [-12.88744289]