Action MLP:Hidden weights: [array([[  1.79126861e-04,   1.59110216e-03,   7.58492197e-03, ...,
          9.47214849e-04,  -6.61459496e-03,   1.04975231e-03],
       [ -1.51020888e-03,  -1.69625765e-03,  -7.64831876e-03, ...,
          3.97254324e-03,  -1.03479413e-02,   7.89195876e-03],
       [  4.11333132e-03,  -1.33835022e-03,   8.67117872e-03, ...,
         -7.49680786e-03,  -3.57358946e-03,  -4.39396819e-03],
       ..., 
       [ -8.84849311e-03,   4.03106026e-03,   3.03528088e-03, ...,
         -7.01011771e-03,   7.98036757e-03,   8.84526831e-03],
       [  8.25043933e-03,   1.26172916e-03,   8.87436212e-03, ...,
         -5.43635919e-03,   5.89231505e-03,  -7.96976899e-03],
       [ -5.33880010e-04,  -5.86561698e-03,  -5.90037240e-05, ...,
          8.37335517e-04,  -1.42377176e-03,  -2.26991373e-03]])]Hidden bias: [array([-0.99472012, -0.99462923, -0.99427551, -0.99457993, -0.99279455,
       -0.99271977, -0.99400942, -0.9904738 , -0.99286195, -0.99307589,
       -0.99352215, -0.99387347, -0.99033391, -0.99309261, -0.99378743,
       -0.99433082, -0.99279391, -0.99343931, -0.99250396, -0.99290373])]Output weights: [[ 0.05790159  0.03065132]
 [ 0.06309359  0.04371756]
 [ 0.05550035  0.03790864]
 [ 0.05633138  0.04735779]
 [ 0.0583483   0.06913005]
 [ 0.06340765  0.06326578]
 [ 0.06616237  0.05557247]
 [ 0.06372456  0.08517534]
 [ 0.04753916  0.06708263]
 [ 0.0690821   0.05506112]
 [ 0.05377431  0.06057891]
 [ 0.06742784  0.05296014]
 [ 0.07198692  0.07665001]
 [ 0.05637925  0.05682993]
 [ 0.05061956  0.05603635]
 [ 0.05687054  0.04216199]
 [ 0.06104494  0.06418543]
 [ 0.05427324  0.04846989]
 [ 0.04525439  0.06506006]
 [ 0.05208097  0.07056746]]Output bias: [ 0.93307115  0.96545215]
Value MLP:Hidden weights: [array([[  5.80037335e-01,   2.46286310e+00,   3.42093199e+00, ...,
          2.74565000e-01,   9.18209129e-02,  -1.46426763e+00],
       [  2.77477941e-01,   1.66192368e+00,   2.91385478e+00, ...,
         -1.75133359e-03,  -5.48211498e-02,  -1.32201510e+00],
       [  2.17716362e-02,   1.73637295e+00,   1.73419120e+00, ...,
         -1.71302758e-01,  -1.19326265e-01,  -1.10515769e+00],
       ..., 
       [ -2.60213257e-02,  -7.39004414e-03,  -1.15493708e-02, ...,
         -2.68406500e-01,  -4.10369019e-01,  -2.79721612e-02],
       [  7.12263481e-03,  -9.28239644e-03,  -8.57153057e-03, ...,
          4.15687739e-03,  -9.51698730e-04,   3.56953999e-03],
       [  2.46966442e-01,   1.39415324e+00,   1.63135793e+00, ...,
          1.79717602e-01,   6.67606455e-02,  -5.38154478e-01]])]Hidden bias: [array([-0.19781593,  1.8181846 ,  0.1864406 , -1.78151992,  1.9219623 ,
       -1.90539554, -2.16173715, -1.35638507, -2.13732579, -3.86795474,
       -2.16904534, -1.92280262, -2.15314965, -2.1620142 , -2.03925155,
        0.41863264, -2.14934608, -1.9897291 , -2.16247963, -0.65914988])]Output weights: [[  5.83417511]
 [  8.43389777]
 [ 13.03499613]
 [ 11.11010491]
 [ 11.60244349]
 [ 11.07692261]
 [ 11.03281483]
 [ 11.00148635]
 [ 11.04832958]
 [ 11.99588053]
 [ 11.01493437]
 [ 11.08099888]
 [ 11.02850751]
 [ 11.03393357]
 [ 11.01527571]
 [  8.96799379]
 [ 10.78167454]
 [ 11.10064226]
 [ 11.04674458]
 [ 15.98227635]]Output bias: [-10.42565723]