Action MLP:Hidden weights: [array([[  1.81199971e-04,   1.59351238e-03,   7.58705653e-03, ...,
          9.49473045e-04,  -6.61244110e-03,   1.05222225e-03],
       [ -1.50870845e-03,  -1.69446835e-03,  -7.64674984e-03, ...,
          3.97426423e-03,  -1.03461832e-02,   7.89394732e-03],
       [  4.11414464e-03,  -1.33723744e-03,   8.67213594e-03, ...,
         -7.49558925e-03,  -3.57202681e-03,  -4.39229621e-03],
       ..., 
       [ -8.84849422e-03,   4.03105908e-03,   3.03527982e-03, ...,
         -7.01011867e-03,   7.98036685e-03,   8.84526746e-03],
       [  8.25043711e-03,   1.26172678e-03,   8.87435999e-03, ...,
         -5.43636113e-03,   5.89231360e-03,  -7.96977070e-03],
       [ -5.32938578e-04,  -5.86452231e-03,  -5.80307428e-05, ...,
          8.38361600e-04,  -1.42279634e-03,  -2.26879436e-03]])]Hidden bias: [array([-0.99471899, -0.9946284 , -0.99427464, -0.99457965, -0.99279551,
       -0.99272001, -0.99400894, -0.99047541, -0.9928633 , -0.9930752 ,
       -0.99352253, -0.99387267, -0.99033449, -0.99309285, -0.99378793,
       -0.99433022, -0.99279415, -0.99343904, -0.99250528, -0.99290476])]Output weights: [[ 0.05782788  0.03073078]
 [ 0.06302253  0.04379474]
 [ 0.05542908  0.03798817]
 [ 0.05626207  0.04743279]
 [ 0.05827868  0.069204  ]
 [ 0.0633376   0.06334157]
 [ 0.0660924   0.0556498 ]
 [ 0.06365739  0.08524738]
 [ 0.04746679  0.06715915]
 [ 0.06901359  0.05513718]
 [ 0.05370639  0.06065492]
 [ 0.0673583   0.05303854]
 [ 0.07191915  0.07672312]
 [ 0.05630869  0.05690619]
 [ 0.05054953  0.0561121 ]
 [ 0.05679958  0.04223914]
 [ 0.06097715  0.06426076]
 [ 0.05420377  0.04854701]
 [ 0.04518492  0.06513481]
 [ 0.05201208  0.07064419]]Output bias: [ 0.93317122  0.96534399]
Value MLP:Hidden weights: [array([[  1.38926758e+00,   2.78248862e+00,   3.42922329e+00, ...,
          5.65703698e-01,   1.74656811e-01,  -1.55813666e+00],
       [  8.42219742e-01,   1.80872612e+00,   2.99113555e+00, ...,
          3.67343852e-02,  -4.09603405e-02,  -1.26300991e+00],
       [ -5.80017751e-02,   1.84606628e+00,   1.92679250e+00, ...,
         -2.96490922e-01,  -1.58262157e-01,  -1.21982684e+00],
       ..., 
       [ -2.60317427e-02,  -7.39012934e-03,  -1.15493708e-02, ...,
         -2.62439199e-01,  -4.09583151e-01,  -2.79719978e-02],
       [  7.12577982e-03,  -9.28238219e-03,  -8.57153057e-03, ...,
          2.10402743e-02,   8.13442407e-04,   3.56990948e-03],
       [  5.95133444e-01,   1.55509413e+00,   1.62894387e+00, ...,
          3.53896244e-01,   1.14561199e-01,  -6.37781956e-01]])]Hidden bias: [array([-0.27352233,  1.32925777,  2.27365038, -2.35067255,  1.92221116,
       -1.92212034, -2.17001563, -4.27065916, -2.11557209, -5.65912424,
       -2.1744901 , -1.87036253, -2.16036404, -2.17348944, -1.74695374,
        1.34100761, -2.06564966, -1.93655338, -2.17380499, -2.30218103])]Output weights: [[  5.7682831 ]
 [  8.06396713]
 [ 11.77618465]
 [ 11.66033963]
 [ 10.68809154]
 [ 11.97385884]
 [ 11.94670589]
 [ 12.36853785]
 [ 11.96349968]
 [ 12.95377126]
 [ 11.92895826]
 [ 11.97265447]
 [ 11.9424574 ]
 [ 11.94768269]
 [ 10.45888091]
 [ 10.13627202]
 [ 11.70006145]
 [ 12.00988111]
 [ 11.96049953]
 [ 13.60805039]]Output bias: [-11.33999764]