Action MLP:Hidden weights: [array([[  1.81200658e-04,   1.59351317e-03,   7.58705722e-03, ...,
          9.49473852e-04,  -6.61244019e-03,   1.05222322e-03],
       [ -1.50870789e-03,  -1.69446773e-03,  -7.64674927e-03, ...,
          3.97426479e-03,  -1.03461827e-02,   7.89394801e-03],
       [  4.11414555e-03,  -1.33723647e-03,   8.67213683e-03, ...,
         -7.49558843e-03,  -3.57202619e-03,  -4.39229539e-03],
       ..., 
       [ -8.84849422e-03,   4.03105908e-03,   3.03527982e-03, ...,
         -7.01011867e-03,   7.98036685e-03,   8.84526746e-03],
       [  8.25043711e-03,   1.26172678e-03,   8.87435999e-03, ...,
         -5.43636113e-03,   5.89231360e-03,  -7.96977070e-03],
       [ -5.32938145e-04,  -5.86452183e-03,  -5.80303427e-05, ...,
          8.38362057e-04,  -1.42279588e-03,  -2.26879387e-03]])]Hidden bias: [array([-0.99471898, -0.99462839, -0.99427463, -0.99457964, -0.9927955 ,
       -0.99272   , -0.99400893, -0.9904754 , -0.9928633 , -0.99307519,
       -0.99352252, -0.99387266, -0.99033447, -0.99309284, -0.99378792,
       -0.99433021, -0.99279415, -0.99343904, -0.99250527, -0.99290475])]Output weights: [[ 0.0578277   0.03073075]
 [ 0.06302234  0.04379471]
 [ 0.05542889  0.03798814]
 [ 0.05626189  0.04743276]
 [ 0.05827851  0.06920397]
 [ 0.06333742  0.06334154]
 [ 0.06609222  0.05564977]
 [ 0.06365722  0.08524736]
 [ 0.04746661  0.06715912]
 [ 0.06901342  0.05513715]
 [ 0.05370621  0.0606549 ]
 [ 0.06735812  0.05303852]
 [ 0.07191898  0.0767231 ]
 [ 0.05630851  0.05690617]
 [ 0.05054935  0.05611207]
 [ 0.0567994   0.04223911]
 [ 0.06097697  0.06426073]
 [ 0.05420359  0.04854698]
 [ 0.04518475  0.06513478]
 [ 0.0520119   0.07064416]]Output bias: [ 0.93317147  0.96534403]
Value MLP:Hidden weights: [array([[  1.32699148e+00,   2.64191493e+00,   3.42922327e+00, ...,
          1.04819793e+00,   2.87566057e+00,  -4.34714304e+00],
       [  4.77710812e-01,   1.57102536e+00,   2.99113509e+00, ...,
         -3.39331537e-01,   1.44262793e+00,  -3.44884365e+00],
       [ -3.69053473e-01,   1.62507888e+00,   1.92676099e+00, ...,
         -9.26103837e-01,   4.44989083e-02,  -1.61959871e+00],
       ..., 
       [ -6.82839535e-02,  -7.39013390e-03,  -1.15493708e-02, ...,
         -2.62439256e-01,  -4.09584268e-01,  -2.84456274e-02],
       [ -7.26977046e-02,  -9.28238224e-03,  -8.57153057e-03, ...,
          2.10401613e-02,   8.13442195e-04,   3.56990948e-03],
       [  6.27253190e-01,   1.53286365e+00,   1.62894386e+00, ...,
          7.41593417e-01,   1.47441220e+00,  -1.98598772e+00]])]Hidden bias: [array([-0.34265941,  0.4891117 ,  2.21124036, -3.00733045,  1.91709802,
        1.29257714, -2.63613136, -5.50173464, -3.11821627, -5.66426898,
       -2.54364177,  0.970444  , -2.53472006, -3.02508929, -4.21793486,
        2.24592542, -2.42911368, -5.465683  ,  1.28516055,  0.31019423])]Output weights: [[  5.02734098]
 [  6.12692381]
 [  6.9531956 ]
 [ 11.76830002]
 [  5.96921375]
 [  9.33836111]
 [ 16.63739633]
 [ 15.91863535]
 [ 14.982628  ]
 [ 17.67275039]
 [ 16.35577287]
 [  8.36156807]
 [ 16.58194804]
 [ 16.1648627 ]
 [ 14.92495516]
 [  4.22329013]
 [ 16.28637271]
 [ 14.4101837 ]
 [  9.61407882]
 [ 15.88202534]]Output bias: [-16.05919267]