Action MLP:Hidden weights: [array([[  1.81200658e-04,   1.59351317e-03,   7.58705722e-03, ...,
          9.49473852e-04,  -6.61244019e-03,   1.05222322e-03],
       [ -1.50870789e-03,  -1.69446773e-03,  -7.64674927e-03, ...,
          3.97426479e-03,  -1.03461827e-02,   7.89394801e-03],
       [  4.11414555e-03,  -1.33723647e-03,   8.67213683e-03, ...,
         -7.49558843e-03,  -3.57202619e-03,  -4.39229539e-03],
       ..., 
       [ -8.84849422e-03,   4.03105908e-03,   3.03527982e-03, ...,
         -7.01011867e-03,   7.98036685e-03,   8.84526746e-03],
       [  8.25043711e-03,   1.26172678e-03,   8.87435999e-03, ...,
         -5.43636113e-03,   5.89231360e-03,  -7.96977070e-03],
       [ -5.32938145e-04,  -5.86452183e-03,  -5.80303427e-05, ...,
          8.38362057e-04,  -1.42279588e-03,  -2.26879387e-03]])]Hidden bias: [array([-0.99471898, -0.99462839, -0.99427463, -0.99457964, -0.9927955 ,
       -0.99272   , -0.99400893, -0.9904754 , -0.9928633 , -0.99307519,
       -0.99352252, -0.99387266, -0.99033447, -0.99309284, -0.99378792,
       -0.99433021, -0.99279415, -0.99343904, -0.99250527, -0.99290475])]Output weights: [[ 0.0578277   0.03073075]
 [ 0.06302234  0.04379471]
 [ 0.05542889  0.03798814]
 [ 0.05626189  0.04743276]
 [ 0.05827851  0.06920397]
 [ 0.06333742  0.06334154]
 [ 0.06609222  0.05564977]
 [ 0.06365722  0.08524736]
 [ 0.04746661  0.06715912]
 [ 0.06901342  0.05513715]
 [ 0.05370621  0.0606549 ]
 [ 0.06735812  0.05303852]
 [ 0.07191898  0.0767231 ]
 [ 0.05630851  0.05690617]
 [ 0.05054935  0.05611207]
 [ 0.0567994   0.04223911]
 [ 0.06097697  0.06426073]
 [ 0.05420359  0.04854698]
 [ 0.04518475  0.06513478]
 [ 0.0520119   0.07064416]]Output bias: [ 0.93317147  0.96534403]
Value MLP:Hidden weights: [array([[  1.39157159e+00,   2.61113056e+00,   3.42922327e+00, ...,
          1.68596726e+00,   2.81146723e+00,  -3.69053468e+00],
       [  6.60229834e-01,   1.72551222e+00,   2.99113553e+00, ...,
         -3.63011032e-02,   1.22567383e+00,  -2.99898136e+00],
       [ -1.26459103e-01,   1.82258067e+00,   1.92677894e+00, ...,
         -8.89673932e-01,  -2.46715816e-02,  -1.35859922e+00],
       ..., 
       [ -2.60317427e-02,  -7.39012934e-03,  -1.15493708e-02, ...,
         -2.62439199e-01,  -4.09583151e-01,  -2.79719978e-02],
       [  7.12577982e-03,  -9.28238219e-03,  -8.57153057e-03, ...,
          2.10402743e-02,   8.13442407e-04,   3.56990948e-03],
       [  6.24701293e-01,   1.47504064e+00,   1.62894386e+00, ...,
          1.07314764e+00,   1.47418099e+00,  -1.59938022e+00]])]Hidden bias: [array([ 0.21152672,  0.97643309,  2.08103071, -2.58676861,  1.91858166,
        0.5999626 , -1.97876791, -5.51211804, -3.11828834, -5.6645092 ,
       -2.10357453, -4.17130441, -2.11568808, -2.32740755, -4.26046019,
        2.19131706, -2.47228911, -3.39949673,  1.32471644, -1.3186599 ])]Output weights: [[  3.68956477]
 [  6.47662961]
 [  8.7019591 ]
 [  8.30800807]
 [  7.68235763]
 [  9.12076315]
 [ 14.95672858]
 [ 14.20501669]
 [ 13.26937498]
 [ 15.95949241]
 [ 14.93705054]
 [ 11.20280198]
 [ 14.94968712]
 [ 14.89798333]
 [ 13.2098446 ]
 [  5.94318059]
 [ 14.57172783]
 [ 12.04692896]
 [ 11.62848714]
 [ 18.62388625]]Output bias: [-14.34594195]