Action MLP:Hidden weights: [array([[  1.81199996e-04,   1.59351243e-03,   7.58705657e-03, ...,
          9.49473177e-04,  -6.61244077e-03,   1.05222258e-03],
       [ -1.50870832e-03,  -1.69446816e-03,  -7.64674964e-03, ...,
          3.97426444e-03,  -1.03461829e-02,   7.89394777e-03],
       [  4.11414537e-03,  -1.33723668e-03,   8.67213665e-03, ...,
         -7.49558866e-03,  -3.57202648e-03,  -4.39229569e-03],
       ..., 
       [ -8.84849422e-03,   4.03105908e-03,   3.03527982e-03, ...,
         -7.01011867e-03,   7.98036685e-03,   8.84526746e-03],
       [  8.25043711e-03,   1.26172678e-03,   8.87435999e-03, ...,
         -5.43636113e-03,   5.89231360e-03,  -7.96977070e-03],
       [ -5.32938519e-04,  -5.86452227e-03,  -5.80307205e-05, ...,
          8.38361641e-04,  -1.42279628e-03,  -2.26879432e-03]])]Hidden bias: [array([-0.99471898, -0.9946284 , -0.99427463, -0.99457964, -0.9927955 ,
       -0.99272   , -0.99400894, -0.9904754 , -0.9928633 , -0.99307519,
       -0.99352253, -0.99387266, -0.99033448, -0.99309284, -0.99378792,
       -0.99433021, -0.99279415, -0.99343904, -0.99250527, -0.99290475])]Output weights: [[ 0.05782777  0.03073073]
 [ 0.06302242  0.0437947 ]
 [ 0.05542897  0.03798812]
 [ 0.05626197  0.04743274]
 [ 0.05827858  0.06920396]
 [ 0.06333749  0.06334153]
 [ 0.06609229  0.05564975]
 [ 0.0636573   0.08524734]
 [ 0.04746669  0.0671591 ]
 [ 0.06901349  0.05513714]
 [ 0.05370629  0.06065488]
 [ 0.06735819  0.0530385 ]
 [ 0.07191906  0.07672309]
 [ 0.05630859  0.05690615]
 [ 0.05054943  0.05611205]
 [ 0.05679948  0.04223909]
 [ 0.06097704  0.06426071]
 [ 0.05420366  0.04854696]
 [ 0.04518482  0.06513476]
 [ 0.05201198  0.07064415]]Output bias: [ 0.93317136  0.96534405]
Value MLP:Hidden weights: [array([[  1.02089838e+00,   2.78197527e+00,   3.42922329e+00, ...,
          5.36822844e-01,   1.87598124e-01,  -1.51816985e+00],
       [  7.03512922e-01,   1.80846776e+00,   2.99113555e+00, ...,
          1.15764765e-02,  -3.87615628e-02,  -1.16411867e+00],
       [ -7.77014977e-02,   1.84606451e+00,   1.92679250e+00, ...,
         -3.06471551e-01,  -1.65009910e-01,  -1.01140498e+00],
       ..., 
       [ -2.60317427e-02,  -7.39012934e-03,  -1.15493708e-02, ...,
         -2.62439199e-01,  -4.09583151e-01,  -2.79719978e-02],
       [  7.12577982e-03,  -9.28238219e-03,  -8.57153057e-03, ...,
          2.10402743e-02,   8.13442407e-04,   3.56990948e-03],
       [  3.86686905e-01,   1.55483765e+00,   1.62894387e+00, ...,
          3.41765369e-01,   1.21836655e-01,  -6.41432456e-01]])]Hidden bias: [array([-1.15791628,  1.941432  ,  2.27587052, -1.6169897 ,  1.92230303,
       -1.91106421, -2.17350937, -4.38034997, -2.10111375, -5.65909169,
       -2.17908667, -2.08440861, -2.16499561, -2.17732307, -2.87444504,
        1.19291095, -2.02570736, -1.96960912, -2.17698165, -1.92961572])]Output weights: [[  5.77167594]
 [  7.88343176]
 [ 11.89790771]
 [ 11.29072787]
 [ 10.80990318]
 [ 11.81584713]
 [ 11.82473099]
 [ 12.18372405]
 [ 11.84229132]
 [ 12.83195668]
 [ 11.8069366 ]
 [ 11.4996162 ]
 [ 11.82043478]
 [ 11.82569348]
 [ 11.09991752]
 [  9.85639584]
 [ 11.58001595]
 [ 11.88435973]
 [ 11.83853834]
 [ 13.70053814]]Output bias: [-11.21818176]