Action MLP:Hidden weights: [array([[  1.81200658e-04,   1.59351317e-03,   7.58705722e-03, ...,
          9.49473852e-04,  -6.61244019e-03,   1.05222322e-03],
       [ -1.50870789e-03,  -1.69446773e-03,  -7.64674927e-03, ...,
          3.97426479e-03,  -1.03461827e-02,   7.89394801e-03],
       [  4.11414555e-03,  -1.33723647e-03,   8.67213683e-03, ...,
         -7.49558843e-03,  -3.57202619e-03,  -4.39229539e-03],
       ..., 
       [ -8.84849422e-03,   4.03105908e-03,   3.03527982e-03, ...,
         -7.01011867e-03,   7.98036685e-03,   8.84526746e-03],
       [  8.25043711e-03,   1.26172678e-03,   8.87435999e-03, ...,
         -5.43636113e-03,   5.89231360e-03,  -7.96977070e-03],
       [ -5.32938145e-04,  -5.86452183e-03,  -5.80303428e-05, ...,
          8.38362057e-04,  -1.42279588e-03,  -2.26879387e-03]])]Hidden bias: [array([-0.99471898, -0.99462839, -0.99427463, -0.99457964, -0.9927955 ,
       -0.99272   , -0.99400893, -0.9904754 , -0.9928633 , -0.99307519,
       -0.99352252, -0.99387266, -0.99033447, -0.99309284, -0.99378792,
       -0.99433021, -0.99279415, -0.99343904, -0.99250527, -0.99290475])]Output weights: [[ 0.0578277   0.03073075]
 [ 0.06302234  0.04379471]
 [ 0.05542889  0.03798814]
 [ 0.05626189  0.04743276]
 [ 0.05827851  0.06920397]
 [ 0.06333742  0.06334154]
 [ 0.06609222  0.05564977]
 [ 0.06365722  0.08524736]
 [ 0.04746661  0.06715912]
 [ 0.06901342  0.05513715]
 [ 0.05370621  0.0606549 ]
 [ 0.06735812  0.05303852]
 [ 0.07191898  0.0767231 ]
 [ 0.05630851  0.05690617]
 [ 0.05054935  0.05611207]
 [ 0.0567994   0.04223911]
 [ 0.06097697  0.06426073]
 [ 0.05420359  0.04854698]
 [ 0.04518475  0.06513478]
 [ 0.0520119   0.07064416]]Output bias: [ 0.93317147  0.96534403]
Value MLP:Hidden weights: [array([[  1.33549760e+00,   2.61503647e+00,   3.42922327e+00, ...,
          2.07415345e+00,   2.59621825e-01,  -3.33699098e+00],
       [  7.20839488e-01,   1.81161839e+00,   2.99113553e+00, ...,
          1.97363660e-01,  -4.71916159e-02,  -2.06732912e+00],
       [ -2.96316402e-02,   1.82759689e+00,   1.92678931e+00, ...,
         -1.00392894e+00,  -2.16772791e-01,  -3.73866050e-01],
       ..., 
       [ -2.60317427e-02,  -7.39012934e-03,  -1.15493708e-02, ...,
         -2.62439199e-01,  -4.09583151e-01,  -2.79719978e-02],
       [  7.12577982e-03,  -9.28238219e-03,  -8.57153057e-03, ...,
          2.10402743e-02,   8.13442407e-04,   3.56990948e-03],
       [  5.72689857e-01,   1.45038376e+00,   1.62894386e+00, ...,
          1.26255014e+00,   1.69100390e-01,  -1.51078062e+00]])]Hidden bias: [array([-0.42290041,  1.14607103,  2.23603189, -1.8078758 ,  1.92022525,
        1.02301948, -2.15691335, -5.13095717, -2.44707479, -5.66478688,
       -2.18421011, -3.51244752, -2.17177631, -2.16753862, -4.26790856,
        2.13135949, -2.51049469, -2.7400235 , -2.14834655, -2.01768441])]Output weights: [[  3.69478173]
 [  6.42898046]
 [ 10.08270881]
 [  8.76479801]
 [  8.99465148]
 [  8.64547134]
 [ 13.64051707]
 [ 12.90672322]
 [ 13.60208352]
 [ 14.64708719]
 [ 13.6219591 ]
 [ 10.49780229]
 [ 13.63541176]
 [ 13.64123593]
 [ 11.89717144]
 [  7.48840392]
 [ 13.25797485]
 [ 11.17909818]
 [ 13.6547555 ]
 [ 18.23274569]]Output bias: [-13.03354536]