Action MLP:Hidden weights: [array([[ -1.86811374e-03,  -7.22479381e-03,  -1.04061340e-02,
          1.67079188e-03,   7.08079141e-03,  -9.71873173e-03,
         -4.02522144e-03,   5.47051943e-04,  -1.29312433e-03,
         -1.84743793e-03,   5.69676655e-03,  -4.44003701e-03,
         -1.70851880e-03,   9.01828527e-03,   1.02395751e-03,
          3.77232377e-03,   4.15497069e-03,   1.80658489e-03,
         -1.01431427e-02,  -6.31300092e-03,   1.65608112e-03,
         -9.28988604e-03,  -6.90412643e-03,  -4.59476116e-03,
          5.36773782e-03,   3.62898069e-03,  -4.34925719e-03,
          3.98687075e-03,   3.66614499e-03,  -7.12268330e-03,
         -1.03868630e-03,  -1.06317570e-03,  -6.32379851e-03,
         -7.70752501e-03,  -2.52745821e-03,   9.30800593e-03,
         -1.03299339e-02,  -6.02896850e-03,  -2.85776134e-04,
         -7.06222259e-03,   8.09658490e-03,  -7.51500182e-03,
         -3.03233208e-03,   4.75587157e-04,  -2.86392154e-03,
          2.80408235e-03,  -4.64257614e-03,   8.46987838e-03,
         -9.10240222e-03,  -3.27941034e-03],
       [  7.32110741e-03,  -5.64455029e-03,  -2.01814866e-03,
          2.41407945e-03,   1.55302611e-03,  -6.35101305e-03,
         -3.35412978e-03,  -2.42963479e-03,  -9.20542656e-03,
         -8.02781396e-03,   6.04129403e-04,  -4.61175727e-03,
          6.63479538e-03,   2.83850981e-03,  -9.75531287e-03,
          2.56650297e-03,  -4.06640844e-03,  -1.09853293e-02,
         -3.80859523e-04,  -5.80027979e-03,   1.33217545e-03,
         -3.72943432e-03,  -1.09539698e-02,   7.63415939e-03,
         -4.45778196e-03,   1.01501009e-03,  -9.58297564e-03,
         -4.55110295e-03,  -2.55642965e-03,   4.58904368e-03,
         -2.60486410e-03,   3.68439787e-03,  -7.21343230e-03,
         -6.46006388e-03,  -4.96320668e-03,  -3.78171534e-03,
          3.69201922e-03,  -2.01070786e-03,  -2.63014194e-03,
          3.66544202e-03,  -7.04691905e-03,  -7.58598118e-03,
         -2.75016699e-03,  -5.82118852e-03,  -9.40193729e-03,
          3.69647599e-03,  -5.42701023e-03,   6.26067672e-03,
          5.80585113e-03,   2.04278158e-03],
       [ -9.54778238e-03,  -9.07113434e-03,  -1.44999495e-03,
          2.66173291e-03,   2.19060953e-03,  -3.65085266e-03,
         -4.37858522e-03,  -9.83365552e-03,  -1.17148197e-02,
         -5.02258840e-03,   2.69665500e-03,  -1.57056360e-03,
         -7.88342951e-03,  -3.12215330e-03,  -3.28463656e-03,
         -4.04555844e-03,  -1.01117452e-02,   4.40894954e-03,
         -1.14504005e-02,  -2.83516438e-03,  -9.66140349e-03,
         -1.60246219e-02,  -1.23274618e-02,  -1.21172785e-02,
         -2.02050246e-03,  -1.45703631e-02,  -1.21750857e-02,
         -1.38310532e-02,  -4.40868595e-03,  -1.13753161e-02,
         -5.66969763e-03,  -3.07401443e-03,  -1.07534227e-02,
         -7.94878081e-03,  -1.22698323e-02,  -3.23584966e-04,
         -7.52817400e-03,   2.44929601e-03,  -8.44361735e-03,
         -8.71977040e-03,  -1.16556288e-02,  -1.05675879e-02,
         -1.33675516e-02,   8.36412785e-04,  -1.29336612e-02,
         -7.87490610e-03,  -1.19048357e-02,  -8.14136340e-04,
         -9.42219299e-03,  -1.38592379e-02],
       [ -7.29748390e-03,  -1.05654042e-02,  -1.26893273e-02,
         -4.85654519e-03,  -6.67977653e-03,  -1.06983527e-02,
          7.42311592e-03,  -2.25629862e-03,   1.83553943e-03,
         -1.27863332e-02,  -1.43315036e-02,  -7.26421025e-03,
         -1.22683344e-03,  -2.82563637e-03,   3.17127633e-03,
         -5.10446039e-03,   5.58039003e-04,   5.35666983e-03,
         -1.36669769e-02,   5.15306523e-03,   2.97898300e-03,
         -1.29070503e-02,  -5.41657055e-04,  -1.14585074e-02,
          4.90236985e-03,   2.79947504e-03,   3.43150450e-03,
         -9.18604330e-03,  -9.47169926e-03,   2.90217891e-03,
          3.04095257e-03,  -6.99550150e-03,  -8.64647920e-03,
          2.37729142e-03,  -8.11315753e-03,  -9.54907894e-03,
          5.73725581e-03,   5.17417376e-04,  -6.24433776e-03,
         -1.26224905e-02,   3.52147523e-03,  -1.00267210e-02,
          5.17634035e-03,   1.90088203e-03,  -3.56449039e-03,
          1.05525628e-03,  -9.89967405e-03,  -1.14770465e-02,
          2.43504609e-03,  -9.33539629e-04],
       [  1.09457456e-02,  -1.60026720e-03,  -4.56762011e-03,
          6.82561372e-03,   6.04761616e-03,   2.82523847e-03,
          8.36284635e-03,   1.38295309e-03,  -4.26842542e-03,
         -3.42567085e-03,   1.09887920e-02,   1.29869648e-02,
          9.74180168e-03,   6.58450467e-03,  -6.64539082e-03,
          1.14757782e-03,   6.67121598e-04,   4.28302604e-04,
          6.06261360e-03,   9.55837222e-04,  -5.72486225e-03,
          6.21027901e-03,  -2.91959422e-03,   6.10485838e-03,
          2.46439208e-03,  -6.23977416e-03,  -4.32355469e-03,
         -6.59390903e-03,   3.73009207e-03,   1.79998123e-03,
          3.58525134e-03,   1.27374021e-02,  -5.08494114e-03,
          4.18429185e-04,   8.16033792e-03,   1.29843075e-02,
          2.85446914e-03,   4.35504361e-03,  -9.84695620e-04,
          9.56364183e-03,   5.35235194e-03,   7.31800419e-03,
         -4.98294145e-03,   8.12577324e-03,  -5.78746759e-03,
         -6.21913815e-03,  -6.50020565e-03,  -1.46061877e-03,
          9.53457981e-03,   8.18979188e-03],
       [ -5.23728641e-03,   4.70237554e-03,   8.82104893e-03,
         -1.65740045e-04,  -2.65852130e-03,  -1.78489692e-03,
          3.89437100e-03,  -5.88509112e-05,  -8.14436711e-03,
          7.35387692e-03,  -8.67749870e-03,  -2.12735718e-03,
          6.18972890e-03,  -3.08733676e-03,  -3.35085181e-03,
         -3.41512540e-03,  -4.07219174e-03,  -7.97217487e-03,
          4.40238216e-03,   1.27422144e-05,  -7.21204667e-03,
         -2.57159079e-03,   6.35604366e-03,  -1.74755638e-03,
          1.02309759e-04,  -3.73021205e-03,   8.58720217e-03,
          7.18700922e-03,   8.82964793e-03,  -9.24648193e-03,
         -5.74393032e-03,   2.79393623e-03,  -6.57821834e-03,
          3.98293499e-03,  -3.78793937e-03,  -3.94697543e-03,
          6.77409234e-04,  -2.49811528e-03,   6.82297295e-03,
         -7.35396257e-03,  -8.64479606e-03,   8.59565050e-03,
          3.74166841e-03,   1.06036553e-02,  -8.37185327e-03,
         -4.76301276e-03,  -1.48837406e-03,  -2.28952870e-04,
          4.40471739e-03,  -6.52624489e-03],
       [ -9.42132927e-03,   2.61121977e-03,   5.66643143e-05,
         -8.36806276e-03,  -8.59123265e-03,  -9.91081703e-03,
         -1.52635141e-03,   9.42158363e-03,  -9.07564690e-04,
          7.63067356e-03,   1.26149694e-03,   1.66561364e-03,
         -7.57123728e-03,  -6.89707811e-03,  -4.00927461e-03,
          1.88225986e-03,   7.56948001e-03,   1.04707046e-04,
          9.14408183e-03,   2.30751424e-03,   1.80092266e-03,
          1.17493803e-03,  -6.16610291e-03,   3.78605279e-03,
         -9.08077835e-03,  -9.42535674e-03,   4.85176000e-03,
         -3.61134380e-03,  -6.61860693e-03,   4.22847917e-03,
         -3.33718218e-03,   3.47058853e-03,   1.70415440e-03,
          3.15658815e-03,  -8.10074015e-03,  -5.88399540e-03,
          9.27737209e-03,   7.23246574e-04,  -5.53085902e-03,
          7.83010901e-03,   7.92045736e-03,  -1.31512821e-03,
         -5.34975528e-03,   4.10449555e-03,  -7.22993695e-03,
          1.70716719e-03,  -4.79340399e-03,   5.43438465e-03,
          3.81211011e-05,  -1.95021284e-03],
       [ -2.26008128e-03,  -4.86892166e-03,  -6.96634405e-03,
          2.06121427e-03,   6.43189952e-04,  -9.71294986e-03,
          7.62919693e-03,   3.14797551e-03,  -7.53784867e-03,
         -3.50476503e-03,   6.08140369e-03,  -6.18951641e-03,
          3.50305388e-03,  -7.96459337e-03,   9.16852443e-03,
         -7.45756157e-04,  -7.90300482e-03,   2.91250671e-03,
         -2.30591934e-03,  -4.96565099e-03,   4.11474443e-03,
         -1.86341233e-03,  -3.25840355e-03,  -7.53358395e-03,
          3.87936310e-03,   1.35704072e-03,   2.20106236e-03,
          5.27902621e-03,   2.98653752e-03,  -2.84267730e-03,
          3.06911637e-04,   3.28290480e-03,   2.15459427e-04,
          8.72449327e-03,  -5.86305284e-03,   4.56780169e-03,
          6.64681058e-03,  -7.00631775e-03,  -7.23739304e-03,
          5.78379055e-03,   4.33975918e-03,   4.41777509e-04,
         -7.63167329e-03,   2.39278078e-04,   6.18057068e-03,
         -2.50375391e-03,   2.37786968e-03,  -4.06652463e-04,
         -6.44181494e-03,   6.13342498e-03]])]Hidden bias: [array([-0.99976609, -0.99977734, -0.99957318, -0.99971543, -0.99970082,
       -0.99981435, -0.99937048, -0.99969426, -0.9995074 , -0.99952701,
       -0.99966476, -0.99950277, -0.99969207, -0.99970036, -0.99948754,
       -0.99968447, -0.99980471, -0.99975191, -0.99945322, -0.99956961,
       -0.99961586, -0.99933204, -0.99972762, -0.99949083, -0.99949094,
       -0.9996637 , -0.99955673, -0.99965509, -0.99956102, -0.9997467 ,
       -0.9994676 , -0.99965653, -0.99961053, -0.9995905 , -0.99951631,
       -0.99967975, -0.99943811, -0.9998505 , -0.99981762, -0.99964499,
       -0.99936384, -0.99935815, -0.99941643, -0.99987621, -0.99972606,
       -0.99962723, -0.99967914, -0.9998137 , -0.99932958, -0.99963818])]Output weights: [[ 0.04640323  0.02354721]
 [ 0.04944131  0.0186301 ]
 [ 0.03812548  0.00988736]
 [ 0.040353    0.01132069]
 [ 0.04135146  0.00893025]
 [ 0.04784969  0.0230912 ]
 [ 0.02714092  0.00607877]
 [ 0.043247    0.01184315]
 [ 0.03219649  0.01626318]
 [ 0.03919945  0.00771141]
 [ 0.04092866  0.01536648]
 [ 0.03270293  0.02160378]
 [ 0.04011649  0.02210777]
 [ 0.04135292  0.0108906 ]
 [ 0.02903143  0.00834892]
 [ 0.03736134  0.01888685]
 [ 0.04559042  0.01713161]
 [ 0.03734007  0.01122822]
 [ 0.04031697  0.00650556]
 [ 0.03463241  0.00636083]
 [ 0.03579875  0.00926161]
 [ 0.03252201  0.02302217]
 [ 0.04303431  0.02363432]
 [ 0.03833775  0.01335795]
 [ 0.03053234  0.00609557]
 [ 0.03834877  0.0145821 ]
 [ 0.03277172  0.02410197]
 [ 0.04311156  0.01701793]
 [ 0.03680237  0.01556307]
 [ 0.04178792  0.01638418]
 [ 0.02964033  0.01246585]
 [ 0.0391061   0.02282181]
 [ 0.04343996  0.0067437 ]
 [ 0.03324406  0.02357618]
 [ 0.03749097  0.02526098]
 [ 0.04213082  0.01702448]
 [ 0.02860447  0.01149795]
 [ 0.04388349  0.01375857]
 [ 0.04681978  0.02222462]
 [ 0.04478357  0.01735667]
 [ 0.02821094  0.01122248]
 [ 0.0343523   0.00837356]
 [ 0.02942701  0.0096693 ]
 [ 0.04589606  0.01698677]
 [ 0.04588154  0.01125451]
 [ 0.03491379  0.01219763]
 [ 0.04746197  0.00634872]
 [ 0.04554103  0.01328212]
 [ 0.0277612   0.00863452]
 [ 0.04302327  0.00892579]]Output bias: [ 0.94968561  0.98294969]
Value MLP:Hidden weights: [array([[-0.5892929 , -0.63299892, -0.64005965, -0.59857639, -2.11100792,
        -0.34819462, -0.59894115, -0.59595246, -0.63216604, -0.54496186,
        -0.49684128, -0.5947108 , -0.33090711, -0.59745543, -0.57718248,
        -0.58960505, -0.61185202, -0.55526808, -0.61452377, -0.58858443,
        -0.61176594, -0.63766869, -0.58540887, -0.62383267, -0.59236672,
        -0.60380094, -1.61509598, -0.79702085, -0.62765312, -0.61922333,
        -0.62070689, -0.68296673, -1.39219049, -0.6160213 , -0.61142893,
        -0.60464791, -0.62168129, -0.63459311, -0.58920786, -0.56331023,
        -0.60413924, -0.60372   , -0.61997736, -0.62937878, -0.56530866,
        -0.52951901, -0.64121706, -0.58020691, -0.61749899, -0.62097181],
       [-1.30626941, -1.28813807, -1.36101813, -1.34792185, -2.86735913,
        -1.17823215, -1.27089948, -1.3354558 , -1.29273969, -1.25632469,
        -1.14427524, -1.32403005, -0.98182404, -1.34903132, -1.25660663,
        -1.28808737, -1.35152066, -1.25642873, -1.27838105, -1.25555546,
        -1.32994346, -1.36756879, -1.01943627, -1.32045978, -1.26527762,
        -1.34935013, -1.87725077, -3.1448153 , -1.3282949 , -1.3265077 ,
        -1.315968  , -1.81391927, -1.99515585, -1.26395489, -1.35396408,
        -1.32790804, -1.33993059, -1.32709108, -1.34622797, -1.24898006,
        -1.35300172, -1.34296158, -1.33224912, -1.26946188, -1.31341717,
        -1.19942442, -1.28721393, -1.26766733, -1.29310706, -1.30013028],
       [ 0.60691507,  0.47616902,  0.57277133,  0.51303562, -1.16866221,
         0.75699031,  0.52443378,  0.52601541,  0.44983551,  0.53616897,
         0.43325308,  0.48235724,  0.24371728,  0.51638602,  0.45132219,
         0.43971562,  0.53622319,  0.46957327,  0.48680308,  0.45608447,
         0.51630258,  0.56851775,  0.23210919,  0.52596647,  0.57981116,
         0.53957408, -1.5662495 , -1.22751604,  0.46183199,  0.49792044,
         0.44771288,  0.52880069,  0.11675195,  0.46725006,  0.55281629,
         0.49469863,  0.5595635 ,  0.47242632,  0.52276171,  0.59200115,
         0.52599613,  0.50789929,  0.47718557,  0.44508508,  0.50526718,
         0.48160219,  0.56224821,  0.48156366,  0.49652515,  0.53209828],
       [ 1.05924281,  1.0610491 ,  1.03191669,  1.05078989, -1.53264142,
         1.41762347,  1.17272134,  1.08961493,  1.07370996,  1.0549345 ,
         1.17614973,  1.06955651,  0.92269651,  1.0425697 ,  1.11385985,
         1.08757107,  1.04346536,  1.12205096,  1.0724726 ,  1.10685236,
         1.03518279,  1.01582396,  0.86020197,  1.03676157,  1.09430131,
         1.06862396, -1.49901592, -3.52812622,  1.05919135,  1.03336987,
         1.06281097,  0.65642711,  0.62131475,  1.09333752,  1.02759346,
         1.04799971,  1.05433237,  1.05138949,  1.04734839,  1.26160783,
         1.0274012 ,  1.03963118,  1.05276328,  1.08275154,  1.04198022,
         1.11339789,  1.06046507,  1.13338401,  1.06059021,  1.04654641],
       [-2.92984318, -1.81439313, -2.47339914, -2.29840171,  1.62857078,
        -1.23862081, -1.22497903, -2.36481512, -1.49550688, -2.68435953,
        -2.60105918, -2.05516035, -1.02460778, -2.32071788, -1.26287879,
        -1.27995621, -2.45010831, -1.24759302, -1.94042262, -1.25325735,
        -2.25960092, -2.46900619, -0.80288704, -2.34387826, -3.031554  ,
        -2.36986428,  2.77195231,  3.88330092, -1.59815894, -2.050586  ,
        -1.48326762, -0.47595843, -0.9426093 , -1.60327815, -2.44116143,
        -1.99405989, -2.48500219, -1.73039624, -2.28346242, -1.16747973,
        -2.31399172, -2.25007691, -1.84403456, -1.39159357, -2.30983512,
        -2.82140798, -2.92388918, -1.23358517, -1.92570674, -2.35892739],
       [ 4.67726362,  4.74106687,  4.79150285,  4.70155999,  6.8599303 ,
         3.85165452,  4.61273465,  4.7460359 ,  4.78513359,  4.68558446,
         4.82528683,  4.73746734,  4.97500787,  4.68671914,  4.69436494,
         4.72995214,  4.72221804,  4.66486357,  4.716563  ,  4.66763428,
         4.68788551,  4.76503439,  5.17229883,  4.67524376,  4.68959721,
         4.72612052,  6.74268201,  7.85432936,  4.7617417 ,  4.68727447,
         4.78286065,  5.52613191,  6.0482016 ,  4.77281013,  4.69546892,
         4.72549624,  4.7848412 ,  4.75498343,  4.70349459,  4.45319584,
         4.68612454,  4.71185576,  4.7539024 ,  4.75532287,  4.69974613,
         4.66158564,  4.73743154,  4.63723281,  4.71001345,  4.6789355 ],
       [-0.61010176, -0.78521451, -0.54182283, -0.66385369,  0.26596495,
        -1.43793751, -1.00953273, -0.66856422, -0.90728241, -0.61634933,
        -0.68778539, -0.73174748, -0.89783086, -0.66060328, -1.05821311,
        -1.02810974, -0.59214664, -1.06705149, -0.73223207, -1.05097619,
        -0.64942093, -0.54084483, -0.76007986, -0.61278742, -0.63770926,
        -0.67342934, -0.49846341,  0.35591192, -0.87646044, -0.7066356 ,
        -0.91187046, -0.53736218,  0.20810313, -0.86941928, -0.59396682,
        -0.73898158, -0.55986787, -0.82866647, -0.68480429, -1.09524784,
        -0.66298271, -0.67414144, -0.79254477, -0.94105934, -0.69731409,
        -0.65981624, -0.59101404, -1.05855821, -0.74096661, -0.59639415],
       [-2.78111637, -2.97387696, -2.83820129, -2.87055788, -1.54848613,
        -3.91895112, -3.35750458, -2.89950537, -3.04154157, -2.77225561,
        -2.8411569 , -2.90632224, -2.9014906 , -2.86121107, -3.15220611,
        -3.14085768, -2.82454296, -3.15258448, -2.92792908, -3.16670826,
        -2.86521783, -2.82225402, -2.8943617 , -2.86102362, -2.78166555,
        -2.90901754, -2.13738477, -0.58262079, -2.98540088, -2.90362807,
        -3.02803846, -2.63948159, -2.16904086, -2.99570639, -2.82091098,
        -2.90483863, -2.84225531, -2.97907701, -2.87393392, -3.55346077,
        -2.87785667, -2.90318876, -2.95127395, -3.05065455, -2.88502907,
        -2.77399744, -2.74623714, -3.22285262, -2.92524113, -2.8489615 ]])]Hidden bias: [array([-6.26605292, -6.26031294, -6.3319748 , -6.3388466 , -5.03330511,
       -6.66041382, -6.26315434, -6.37902669, -6.23611025, -6.20104082,
       -6.23671368, -6.30492572, -6.28538613, -6.35179554, -6.2993162 ,
       -6.31109844, -6.33985585, -6.2931343 , -6.25389758, -6.3045989 ,
       -6.32054932, -6.3187821 , -6.07846382, -6.32210496, -6.22687763,
       -6.40058048, -5.13186524, -4.05488806, -6.24187884, -6.3056122 ,
       -6.25122978, -6.09774903, -5.51492439, -6.20712105, -6.32639562,
       -6.29017896, -6.33132324, -6.25902593, -6.33845962, -6.31349301,
       -6.35958053, -6.36063002, -6.2744482 , -6.22409286, -6.31991702,
       -6.20845626, -6.16537796, -6.29819256, -6.25144198, -6.29796192])]Output weights: [[ 4.68353717]
 [ 5.33194322]
 [ 5.1010907 ]
 [ 5.06775138]
 [ 3.9883504 ]
 [ 5.79883543]
 [ 5.59842926]
 [ 5.07107369]
 [ 5.38803494]
 [ 4.62887223]
 [ 4.48144685]
 [ 5.10874793]
 [ 4.4952067 ]
 [ 5.07009562]
 [ 5.49674286]
 [ 5.45119746]
 [ 5.00744916]
 [ 5.49148175]
 [ 5.27051775]
 [ 5.50976024]
 [ 5.20052944]
 [ 5.07424664]
 [ 4.3965984 ]
 [ 5.18804597]
 [ 4.56227691]
 [ 5.11034681]
 [ 4.00063768]
 [ 4.53088063]
 [ 5.30741152]
 [ 5.23126525]
 [ 5.32307819]
 [ 4.44478995]
 [ 4.1217172 ]
 [ 5.33995849]
 [ 5.07189942]
 [ 5.21005202]
 [ 5.01480243]
 [ 5.3063215 ]
 [ 4.98887266]
 [ 5.67269203]
 [ 5.09091889]
 [ 5.13646257]
 [ 5.25875136]
 [ 5.43264695]
 [ 4.91879324]
 [ 4.45618312]
 [ 4.53451004]
 [ 5.56464209]
 [ 5.26928598]
 [ 5.19290853]]Output bias: [-13.29105393]