Action MLP:Hidden weights: [array([[-0.00195009, -0.00699485,  0.00550745, ..., -0.00025617,
         0.00281639, -0.00103386],
       [-0.00309419, -0.00341264, -0.0062826 , ..., -0.00046962,
         0.001107  , -0.00744781],
       [-0.0038701 , -0.0092237 ,  0.00455523, ...,  0.00751276,
        -0.00835521, -0.00674402],
       ..., 
       [-0.00146135, -0.00308266, -0.00376583, ..., -0.00923466,
        -0.0021507 ,  0.0069656 ],
       [-0.00842022, -0.00498082, -0.00325372, ..., -0.00319947,
         0.00446336, -0.00257421],
       [-0.00911786,  0.00211162, -0.00711555, ...,  0.00734175,
         0.00890818,  0.00743146]])]Hidden bias: [array([-0.99401644, -0.9925426 , -0.99188658, -0.99290606, -0.99359145,
       -0.9907483 , -0.99418168, -0.99355256, -0.99322662, -0.99398689,
       -0.99239552, -0.99253322, -0.99402337, -0.99405684, -0.99321376,
       -0.99281913, -0.99371793, -0.99121238, -0.99391683, -0.99237777])]Output weights: [[ 0.05060548  0.0536473 ]
 [ 0.0630528   0.07968219]
 [ 0.06863436  0.07603423]
 [ 0.05013697  0.07992732]
 [ 0.05440712  0.07418238]
 [ 0.06214032  0.08731001]
 [ 0.06681276  0.04433055]
 [ 0.06111429  0.07407544]
 [ 0.06638792  0.05601286]
 [ 0.04969304  0.06209503]
 [ 0.06568116  0.08129039]
 [ 0.06938186  0.07437091]
 [ 0.04520116  0.06597389]
 [ 0.05822246  0.06295767]
 [ 0.04751811  0.06748741]
 [ 0.06220146  0.07826253]
 [ 0.06126783  0.05646233]
 [ 0.05740414  0.09625348]
 [ 0.07223655  0.04784353]
 [ 0.05557513  0.0732964 ]]Output bias: [ 0.94257996  0.94444957]
Value MLP:Hidden weights: [array([[  5.80267229e+00,   4.93274277e-01,   7.35609100e-01, ...,
         -4.14165863e-01,  -8.42620612e-01,   4.06766538e+00],
       [  3.97178898e+00,  -1.22878414e-01,  -3.70146052e-01, ...,
         -1.40423031e+00,  -6.47867076e-01,   1.86149837e+00],
       [  3.20569651e+00,  -4.60271951e-01,  -1.19863760e+00, ...,
         -1.69640179e+00,  -9.76141345e-01,   4.40303288e-01],
       ..., 
       [  3.13582388e-02,   6.79115414e-03,   2.50374757e-03, ...,
          6.03736315e-03,   1.06583221e-02,   3.89792548e-02],
       [  5.15294288e-02,  -2.73362362e-04,   1.28468211e-02, ...,
          1.41331185e-02,   1.47422465e-02,   4.69962202e-02],
       [  3.20673143e+00,   3.35719740e-01,   5.50672260e-01, ...,
          1.22273286e-01,  -4.46220359e-01,   2.38054251e+00]])]Hidden bias: [array([-0.79927666, -2.92913093, -5.85655985,  1.92645868, -6.02920562,
       -2.90720625, -4.26535745, -3.03213413,  1.05485004, -2.51308156,
        0.462714  , -2.3422793 ,  0.78741993, -4.36326834,  0.09261959,
       -3.88867493,  0.80462214, -4.281109  , -2.03740473,  1.87223447])]Output weights: [[  9.49945268]
 [ 15.53899711]
 [ 10.22373028]
 [  7.49825446]
 [ 13.02581894]
 [ 15.93439005]
 [ 14.81795221]
 [ 16.20818698]
 [  4.357446  ]
 [ 16.11232598]
 [  5.76990655]
 [ 16.12815574]
 [  9.46758428]
 [ 17.00668662]
 [  6.68711682]
 [ 16.06877254]
 [  9.26917045]
 [ 11.06452472]
 [ 11.94664928]
 [  7.18488213]]Output bias: [-15.49526524]