Action MLP:Hidden weights: [array([[-0.00195009, -0.00699485,  0.00550745, ..., -0.00025617,
         0.00281639, -0.00103386],
       [-0.00309419, -0.00341264, -0.0062826 , ..., -0.00046962,
         0.001107  , -0.00744781],
       [-0.0038701 , -0.0092237 ,  0.00455523, ...,  0.00751276,
        -0.00835521, -0.00674402],
       ..., 
       [-0.00146135, -0.00308266, -0.00376583, ..., -0.00923466,
        -0.0021507 ,  0.0069656 ],
       [-0.00842022, -0.00498082, -0.00325372, ..., -0.00319947,
         0.00446336, -0.00257421],
       [-0.00911786,  0.00211162, -0.00711555, ...,  0.00734175,
         0.00890818,  0.00743146]])]Hidden bias: [array([-0.99401644, -0.9925426 , -0.99188658, -0.99290606, -0.99359145,
       -0.9907483 , -0.99418168, -0.99355256, -0.99322662, -0.99398689,
       -0.99239552, -0.99253322, -0.99402337, -0.99405684, -0.99321376,
       -0.99281913, -0.99371793, -0.99121238, -0.99391683, -0.99237777])]Output weights: [[ 0.05060548  0.0536473 ]
 [ 0.0630528   0.07968219]
 [ 0.06863436  0.07603423]
 [ 0.05013697  0.07992732]
 [ 0.05440712  0.07418238]
 [ 0.06214032  0.08731001]
 [ 0.06681276  0.04433055]
 [ 0.06111429  0.07407544]
 [ 0.06638792  0.05601286]
 [ 0.04969304  0.06209503]
 [ 0.06568116  0.08129039]
 [ 0.06938186  0.07437091]
 [ 0.04520116  0.06597389]
 [ 0.05822246  0.06295767]
 [ 0.04751811  0.06748741]
 [ 0.06220146  0.07826253]
 [ 0.06126783  0.05646233]
 [ 0.05740414  0.09625348]
 [ 0.07223655  0.04784353]
 [ 0.05557513  0.0732964 ]]Output bias: [ 0.94257996  0.94444957]
Value MLP:Hidden weights: [array([[  5.53901399e+00,   2.32964994e+00,   7.35608964e-01, ...,
         -4.01286743e+00,   1.84434084e+00,   4.06766524e+00],
       [  3.65494677e+00,   1.19923740e+00,  -3.70146120e-01, ...,
         -4.09402686e+00,   1.55063741e+00,   1.86152867e+00],
       [  2.83410336e+00,   2.54597271e-01,  -1.19863760e+00, ...,
         -3.43184987e+00,   6.03128514e-01,   4.59676065e-01],
       ..., 
       [  3.13584031e-02,   2.66706774e-02,   2.50374757e-03, ...,
          6.03736316e-03,   1.06584984e-02,   3.89792548e-02],
       [  5.15295110e-02,  -2.73278200e-04,   1.28468211e-02, ...,
          1.41663476e-02,   1.47423346e-02,   4.69962202e-02],
       [  3.07772901e+00,   1.26210403e+00,   5.50672192e-01, ...,
         -1.59703733e+00,   8.49047277e-01,   2.38054252e+00]])]Hidden bias: [array([-2.33263088,  3.74576066, -5.84438137,  1.98409596, -7.21846675,
       -2.86745436, -4.23350084, -3.0814839 ,  2.60969447, -2.39731886,
       -0.67600591, -2.25396069,  2.09678815, -4.36909148,  0.09637049,
       -3.87896374,  2.18423536, -3.57455489,  4.65948506,  2.684362  ])]Output weights: [[ 10.97888674]
 [  9.55081429]
 [ 13.94166158]
 [  3.77336606]
 [ 16.25989698]
 [ 19.65290333]
 [ 18.53630563]
 [ 19.92417643]
 [  5.54062743]
 [ 19.8326605 ]
 [  6.75819861]
 [ 19.75859259]
 [ 10.12992363]
 [ 20.72400084]
 [  9.40864076]
 [ 19.78648447]
 [ 14.49149695]
 [ 15.07126708]
 [  7.60600139]
 [  3.41351321]]Output bias: [-19.21271644]