Action MLP:Hidden weights: [array([[-0.00195009, -0.00699485,  0.00550745, ..., -0.00025617,
         0.00281639, -0.00103386],
       [-0.00309419, -0.00341264, -0.0062826 , ..., -0.00046962,
         0.001107  , -0.00744781],
       [-0.0038701 , -0.0092237 ,  0.00455523, ...,  0.00751276,
        -0.00835521, -0.00674402],
       ..., 
       [-0.00146135, -0.00308266, -0.00376583, ..., -0.00923466,
        -0.0021507 ,  0.0069656 ],
       [-0.00842022, -0.00498082, -0.00325372, ..., -0.00319947,
         0.00446336, -0.00257421],
       [-0.00911786,  0.00211162, -0.00711555, ...,  0.00734175,
         0.00890818,  0.00743146]])]Hidden bias: [array([-0.99401644, -0.9925426 , -0.99188658, -0.99290606, -0.99359145,
       -0.9907483 , -0.99418168, -0.99355256, -0.99322662, -0.99398689,
       -0.99239552, -0.99253322, -0.99402337, -0.99405684, -0.99321376,
       -0.99281913, -0.99371793, -0.99121238, -0.99391683, -0.99237777])]Output weights: [[ 0.05060548  0.0536473 ]
 [ 0.0630528   0.07968219]
 [ 0.06863436  0.07603423]
 [ 0.05013697  0.07992732]
 [ 0.05440712  0.07418238]
 [ 0.06214032  0.08731001]
 [ 0.06681276  0.04433055]
 [ 0.06111429  0.07407544]
 [ 0.06638792  0.05601286]
 [ 0.04969304  0.06209503]
 [ 0.06568116  0.08129039]
 [ 0.06938186  0.07437091]
 [ 0.04520116  0.06597389]
 [ 0.05822246  0.06295767]
 [ 0.04751811  0.06748741]
 [ 0.06220146  0.07826253]
 [ 0.06126783  0.05646233]
 [ 0.05740414  0.09625348]
 [ 0.07223655  0.04784353]
 [ 0.05557513  0.0732964 ]]Output bias: [ 0.94257996  0.94444957]
Value MLP:Hidden weights: [array([[  5.03523696e+00,   2.58767248e-01,   4.99852980e-01, ...,
          1.67091638e+00,  -5.70400965e-01,   1.89998252e+00],
       [  2.60180810e+00,  -2.34718363e-01,  -2.65889480e-01, ...,
          1.46146715e-01,  -4.35989172e-01,   1.60213248e+00],
       [  1.47812865e+00,  -4.50969209e-01,  -5.89618063e-01, ...,
         -9.36984440e-01,  -3.17122248e-01,   1.47020917e+00],
       ..., 
       [  3.13562047e-02,   6.79112338e-03,   2.50374757e-03, ...,
          6.03736278e-03,   1.06530826e-02,   3.89792548e-02],
       [  5.15284117e-02,  -2.73377744e-04,   1.28468211e-02, ...,
          1.41331183e-02,   1.47396267e-02,   4.69962202e-02],
       [  2.79128426e+00,   2.16805117e-01,   4.09837410e-01, ...,
          1.02734135e+00,  -2.56143640e-01,   1.01734140e+00]])]Hidden bias: [array([ 0.2932778 , -1.50964752, -3.327632  ,  1.8748247 , -3.47045005,
       -2.91570439, -2.68546276, -2.97984555,  1.28423086, -2.50063875,
        0.67539584, -2.07677325,  0.30683487, -4.08621019,  1.10403509,
       -3.89157811, -0.21549418, -4.54403178, -2.91341811,  0.42490827])]Output weights: [[  6.85530335]
 [ 14.39573651]
 [ 14.11106965]
 [  8.83822627]
 [ 12.8778447 ]
 [ 14.60567141]
 [ 14.60323652]
 [ 14.88138282]
 [  5.90843597]
 [ 14.78430221]
 [  6.13859129]
 [ 14.84288764]
 [ 11.68141774]
 [ 15.68765181]
 [  7.94843417]
 [ 14.74023437]
 [ 10.78531916]
 [ 10.67073652]
 [ 14.09292873]
 [  4.94215043]]Output bias: [-14.16681724]