Action MLP:Hidden weights: [array([[-0.00195009, -0.00699485,  0.00550745, ..., -0.00025617,
         0.00281639, -0.00103386],
       [-0.00309419, -0.00341264, -0.0062826 , ..., -0.00046962,
         0.001107  , -0.00744781],
       [-0.0038701 , -0.0092237 ,  0.00455523, ...,  0.00751276,
        -0.00835521, -0.00674402],
       ..., 
       [-0.00146135, -0.00308266, -0.00376583, ..., -0.00923466,
        -0.0021507 ,  0.0069656 ],
       [-0.00842022, -0.00498082, -0.00325372, ..., -0.00319947,
         0.00446336, -0.00257421],
       [-0.00911786,  0.00211162, -0.00711555, ...,  0.00734175,
         0.00890818,  0.00743146]])]Hidden bias: [array([-0.99401644, -0.9925426 , -0.99188658, -0.99290606, -0.99359145,
       -0.9907483 , -0.99418168, -0.99355256, -0.99322662, -0.99398689,
       -0.99239552, -0.99253322, -0.99402337, -0.99405684, -0.99321376,
       -0.99281913, -0.99371793, -0.99121238, -0.99391683, -0.99237777])]Output weights: [[ 0.05060548  0.0536473 ]
 [ 0.0630528   0.07968219]
 [ 0.06863436  0.07603423]
 [ 0.05013697  0.07992732]
 [ 0.05440712  0.07418238]
 [ 0.06214032  0.08731001]
 [ 0.06681276  0.04433055]
 [ 0.06111429  0.07407544]
 [ 0.06638792  0.05601286]
 [ 0.04969304  0.06209503]
 [ 0.06568116  0.08129039]
 [ 0.06938186  0.07437091]
 [ 0.04520116  0.06597389]
 [ 0.05822246  0.06295767]
 [ 0.04751811  0.06748741]
 [ 0.06220146  0.07826253]
 [ 0.06126783  0.05646233]
 [ 0.05740414  0.09625348]
 [ 0.07223655  0.04784353]
 [ 0.05557513  0.0732964 ]]Output bias: [ 0.94257996  0.94444957]
Value MLP:Hidden weights: [array([[  5.48412953e+00,   2.35545501e+00,   7.35635602e-01, ...,
          1.37110481e+00,   1.84434019e+00,   4.77397643e+00],
       [  3.46232247e+00,   1.52427166e+00,  -3.70133425e-01, ...,
          5.73262251e-01,   1.55002878e+00,   2.18943139e+00],
       [  2.71767439e+00,   1.02946980e+00,  -1.19863889e+00, ...,
         -9.31881785e-02,   6.01875322e-01,   3.68246383e-01],
       ..., 
       [  3.13584031e-02,   2.66706774e-02,   2.50374860e-03, ...,
          6.03851441e-03,   1.06584984e-02,   3.89792548e-02],
       [  5.15295110e-02,  -2.73278200e-04,   1.28468231e-02, ...,
          1.41682402e-02,   1.47423346e-02,   4.69962202e-02],
       [  3.07797377e+00,   1.26209224e+00,   5.50685623e-01, ...,
          7.31528963e-01,   8.49046953e-01,   2.75735245e+00]])]Hidden bias: [array([ 2.72850512,  3.80560392, -4.30080109,  2.04263762, -5.14373099,
       -3.88169159, -4.30520565, -3.49153449,  3.00572275, -2.4267465 ,
        2.47799357, -2.63521092,  2.34786288, -4.37679574,  2.39070863,
       -3.83537509,  6.94814622,  6.76168307,  4.65417705,  1.9737888 ])]Output weights: [[ 12.03342774]
 [  8.04452568]
 [ 16.3517994 ]
 [  1.12373332]
 [ 18.65442635]
 [ 22.11368196]
 [ 20.78636692]
 [ 21.62831222]
 [  2.13398465]
 [ 22.46174819]
 [ 11.56708773]
 [ 22.26165509]
 [  7.04143904]
 [ 23.35734581]
 [  7.42117577]
 [ 22.42102589]
 [ 13.19851319]
 [ 15.00933875]
 [  4.97288302]
 [  9.10476007]]Output bias: [-21.84624408]