Action MLP:Hidden weights: [array([[-0.00195009, -0.00699485,  0.00550745, ..., -0.00025617,
         0.00281639, -0.00103386],
       [-0.00309419, -0.00341264, -0.0062826 , ..., -0.00046962,
         0.001107  , -0.00744781],
       [-0.0038701 , -0.0092237 ,  0.00455523, ...,  0.00751276,
        -0.00835521, -0.00674402],
       ..., 
       [-0.00146135, -0.00308266, -0.00376583, ..., -0.00923466,
        -0.0021507 ,  0.0069656 ],
       [-0.00842022, -0.00498082, -0.00325372, ..., -0.00319947,
         0.00446336, -0.00257421],
       [-0.00911786,  0.00211162, -0.00711555, ...,  0.00734175,
         0.00890818,  0.00743146]])]Hidden bias: [array([-0.99401644, -0.9925426 , -0.99188658, -0.99290606, -0.99359145,
       -0.9907483 , -0.99418168, -0.99355256, -0.99322662, -0.99398689,
       -0.99239552, -0.99253322, -0.99402337, -0.99405684, -0.99321376,
       -0.99281913, -0.99371793, -0.99121238, -0.99391683, -0.99237777])]Output weights: [[ 0.05060548  0.0536473 ]
 [ 0.0630528   0.07968219]
 [ 0.06863436  0.07603423]
 [ 0.05013697  0.07992732]
 [ 0.05440712  0.07418238]
 [ 0.06214032  0.08731001]
 [ 0.06681276  0.04433055]
 [ 0.06111429  0.07407544]
 [ 0.06638792  0.05601286]
 [ 0.04969304  0.06209503]
 [ 0.06568116  0.08129039]
 [ 0.06938186  0.07437091]
 [ 0.04520116  0.06597389]
 [ 0.05822246  0.06295767]
 [ 0.04751811  0.06748741]
 [ 0.06220146  0.07826253]
 [ 0.06126783  0.05646233]
 [ 0.05740414  0.09625348]
 [ 0.07223655  0.04784353]
 [ 0.05557513  0.0732964 ]]Output bias: [ 0.94257996  0.94444957]
Value MLP:Hidden weights: [array([[  5.62014417e+00,   4.93235096e-01,   7.35609101e-01, ...,
         -2.67213767e-01,   2.85740963e-02,   4.06786660e+00],
       [  3.33119702e+00,  -1.23075165e-01,  -3.70146050e-01, ...,
         -1.22134942e+00,  -4.72276523e-02,   1.87001364e+00],
       [  2.41448651e+00,  -4.60636360e-01,  -1.19863760e+00, ...,
         -1.24989506e+00,  -8.23193772e-01,   4.59092213e-01],
       ..., 
       [  3.13562047e-02,   6.79112338e-03,   2.50374757e-03, ...,
          6.03736278e-03,   1.06530826e-02,   3.89792548e-02],
       [  5.15284117e-02,  -2.73377744e-04,   1.28468211e-02, ...,
          1.41331183e-02,   1.47396267e-02,   4.69962202e-02],
       [  3.20490419e+00,   3.35689702e-01,   5.50672260e-01, ...,
          1.87536628e-01,  -1.05465754e-01,   2.38054262e+00]])]Hidden bias: [array([-2.27119789, -2.95240045, -5.85774582,  1.92619818, -5.8268332 ,
       -2.91064677, -3.9765894 , -3.02906589,  1.02472468, -2.51496075,
        0.72967069, -2.38275769,  0.93354876, -4.36230011,  0.26685531,
       -3.89008673,  0.27455251, -3.5369884 , -1.06753594,  1.80279996])]Output weights: [[ 11.61384568]
 [ 14.47998422]
 [  9.16541253]
 [  8.55651751]
 [ 11.70183634]
 [ 14.87602102]
 [ 13.83210508]
 [ 15.15002841]
 [  5.42471733]
 [ 15.05402076]
 [  7.02139807]
 [ 15.06864261]
 [ 10.50460105]
 [ 15.94845786]
 [  7.64399973]
 [ 15.01046896]
 [ 10.32194924]
 [  7.4416158 ]
 [ 12.65337931]
 [  8.38631935]]Output bias: [-14.43700585]