Action MLP:Hidden weights: [array([[-0.00195009, -0.00699485,  0.00550745, ..., -0.00025617,
         0.00281639, -0.00103386],
       [-0.00309419, -0.00341264, -0.0062826 , ..., -0.00046962,
         0.001107  , -0.00744781],
       [-0.0038701 , -0.0092237 ,  0.00455523, ...,  0.00751276,
        -0.00835521, -0.00674402],
       ..., 
       [-0.00146135, -0.00308266, -0.00376583, ..., -0.00923466,
        -0.0021507 ,  0.0069656 ],
       [-0.00842022, -0.00498082, -0.00325372, ..., -0.00319947,
         0.00446336, -0.00257421],
       [-0.00911786,  0.00211162, -0.00711555, ...,  0.00734175,
         0.00890818,  0.00743146]])]Hidden bias: [array([-0.99401644, -0.9925426 , -0.99188658, -0.99290606, -0.99359145,
       -0.9907483 , -0.99418168, -0.99355256, -0.99322662, -0.99398689,
       -0.99239552, -0.99253322, -0.99402337, -0.99405684, -0.99321376,
       -0.99281913, -0.99371793, -0.99121238, -0.99391683, -0.99237777])]Output weights: [[ 0.05060548  0.0536473 ]
 [ 0.0630528   0.07968219]
 [ 0.06863436  0.07603423]
 [ 0.05013697  0.07992732]
 [ 0.05440712  0.07418238]
 [ 0.06214032  0.08731001]
 [ 0.06681276  0.04433055]
 [ 0.06111429  0.07407544]
 [ 0.06638792  0.05601286]
 [ 0.04969304  0.06209503]
 [ 0.06568116  0.08129039]
 [ 0.06938186  0.07437091]
 [ 0.04520116  0.06597389]
 [ 0.05822246  0.06295767]
 [ 0.04751811  0.06748741]
 [ 0.06220146  0.07826253]
 [ 0.06126783  0.05646233]
 [ 0.05740414  0.09625348]
 [ 0.07223655  0.04784353]
 [ 0.05557513  0.0732964 ]]Output bias: [ 0.94257996  0.94444957]
Value MLP:Hidden weights: [array([[  5.48412819e+00,   2.35621572e+00,   7.35636034e-01, ...,
         -3.12599805e+00,   1.84434097e+00,   4.06766524e+00],
       [  3.46231997e+00,   1.44348507e+00,  -3.70132486e-01, ...,
         -3.41931394e+00,   1.55064134e+00,   1.86152379e+00],
       [  2.71767335e+00,   7.61181429e-01,  -1.19863754e+00, ...,
         -3.08409558e+00,   6.03114904e-01,   4.59980730e-01],
       ..., 
       [  3.13584031e-02,   2.66706774e-02,   2.50374757e-03, ...,
          6.03846939e-03,   1.06584984e-02,   3.89792548e-02],
       [  5.15295110e-02,  -2.73278200e-04,   1.28468211e-02, ...,
          1.41682402e-02,   1.47423346e-02,   4.69962202e-02],
       [  3.07797371e+00,   1.26210926e+00,   5.50685694e-01, ...,
         -1.18663482e+00,   8.49047345e-01,   2.38054252e+00]])]Hidden bias: [array([ 0.77024964,  2.79168423, -5.81716493,  1.98953559, -7.17524738,
       -3.88175507, -4.18587226, -3.46840188,  2.99396351, -2.51303982,
        2.3821485 , -2.66761572,  2.29474717, -4.37476541,  2.32152808,
       -3.85944706,  5.26584515, -3.40993158,  4.64939831,  2.06638553])]Output weights: [[ 12.20639312]
 [  7.92310477]
 [ 15.37713776]
 [  2.33610276]
 [ 17.6957151 ]
 [ 20.91471858]
 [ 19.88911209]
 [ 20.4299248 ]
 [  3.33830978]
 [ 21.26087232]
 [ 12.7705332 ]
 [ 21.0619691 ]
 [  8.35382417]
 [ 22.15843221]
 [  8.71510529]
 [ 21.22151976]
 [ 17.6648253 ]
 [ 18.23070486]
 [  6.17225297]
 [  2.39013271]]Output bias: [-20.64728215]