Action MLP:Hidden weights: [array([[-0.00195009, -0.00699485,  0.00550745, ..., -0.00025617,
         0.00281639, -0.00103386],
       [-0.00309419, -0.00341264, -0.0062826 , ..., -0.00046962,
         0.001107  , -0.00744781],
       [-0.0038701 , -0.0092237 ,  0.00455523, ...,  0.00751276,
        -0.00835521, -0.00674402],
       ..., 
       [-0.00146135, -0.00308266, -0.00376583, ..., -0.00923466,
        -0.0021507 ,  0.0069656 ],
       [-0.00842022, -0.00498082, -0.00325372, ..., -0.00319947,
         0.00446336, -0.00257421],
       [-0.00911786,  0.00211162, -0.00711555, ...,  0.00734175,
         0.00890818,  0.00743146]])]Hidden bias: [array([-0.99401644, -0.9925426 , -0.99188658, -0.99290606, -0.99359145,
       -0.9907483 , -0.99418168, -0.99355256, -0.99322662, -0.99398689,
       -0.99239552, -0.99253322, -0.99402337, -0.99405684, -0.99321376,
       -0.99281913, -0.99371793, -0.99121238, -0.99391683, -0.99237777])]Output weights: [[ 0.05060548  0.0536473 ]
 [ 0.0630528   0.07968219]
 [ 0.06863436  0.07603423]
 [ 0.05013697  0.07992732]
 [ 0.05440712  0.07418238]
 [ 0.06214032  0.08731001]
 [ 0.06681276  0.04433055]
 [ 0.06111429  0.07407544]
 [ 0.06638792  0.05601286]
 [ 0.04969304  0.06209503]
 [ 0.06568116  0.08129039]
 [ 0.06938186  0.07437091]
 [ 0.04520116  0.06597389]
 [ 0.05822246  0.06295767]
 [ 0.04751811  0.06748741]
 [ 0.06220146  0.07826253]
 [ 0.06126783  0.05646233]
 [ 0.05740414  0.09625348]
 [ 0.07223655  0.04784353]
 [ 0.05557513  0.0732964 ]]Output bias: [ 0.94257996  0.94444957]
Value MLP:Hidden weights: [array([[  5.53901399e+00,   2.32964994e+00,   7.35636355e-01, ...,
         -3.31165183e+00,   1.84434084e+00,   4.06766524e+00],
       [  3.54168819e+00,   1.19923338e+00,  -3.70132281e-01, ...,
         -3.09869844e+00,   1.55064102e+00,   1.86152862e+00],
       [  2.59632369e+00,   2.54339614e-01,  -1.19863751e+00, ...,
         -2.68057159e+00,   6.03132178e-01,   4.59675666e-01],
       ..., 
       [  3.13584031e-02,   2.66706774e-02,   2.50374757e-03, ...,
          6.03846626e-03,   1.06584984e-02,   3.89792548e-02],
       [  5.15295110e-02,  -2.73278200e-04,   1.28468211e-02, ...,
          1.41682339e-02,   1.47423346e-02,   4.69962202e-02],
       [  3.07772902e+00,   1.26210403e+00,   5.50685840e-01, ...,
         -1.34728957e+00,   8.49047277e-01,   2.38054252e+00]])]Hidden bias: [array([-1.33088642,  3.84943471, -5.84132592,  2.00545214, -7.21073306,
       -2.8639792 , -4.22655574, -3.07340147,  2.86729516, -2.5713512 ,
        1.3817632 , -2.37506467,  2.28326103, -4.37486349,  2.14482915,
       -3.87642967,  2.50158036, -4.51354806,  4.65960187,  2.67941883])]Output weights: [[ 12.25597526]
 [  8.80621053]
 [ 14.6569147 ]
 [  3.05376315]
 [ 16.97527317]
 [ 20.36813667]
 [ 19.2516374 ]
 [ 20.63951757]
 [  4.63681579]
 [ 20.54007405]
 [ 14.55645141]
 [ 20.36615639]
 [  9.39575563]
 [ 21.43901446]
 [  9.53904021]
 [ 20.50169514]
 [ 12.41369612]
 [ 15.55446744]
 [  6.8908417 ]
 [  2.69886467]]Output bias: [-19.92786562]