Action MLP:Hidden weights: [array([[-0.00195009, -0.00699485,  0.00550745, ..., -0.00025617,
         0.00281639, -0.00103386],
       [-0.00309419, -0.00341264, -0.0062826 , ..., -0.00046962,
         0.001107  , -0.00744781],
       [-0.0038701 , -0.0092237 ,  0.00455523, ...,  0.00751276,
        -0.00835521, -0.00674402],
       ..., 
       [-0.00146135, -0.00308266, -0.00376583, ..., -0.00923466,
        -0.0021507 ,  0.0069656 ],
       [-0.00842022, -0.00498082, -0.00325372, ..., -0.00319947,
         0.00446336, -0.00257421],
       [-0.00911786,  0.00211162, -0.00711555, ...,  0.00734175,
         0.00890818,  0.00743146]])]Hidden bias: [array([-0.99401644, -0.9925426 , -0.99188658, -0.99290606, -0.99359145,
       -0.9907483 , -0.99418168, -0.99355256, -0.99322662, -0.99398689,
       -0.99239552, -0.99253322, -0.99402337, -0.99405684, -0.99321376,
       -0.99281913, -0.99371793, -0.99121238, -0.99391683, -0.99237777])]Output weights: [[ 0.05060548  0.0536473 ]
 [ 0.0630528   0.07968219]
 [ 0.06863436  0.07603423]
 [ 0.05013697  0.07992732]
 [ 0.05440712  0.07418238]
 [ 0.06214032  0.08731001]
 [ 0.06681276  0.04433055]
 [ 0.06111429  0.07407544]
 [ 0.06638792  0.05601286]
 [ 0.04969304  0.06209503]
 [ 0.06568116  0.08129039]
 [ 0.06938186  0.07437091]
 [ 0.04520116  0.06597389]
 [ 0.05822246  0.06295767]
 [ 0.04751811  0.06748741]
 [ 0.06220146  0.07826253]
 [ 0.06126783  0.05646233]
 [ 0.05740414  0.09625348]
 [ 0.07223655  0.04784353]
 [ 0.05557513  0.0732964 ]]Output bias: [ 0.94257996  0.94444957]
Value MLP:Hidden weights: [array([[  5.53917775e+00,   2.32965239e+00,   7.35609025e-01, ...,
         -3.69607181e+00,   1.84434084e+00,   4.06766524e+00],
       [  3.78174248e+00,   1.20004484e+00,  -3.70146089e-01, ...,
         -3.36031355e+00,   1.55064488e+00,   1.86152870e+00],
       [  3.03651374e+00,   2.56796853e-01,  -1.19863760e+00, ...,
         -2.45020814e+00,   6.03145253e-01,   4.59676046e-01],
       ..., 
       [  3.13582388e-02,   2.66706105e-02,   2.50374757e-03, ...,
          6.03736315e-03,   1.06583221e-02,   3.89792548e-02],
       [  5.15294288e-02,  -2.73311664e-04,   1.28468211e-02, ...,
          1.41331185e-02,   1.47422465e-02,   4.69962202e-02],
       [  3.07779427e+00,   1.26210526e+00,   5.50672223e-01, ...,
         -1.50956870e+00,   8.49047280e-01,   2.38054252e+00]])]Hidden bias: [array([-0.97266384,  3.80331067, -5.84847796,  1.95501747, -7.22757737,
       -2.84996482, -4.24697001, -2.8647151 ,  2.316894  , -2.46962787,
        0.20031949, -2.49632966,  0.13370346, -4.36203363, -0.07627142,
       -3.88329061,  1.64976219, -3.84675367,  4.65956499,  2.6763215 ])]Output weights: [[ 12.37157788]
 [  9.8122825 ]
 [ 13.63562246]
 [  4.08302681]
 [ 15.95372532]
 [ 19.34748095]
 [ 18.23004931]
 [ 19.62396284]
 [  6.93481385]
 [ 19.52495526]
 [  8.67705866]
 [ 19.4534714 ]
 [  6.3988234 ]
 [ 20.41828148]
 [  7.25978553]
 [ 19.48048418]
 [ 11.17333831]
 [ 15.86983983]
 [  7.91188725]
 [  3.72063905]]Output bias: [-18.90682521]