Action MLP:Hidden weights: [array([[-0.00626784, -0.01180455, -0.00261389, -0.02057207, -0.01895844,
        -0.01671304, -0.02329809, -0.00568842, -0.01747507, -0.02281221],
       [-0.00923774, -0.0249022 , -0.0266831 , -0.01340974, -0.0228384 ,
        -0.01891533, -0.01410759, -0.02594248, -0.02618879, -0.01866633],
       [-0.04018147, -0.05423242, -0.05111627, -0.0448413 , -0.04606474,
        -0.04521443, -0.05703201, -0.05516995, -0.04881003, -0.06036318],
       [-0.0415832 , -0.03389337, -0.03640671, -0.0328316 , -0.03987785,
        -0.03417339, -0.03726528, -0.0334944 , -0.02783617, -0.04456112],
       [ 0.02815006,  0.02224584,  0.01243939,  0.02337071,  0.01030862,
         0.01358389,  0.01767094,  0.01901805,  0.01723789,  0.02343135],
       [ 0.00907902,  0.00045712,  0.01101054,  0.01619755,  0.00778386,
         0.00439209, -0.0004528 ,  0.0039487 ,  0.01221065,  0.0176924 ],
       [-0.00962395,  0.00245284, -0.00121473,  0.00544406, -0.00032177,
        -0.00647443, -0.00483842,  0.00893922, -0.00351968,  0.00021464],
       [ 0.0003151 , -0.0010322 , -0.00337351, -0.00401945, -0.00047209,
        -0.00186485,  0.00739024, -0.0080256 , -0.00711206, -0.00540323]])]Hidden bias: [array([-1.00314921, -1.00178847, -1.00151289, -1.00296284, -1.00095945,
       -1.00281821, -1.00210483, -1.0016135 , -1.00247856, -1.00108283])]Output weights: [[ 0.10133894  0.14843672]
 [ 0.08848071  0.15700617]
 [ 0.09809758  0.14078717]
 [ 0.09783077  0.15318157]
 [ 0.0906102   0.13624704]
 [ 0.10074668  0.14592831]
 [ 0.09633624  0.1586266 ]
 [ 0.0990378   0.14649567]
 [ 0.09907234  0.149676  ]
 [ 0.10384452  0.16161966]]Output bias: [ 0.88519903  0.82772732]
Value MLP:Hidden weights: [array([[ -1.51874781e-01,   2.08180242e+00,  -6.72299934e-01,
          6.14432698e+00,  -2.87875800e+00,  -1.03157298e+00,
          4.05708586e-01,   1.26046007e+00,   1.97346475e-01,
          8.87020057e-01],
       [ -1.31578926e+00,  -1.07856446e+00,  -1.95463133e+00,
          2.61785822e+00,  -3.33694720e+00,  -8.95203893e-01,
         -1.47142899e+00,  -1.27355875e+00,  -1.40099337e+00,
         -1.30681150e+00],
       [  1.55281554e+00,   4.44296619e+00,  -6.86554926e-01,
          2.29080989e+00,   1.00548573e+01,  -5.87732725e+00,
          5.59055447e+00,   2.36183238e+00,   3.36415975e+00,
          2.43092214e+00],
       [  5.17580657e+00,   6.41589991e+00,   5.59089574e+00,
         -2.82191164e+00,  -3.26041990e-01,   3.15089818e+00,
          3.62479760e+00,   3.90946243e+00,   4.65224638e+00,
          4.55401889e+00],
       [ -2.41841413e-01,  -4.43782291e-01,   1.85730120e-02,
          8.81308261e+00,  -1.56429343e+01,   9.09558851e+00,
         -8.43750376e+00,   5.06124605e-01,  -9.19425849e-01,
          3.01007224e-01],
       [  3.89187419e+00,  -5.25009447e+00,   1.27413253e+01,
          2.15783422e+01,  -3.35387395e+01,   2.10498054e+01,
         -5.45821241e+00,  -2.89090568e+00,   9.73229256e+00,
          4.17296496e+00],
       [ -1.19746367e+01,  -8.46783799e+00,  -1.05297022e+01,
         -1.02401222e+01,  -1.78714840e+00,  -4.60387844e+00,
         -6.94723258e+00,  -6.70544077e+00,  -1.07407168e+01,
         -9.59092511e+00],
       [ -6.83428422e+00,  -1.18226957e+01,  -5.96378060e+00,
          1.78247249e-01,   1.08677393e+00,  -6.91565179e-01,
         -4.17978118e+00,  -5.33157180e+00,  -5.73523507e+00,
         -5.56650077e+00]])]Hidden bias: [array([-14.93536682, -19.48499615, -14.8494132 ,  -1.23754661,
       -10.95079438, -11.63971214, -13.14268583, -12.13911897,
       -14.46958095, -13.66135601])]Output weights: [[ 29.09812393]
 [ 29.40894798]
 [ 27.56795703]
 [ 21.92464195]
 [ 28.48035685]
 [ 26.55404755]
 [ 27.50112049]
 [ 29.7112147 ]
 [ 28.01642042]
 [ 28.85171669]]Output bias: [-30.25191738]