epoch total_reward
0 227.110516578
1 239.339828183
2 233.356387094
3 217.035870315
4 218.676521968
5 202.640974457
6 209.345744143
7 236.838455924
8 214.219111294
9 219.348329031
10 222.18147171
11 220.57502665
12 211.116243864
13 229.820991109
14 251.367496927
15 239.733935446
16 225.249401038
17 228.834152127
18 207.044429596
19 216.505915504
20 208.593558665
21 229.845547162
22 224.672741912
23 220.678652838
24 226.813012837
25 233.037027915
26 251.593274863
27 238.147499114
28 250.32864127
29 233.290009119
30 258.745701217
31 242.542246597
32 211.312578501
33 190.02549659
34 248.312940379
35 244.106587222
36 233.111857175
37 207.383143465
38 242.92035511
39 238.439177853
40 220.518044837
41 221.278704786
42 239.592352516
43 233.815456525
44 242.933066169
45 194.783446797
46 219.767520613
47 215.845864364
48 243.658978046
49 232.478825401
50 244.259844773
51 243.73135479
52 244.892480782
53 204.162889956
54 226.18070881
55 245.344713373
56 228.795899567
57 235.417392364
58 244.976444672
59 238.851963147
60 211.522820074
61 227.417858906
62 213.869693628
63 224.427328378
64 253.060693764
65 234.005699625
66 247.513365573
67 239.134485635
68 208.035661664
69 226.647754712
70 262.509962442
71 233.314085984
72 231.275745458
73 228.951302077
74 215.351925812
75 242.555146243
76 240.28951784
77 239.842747194
78 249.929746004
79 221.598910105
80 248.533140006
81 219.479651551
82 219.281671449
83 247.08896489
84 230.066275282
85 221.128349886
86 232.777460207
87 211.134978432
88 194.095534929
89 253.30910087
90 246.160776763
91 237.78021001
92 229.416729201
93 218.149015722
94 224.736656024
95 234.666269793
96 224.552565847
97 210.721729045
98 233.594619686
99 245.03618988
100 207.357109809
101 255.232030966
102 229.095200634
103 221.931525287
104 223.361063414
105 230.570454093
106 228.141829004
107 213.259661729
108 223.787117395
109 232.988615505
110 236.673596331
111 233.639602066
112 241.847690585
113 226.513096783
114 207.066125598
115 205.572195802
116 223.833470543
117 237.44451324
118 210.9434137
119 229.686094393
120 202.380252621
121 217.599861508
122 207.718470556
123 221.161629581
124 233.128189321
125 239.392089216
126 254.774004564
127 242.018155923
128 213.008879591
129 221.43986799
130 218.734751342
131 230.629564269
132 235.94754952
133 233.698834958
134 251.946516563
135 236.466076529
136 202.598349599
137 197.459289204
138 206.253421301
139 211.995004604
140 251.271627738
141 231.628437771
142 223.559139233
143 241.717884219
144 246.876719998
145 232.304966235
146 238.056449206
147 243.441888278
148 248.875358725
149 234.926545539
150 221.091391772
151 247.571010663
152 226.065494617
153 223.361511018
154 223.025833202
155 263.024749936
156 216.056393645
157 237.923728017
158 227.36788281
159 239.839961966
160 240.92053443
161 251.085193076
162 260.444678227
163 214.242103213
164 223.199213759
165 224.040001365
166 236.989612315
167 258.162152282
168 226.303763781
169 238.992072236
170 231.48559528
171 227.374687413
172 244.383736813
173 202.983772294
174 236.150410832
175 217.086348669
176 200.070835122
177 242.698293598
178 232.770809508
179 253.791470306
180 236.224610102
181 230.829686307
182 238.835020072
183 228.160958307
184 226.049809468
185 246.467248436
186 231.402851506
187 240.677107594
188 -181.884655205
189 205.794902308
190 195.588172478
191 221.70077392
192 217.943192711
193 241.753792
194 243.367838195
195 240.349353835
196 234.917861928
197 244.304895956
198 217.799151852
199 238.940728437
200 244.416362437
201 262.776809635
202 254.383248951
203 253.248150534
204 232.964008096
205 210.512690897
206 213.252543524
207 217.788659806
208 232.625763925
209 211.887255977
210 222.847229776
211 216.585480906
212 240.894101683
213 210.774961731
214 200.261610512
215 244.190854441
216 216.332681127
217 247.201046229
218 200.777685824
219 228.617245568
220 206.657201609
221 228.851095248
222 245.06949667
223 242.518545786
224 207.659659706
225 228.752566501
226 218.425465739
227 203.135483165
228 249.777214462
229 221.132723131
230 257.512860382
231 230.057868435
232 224.325456617
233 227.888199841
234 240.342531033
235 226.578719083
236 252.909725962
237 221.085664958
238 236.026684063
239 228.228889972
240 212.358751073
241 250.698990251
242 245.420890848
243 215.701990275
244 241.46567729
245 237.414280364
246 220.036931947
247 228.035061097
248 242.068460928
249 232.227219104
250 257.237847329
251 262.111855321
252 249.844685456
253 217.236926299
254 190.284662491
255 225.14591662
256 244.012938622
257 248.509785363
258 204.278664178
259 248.179832058
260 243.513895155
261 249.667510675
262 253.338567435
263 236.32902064
264 247.839561253
265 233.367006131
266 249.411660667
267 248.943200538
268 203.133944464
269 248.85370051
270 235.738112822
271 230.151808164
272 255.223229002
273 216.125915608
274 223.426479337
275 231.275613137
276 237.860499794
277 234.43373434
278 242.190469098
279 240.636866885
280 238.507095288
281 242.384976932
282 194.661971055
283 235.318014923
284 211.366576577
285 213.659878936
286 197.291771558
287 235.382264291
288 196.431670158
289 237.18175732
290 228.027126887
291 231.15899979
292 228.374591148
293 246.492574306
294 88.0547580752
295 210.109983961
296 223.720179149
297 236.926571017
298 216.3974011
299 245.698759882
300 242.993105903
301 249.262899162
302 215.835341686
303 231.967786369
304 237.383384053
305 226.845650942
306 243.460122683
307 222.139035848
308 228.76935283
309 244.712451078
310 218.653421999
311 227.147976388
312 226.909560741
313 195.29944031
314 256.543842687
315 233.646851835
316 217.51930204
317 230.882290934
318 235.136713109
319 249.504672827
320 212.4066174
321 237.919330201
322 223.630892911
323 213.399475463
324 217.088289304
325 214.64577753
326 210.527454109
327 228.814138177
328 231.68822203
329 251.339143153
330 236.183060271
331 239.365041113
332 195.225810844
333 222.672126334
334 223.677876299
335 216.325437784
336 235.015973568
337 243.981162085
338 225.739685726
339 241.536707386
340 229.258833458
341 220.352590156
342 198.133575425
343 198.31232017
344 240.009541935
345 210.796871
346 215.501855684
347 246.714878182
348 253.061853426
349 242.34118559
350 245.222203822
351 243.583125913
352 239.175440775
353 241.537579795
354 243.577482201
355 234.356020137
356 245.15975424
357 239.557983238
358 220.282791874
359 208.563699563
360 228.887028854
361 244.75381321
362 240.393691015
363 253.34902616
364 243.305770391
365 222.877526747
366 240.787493845
367 216.856242656
368 245.560022549
369 231.55057189
370 232.98468618
371 217.689433117
372 208.478228558
373 238.602703995
374 245.062341994
375 259.043562361
376 235.841964255
377 245.029014907
378 239.92170043
379 214.818271567
380 217.769974612
381 234.902240527
382 248.770792245
383 243.422414494
384 229.277291737
385 230.119628606
386 235.06280389
387 225.588384874
388 242.326312073
389 234.70419
390 231.869236235
391 224.010383258
392 232.721711017
393 242.75333536
394 252.370799641
395 231.584597824
396 202.57398836
397 229.236528504
398 219.015299808
399 253.107338041
400 221.232934474
401 251.940735886
402 231.848601893
403 221.958424853
404 244.600873036
405 217.235022693
406 231.885082245
407 211.213099123
408 215.732077909
409 225.022772173
410 216.799727899
411 195.558585147
412 225.754618275
413 226.362341582
414 205.74048714
415 223.532309053
416 224.963353714
417 247.881432812
418 242.562129811
419 247.127988904
420 208.921930817
421 212.744896615
422 240.794235414
423 248.755373855
424 229.910522156
425 196.757323412
426 212.082426806
427 245.595433053
428 235.997621479
429 236.11592089
430 204.443089926
431 229.398128807
432 241.069459462
433 225.980415775
434 224.034111749
435 193.706631632
436 258.582481301
437 228.226450706
438 214.97832608
439 215.626342454
440 205.414893553
441 240.72466718
442 236.188020563
443 247.189617675
444 238.734280154
445 216.052280065
446 222.519705046
447 235.089307353
448 238.914715451
449 212.769503371
450 239.700303344
451 217.743452631
452 233.521436721
453 233.084721537
454 233.96384195
455 225.341261177
456 191.346936651
457 216.455813175
458 253.206241688
459 222.081635252
460 241.188373615
461 236.853263316
462 228.60344972
463 199.23428448
464 205.742794405
465 221.959750578
466 255.038132333
467 253.684610754
468 252.600459853
469 241.134180795
470 209.701303282
471 204.582005125
472 235.722268232
473 237.785475509
474 228.157329166
475 229.795413868
476 259.331154818
477 204.969467647
478 191.631035828
479 218.439498608
480 230.242677454
481 227.713514653
482 199.813857712
483 238.24982571
484 245.993088419
485 227.967733014
486 217.342697424
487 251.182177033
488 245.88518217
489 237.140861854
490 230.731385776
491 199.482252711
492 213.935493705
493 235.644906866
494 202.109480638
495 242.00972002
496 230.632211745
497 196.761040938
498 235.901074231
499 238.378998594
500 247.21369886
501 248.256572441
502 221.229709156
503 233.253728426
504 219.578572578
505 256.909728546
506 233.333961797
507 225.167862655
508 225.186084614
509 247.87803505
510 214.391971685
511 241.710087408
512 250.476748766
513 192.839722906
514 224.772875827
515 229.848221879
516 244.683159477
517 202.146545467
518 231.628935518
519 234.610655339
520 243.913647654
521 261.294657779
522 216.861572253
523 240.608689083
524 247.480118794
525 233.926772054
526 243.49578039
527 217.794759615
528 225.316610407
529 215.646526481
530 195.145412964
531 216.355756617
532 233.164500487
533 221.066389394
534 238.819218862
535 214.49221558
536 225.421054668
537 240.723827362
538 238.772609742
539 240.276532638
540 236.173598505
541 244.34069096
542 222.795895258
543 204.776277522
544 222.988849458
545 240.677144422
546 240.559409541
547 235.523583985
548 243.073282266
549 227.139592815
550 230.513006803
551 234.274345554
552 221.429181411
553 250.033494396
554 220.795629762
555 240.835097781
556 233.323906235
557 223.17050936
558 206.344222106
559 231.355196014
560 251.207930199
561 208.974462879
562 248.104538195
563 209.540280224
564 229.419951083
565 250.776950943
566 227.38221484
567 236.052470329
568 241.188526964
569 225.782739369
570 193.832220639
571 242.834757463
572 247.64702111
573 244.002258827
574 242.554970214
575 214.267504307
576 228.179810422
577 202.299471587
578 243.445684138
579 237.188410295
580 219.3182986
581 200.579078138
582 231.337643195
583 244.433885563
584 235.153636108
585 255.011847632
586 206.316099864
587 244.656119178
588 248.050194042
589 214.239656674
590 194.843443501
591 233.011470187
592 223.612247572
593 246.368584302
594 255.721209059
595 235.412324681
596 227.175196905
597 228.499066064
598 237.389311507
599 237.314483147
600 201.914456099
601 220.304737923
602 235.588088711
603 207.44982773
604 216.004584256
605 250.166921762
606 232.415976396
607 231.055181041
608 237.72785235
609 222.570585664
610 222.062339574
611 230.809153949
612 249.739573284
613 203.456940913
614 -181.859984783
615 209.896486064
616 244.196313522
617 239.202717913
618 208.13303879
619 214.589273373
620 237.415276118
621 231.566780785
622 225.382880801
623 209.954997556
624 243.568449064
625 219.435194221
626 212.868436572
627 239.450973502
628 228.860810165
629 239.117535413
630 244.482389574
631 237.783445443
632 219.785589563
633 244.207129549
634 207.628273528
635 202.497165455
636 230.379903779
637 241.256499792
638 218.723287285
639 230.653051354
640 227.534199239
641 245.240450835
642 236.844455101
643 246.383767789
644 255.670438935
645 238.671614399
646 232.754866808
647 219.203196492
648 233.535968282
649 203.236357278
650 247.370753543
651 238.974376178
652 230.466093468
653 231.577708558
654 223.382021364
655 241.550694394
656 260.608040269
657 226.79451456
658 226.999089888
659 230.369645286
660 233.717484978
661 216.327242393
662 217.511335081
663 222.957581088
664 200.85144604
665 230.201268751
666 203.262802476
667 237.274510176
668 242.605565053
669 245.511160264
670 246.053090583
671 253.186844909
672 217.307498262
673 235.399571208
674 196.531722667
675 235.620519452
676 222.469370416
677 247.553127809
678 250.047542222
679 243.305428347
680 234.416782596
681 208.125130391
682 225.018322887
683 210.25841881
684 222.20324488
685 211.73471681
686 233.587473043
687 248.98692402
688 215.790671237
689 246.768423698
690 207.403174665
691 242.630944839
692 217.688678823
693 254.652530039
694 259.10138889
695 202.160433439
696 198.712317679
697 230.809553437
698 227.608198998
699 240.102251366
700 248.468541771
701 216.142984915
702 211.981694739
703 206.945906896
704 243.794955501
705 212.798723033
706 219.639269323
707 218.697599158
708 238.183559295
709 227.679330124
710 204.95764911
711 185.214195828
712 223.576686187
713 240.454602444
714 188.31136016
715 240.671060508
716 248.989947671
717 245.151866078
718 240.838108974
719 233.191699458
720 251.994771482
721 222.387379292
722 248.509627715
723 220.554543742
724 239.644823804
725 248.975425904
726 222.976092412
727 237.062655918
728 233.53373883
729 218.081776681
730 231.490706193
731 245.317551038
732 234.873653792
733 243.707490456
734 233.604573106
735 239.212160624
736 223.882476936
737 240.329434435
738 230.928952381
739 261.287173076
740 235.150274828
741 211.625895257
742 227.855763796
743 206.392190922
744 251.403486967
745 232.797959846
746 236.782285674
747 228.022072856
748 239.052078866
749 214.837045033
750 222.059454294
751 243.968292086
752 226.024012064
753 240.274149476
754 236.605552965
755 247.146855035
756 232.834268011
757 234.327703783
758 245.278500436
759 245.363392555
760 225.383717184
761 229.665743676
762 233.366547707
763 233.470714866
764 237.809763992
765 245.869501223
766 232.482039964
767 245.795647785
768 227.980645582
769 224.893381948
770 220.493013149
771 225.474089189
772 208.635903342
773 247.070986463
774 244.32604599
775 206.290652998
776 226.438090192
777 261.281713435
778 239.338580964
779 -188.609917508
780 233.684174885
781 205.281183626
782 251.630604943
783 229.276893018
784 245.686062662
785 221.943976161
786 264.664152807
787 250.201094115
788 211.486051853
789 221.388677992
790 230.215447674
791 250.947454236
792 255.376837115
793 234.69356007
794 226.210040349
795 208.319986629
796 225.41618007
797 195.562652999
798 245.226269811
799 246.604774414
800 213.125145522
801 235.742603417
802 239.541678129
803 212.934047789
804 252.442563605
805 239.19849032
806 240.917401567
807 225.380137178
808 249.846717278
809 190.812415748
810 238.112796512
811 243.141678397
812 218.363499037
813 225.521059666
814 238.260246335
815 217.539184437
816 212.704835085
817 247.211825563
818 220.520336299
819 217.73464651
820 236.06573973
821 240.203165015
822 239.008470149
823 230.73840602
824 200.852324255
825 206.73414288
826 206.577988445
827 260.339710296
828 246.820428163
829 211.35909156
830 241.949074121
831 214.532194994
832 235.424039926
833 251.343931666
834 232.881680431
835 216.177202298
836 202.463514052
837 221.823390221
838 234.422401888
839 239.0544999
840 231.254231461
841 219.300019349
842 262.109231098
843 249.063649359
844 254.097595613
845 246.81556918
846 215.912597683
847 206.310993857
848 206.351532975
849 221.56069289
850 236.778857909
851 203.885342986
852 241.071341106
853 253.908926764
854 233.801083805
855 241.530691639
856 237.20619938
857 243.876854651
858 240.113123241
859 221.277312448
860 230.23342418
861 201.476242917
862 252.269933734
863 206.811288456
864 231.902097251
865 223.134726875
866 228.889692178
867 213.98549436
868 210.759277729
869 236.422033202
870 237.808788274
871 209.59826559
872 235.056207429
873 212.771210804
874 233.469224281
875 247.587680575
876 234.053021592
877 241.14528376
878 207.060568502
879 239.404691758
880 233.587893095
881 183.659920207
882 253.085302004
883 262.007508029
884 246.137873438
885 237.716011169
886 240.830301539
887 224.648623959
888 253.002507616
889 229.339688325
890 246.331099332
891 244.361207499
892 236.336981017
893 236.85406212
894 252.562350481
895 225.158314825
896 199.099940759
897 231.393628583
898 235.988207164
899 239.593805906
900 241.577628641
901 241.485044492
902 239.13973985
903 223.147034033
904 248.275678832
905 201.53960858
906 197.579190468
907 242.074519548
908 218.752632006
909 208.919589771
910 223.17101406
911 233.141089414
912 242.353776247
913 249.366679629
914 227.680808819
915 228.144677477
916 224.862360145
917 242.842275847
918 245.336247551
919 235.628102738
920 224.599395548
921 230.436467501
922 243.942342795
923 240.862272114
924 214.67437341
925 229.382275159
926 252.59150477
927 242.890031005
928 240.164142942
929 215.160306627
930 233.944419057
931 233.828009805
932 248.509619215
933 241.947360023
934 227.538931733
935 235.050614635
936 209.294121788
937 219.823110148
938 195.821369312
939 235.927093585
940 211.554259625
941 227.743658706
942 244.606687588
943 246.042330622
944 243.783510219
945 240.434852984
946 227.458039356
947 243.263755308
948 200.169758274
949 236.848047916
950 238.760236935
951 198.496501058
952 252.355913541
953 241.04358778
954 238.677207577
955 233.004731497
956 212.043229334
957 207.658346694
958 238.772838626
959 213.334518378
960 220.350174097
961 194.253198352
962 238.590481433
963 212.950943586
964 241.196815336
965 214.695476523
966 227.902190013
967 226.895512718
968 249.106824383
969 195.874947157
970 242.413090424
971 216.442524923
972 209.161879514
973 225.679678266
974 230.277639307
975 250.363467212
976 231.701380237
977 248.720116234
978 228.446005045
979 215.995845848
980 242.603712285
981 212.42761546
982 251.613873969
983 197.810395049
984 234.455811538
985 255.831032289
986 241.252196829
987 211.083161557
988 221.002401802
989 250.504574962
990 251.502285434
991 238.039798852
992 248.932531393
993 219.325653543
994 229.162053752
995 241.899042577
996 221.714063512
997 228.55230051
998 241.762968505
999 257.543175722
1000 233.556744509
1001 241.906855315
1002 244.384191744
1003 198.953184891
1004 235.855432801
1005 230.965961572
1006 223.195257772
1007 201.148321453
1008 246.829911999
1009 231.213650123
1010 247.960996757
1011 244.111680363
1012 252.129757649
1013 228.267247061
1014 204.104913592
1015 231.088886033
1016 236.136749209
1017 249.729333969
1018 247.818164981
1019 223.580692726
1020 222.279071902
1021 226.22945844
1022 237.322094705
1023 226.1409564
1024 241.108557315
1025 235.171180335
1026 222.990784776
1027 216.893010092
1028 229.836766165
1029 209.03743638
1030 218.752370668
1031 222.312634709
1032 257.041107531
1033 235.629252965
1034 196.811166348
1035 217.187279031
1036 239.563335307
1037 236.906901709
1038 239.423661282
1039 219.289989832
1040 189.72377109
1041 258.441493693
1042 241.569431512
1043 231.853852052
1044 243.297997319
1045 215.967426069
1046 243.955800208
1047 206.855947285
1048 244.09063375
1049 225.930704637
1050 200.081386072
1051 232.022341316
1052 225.627986544
1053 235.991901392
1054 242.874363871
1055 262.978484916
1056 233.37685637
1057 237.351074588
1058 200.375592621
1059 238.288131865
1060 195.130321728
1061 222.459933939
1062 215.503851119
1063 246.100702421
1064 197.471912382
1065 243.932774185
1066 226.962754956
1067 225.632483683
1068 237.574745779
1069 215.450971568
1070 245.606427481
1071 249.675829593
1072 237.872526785
1073 242.5940893
1074 214.096800618
1075 239.656515622
1076 236.830165796
1077 247.841237357
1078 207.316933502
1079 226.466600694
1080 204.845192528
1081 251.078839789
1082 201.819116611
1083 241.619209024
1084 192.615596025
1085 238.863321368
1086 233.862324906
1087 240.275830382
1088 202.029750327
1089 234.057985457
1090 257.101409755
1091 224.420250858
1092 222.136436754
1093 250.575619559
1094 217.800383839
1095 221.589370993
1096 232.104811772
1097 194.355402153
1098 247.827406543
1099 212.674245464
1100 247.587379895
1101 253.82393347
1102 231.358864121
1103 249.863453294
1104 247.244524583
1105 228.837042635
1106 242.843546796
1107 201.316432806
1108 246.450410952
1109 239.524715889
1110 236.531940739
1111 233.246840416
1112 242.254022274
1113 238.823991074
1114 226.898696006
1115 216.868552613
1116 227.371227585
1117 221.741500698
1118 245.019729961
1119 238.839230348
1120 242.713045635
1121 196.641450301
1122 217.341774299
1123 235.002909329
1124 258.208233934
1125 234.871554629
1126 265.388800669
1127 248.393495279
1128 220.77086165
1129 250.979607067
1130 232.078819212
1131 229.69981011
1132 225.71050301
1133 244.184472756
1134 241.315494675
1135 222.139251085
1136 248.74315742
1137 234.547653813
1138 215.8842687
1139 243.311381479
1140 209.294713775
1141 245.531709838
1142 241.447480635
1143 247.244207297
1144 223.184801198
1145 241.59365901
1146 239.712244103
1147 216.59845563
1148 213.23958601
1149 220.493189803
1150 240.663282174
1151 238.953353161
1152 235.380592687
1153 212.24549485
1154 244.394574582
1155 203.182835941
1156 200.236748404
1157 240.175894338
1158 216.927930288
1159 238.698397239
1160 217.878047899
1161 199.647812401
1162 231.042342355
1163 217.879455788
1164 246.069042998
1165 238.765042447
1166 223.623135523
1167 219.436681539
1168 208.254815028
1169 211.657471462
1170 209.013748647
1171 220.300580294
1172 255.960263144
1173 250.503591931
1174 254.289475921
1175 242.364664485
1176 224.110146039
1177 223.520098328
1178 234.945579818
1179 231.678156716
1180 194.28329973
1181 238.194580192
1182 235.418812669
1183 223.575740522
1184 238.148096132
1185 220.602426109
1186 237.776734952
1187 222.42596768
1188 220.965779058
1189 211.603978905
1190 221.900793764
1191 234.96498998
1192 243.475853468
1193 246.873250461
1194 222.748725634
1195 241.421362501
1196 249.228013321
1197 222.829376716
1198 251.024138286
1199 236.936774574
1200 243.933363781
1201 197.18061325
1202 234.4748214
1203 243.478009642
1204 219.837489504
1205 241.651671808
1206 248.326011671
1207 244.517227108
1208 220.146618739
1209 226.336578864
1210 253.838006161
1211 196.568060955
1212 246.175523074
1213 227.001029695
1214 247.739206454
1215 228.891644219
1216 216.108121798
1217 232.271123377
1218 237.955663485
1219 200.926770452
1220 240.516121835
1221 199.762033882
1222 233.072800411
1223 -227.557361248
1224 258.90648512
1225 213.864483911
1226 214.199690918
1227 239.479463788
1228 251.933344272
1229 219.146398765
1230 233.877196263
1231 226.406397164
1232 252.555112003
1233 251.245055466
1234 236.207655672
1235 251.389446948
1236 221.233305187
1237 223.375854728
1238 187.117327832
1239 224.930369515
1240 237.455376278
1241 241.789076355
1242 238.879311317
1243 230.608683019
1244 239.013305656
1245 228.915696308
1246 223.683118593
1247 226.361063154
1248 203.918808533
1249 244.556199912
1250 247.644347971
1251 212.818635364
1252 231.767635125
1253 221.224941742
1254 231.20446998
1255 245.012509475
1256 214.658044275
1257 199.072746114
1258 208.45828371
1259 216.704435165
1260 225.596458853
1261 229.944309372
1262 -193.411931425
1263 242.356102906
1264 219.087447809
1265 228.993283711
1266 236.758562031
1267 237.449502763
1268 235.948553958
1269 238.76672957
1270 228.450934196
1271 206.171062974
1272 243.149347149
1273 247.897772051
1274 240.13496671
1275 221.248934257
1276 230.224620961
1277 230.542542445
1278 238.526513036
1279 224.265966199
1280 230.747969157
1281 202.781182296
1282 226.214134134
1283 238.962019569
1284 215.133341945
1285 241.519303234
1286 240.312486208
1287 245.256879672
1288 238.322648476
1289 258.29524829
1290 257.510106134
1291 231.202288486
1292 245.063897749
1293 244.221612382
1294 222.747491637
1295 253.341993822
1296 248.062342453
1297 255.501325854
1298 226.190882697
1299 245.979147335
1300 198.244339329
1301 221.042727584
1302 242.772814577
1303 233.117891698
1304 246.016423175
1305 238.536262179
1306 229.081282959
1307 207.244394744
1308 231.169199521
1309 235.288226292
1310 236.567443365
1311 227.995389664
1312 198.017447973
1313 213.480602761
1314 235.708805942
1315 207.613422368
1316 219.094303933
1317 227.506242585
1318 242.441514629
1319 212.377726363
1320 237.170085899
1321 194.685121179
1322 198.282254128
1323 248.286232327
1324 237.363092772
1325 260.974499597
1326 229.880492285
1327 236.896637507
1328 203.573166519
1329 213.808075326
1330 222.14192367
1331 234.956498895
1332 238.529515719
1333 246.371657533
1334 232.871594798
1335 247.078772681
1336 207.705472973
1337 247.537522228
1338 258.49710846
1339 242.990117979
1340 239.182124768
1341 217.713839053
1342 240.388016886
1343 234.855464793
1344 219.380624559
1345 206.038969525
1346 257.73383789
1347 208.556270684
1348 245.970229021
1349 228.462264723
1350 199.574983354
1351 195.971016907
1352 246.356287862
1353 235.419726765
1354 232.941584833
1355 257.848846419
1356 228.147899859
1357 254.902559206
1358 218.635217663
1359 233.859540693
1360 224.50236351
1361 244.557631608
1362 236.619416485
1363 204.25197609
1364 244.947948765
1365 256.428181729
1366 229.479543167
1367 235.368954631
1368 198.807626841
1369 243.448491717
1370 209.152928955
1371 256.466378281
1372 231.085602148
1373 252.197963574
1374 226.836032477
1375 225.216713429
1376 234.437614994
1377 235.615614309
1378 250.256192087
1379 239.053608303
1380 222.396211286
1381 228.487217972
1382 234.181493212
1383 230.46862969
1384 222.895371787
1385 242.534661856
1386 251.566250654
1387 227.533907183
1388 238.535659973
1389 245.703052968
1390 199.563214716
1391 215.90091638
1392 235.704744331
1393 222.546942813
1394 217.978225571
1395 248.324328861
1396 216.945292042
1397 248.829668288
1398 235.13363062
1399 247.476583788
1400 230.190581233
1401 218.960407444
1402 251.177993729
1403 218.973750448
1404 235.90258716
1405 248.76929213
1406 242.240941721
1407 243.726162573
1408 243.387859254
1409 215.785306027
1410 204.153497932
1411 222.373243252
1412 217.835585674
1413 213.931333324
1414 245.878839486
1415 236.294425596
1416 259.983665333
1417 229.705953203
1418 246.694329735
1419 229.284406688
1420 219.700061641
1421 199.113220146
1422 243.387357357
1423 216.832834314
1424 202.733806399
1425 224.48669937
1426 239.994975624
1427 244.616213325
1428 244.225881593
1429 242.161162744
1430 255.805531583
1431 248.623868249
1432 212.078129355
1433 213.657426707
1434 230.152283055
1435 258.037188797
1436 235.989732358
1437 242.967810472
1438 169.329659649
1439 239.24164852
1440 260.946915916
1441 240.955760942
1442 216.240456038
1443 242.602952019
1444 233.229030412
1445 235.975298447
1446 217.385521535
1447 236.541427083
1448 221.237626251
1449 229.126268322
1450 245.446346107
1451 240.127858914
1452 224.081897016
1453 234.866699629
1454 241.987126232
1455 235.690046067
1456 241.186396814
1457 211.657310616
1458 225.091427294
1459 234.397805419
1460 231.755499123
1461 233.56357775
1462 202.238247127
1463 216.359407071
1464 213.640203986
1465 242.770000168
1466 230.749025584
1467 233.284091789
1468 244.09470824
1469 212.770420702
1470 207.198488492
1471 239.157910178
1472 214.758020335
1473 211.387020342
1474 201.370344951
1475 248.832035571
1476 226.274966166
1477 227.28580363
1478 226.922843896
1479 236.57720347
1480 183.325785598
1481 237.070136239
1482 185.227112179
1483 193.486772773
1484 229.922357543
1485 238.28953993
1486 242.643505172
1487 225.378613754
1488 231.982894526
1489 199.219092137
1490 240.601578068
1491 194.903463042
1492 217.30935594
1493 240.003163935
1494 250.416863209
1495 239.879995346
1496 247.176019166
1497 237.169892559
1498 241.697328302
1499 249.212541452
1500 204.074834282
1501 254.161142079
1502 250.109763396
1503 235.198592758
1504 202.621763587
1505 251.681884421
1506 242.354596857
1507 222.091901018
1508 237.971295746
1509 216.915732279
1510 246.589798324
1511 228.946035414
1512 240.781091254
1513 245.237728496
1514 205.20747027
1515 218.488542253
1516 227.570180918
1517 235.07171706
1518 234.683963356
1519 199.890909558
1520 236.223228464
1521 269.211655812
1522 238.071157526
1523 236.214492159
1524 242.603442256
1525 247.393637399
1526 192.994579875
1527 239.605528432
1528 236.677532109
1529 240.444096309
1530 252.260046835
1531 202.665780027
1532 230.833858312
1533 196.451806557
1534 228.827638218
1535 223.051610228
1536 238.685530423
1537 210.204876231
1538 236.095161465
1539 230.68728434
1540 236.626243367
1541 247.086116673
1542 221.354248942
1543 243.126834454
1544 195.405985863
1545 217.773629729
1546 227.991742372
1547 201.20835498
1548 251.167106104
1549 211.228607021
1550 250.115766
1551 215.257943865
1552 235.906090806
1553 241.981833428
1554 254.134435362
1555 233.519038003
1556 218.035034506
1557 240.57253609
1558 238.155364702
1559 241.12925999
1560 237.885603851
1561 201.799987505
1562 224.466626118
1563 244.950178943
1564 229.104077734
1565 230.272480614
1566 245.075092376
1567 233.58172673
1568 228.960600938
1569 199.657084505
1570 243.126640978
1571 209.523723504
1572 244.405663865
1573 243.487981036
1574 233.414942719
1575 223.951557305
1576 204.063180431
1577 230.598389945
1578 240.006214434
1579 203.928467298
1580 257.86971213
1581 210.023918945
1582 252.22747205
1583 215.177377459
1584 248.834090072
1585 -378.075409062
1586 230.876502597
1587 245.573474015
1588 206.315231548
1589 245.109410077
1590 251.129393399
1591 201.342773796
1592 244.133500096
1593 232.879093841
1594 237.508371632
1595 195.937323301
1596 204.355587219
1597 246.646633828
1598 251.580696142
1599 248.775647254
1600 241.266865583
1601 212.548638772
1602 235.750953062
1603 214.904845971
1604 222.572060111
1605 228.337782499
1606 248.921339625
1607 224.390415235
1608 232.450417015
1609 222.34556602
1610 252.416992053
1611 217.303658923
1612 236.04849451
1613 204.998964137
1614 225.399106505
1615 229.600159081
1616 235.701124591
1617 243.78921085
1618 207.646998285
1619 221.302905851
1620 220.644358887
1621 198.484679658
1622 234.564375006
1623 245.675035959
1624 233.531951001
1625 215.667687514
1626 245.846011979
1627 239.63548956
1628 244.30403912
1629 214.183550883
1630 234.134837938
1631 246.757308147
1632 234.752488493
1633 228.709274093
1634 248.118446226
1635 243.985095506
1636 241.332353012
1637 225.243055618
1638 246.387077529
1639 220.005696135
1640 197.126990284
1641 227.378886682
1642 216.469381021
1643 188.593448654
1644 199.178427155
1645 191.419047272
1646 257.596407707
1647 204.153540449
1648 221.975325922
1649 230.721523446
1650 250.943786054
1651 215.170706915
1652 226.863876837
1653 237.907856661
1654 254.053548794
1655 247.098570466
1656 216.087147795
1657 187.158288933
1658 206.512459074
1659 217.885741109
1660 210.327379139
1661 239.613295785
1662 248.334379571
1663 207.119771251
1664 224.777953001
1665 215.589823027
1666 212.946605874
1667 235.290410474
1668 220.157650764
1669 220.26495246
1670 224.92672381
1671 202.502797949
1672 209.361120383
1673 190.076263586
1674 232.647506458
1675 260.694857236
1676 197.888142463
1677 245.464145583
1678 218.894315569
1679 233.495094456
1680 237.433046826
1681 229.770902683
1682 206.17207363
1683 251.628782327
1684 234.634249259
1685 245.848321016
1686 234.629011905
1687 217.762353084
1688 206.797094521
1689 219.889209339
1690 244.951008877
1691 222.550213446
1692 232.635162433
1693 249.780971379
1694 239.852041902
1695 242.380251412
1696 242.99105535
1697 193.146549699
1698 242.480587036
1699 215.950431975
1700 240.68148432
1701 246.051073688
1702 218.561428493
1703 250.540392762
1704 221.938595722
1705 242.669469553
1706 244.052634421
1707 196.820472901
1708 204.86682606
1709 238.628803981
1710 221.79199664
1711 247.237796869
1712 227.311722561
1713 235.77973578
1714 246.158431038
1715 220.793871353
1716 242.549197902
1717 239.207587395
1718 244.279216206
1719 226.653186087
1720 228.787577576
1721 219.606726292
1722 233.669202823
1723 239.186260012
1724 252.379825128
1725 234.060899282
1726 258.482001579
1727 242.89697423
1728 235.684388845
1729 246.089873027
1730 222.556168606
1731 228.063647699
1732 259.934196313
1733 201.498778489
1734 234.261482511
1735 221.242956658
1736 234.567119874
1737 238.434510815
1738 216.516223258
1739 250.801976942
1740 211.279855212
1741 213.81248097
1742 217.235931164
1743 220.296977703
1744 238.633892713
1745 223.875402758
1746 253.586348953
1747 247.014928936
1748 230.581827197
1749 219.954356214
1750 251.777841186
1751 248.465262034
1752 236.256705518
1753 250.235957864
1754 241.591030716
1755 247.606386991
1756 230.990484342
1757 230.443557804
1758 211.270270391
1759 241.238168053
1760 229.108833411
1761 217.577911664
1762 230.272118196
1763 213.94999324
1764 204.926192917
1765 214.639982858
1766 218.945490852
1767 233.773648536
1768 233.09421706
1769 248.353709066
1770 227.419582306
1771 216.440269981
1772 223.303999964
1773 244.069051555
1774 221.726440459
1775 197.414700762
1776 219.852882023
1777 231.546264859
1778 215.673456612
1779 237.364836229
1780 256.133685916
1781 243.683964616
1782 196.15185374
1783 234.915218787
1784 232.56773606
1785 206.464916399
1786 236.826157591
1787 234.109184045
1788 235.519591392
1789 239.441697251
1790 242.504638704
1791 241.093684321
1792 222.208142269
1793 219.869603411
1794 205.915396931
1795 -185.882170881
1796 206.82973613
1797 245.943885222
1798 206.449753364
1799 195.910196684
1800 198.317326308
1801 215.981687816
1802 253.219717651
1803 231.648471059
1804 222.382189761
1805 241.815284656
1806 264.269754703
1807 237.37177912
1808 245.358346195
1809 237.345971466
1810 192.176424958
1811 249.111037715
1812 245.721506644
1813 197.197421556
1814 238.787098847
1815 235.27515022
1816 214.494318389
1817 224.352069269
1818 213.063318253
1819 207.78872119
1820 246.880479727
1821 231.617136868
1822 222.990775492
1823 247.831170786
1824 242.820693912
1825 232.495495644
1826 235.324660721
1827 259.824683191
1828 233.524681075
1829 246.787565678
1830 247.024436563
1831 216.75843845
1832 256.08066236
1833 224.72449974
1834 219.885243652
1835 235.745387226
1836 239.863864266
1837 205.208004072
1838 252.826096744
1839 201.659539065
1840 222.240483706
1841 242.689731791
1842 230.211217242
1843 226.083550582
1844 251.052873471
1845 249.975801947
1846 216.634796884
1847 237.174787745
1848 197.73924671
1849 227.018747994
1850 245.189896256
1851 251.990044307
1852 261.16682134
1853 224.564409692
1854 225.859443195
1855 243.167050903
1856 228.815894281
1857 203.029598434
1858 229.072613108
1859 224.453342466
1860 245.388264465
1861 234.804984222
1862 236.772230451
1863 197.462275578
1864 213.039433354
1865 235.552571917
1866 222.433064327
1867 234.406204345
1868 220.991597593
1869 230.84841412
1870 242.005877846
1871 205.459161304
1872 224.690161114
1873 248.790097998
1874 245.171687294
1875 214.499345719
1876 187.87322102
1877 220.14304714
1878 257.487789356
1879 227.151895192
1880 241.769684347
1881 222.402927646
1882 225.471259697
1883 240.628669175
1884 238.031514395
1885 248.06370892
1886 246.148556158
1887 231.474599005
1888 242.553345321
1889 222.197718786
1890 218.413437996
1891 241.87215843
1892 262.775550673
1893 214.090345019
1894 231.155742462
1895 243.998395691
1896 234.830855446
1897 219.214568226
1898 234.676462653
1899 238.270221279
1900 243.883627135
1901 245.287645535
1902 247.494086642
1903 232.142179636
1904 230.066908507
1905 225.038804381
1906 214.092967171
1907 232.692675051
1908 232.333048606
1909 247.537996917
1910 250.192214013
1911 238.98308142
1912 234.365167136
1913 246.120896588
1914 253.786966101
1915 203.207944446
1916 224.058165256
1917 209.738428292
1918 235.699853107
1919 261.857932916
1920 219.68048429
1921 245.545707345
1922 235.695267662
1923 209.687187344
1924 205.97933792
1925 237.730012956
1926 235.68748646
1927 239.340805157
1928 232.534444293
1929 223.348949135
1930 250.618044413
1931 204.867610706
1932 237.707625872
1933 239.149814562
1934 217.344464587
1935 246.764595899
1936 233.921901855
1937 232.827485899
1938 237.553512
1939 245.138734914
1940 225.718612192
1941 242.888097853
1942 210.285173456
1943 222.448910244
1944 240.342040795
1945 214.524652436
1946 219.821272359
1947 236.924572926
1948 235.554502198
1949 236.912863202
1950 252.407925943
1951 211.804007281
1952 247.958187673
1953 202.540379503
1954 231.73403017
1955 227.142100202
1956 236.207219793
1957 240.682818032
1958 245.869148008
1959 204.90305871
1960 250.282476409
1961 224.042593087
1962 252.646123342
1963 259.059773887
1964 230.483402027
1965 231.594505686
1966 239.220013573
1967 235.750072371
1968 239.47780366
1969 240.540377069
1970 247.9114327
1971 194.329935264
1972 255.26375069
1973 235.481200087
1974 219.815800002
1975 221.8991341
1976 219.005433555
1977 222.634561587
1978 200.014759352
1979 208.377366233
1980 223.494030922
1981 232.32499689
1982 252.391077885
1983 238.531082102
1984 202.156102158
1985 223.66974505
1986 239.78474703
1987 255.387824639
1988 239.830823676
1989 224.458867706
1990 209.841361387
1991 206.219585651
1992 206.916965715
1993 242.573195303
1994 234.366164333
1995 227.839221472
1996 254.538535186
1997 259.849629767
1998 245.782627598
1999 243.566148544
2000 200.081073953
2001 175.737531389
2002 200.301087263
2003 197.026876045
2004 236.803769837
2005 239.216578815
2006 122.175304859
2007 136.905666907
2008 142.506754135
2009 220.707930851
2010 211.589531487
2011 216.94002855
2012 204.530899856
2013 174.066342184
2014 160.767820834
2015 204.561003581
2016 167.993818921
2017 202.661967647
2018 150.872548929
2019 205.295631611
2020 126.554988367
2021 217.998159436
2022 202.736436035
2023 263.059655242
2024 195.853483905
2025 105.556565806
2026 214.735801193
2027 222.280123952
2028 179.080576145
2029 243.547303339
2030 205.3787108
2031 142.412263996
2032 206.83897967
2033 205.194577452
2034 238.062826629
2035 203.917989297
2036 163.140784572
2037 228.571495346
2038 168.931935799
2039 -124.619101589
2040 227.243873323
2041 128.412278892
2042 216.219367126
2043 219.082902094
2044 218.821242986
2045 237.497716955
2046 255.187284949
2047 215.981493489
2048 252.375280777
2049 247.806132489
2050 219.160471705
2051 235.963930546
2052 255.42698218
2053 228.598672019
2054 262.381170676
2055 257.39067414
2056 222.685371447
2057 173.210411705
2058 223.537432816
2059 223.880158558
2060 202.553570047
2061 227.925144522
2062 227.06080256
2063 218.718869479
2064 231.920855521
2065 189.617155985
2066 199.946557583
2067 178.980730658
2068 227.094661374
2069 193.896513729
2070 149.354249192
2071 235.927490317
2072 185.138827375
2073 184.823932052
2074 194.819856328
2075 149.947430042
2076 196.100344475
2077 208.174906742
2078 201.648028794
2079 219.653842593
2080 -173.349542634
2081 202.867309
2082 231.286824002
2083 211.189648112
2084 164.099276294
2085 231.829693009
2086 251.969325915
2087 202.448372292
2088 145.076067057
2089 216.10155665
2090 93.941904628
2091 142.988108689
2092 261.417641012
2093 -39.2900542909
2094 236.837486182
2095 201.460563526
2096 161.539600319
2097 244.789999119
2098 233.384301094
2099 205.06687667
2100 138.434395865
2101 237.746500788
2102 255.799398923
2103 246.717884241
2104 217.024495333
2105 246.240676248
2106 216.003574862
2107 116.142114085
2108 184.691639327
2109 195.532033309
2110 237.609514831
2111 185.999434081
2112 198.01835261
2113 171.837396129
2114 156.331666393
2115 238.493231884
2116 154.149994299
2117 199.039600678
2118 166.324439831
2119 174.421122347
2120 223.917812054
2121 -144.092855736
2122 181.193052041
2123 151.919822704
2124 234.703187717
2125 258.394809098
2126 127.954440574
2127 176.298174576
2128 216.803881854
2129 208.318709706
2130 145.231058498
2131 184.90681948
2132 249.66674115
2133 224.184468216
2134 209.112962101
2135 225.399395026
2136 246.943905591
2137 234.642657265
2138 197.147865424
2139 168.941163202
2140 123.317850892
2141 201.48004262
2142 168.746880584
2143 191.582982435
2144 225.307990111
2145 227.824045169
2146 197.441416891
2147 135.254960144
2148 239.805836218
2149 166.150441532
2150 204.204553065
2151 245.729643563
2152 153.386576531
2153 111.234213483
2154 194.884642317
2155 204.315274964
2156 211.570042496
2157 236.861230635
2158 176.079795386
2159 203.357740234
2160 141.915531253
2161 170.862565954
2162 226.726367451
2163 233.915076223
2164 232.114805015
2165 243.270015338
2166 -124.50354147
2167 156.242168258
2168 260.079438009
2169 214.945848026
2170 128.072270177
2171 254.016800637
2172 182.311918395
2173 202.609792001
2174 142.157700932
2175 233.605679461
2176 219.125088652
2177 214.309126907
2178 -110.850904419
2179 212.325279617
2180 178.934791698
2181 244.125611545
2182 167.464999319
2183 201.630734931
2184 106.559487721
2185 198.428115571
2186 215.843729757
2187 149.431816891
2188 185.413087563
2189 224.758289088
2190 127.391224695
2191 150.977155721
2192 243.521529667
2193 -28.3080260899
2194 264.472557055
2195 217.885039587
2196 229.50565918
2197 158.899064555
2198 260.786990169
2199 231.809731436
2200 138.74306949
2201 154.642910238
2202 244.14627917
2203 187.59164441
2204 237.489087817
2205 196.759113728
2206 254.085717899
2207 215.795583372
2208 153.858260745
2209 250.935001867
2210 230.598223736
2211 7.24383881107
2212 189.378431801
2213 208.719415318
2214 248.359021306
2215 242.076542613
2216 -67.7984058527
2217 112.375089003
2218 189.574451711
2219 233.791189236
2220 200.842170293
2221 193.079085607
2222 218.945540798
2223 211.164202563
2224 180.972037689
2225 240.046454065
2226 212.271852719
2227 113.092759468
2228 163.653701378
2229 212.993432627
2230 247.395830309
2231 188.218251632
2232 154.744055713
2233 246.036034702
2234 144.054075261
2235 242.195540015
2236 172.657361742
2237 201.442783544
2238 185.279350496
2239 146.59350674
2240 243.162448969
2241 211.151915317
2242 209.98567868
2243 212.402741721
2244 198.868027584
2245 154.999256352
2246 -97.899986918
2247 233.242220034
2248 213.586641388
2249 233.912709256
2250 132.682309043
2251 119.134649626
2252 183.14798653
2253 74.6461884579
2254 164.387530216
2255 182.255397255
2256 220.057618274
2257 241.625706438
2258 202.914749956
2259 149.499015824
2260 246.271770261
2261 178.63469064
2262 210.470521136
2263 169.297618883
2264 238.47894731
2265 129.655626228
2266 163.302983744
2267 242.757223892
2268 177.991844691
2269 234.560600487
2270 232.85190131
2271 227.549769812
2272 142.892920525
2273 125.438127563
2274 248.557915303
2275 180.642146928
2276 192.647050651
2277 182.899280649
2278 215.684869416
2279 199.398310336
2280 205.537811715
2281 204.055753275
2282 183.356042576
2283 125.92126492
2284 219.088323875
2285 192.785974379
2286 160.980902824
2287 239.916179262
2288 179.978220238
2289 236.401521768
2290 226.532929655
2291 269.776335661
2292 214.366892189
2293 179.03935151
2294 190.60609488
2295 113.903783427
2296 208.921883387
2297 259.011867921
2298 205.581349013
2299 232.550349577
2300 196.678388789
2301 234.336757745
2302 193.922973613
2303 148.822351116
2304 228.560629296
2305 186.331721441
2306 169.211611773
2307 178.427694634
2308 251.672514339
2309 -49.7684048215
2310 176.120916497
2311 244.30547842
2312 124.713099093
2313 244.320715683
2314 213.544677974
2315 148.50621782
2316 226.693707119
2317 9.35230534565
2318 217.88938826
2319 180.911580344
2320 219.989293639
2321 221.390967132
2322 195.240020173
2323 133.78381098
2324 240.140799876
2325 204.235446197
2326 159.468883359
2327 233.119237285
2328 220.642340195
2329 172.840386861
2330 152.509671448
2331 197.973320813
2332 214.352619416
2333 142.302616603
2334 148.544128187
2335 168.757137218
2336 157.412089121
2337 259.457798826
2338 215.630863023
2339 -35.4722320643
2340 171.781326293
2341 216.160584061
2342 215.147178906
2343 175.436016375
2344 242.446909971
2345 169.951007571
2346 158.115654929
2347 179.427106908
2348 158.622098296
2349 220.823363405
2350 178.216148355
2351 237.427281928
2352 -118.049975752
2353 188.826912343
2354 240.299455804
2355 208.240377328
2356 161.740421435
2357 190.359750374
2358 162.584769339
2359 254.455114562
2360 173.742988519
2361 141.739905538
2362 189.354235166
2363 162.666850247
2364 210.232479803
2365 208.839512959
2366 264.689638568
2367 115.939195004
2368 161.203449846
2369 163.855651767
2370 175.42885327
2371 166.781115443
2372 225.610080898
2373 213.635761721
2374 178.375767097
2375 181.990424817
2376 183.53734483
2377 224.867653388
2378 -527.866236081
2379 198.987584172
2380 230.637239792
2381 143.060345138
2382 249.524047845
2383 214.638124953
2384 -137.433435555
2385 235.212585029
2386 215.02051854
2387 160.384110077
2388 197.295102329
2389 239.308664707
2390 162.313503096
2391 213.323708055
2392 243.605290885
2393 224.925590629
2394 191.824168474
2395 263.347691397
2396 162.361480298
2397 193.738035819
2398 192.363293193
2399 155.384288495
2400 179.889141051
2401 195.745786662
2402 212.600916786
2403 223.334702626
2404 223.388676302
2405 143.741499337
2406 209.615230397
2407 247.663694606
2408 253.466503791
2409 238.607059408
2410 236.67849023
2411 216.643961494
2412 241.561353303
2413 167.541402829
2414 233.204195704
2415 210.960026189
2416 182.343218916
2417 210.246280424
2418 150.758580447
2419 218.632118116
2420 157.161765195
2421 199.910900309
2422 240.26335593
2423 201.107258662
2424 154.49922436
2425 228.457682267
2426 231.958628275
2427 230.831679687
2428 205.504394875
2429 221.866778634
2430 219.072560377
2431 197.596509426
2432 182.409991806
2433 205.184914307
2434 220.528491448
2435 156.423030197
2436 243.99996002
2437 113.037296328
2438 157.645714207
2439 218.298288803
2440 233.470299099
2441 -0.503003648495
2442 244.541916788
2443 212.261891654
2444 124.500556823
2445 241.516052224
2446 157.232449917
2447 222.060629679
2448 202.675949538
2449 154.71324695
2450 194.080306385
2451 263.702827559
2452 227.635557183
2453 157.475000437
2454 173.294559976
2455 215.592613916
2456 202.037727484
2457 182.517898974
2458 239.578015085
2459 160.292186188
2460 128.386733246
2461 232.780764582
2462 241.124846821
2463 248.451352101
2464 202.926517405
2465 211.37979828
2466 208.242005779
2467 135.788295352
2468 180.063562834
2469 187.429496783
2470 193.298009357
2471 245.460877525
2472 187.191604518
2473 246.176823894
2474 213.351451492
2475 147.303259722
2476 160.863872937
2477 212.993039001
2478 224.021435448
2479 203.430202548
2480 158.381935531
2481 254.118442245
2482 256.364120112
2483 187.72289482
2484 231.255873184
2485 223.418686503
2486 242.256307102
2487 196.145177776
2488 156.469559388
2489 162.610780463
2490 233.553710409
2491 200.906216825
2492 189.102583329
2493 215.672131781
2494 225.640676276
2495 245.52655454
2496 243.455766856
2497 260.982496136
2498 257.365786159
2499 174.191254386
2500 126.844330422
2501 193.245330174
2502 215.336369322
2503 200.100347745
2504 197.765391416
2505 -28.4596772545
2506 227.554605645
2507 169.959663419
2508 169.589685633
2509 195.763879266
2510 203.364491065
2511 252.917767377
2512 -23.4137623156
2513 127.123599419
2514 245.754753949
2515 201.149279652
2516 236.122298664
2517 209.277977534
2518 218.320129585
2519 205.262456973
2520 234.358779318
2521 148.090153072
2522 -108.231620562
2523 214.882986756
2524 183.810756865
2525 180.775465925
2526 190.962945112
2527 -116.811698384
2528 -115.229050845
2529 235.185405593
2530 176.513898548
2531 -90.0735821863
2532 236.837299624
2533 164.510366069
2534 229.460378803
2535 209.322882603
2536 189.795868049
2537 194.418519213
2538 183.981715314
2539 204.30961247
2540 235.638346461
2541 190.474524739
2542 -189.539385826
2543 253.0403033
2544 252.802307869
2545 195.093817324
2546 254.410144238
2547 157.917175391
2548 226.969943379
2549 206.765855347
2550 174.95341715
2551 202.039426363
2552 248.053888513
2553 175.231127834
2554 183.233942338
2555 171.793269762
2556 252.359478137
2557 116.6042405
2558 184.193026258
2559 214.798902541
2560 180.836260327
2561 223.281929887
2562 219.818233271
2563 153.482699407
2564 187.827332599
2565 239.954358415
2566 161.630894952
2567 155.786201076
2568 227.192610386
2569 235.91670507
2570 219.528714765
2571 179.564139237
2572 155.439536802
2573 235.667447188
2574 225.614786157
2575 208.781916443
2576 207.022174238
2577 211.971786532
2578 218.609406263
2579 198.647504925
2580 140.675903814
2581 207.531695688
2582 158.242877793
2583 164.089904863
2584 163.771887341
2585 151.242004507
2586 248.280408
2587 224.057274545
2588 230.038892768
2589 189.98874779
2590 236.187976378
2591 184.032596764
2592 235.096918389
2593 216.635634442
2594 244.170830741
2595 245.692329207
2596 220.061031339
2597 216.031005404
2598 209.485909923
2599 225.809688281
2600 192.274797121
2601 156.931057075
2602 138.220896401
2603 252.379022175
2604 211.16487691
2605 212.539310064
2606 157.615352992
2607 175.875464228
2608 162.355790624
2609 167.218897685
2610 79.6584391213
2611 228.22796273
2612 198.988069383
2613 232.117345915
2614 205.460382455
2615 15.2548596999
2616 219.233362352
2617 197.947819155
2618 190.730514169
2619 191.444832576
2620 174.401903444
2621 134.931806937
2622 192.926472335
2623 209.543582381
2624 223.557658341
2625 148.995269218
2626 253.238372721
2627 161.609335507
2628 228.450200204
2629 252.638093874
2630 163.206147515
2631 197.464886955
2632 178.942413748
2633 187.074836122
2634 212.50528545
2635 202.140383445
2636 228.495932164
2637 167.833182595
2638 221.846137574
2639 191.013610665
2640 216.485217632
2641 188.28729699
2642 212.678368979
2643 235.241606146
2644 229.434218508
2645 184.647790959
2646 242.2224639
2647 109.01932956
2648 223.337536622
2649 196.117549747
2650 119.534364861
2651 219.348335647
2652 258.139319674
2653 174.992082733
2654 237.020279192
2655 194.82842176
2656 202.785253836
2657 194.335557312
2658 148.904140775
2659 155.601164101
2660 124.106802952
2661 208.856427372
2662 173.332651412
2663 194.692573154
2664 243.792211411
2665 156.182681395
2666 230.550098546
2667 249.361077192
2668 186.661922439
2669 149.429657084
2670 168.800147393
2671 255.394871931
2672 185.66784294
2673 223.130821051
2674 200.623655643
2675 177.237350329
2676 93.4774896685
2677 237.390121358
2678 -60.6969609094
2679 203.889478005
2680 121.978290919
2681 205.515592405
2682 187.6743895
2683 137.293640542
2684 171.021516879
2685 153.010154541
2686 245.287315533
2687 172.745882499
2688 217.561604489
2689 170.46545307
2690 229.662885824
2691 208.016455279
2692 188.927796472
2693 231.977581696
2694 67.4339631155
2695 171.395675276
2696 174.172436839
2697 249.326587398
2698 201.486173151
2699 198.64261003
2700 159.379350237
2701 227.432423174
2702 183.189043392
2703 156.561848676
2704 222.593463457
2705 253.396363033
2706 -104.691341031
2707 138.660278132
2708 176.623066579
2709 239.025486631
2710 212.127762616
2711 145.268488002
2712 172.894615407
2713 191.491407851
2714 170.954469919
2715 193.717675827
2716 217.747394051
2717 200.958827313
2718 196.382664494
2719 249.041485457
2720 159.527197432
2721 225.786435214
2722 160.628207422
2723 174.103681829
2724 206.654167119
2725 140.457225877
2726 248.99513263
2727 222.877003557
2728 137.29119128
2729 200.932338268
2730 144.210172385
2731 106.90616159
2732 239.781143964
2733 186.462517561
2734 150.570150541
2735 161.206054537
2736 248.465722451
2737 207.413850094
2738 196.364875965
2739 226.090847479
2740 226.622504432
2741 240.018766591
2742 209.900633957
2743 213.32378132
2744 251.000623342
2745 66.3611660789
2746 237.315775588
2747 261.978934224
2748 97.4647307742
2749 179.773202709
2750 260.135732399
2751 217.000053415
2752 257.469391033
2753 177.714295301
2754 -154.512190912
2755 170.987567896
2756 186.375027965
2757 254.295892413
2758 216.796702029
2759 218.464400076
2760 197.545630878
2761 -75.4123614919
2762 219.041430636
2763 239.201954542
2764 165.389301961
2765 85.4950252928
2766 207.1698665
2767 169.564289448
2768 130.145712905
2769 184.619660092
2770 226.951925032
2771 202.646396143
2772 244.546571212
2773 179.802422108
2774 238.103131509
2775 205.950151357
2776 254.063664347
2777 240.62497662
2778 48.9206212382
2779 202.0593152
2780 168.455239227
2781 236.977047643
2782 183.318462792
2783 -120.854227385
2784 218.280862811
2785 206.789639963
2786 138.901202564
2787 227.719494009
2788 172.977670517
2789 178.286073789
2790 223.504768641
2791 198.862498182
2792 204.875885344
2793 204.501862643
2794 138.979616853
2795 164.880948003
2796 179.801363344
2797 210.596687209
2798 20.2816409939
2799 205.559420926
2800 178.127324351
2801 264.569686014
2802 163.350079624
2803 189.937207235
2804 240.398486568
2805 182.271122771
2806 206.013038228
2807 207.211459037
2808 164.71140891
2809 255.207305395
2810 207.96565699
2811 254.125776531
2812 209.13480233
2813 223.728698032
2814 215.583056713
2815 247.385212184
2816 177.851476599
2817 -109.755758683
2818 211.937766662
2819 -23.805519857
2820 194.075122363
2821 187.527466692
2822 136.515324758
2823 252.151148609
2824 246.874965666
2825 248.335095216
2826 254.160896651
2827 183.707136808
2828 122.916312058
2829 200.454195024
2830 222.979200808
2831 221.814615659
2832 256.580000194
2833 238.09130849
2834 -71.8303750086
2835 186.550187993
2836 161.295759635
2837 231.287428968
2838 203.14994101
2839 -102.885598179
2840 181.892865375
2841 -35.9923089642
2842 176.417671067
2843 151.617325759
2844 199.149409064
2845 235.685024247
2846 213.103876629
2847 173.674995378
2848 118.837322979
2849 185.179565168
2850 -52.7281564043
2851 253.097032297
2852 258.97233609
2853 5.719840773
2854 257.996151204
2855 221.882055394
2856 245.762888898
2857 222.530917763
2858 233.2444083
2859 203.28363209
2860 255.960287608
2861 236.813259177
2862 170.621569582
2863 245.886579321
2864 223.507880881
2865 177.496794135
2866 189.333993475
2867 240.895297575
2868 143.424474176
2869 233.537581127
2870 169.48614656
2871 234.074793947
2872 172.285211908
2873 189.602982776
2874 224.259981284
2875 184.755017335
2876 214.988183918
2877 198.655527814
2878 210.193961711
2879 261.962194552
2880 -79.0989208935
2881 175.190740832
2882 132.38155834
2883 241.85177718
2884 231.518010298
2885 200.403700846
2886 127.910293309
2887 135.185192259
2888 209.586899534
2889 252.559115985
2890 172.427358629
2891 213.671703134
2892 170.606623222
2893 222.308541936
2894 221.590569384
2895 248.404182922
2896 193.605799865
2897 249.64936185
2898 240.607327685
2899 124.112732171
2900 234.717435702
2901 245.58710958
2902 210.120690876
2903 -65.9796736176
2904 180.284344383
2905 134.757381929
2906 219.77847298
2907 234.13402073
2908 222.01566078
2909 195.249384725
2910 224.114700659
2911 186.65844382
2912 189.688677656
2913 178.892797541
2914 190.8912467
2915 253.44195812
2916 242.204111837
2917 233.460909321
2918 186.230383586
2919 76.4545591843
2920 93.6040469806
2921 234.62819981
2922 182.698481938
2923 143.093995403
2924 197.845772756
2925 176.399603992
2926 133.175969382
2927 176.322819625
2928 243.016674246
2929 217.285755453
2930 188.240646755
2931 167.387375183
2932 131.35103356
2933 170.269353278
2934 181.634849933
2935 124.478772351
2936 201.23548905
2937 153.2486521
2938 215.296662682
2939 213.525820528
2940 253.173135112
2941 230.559689072
2942 217.111811035
2943 173.633736702
2944 185.379930602
2945 224.642589963
2946 197.368791767
2947 243.666977979
2948 191.509134538
2949 148.650819098
2950 216.22063834
2951 264.415260288
2952 205.835574529
2953 152.795164785
2954 236.811294648
2955 209.08188281
2956 125.513650484
2957 156.268468805
2958 264.986892943
2959 175.99001658
2960 218.384366742
2961 210.910112704
2962 146.008470705
2963 4.3378816656
2964 241.587876033
2965 -21.5697755538
2966 140.303901681
2967 151.214867659
2968 179.484688094
2969 175.05162865
2970 -62.2020866721
2971 236.225796468
2972 196.391815716
2973 229.898602901
2974 214.275573077
2975 256.755668278
2976 136.235315526
2977 157.815397347
2978 251.190486336
2979 250.169942976
2980 212.224199264
2981 174.940179562
2982 231.932943791
2983 121.815314789
2984 198.861792827
2985 242.305104591
2986 224.612803997
2987 203.366388483
2988 -43.913656364
2989 144.384110492
2990 183.461811613
2991 200.375870545
2992 184.209324422
2993 158.079127646
2994 210.399950262
2995 232.599209153
2996 234.856171128
2997 164.846802258
2998 197.251884116
2999 187.758921595
3000 249.794662132
3001 199.970637976
3002 225.586764647
3003 178.650716001
3004 117.869769837
3005 216.798818864
3006 241.381671985
3007 253.260737028
3008 156.437147259
3009 238.561241137
3010 213.754069143
3011 250.347245011
3012 239.211984141
3013 183.091447995
3014 253.017772818
3015 170.065887169
3016 244.241019656
3017 100.121452148
3018 189.628093557
3019 256.940271393
3020 197.681949571
3021 235.170623886
3022 197.92822613
3023 254.938631997
3024 190.922240028
3025 186.334151822
3026 205.311378251
3027 155.829781189
3028 219.868609733
3029 129.003415032
3030 163.622820142
3031 200.699731463
3032 202.96061095
3033 176.141819184
3034 243.072672083
3035 206.13757542
3036 196.881344194
3037 237.22186662
3038 206.418984663
3039 142.825197728
3040 239.752819138
3041 174.502217533
3042 124.619218906
3043 -50.9708040315
3044 207.772646708
3045 216.29903122
3046 203.919197642
3047 162.427500326
3048 219.753396364
3049 126.19182377
3050 217.994747652
3051 130.405314126
3052 198.731898374
3053 223.842573458
3054 163.763823472
3055 211.993692239
3056 192.119631658
3057 191.264736808
3058 227.932948485
3059 178.730108286
3060 212.3033936
3061 195.910589388
3062 86.5577203354
3063 235.554221646
3064 197.029667186
3065 194.416911976
3066 220.38317702
3067 254.3476898
3068 170.317601598
3069 157.909616314
3070 211.995312125
3071 226.028601189
3072 211.961123892
3073 243.952313402
3074 -416.669610178
3075 233.464635517
3076 209.994250246
3077 241.511512719
3078 0.0351466759868
3079 247.646738001
3080 216.027267233
3081 202.976144098
3082 198.675403526
3083 -149.196417568
3084 -63.0505635544
3085 181.354852705
3086 213.532937833
3087 -128.439653906
3088 228.52633354
3089 235.139953892
3090 184.426306939
3091 204.048631658
3092 184.101067872
3093 229.899260501
3094 219.684993127
3095 176.947949416
3096 253.653035131
3097 241.282660604
3098 253.166362691
3099 166.037275013
3100 216.169320576
3101 227.363292272
3102 245.22621327
3103 176.119160817
3104 216.972159618
3105 162.625185476
3106 164.328893917
3107 247.292149787
3108 169.884996198
3109 202.730219729
3110 220.437959961
3111 186.208454113
3112 142.728824766
3113 176.580741998
3114 207.238270969
3115 -99.843054612
3116 255.470347816
3117 245.985448327
3118 194.520102083
3119 -43.1536524172
3120 196.576215805
3121 220.722712153
3122 243.825560778
3123 124.134618387
3124 242.341084521
3125 208.186890004
3126 138.661053502
3127 160.422261774
3128 187.988139258
3129 230.57033839
3130 213.466530141
3131 123.306555798
3132 218.30228453
3133 212.339253918
3134 239.062769193
3135 235.311935877
3136 244.734654215
3137 228.074523051
3138 190.217823655
3139 247.606839578
3140 217.110417689
3141 254.035879279
3142 165.318969143
3143 -60.4174050832
3144 204.67279476
3145 -88.3841176492
3146 230.852479259
3147 200.882735203
3148 184.154704395
3149 -27.2889779597
3150 194.366233327
3151 248.32120851
3152 181.874748039
3153 204.789479196
3154 161.685806785
3155 135.450316398
3156 242.641482307
3157 239.266753807
3158 221.646067949
3159 162.576170181
3160 194.623666705
3161 211.898451742
3162 232.990987287
3163 195.656886546
3164 211.149849636
3165 201.81689902
3166 197.512811483
3167 153.752970904
3168 244.538805748
3169 236.376774055
3170 215.323438863
3171 184.261620301
3172 161.169234632
3173 194.828555089
3174 181.904040571
3175 150.546317815
3176 132.144509591
3177 166.177501218
3178 189.777564599
3179 195.37448521
3180 258.960102883
3181 233.239985625
3182 227.653512099
3183 242.228082406
3184 -76.3632267854
3185 149.365484966
3186 178.047264918
3187 199.583210068
3188 184.347676814
3189 207.445649656
3190 215.231167652
3191 269.842314083
3192 234.103311624
3193 246.576911899
3194 161.7925808
3195 218.860210193
3196 166.850701706
3197 220.747635308
3198 214.426402324
3199 252.196763934
3200 211.714081408
3201 136.841318597
3202 157.545571103
3203 256.248861307
3204 241.857803324
3205 223.295540126
3206 149.547810437
3207 197.179695563
3208 150.091626479
3209 -4.7603545324
3210 140.519254794
3211 108.963849356
3212 117.971575258
3213 140.13881508
3214 209.579256476
3215 215.903957246
3216 232.388534605
3217 195.832257642
3218 183.588018425
3219 161.563438846
3220 197.987013181
3221 143.033082588
3222 202.720096355
3223 222.459451408
3224 240.082628441
3225 255.649596447
3226 242.708390729
3227 216.241391776
3228 223.242865949
3229 204.900156895
3230 195.772335375
3231 195.244776837
3232 172.04003131
3233 178.699319085
3234 189.574536739
3235 166.526760815
3236 235.256811419
3237 176.453221521
3238 245.650557178
3239 178.903237692
3240 203.818358078
3241 153.288004769
3242 235.243559006
3243 246.995283203
3244 178.243158854
3245 166.106805341
3246 222.374675319
3247 238.04551807
3248 262.041176061
3249 145.910931044
3250 250.616692681
3251 257.709540906
3252 233.152160666
3253 149.264299139
3254 137.766116614
3255 211.971391807
3256 162.053298809
3257 209.042653564
3258 224.050891269
3259 203.362294268
3260 224.885063884
3261 159.993841135
3262 190.80128433
3263 145.675623767
3264 211.398999356
3265 169.369320003
3266 192.015923004
3267 157.405492186
3268 205.922184291
3269 226.752624112
3270 248.739694923
3271 204.362889806
3272 224.118765246
3273 249.432362268
3274 -11.1311100076
3275 158.661303687
3276 200.024935807
3277 181.305316971
3278 161.318559309
3279 146.988158844
3280 179.211128436
3281 204.960831549
3282 260.35193072
3283 207.636594199
3284 209.010203611
3285 175.443047309
3286 201.834661453
3287 219.265091406
3288 168.617830062
3289 252.51623777
3290 229.168194432
3291 215.988428508
3292 249.829099491
3293 203.394162864
3294 143.100481246
3295 157.229160935
3296 230.589149159
3297 162.033370746
3298 165.755540058
3299 -54.6995791713
3300 202.144515353
3301 239.222356576
3302 95.7806015654
3303 134.650827887
3304 146.224162776
3305 206.030039682
3306 245.027018732
3307 205.69588504
3308 257.713183164
3309 244.978782729
3310 175.015261838
3311 182.921064925
3312 164.153674941
3313 161.394365321
3314 147.778045462
3315 254.03089884
3316 -124.180345617
3317 240.729711179
3318 197.377486536
3319 172.049142063
3320 244.536239098
3321 203.582606339
3322 200.446451513
3323 186.595525368
3324 199.15379125
3325 251.663595724
3326 160.213786029
3327 206.738995535
3328 182.000047534
3329 107.446319213
3330 228.42540445
3331 139.33275256
3332 200.587600106
3333 200.28896578
3334 212.678692842
3335 152.654550509
3336 182.44422963
3337 215.092246279
3338 133.227883787
3339 256.696960752
3340 209.947506524
3341 247.447250978
3342 261.934319789
3343 273.066263007
3344 207.649152528
3345 247.304792497
3346 146.972465078
3347 -75.6074315976
3348 229.193649068
3349 192.752126603
3350 196.956404359
3351 244.295940636
3352 210.618166594
3353 193.498893768
3354 148.602930419
3355 210.317631745
3356 171.831378543
3357 127.365912761
3358 237.237688023
3359 146.352939587
3360 149.502314654
3361 219.082087963
3362 190.457696702
3363 85.9137773162
3364 224.768870419
3365 222.321905284
3366 -38.4456116561
3367 170.067986657
3368 -84.5027577423
3369 240.563032149
3370 241.116896612
3371 145.792933734
3372 237.245504035
3373 -11.3860039336
3374 206.720943098
3375 184.550509643
3376 251.459847615
3377 186.860321128
3378 153.80852702
3379 237.522072669
3380 203.022992824
3381 105.945016907
3382 204.252938081
3383 180.185492162
3384 -21.532157196
3385 236.167426871
3386 235.171960542
3387 215.400455008
3388 -20.3227807436
3389 266.631739315
3390 215.042936946
3391 162.790550681
3392 180.074346529
3393 208.003717214
3394 205.221251147
3395 168.179006741
3396 139.000468899
3397 237.580958158
3398 145.540758648
3399 205.132253804
3400 220.370835669
3401 199.502236607
3402 248.533558097
3403 230.749918285
3404 269.975999974
3405 167.689646091
3406 217.163250039
3407 223.865449898
3408 -10.2526493934
3409 152.35698407
3410 172.54661955
3411 252.389023255
3412 273.856772083
3413 162.000391462
3414 230.794161134
3415 229.15626613
3416 238.971989083
3417 209.652517606
3418 216.859270958
3419 163.966971084
3420 245.297205343
3421 248.225214568
3422 204.733575345
3423 211.639486684
3424 250.51132644
3425 201.370484189
3426 177.623264728
3427 217.21007434
3428 200.766945492
3429 164.360186091
3430 254.857732236
3431 242.053213763
3432 -46.1447238868
3433 -44.0377397123
3434 140.514002224
3435 233.955618688
3436 247.0637617
3437 252.164108043
3438 248.118417825
3439 213.929980734
3440 245.431247638
3441 207.79604103
3442 200.084618576
3443 196.667369714
3444 240.812350853
3445 147.997339734
3446 157.70851579
3447 97.5820309774
3448 150.289869259
3449 185.264012258
3450 237.420026117
3451 225.235745497
3452 257.910263465
3453 201.314518256
3454 250.036235944
3455 241.389202159
3456 211.451006996
3457 180.649535334
3458 243.710958528
3459 243.071781228
3460 235.895576181
3461 149.22742139
3462 -108.907180122
3463 191.763919078
3464 184.806707702
3465 247.225849145
3466 206.823231087
3467 186.817278229
3468 253.341924154
3469 232.603708262
3470 123.546520546
3471 215.894228538
3472 180.762912708
3473 252.176518726
3474 194.017807003
3475 237.082849348
3476 182.789223297
3477 146.610451564
3478 192.921598881
3479 224.927338981
3480 216.52417399
3481 227.111967451
3482 193.231861461
3483 245.03721228
3484 173.301548931
3485 256.360936323
3486 167.39685439
3487 223.483880363
3488 195.306639725
3489 163.256466958
3490 241.796585126
3491 212.262545292
3492 257.072053694
3493 138.5393094
3494 256.439647558
3495 208.014497472
3496 177.304150154
3497 187.569412217
3498 -101.989596735
3499 147.117978774
3500 160.52637349
3501 240.199619756
3502 246.650568422
3503 145.786012852
3504 173.61860235
3505 182.65553273
3506 186.842517198
3507 258.438768738
3508 199.178152005
3509 227.523724755
3510 259.870870158
3511 199.926464826
3512 218.347109749
3513 241.762118343
3514 212.886296016
3515 253.246691997
3516 212.058510449
3517 238.573104689
3518 226.788151298
3519 208.655144783
3520 198.295533813
3521 221.341738143
3522 196.057073176
3523 245.753539037
3524 218.582072233
3525 231.45407485
3526 246.639001452
3527 167.130013294
3528 247.354817248
3529 184.57600943
3530 184.531291307
3531 226.687869544
3532 257.945917303
3533 209.252058456
3534 219.462842513
3535 210.893408106
3536 258.857191701
3537 250.280936008
3538 215.304432689
3539 185.808092871
3540 252.533127461
3541 207.167939523
3542 -153.797419309
3543 240.135531836
3544 204.715095081
3545 185.316053026
3546 199.573332929
3547 209.743746253
3548 229.909273195
3549 160.033468958
3550 242.775177553
3551 171.013498687
3552 183.574117751
3553 170.352106088
3554 237.602523653
3555 242.878692603
3556 165.744808235
3557 197.618077167
3558 148.823514129
3559 234.819553693
3560 218.216697099
3561 165.356356433
3562 179.80968762
3563 191.207773164
3564 199.486904793
3565 230.047668306
3566 196.882554989
3567 129.775178399
3568 215.293178241
3569 224.27351929
3570 187.134854991
3571 -302.99612797
3572 206.575034751
3573 219.391949675
3574 228.208388476
3575 197.254834095
3576 128.280890257
3577 240.445635078
3578 242.824156043
3579 121.905479472
3580 180.490364031
3581 184.749618419
3582 185.037875959
3583 255.439682372
3584 204.974468379
3585 185.337783834
3586 161.974951719
3587 182.427540722
3588 217.931424176
3589 193.598793274
3590 118.709456819
3591 204.099066623
3592 241.155482271
3593 234.54318448
3594 159.017401444
3595 255.850152688
3596 145.259433547
3597 174.983533572
3598 140.897248907
3599 241.853234753
3600 229.537536753
3601 222.085478197
3602 214.743070063
3603 215.680028905
3604 204.472133261
3605 250.666102748
3606 131.650682016
3607 219.60109171
3608 250.034364806
3609 134.335379202
3610 -17.7033791852
3611 210.310562087
3612 140.593176636
3613 217.200933517
3614 215.924090424
3615 224.723729233
3616 187.799999498
3617 223.321564671
3618 227.652267328
3619 108.688846512
3620 188.612728813
3621 221.897070491
3622 262.301741949
3623 143.489601151
3624 144.398880182
3625 130.061500319
3626 195.848108376
3627 135.079069584
3628 235.351084338
3629 158.650506577
3630 207.935209265
3631 196.166560988
3632 265.258108322
3633 220.835224879
3634 210.144759396
3635 244.808901347
3636 207.124235585
3637 242.797815026
3638 202.206359376
3639 180.794342247
3640 188.980497728
3641 177.555257341
3642 255.034843107
3643 174.242580756
3644 191.720497337
3645 134.7414087
3646 198.158586009
3647 134.575424414
3648 178.985737355
3649 253.192915343
3650 231.813068362
3651 111.33828364
3652 209.437736122
3653 185.472782295
3654 247.451255039
3655 222.245435989
3656 231.356586846
3657 197.634103934
3658 243.830221257
3659 211.819807315
3660 247.113843942
3661 226.181989229
3662 222.027764734
3663 127.386784642
3664 239.826896659
3665 210.921849753
3666 219.692257136
3667 160.748095826
3668 232.287370293
3669 213.868063447
3670 218.679612498
3671 240.343966812
3672 245.371957878
3673 212.657844589
3674 219.041019517
3675 91.0306797782
3676 250.089651864
3677 233.058723837
3678 243.091016242
3679 188.814617093
3680 184.620095312
3681 250.591584612
3682 194.371791982
3683 213.34059667
3684 198.949007988
3685 171.256910206
3686 183.365099183
3687 261.83261542
3688 208.726511011
3689 190.700334519
3690 194.497937871
3691 186.374289344
3692 190.772044276
3693 240.273415198
3694 171.678233547
3695 227.456596504
3696 223.793506403
3697 124.070274438
3698 217.780828301
3699 243.707920561
3700 248.632493035
3701 120.972062764
3702 114.202970256
3703 224.825454903
3704 178.575760878
3705 220.369627006
3706 -40.6818163605
3707 186.394798305
3708 249.807450906
3709 160.48469102
3710 236.329970463
3711 163.475861767
3712 173.597999134
3713 161.498458718
3714 -124.898129756
3715 214.162871309
3716 262.544416971
3717 171.80516805
3718 254.156377638
3719 170.880170383
3720 205.16144794
3721 154.993680135
3722 183.329000877
3723 258.791120034
3724 249.028382119
3725 172.608991223
3726 164.934984398
3727 -139.420630487
3728 246.81997617
3729 177.030079498
3730 189.380163043
3731 226.352670887
3732 169.731797467
3733 203.474601236
3734 231.840681363
3735 186.242867687
3736 218.286043216
3737 229.239673251
3738 222.37446557
3739 180.151117986
3740 232.832890833
3741 211.868307343
3742 218.085642206
3743 259.581761063
3744 167.21600485
3745 146.150871533
3746 -105.03239163
3747 259.84996512
3748 156.665595028
3749 191.237372298
3750 142.112202233
3751 202.893510836
3752 -139.406416229
3753 230.9870493
3754 233.84160858
3755 200.657726242
3756 -72.4314075686
3757 183.413423182
3758 224.398789552
3759 239.007760549
3760 224.138217447
3761 183.601045373
3762 142.893645835
3763 174.833684221
3764 258.632439541
3765 195.656298964
3766 224.014992427
3767 181.555459458
3768 163.189047423
3769 215.292409522
3770 256.412954813
3771 218.758771702
3772 -18.8814404917
3773 186.246502991
3774 168.677298981
3775 165.409564265
3776 -18.0955232749
3777 222.097923041
3778 244.808327702
3779 244.365664679
3780 205.111632273
3781 229.346991918
3782 103.821908156
3783 173.856660603
3784 203.108109763
3785 177.130116053
3786 240.150627176
3787 223.486572852
3788 236.056492553
3789 221.693876592
3790 170.313128823
3791 259.603464732
3792 143.576982411
3793 -60.4163662362
3794 160.156459728
3795 155.698344997
3796 184.771499162
3797 205.686607547
3798 10.4594005798
3799 258.164463765
3800 214.573712532
3801 230.047682576
3802 229.73429053
3803 205.39421672
3804 165.136095213
3805 212.877246521
3806 174.533470614
3807 202.364339115
3808 145.349244099
3809 183.956153843
3810 128.150256585
3811 190.573941346
3812 246.500922374
3813 242.592510869
3814 200.699081386
3815 150.084155105
3816 192.141460377
3817 161.586285241
3818 243.379599869
3819 207.584892665
3820 213.541509946
3821 245.773678051
3822 241.781351904
3823 185.339787752
3824 208.454742068
3825 237.048508036
3826 239.418462339
3827 258.189612978
3828 153.373714488
3829 190.131503606
3830 235.595636329
3831 174.62987702
3832 185.370970154
3833 230.940754635
3834 177.586309287
3835 184.336031412
3836 259.642583385
3837 189.234335314
3838 202.048731685
3839 157.954994632
3840 262.20568717
3841 261.078188719
3842 199.327487819
3843 231.74595634
3844 229.084185939
3845 -130.142769561
3846 188.381015785
3847 219.690998309
3848 181.406366128
3849 248.188651183
3850 202.484075936
3851 239.38170059
3852 248.277014299
3853 -124.746702968
3854 166.584345929
3855 225.078617606
3856 162.426785694
3857 214.282674988
3858 166.609981713
3859 229.108666751
3860 153.754772096
3861 239.600573933
3862 260.153915025
3863 206.782465406
3864 240.281403195
3865 195.299009832
3866 165.735652467
3867 190.392061781
3868 241.106941891
3869 188.979689817
3870 105.434395686
3871 196.853136017
3872 179.833136491
3873 211.096550722
3874 -168.655913213
3875 169.432917845
3876 225.211338257
3877 227.100759579
3878 230.1318225
3879 218.25973262
3880 178.674250866
3881 246.723188569
3882 197.763130937
3883 234.707499564
3884 145.121612662
3885 169.966913742
3886 237.08346314
3887 229.264712297
3888 241.655510921
3889 146.423638402
3890 228.483113581
3891 112.960146062
3892 221.758269161
3893 230.769752628
3894 178.430977039
3895 238.431358894
3896 183.289891398
3897 178.876090727
3898 172.139657668
3899 204.141332789
3900 -81.8704624952
3901 153.106074316
3902 258.098918461
3903 225.788772993
3904 181.316161714
3905 -37.49139444
3906 154.194716672
3907 245.479691161
3908 155.811890681
3909 222.508253811
3910 207.807538948
3911 211.336393481
3912 179.515747367
3913 148.980542062
3914 144.097966476
3915 180.533502555
3916 261.278554792
3917 176.677947016
3918 209.530752783
3919 180.590288951
3920 163.900480243
3921 226.530693261
3922 210.326448335
3923 231.661249314
3924 237.712727194
3925 258.985926196
3926 225.422334817
3927 219.945381587
3928 195.361579392
3929 206.603744586
3930 263.021733528
3931 208.030614147
3932 150.452902353
3933 178.48320003
3934 211.988069678
3935 229.466468011
3936 165.370611219
3937 209.609947344
3938 224.718523353
3939 137.314707762
3940 239.637487119
3941 198.131851939
3942 254.519310009
3943 208.800636911
3944 240.954575113
3945 221.365268492
3946 167.004889839
3947 184.990772628
3948 168.652892743
3949 103.896384877
3950 242.77632407
3951 -84.080522446
3952 134.379755454
3953 223.019048462
3954 194.929966168
3955 -39.5889247334
3956 241.464363298
3957 211.060518509
3958 -4.0598442671
3959 210.509671235
3960 248.126716521
3961 204.753490117
3962 177.829537063
3963 224.902510048
3964 204.133424875
3965 235.749116308
3966 174.614604157
3967 202.861717276
3968 216.971998873
3969 135.411093766
3970 229.556599769
3971 193.623079998
3972 201.705087937
3973 236.55034466
3974 223.11841685
3975 161.640773178
3976 196.613766098
3977 207.472707612
3978 222.145991466
3979 256.295750377
3980 204.036054822
3981 201.887752264
3982 85.7322801062
3983 122.440338528
3984 169.248828062
3985 136.015046239
3986 89.5103331219
3987 241.021778134
3988 216.384455691
3989 180.502101485
3990 188.696050961
3991 196.767105102
3992 186.402685705
3993 187.859104827
3994 187.969757128
3995 217.710950332
3996 -72.4137648628
3997 233.573215499
3998 131.326666057
3999 190.154335995
4000 214.582924975
4001 216.756306595
4002 228.544668522
4003 211.47505254
4004 241.685336331
4005 213.220553688
4006 236.42060305
4007 229.003717074
4008 248.472403629
4009 121.338490231
4010 -171.669509391
4011 209.143075907
4012 234.644192104
4013 122.654060486
4014 253.22631538
4015 247.110450433
4016 216.460530229
4017 97.790943278
4018 169.42789644
4019 159.602004202
4020 160.867896399
4021 190.856893408
4022 112.053251487
4023 231.738672768
4024 211.556089274
4025 184.156200557
4026 238.416630506
4027 245.420923315
4028 197.221412898
4029 216.217859601
4030 223.319030227
4031 139.856761345
4032 240.167210319
4033 201.469292692
4034 147.929165327
4035 192.761617265
4036 213.233696244
4037 235.714106645
4038 221.688022865
4039 171.481565304
4040 157.540806842
4041 246.45986471
4042 178.339112122
4043 171.399819218
4044 239.558195543
4045 212.321556879
4046 241.238903037
4047 234.883986423
4048 150.827706566
4049 -7.37429086371
4050 211.468418721
4051 160.914397106
4052 195.691203912
4053 209.397393408
4054 241.343541704
4055 228.479437006
4056 189.836210864
4057 233.272077819
4058 242.096644935
4059 253.690722225
4060 235.835072124
4061 139.797878856
4062 -29.6698513983
4063 176.976398635
4064 193.877314374
4065 237.867630305
4066 192.920872273
4067 241.43106521
4068 240.686241638
4069 237.643080272
4070 -72.0245762947
4071 151.066601585
4072 240.882026226
4073 233.74298631
4074 242.876337805
4075 130.987383784
4076 155.617391926
4077 243.389514979
4078 231.826936095
4079 162.010440429
4080 196.412554661
4081 212.277906213
4082 201.919927923
4083 244.051637559
4084 225.124444358
4085 183.674612179
4086 -47.4700452012
4087 211.422902177
4088 213.288769312
4089 129.040778014
4090 199.189682431
4091 179.20145717
4092 200.076825016
4093 209.978144433
4094 186.854215493
4095 198.351775828
4096 251.789688998
4097 207.592890201
4098 228.83177287
4099 169.754852258
4100 235.281268099
4101 148.741418052
4102 247.693912148
4103 200.234785556
4104 97.4236174778
4105 250.775511386
4106 187.317934978
4107 39.9832905668
4108 235.303078587
4109 255.981486405
4110 198.008712398
4111 232.093579338
4112 176.865478712
4113 181.107509358
4114 202.626362349
4115 248.531145148
4116 252.19995205
4117 130.984062359
4118 242.456175121
4119 -185.727073596
4120 153.463307299
4121 245.025442501
4122 193.478785672
4123 241.549614745
4124 209.803053958
4125 243.251968915
4126 230.437326352
4127 250.879311891
4128 232.810156175
4129 -47.5955657653
4130 -64.4717672284
4131 173.733668477
4132 190.783104549
4133 255.433466799
4134 251.106562475
4135 224.619058893
4136 205.14637372
4137 243.18655159
4138 195.486683646
4139 101.515469169
4140 238.075578038
4141 141.84085221
4142 216.874253487
4143 187.085474163
4144 193.594462459
4145 218.71890363
4146 199.783369283
4147 215.17115927
4148 175.600784015
4149 176.974650897
4150 136.087846271
4151 164.126299104
4152 164.658826271
4153 159.341059762
4154 229.939933576
4155 197.157790242
4156 186.091668454
4157 207.295743946
4158 211.048079228
4159 147.647896927
4160 237.184310281
4161 171.582016876
4162 142.486135484
4163 213.767938299
4164 134.272153685
4165 108.134952548
4166 149.48568739
4167 239.758550885
4168 182.483883883
4169 241.952323048
4170 194.871849762
4171 -135.515226248
4172 223.395938582
4173 250.158360528
4174 233.300644936
4175 242.695744244
4176 208.132237312
4177 165.082366921
4178 256.690036932
4179 247.904768073
4180 160.465221246
4181 214.318165076
4182 83.7136747146
4183 247.057898699
4184 207.373877001
4185 221.256292219
4186 179.334427853
4187 189.66078733
4188 195.476352532
4189 231.310478843
4190 204.831727221
4191 194.464871065
4192 222.483535427
4193 187.021545783
4194 131.607862687
4195 193.30969993
4196 198.276235339
4197 175.073688317
4198 218.3467497
4199 238.224530964
4200 204.131950638
4201 244.755715644
4202 210.658125426
4203 268.298415684
4204 184.158659492
4205 149.601363776
4206 228.335885323
4207 228.150536914
4208 224.58293798
4209 114.926609011
