Action MLP:Hidden weights: [array([[ 0.05865236,  0.04773735,  0.09401342,  0.13861431,  0.14642223,
         0.17734108, -0.02730355,  0.09257659,  0.01791185,  0.07302153,
         0.07439785,  0.07965857,  0.08298982,  0.03821921,  0.07177703,
         0.06324992,  0.05358667,  0.03355601,  0.06689638,  0.00778281],
       [ 0.0773673 ,  0.09430022, -0.12833397, -0.75056891, -0.78245695,
        -0.8815723 , -0.38209252, -0.39359501,  0.15731724, -0.05900687,
         0.07548331, -0.14964433, -0.10110683,  0.13615556, -0.8249669 ,
         0.04272956,  0.08558905,  0.20099986, -0.01278662,  0.24146969],
       [-0.27805027, -0.22999434, -0.32358662,  0.00517939,  0.00822531,
         0.00282712,  0.15224124,  0.02972729, -0.46652333, -0.07636492,
         0.21732669, -0.03477413,  0.12783625, -0.06757709, -0.03156385,
        -0.30094594, -0.1032432 ,  0.13790582, -0.12958206,  0.03949756],
       [-0.29655401, -0.35705184, -0.29964406, -1.15355993, -1.19736531,
        -1.38283821, -1.68593417, -0.65644465, -0.2362959 , -0.36690654,
        -0.63369501, -0.41251962, -0.57832354, -0.47855915, -1.39857078,
        -0.24822433, -0.42264151, -0.53542242, -0.34183998, -0.6549176 ],
       [ 0.31332123,  0.29532501,  0.35638227,  0.1454014 ,  0.17052524,
         0.19334794, -0.44346447,  0.09738012,  0.39299655,  0.2273697 ,
        -0.08054643,  0.19050511,  0.002819  ,  0.20662552,  0.02660033,
         0.34508522,  0.23183465,  0.10462605,  0.26529355,  0.16072307],
       [ 0.54908694,  0.48102318,  0.71833622,  0.25304602,  0.28484117,
         0.36941437, -1.17517378,  0.12468476,  0.76003883,  0.33464725,
        -0.32068828,  0.27726091, -0.13641757,  0.28427252,  0.09899355,
         0.60643784,  0.34538801,  0.06210999,  0.40582889,  0.14779609],
       [-0.16753926, -0.11481166, -0.36379797, -0.15083433, -0.19261942,
        -0.2019584 , -0.33792209, -0.1397695 , -0.21584375, -0.14012833,
        -0.13055417, -0.13419404, -0.11696485,  0.01860411, -0.12524883,
        -0.23131056, -0.06071961,  0.01736478, -0.14724012,  0.20577137],
       [ 0.07291226,  0.1176491 , -0.03184057, -0.15538132, -0.12038512,
        -0.12835845, -0.53317897, -0.14958444,  0.20828495, -0.02976303,
        -0.31189222, -0.09158262, -0.21603746,  0.1312712 , -0.16110593,
         0.04190849,  0.07207312, -0.01181874,  0.01298459,  0.26201057]])]Hidden bias: [array([-0.5147772 , -0.56514986, -0.31457197, -0.69976333, -0.68871242,
       -0.67719962, -1.0298149 , -0.67599224, -0.44623655, -0.57005604,
       -0.5415634 , -0.58646092, -0.61810492, -0.64702545, -0.73158671,
       -0.45101258, -0.60756359, -0.62373251, -0.55135494, -0.70200844])]Output weights: [[-0.05804068  0.50800141]
 [-0.15929318  0.444837  ]
 [ 0.2027765   0.65529469]
 [ 0.64757834  0.19472296]
 [ 0.68563933  0.25285772]
 [ 0.84791918  0.33878341]
 [ 0.8515624  -1.23091782]
 [ 0.20987998  0.03066444]
 [-0.0142652   0.76495289]
 [-0.0553416   0.24567745]
 [-0.06315925 -0.50359328]
 [ 0.0044044   0.1736118 ]
 [ 0.006488   -0.27567451]
 [-0.33974268  0.20600852]
 [ 0.81497868  0.05366319]
 [ 0.03494911  0.56430831]
 [-0.22674358  0.26201624]
 [-0.35937624 -0.12224869]
 [-0.07111809  0.33336336]
 [-0.62592357  0.06656317]]Output bias: [ 1.55662469  1.10063592]
Value MLP:Hidden weights: [array([[ -1.59844158e+00,  -4.33809948e-01,  -1.01529727e+00,
         -9.26107947e-02,   1.24415601e-01,  -1.11798817e+00,
         -9.88171127e-01,  -6.88633467e-01,  -5.66319124e-01,
         -3.10098692e-01,  -2.78309119e-01,   1.78178850e-01,
          1.57848399e-02,  -4.07182775e-01,  -5.31363752e-01,
         -1.17306172e+00,  -1.00117326e+00,  -4.38866136e-01,
         -6.85545972e-02,  -1.19578420e+00],
       [ -5.23320173e-01,  -1.28568779e+00,   1.95827612e+00,
          3.62263771e-01,  -8.97497857e-01,  -6.74548474e-01,
          7.68853741e+00,  -1.01690740e+00,  -9.26139796e-01,
          1.24244865e+00,  -1.12281817e+00,  -1.14677245e+00,
          1.19717027e+01,  -4.21815131e-01,   3.28402176e-01,
          1.19613923e+00,  -9.52212699e-01,   1.26752547e+00,
          3.98254152e-01,   1.17743741e+00],
       [ -1.51705465e+00,  -1.73117574e-01,  -8.29993878e-01,
         -5.93825110e-01,  -4.46929641e-01,  -1.54829182e+00,
         -1.23018951e+00,  -1.64899864e+00,  -1.16563813e+00,
         -7.03919741e-01,  -2.80939511e-01,   3.86322109e-01,
         -2.87311500e-01,  -1.56891261e+00,  -1.02452462e+00,
         -5.71427638e-01,  -1.51043546e+00,  -9.52884305e-01,
         -1.23384647e+00,  -1.30257047e+00],
       [ -2.11693519e-01,   1.03882630e+00,  -1.11320013e+00,
         -2.42980647e-01,   1.22464101e+00,   3.28541785e-01,
          1.09289126e-01,   8.31100413e-01,   6.87696705e-01,
         -4.04837272e-01,   1.20145182e+00,   1.11996299e+00,
          1.33055050e+01,   5.34329658e-01,   2.22901740e-02,
         -6.60051847e-01,   4.59668598e-01,  -4.68853448e-01,
         -3.51297280e-01,  -2.90734460e-01],
       [ -4.99954536e-01,  -3.80238310e-02,   8.26780566e-02,
          6.50462180e-02,  -9.55416010e-02,  -2.59719241e-01,
          2.32214560e-01,  -4.49703935e-01,  -3.33831478e-01,
         -2.41228990e-02,  -3.33003120e-01,   9.44311276e-03,
          4.35571286e-01,  -3.51069459e-01,  -2.32060333e-01,
         -2.74984104e-01,  -5.26350596e-01,  -5.57375470e-02,
         -5.64238155e-01,  -6.02455337e-01],
       [  1.88793659e-01,   7.79859241e-02,   5.64804759e-02,
          1.30360597e-01,   3.19671799e-01,   1.62653009e-01,
          9.42326885e-01,   1.16531483e-01,   2.26673919e-01,
          2.71623152e-01,  -3.44806948e-02,  -3.40385907e-02,
          1.64098890e+00,   2.51626921e-01,   6.25808298e-02,
          4.87635781e-02,   3.73042652e-01,   3.82817415e-01,
          4.25535042e-01,  -1.02283164e-01],
       [  9.43617018e-01,   1.38476653e-01,   8.52064328e-01,
          6.37877475e-01,   2.43437021e-01,   1.47149876e+00,
          1.59155503e+00,   1.08877463e+00,   9.52534429e-01,
          9.15323451e-01,   6.58148524e-02,   5.94011937e-02,
         -4.64090230e+00,   1.44578445e+00,   1.26811325e+00,
          3.82701749e-01,   9.62363894e-01,   5.30401901e-01,
         -2.49011206e-02,   1.47471453e+00],
       [ -8.62350371e-01,  -2.90869120e-01,  -7.01340893e-01,
         -7.20733979e-01,  -5.58137150e-01,  -1.57020970e+00,
         -7.30926657e-01,  -1.32650845e+00,  -8.91824509e-01,
         -8.60730061e-01,  -1.55000625e-01,  -2.08645403e-01,
         -3.77571825e+00,  -1.13868631e+00,  -1.07049838e+00,
         -9.23302643e-02,  -1.03752985e+00,  -3.44361120e-01,
          4.36560480e-02,  -1.04439618e+00]])]Hidden bias: [array([-0.24121362,  0.09587053, -0.23941559,  0.00806213,  0.2169995 ,
       -0.06080601, -0.79785327,  0.29440748, -0.01432345, -0.23303531,
        0.1427563 ,  0.29704114,  1.39643806, -0.27336633, -0.05239309,
       -0.24511436,  0.22541677, -0.26330701,  0.1059322 , -0.26913572])]Output weights: [[ 0.099933  ]
 [ 0.04229766]
 [ 0.07515155]
 [ 0.0278657 ]
 [ 0.15046756]
 [ 0.09672094]
 [-0.04927035]
 [ 0.04011984]
 [ 0.07869132]
 [ 0.08575707]
 [-0.06220972]
 [-0.14087106]
 [-4.4707608 ]
 [-0.16837305]
 [-0.18192003]
 [-0.17059819]
 [ 0.0814025 ]
 [ 0.07747344]
 [ 0.02425123]
 [-0.18675825]]Output bias: [ 2.88148538]