Action MLP:Hidden weights: [array([[-0.00078106,  0.00313923, -0.00762306, -0.00113751,  0.00406998,
         0.00401132,  0.0072947 ,  0.00937408,  0.00358538, -0.00311616,
         0.00932087, -0.00941053,  0.00350104, -0.00657224,  0.00281161,
         0.00062463, -0.00307399, -0.00402942, -0.00082756,  0.00430675],
       [ 0.00200264, -0.00580047,  0.01130596,  0.0098816 ,  0.00847853,
         0.01240149, -0.00258464, -0.00010171,  0.00603561,  0.01031158,
         0.00119208, -0.00627829,  0.00351318, -0.00522277,  0.00605419,
        -0.00231249,  0.01117438, -0.00317368,  0.00749897,  0.00405073],
       [-0.00519614, -0.00326049,  0.00312726, -0.00419663,  0.0087251 ,
        -0.00429286,  0.00119128, -0.0066004 ,  0.01039869,  0.00637546,
        -0.00419032,  0.00624307, -0.00337925,  0.00113141,  0.00940854,
         0.00812742, -0.00750673, -0.0038375 , -0.00091013,  0.00471255],
       [-0.0059609 , -0.00448559, -0.00137256,  0.00125027, -0.00355013,
        -0.0023598 ,  0.00880056, -0.00470423, -0.00950896,  0.0055137 ,
        -0.0036395 ,  0.00692086, -0.00057566, -0.00030826, -0.00255213,
        -0.00154556, -0.00928177, -0.00384273,  0.00093769,  0.00185212],
       [ 0.00403577, -0.00209357,  0.00464556,  0.00266475,  0.0081893 ,
        -0.00508437, -0.00164423, -0.00030108, -0.0024765 , -0.00051694,
         0.00649217, -0.01052878,  0.00363481, -0.00970029,  0.0059705 ,
         0.00435459,  0.00730092, -0.00608116, -0.00980184,  0.0031275 ],
       [ 0.00181966,  0.0005433 , -0.00988361,  0.00301468,  0.00326494,
         0.00373844, -0.00793583, -0.00071145,  0.00088148, -0.00206166,
        -0.0063107 , -0.01017639,  0.00310144,  0.00710082, -0.00407913,
         0.00413575, -0.0007877 , -0.00212875,  0.00630487,  0.00218652],
       [-0.00782509, -0.00231241, -0.00819531, -0.00282029,  0.00592287,
         0.00201189,  0.00812512,  0.00890796,  0.0090111 ,  0.00322608,
         0.00886131, -0.00891812, -0.00305805,  0.00105411,  0.00414504,
         0.00350881, -0.00965125,  0.00371165, -0.00297956, -0.0098276 ],
       [-0.00998246, -0.00858524,  0.00977848,  0.00769528,  0.00440924,
        -0.00521629, -0.00459873, -0.00571847,  0.00681593,  0.00535578,
        -0.00701822, -0.00960893,  0.00862693, -0.00437449,  0.00206857,
         0.00757193,  0.00142224,  0.00413499, -0.00121571,  0.00710483]])]Hidden bias: [array([-0.9974954 , -0.99751293, -0.99746371, -0.9974897 , -0.99747192,
       -0.99746429, -0.99750282, -0.99749337, -0.99746194, -0.99746818,
       -0.99749323, -0.99750286, -0.9974943 , -0.99750293, -0.99747437,
       -0.99749686, -0.9974785 , -0.99750216, -0.9974809 , -0.9974894 ])]Output weights: [[ 0.00170488 -0.00797583]
 [ 0.00915047 -0.00720815]
 [-0.00565787  0.00297934]
 [ 0.00688276  0.00218962]
 [-0.00116069  0.00401579]
 [-0.00795602  0.00838027]
 [-0.00362702  0.00371694]
 [-0.00788012  0.0053232 ]
 [ 0.00057234  0.00507942]
 [-0.00361266 -0.00656746]
 [-0.00343209  0.00019593]
 [ 0.00246871  0.00502847]
 [ 0.0009943  -0.00904668]
 [-0.00432766  0.00166999]
 [ 0.00221751  0.00945992]
 [-0.00313912  0.00869864]
 [ 0.00244552  0.00797517]
 [ 0.0054723  -0.00571097]
 [ 0.00424228 -0.00150673]
 [ 0.00337236 -0.00261296]]Output bias: [ 0.99904895  1.00001198]
Value MLP:Hidden weights: [array([[ -1.27610173e-01,  -1.39480162e-01,  -1.35653076e-01,
         -1.41716251e-01,  -1.34947515e-01,  -1.41878050e-01,
         -1.32127122e-01,  -1.34017119e-01,  -1.40195906e-01,
         -1.38235819e-01,  -1.27012748e-01,  -1.25512040e-01,
         -1.34996203e-01,  -1.32051598e-01,  -1.34777005e-01,
         -1.29769871e-01,  -1.32698902e-01,  -1.38538857e-01,
         -1.36761095e-01,  -1.34819063e-01],
       [ -3.53708541e-01,  -3.48574276e-01,  -3.43727471e-01,
         -3.44873222e-01,  -3.49604358e-01,  -3.44510720e-01,
         -3.50213870e-01,  -3.45322137e-01,  -3.48860293e-01,
         -3.45247789e-01,  -3.41259780e-01,  -3.40883205e-01,
         -3.40286813e-01,  -3.38173331e-01,  -3.38254201e-01,
         -3.49446708e-01,  -3.50610925e-01,  -3.41992423e-01,
         -3.51996164e-01,  -3.43311792e-01],
       [ -4.16442438e-01,  -4.24542145e-01,  -4.24117240e-01,
         -4.14699870e-01,  -4.23934987e-01,  -4.24772688e-01,
         -4.20412776e-01,  -4.22073037e-01,  -4.17237331e-01,
         -4.17829186e-01,  -4.21775751e-01,  -4.24214194e-01,
         -4.20162464e-01,  -4.21643864e-01,  -4.23947658e-01,
         -4.22078794e-01,  -4.14980732e-01,  -4.20972677e-01,
         -4.26906198e-01,  -4.22269206e-01],
       [  1.65916112e-01,   1.56578414e-01,   1.55387154e-01,
          1.63257202e-01,   1.61793128e-01,   1.68188986e-01,
          1.69635998e-01,   1.52771501e-01,   1.65796628e-01,
          1.68190516e-01,   1.60152291e-01,   1.60324886e-01,
          1.62011281e-01,   1.59000110e-01,   1.63064930e-01,
          1.65881914e-01,   1.53795528e-01,   1.68573487e-01,
          1.59752543e-01,   1.66790297e-01],
       [  2.86352053e-01,   2.80335296e-01,   2.80795848e-01,
          2.90107253e-01,   2.75728230e-01,   2.72333133e-01,
          2.84547870e-01,   2.82457360e-01,   2.86998155e-01,
          2.86543465e-01,   2.92297354e-01,   2.86678516e-01,
          2.77747188e-01,   2.82318454e-01,   2.90010271e-01,
          2.81655140e-01,   2.89203576e-01,   2.87296907e-01,
          2.74310298e-01,   2.88458099e-01],
       [  1.22265463e-01,   1.32336502e-01,   1.24054948e-01,
          1.29422254e-01,   1.21357532e-01,   1.29858928e-01,
          1.16554095e-01,   1.31906060e-01,   1.16862622e-01,
          1.17341336e-01,   1.22743713e-01,   1.17886472e-01,
          1.34583788e-01,   1.31173246e-01,   1.14507829e-01,
          1.16742396e-01,   1.34631858e-01,   1.21339940e-01,
          1.20623034e-01,   1.18725354e-01],
       [  9.62723378e-03,  -7.69820432e-03,  -3.71118526e-03,
         -8.91938953e-03,   3.39785249e-03,   3.43092468e-03,
         -4.10904942e-03,   8.48235724e-04,   1.89126982e-03,
          6.73385720e-03,  -9.03062641e-03,   6.71604699e-03,
         -1.61002813e-03,  -5.36253216e-03,   5.73361905e-03,
         -5.11595967e-03,  -9.71543269e-03,   2.29102584e-03,
         -4.00854720e-03,   2.61867016e-03],
       [  3.31821444e-03,   1.35615890e-03,   7.00265003e-03,
          4.36737420e-03,   3.85780198e-03,   7.79555171e-03,
         -7.67423167e-04,  -9.52602843e-03,   2.33008905e-04,
          6.69761274e-03,   7.67680619e-03,   4.15433559e-03,
          1.99856022e-03,   3.80507587e-03,   4.29293009e-03,
          9.60663331e-04,   4.85789353e-03,  -9.20240687e-03,
          8.96974224e-03,   1.82041914e-03]])]Hidden bias: [array([-1.42667962, -1.41898359, -1.42981254, -1.4249801 , -1.42574556,
       -1.42318635, -1.4224204 , -1.42920704, -1.42200177, -1.42548222,
       -1.42707093, -1.4259224 , -1.42946704, -1.42876854, -1.42254424,
       -1.4245495 , -1.42975551, -1.41725218, -1.42541304, -1.42310637])]Output weights: [[ 3.95162046]
 [ 3.95146127]
 [ 3.95925095]
 [ 3.96583409]
 [ 3.94514891]
 [ 3.95926356]
 [ 3.95188672]
 [ 3.95785963]
 [ 3.9479901 ]
 [ 3.95762336]
 [ 3.96358912]
 [ 3.93995437]
 [ 3.94769556]
 [ 3.94676351]
 [ 3.95315287]
 [ 3.94320535]
 [ 3.96172211]
 [ 3.94555953]
 [ 3.95822763]
 [ 3.96690313]]Output bias: [-3.26664822]