Action MLP:Hidden weights: [array([[ -9.36610562e-04,   5.30182198e-03,   4.86557765e-04, ...,
         -4.88339762e-03,  -2.98972236e-02,  -1.84228253e-02],
       [  5.96047717e-01,   5.14389030e-01,   5.56145227e-01, ...,
          5.56279983e-01,   5.50782710e-01,   5.83716819e-01],
       [  1.14020975e-02,   6.54201437e-03,   9.14604414e-03, ...,
          1.56391754e-02,   1.80422367e-02,   1.26954536e-02],
       ..., 
       [  7.23799254e-03,   4.89929071e-02,   4.91950646e-02, ...,
          3.29565160e-02,  -3.60707912e-02,   2.41016211e-03],
       [  2.87164561e-02,  -2.27625910e-02,  -6.41289676e-03, ...,
         -1.27020652e-03,   5.62410702e-04,   1.42205895e-02],
       [  2.60098885e-02,  -1.43894218e-02,  -1.51104565e-04, ...,
          9.05484739e-03,  -9.96753458e-03,   1.12698654e-02]])]Hidden bias: [array([-0.14037489, -0.19662131, -0.16535241, -0.17946568, -0.15464286,
       -0.187227  , -0.17632018, -0.15711414, -0.13930988, -0.17413992,
       -0.16077976, -0.14789914, -0.17096976, -0.13849139, -0.17407313,
       -0.16724762, -0.18848498, -0.17895408, -0.13814752, -0.17414106,
       -0.14704181, -0.20173697, -0.15312729, -0.13432866, -0.17734976,
       -0.1286426 , -0.17334205, -0.15805118, -0.17944815, -0.16183403,
       -0.17162775, -0.16627255, -0.15635511, -0.16800106, -0.14417041,
       -0.18645747, -0.15787651, -0.17593174, -0.15370525, -0.18683495,
       -0.16747881, -0.16838374, -0.15254101, -0.17661779, -0.13224114,
       -0.17073925, -0.17180662, -0.16635222, -0.1534807 , -0.1475673 ,
       -0.15229439, -0.15111931, -0.17360707, -0.14756822, -0.15573054,
       -0.15321792, -0.14136742, -0.14238602, -0.17840647, -0.16573198,
       -0.16190424, -0.164183  , -0.1512868 , -0.15181335, -0.17000572,
       -0.15263779, -0.16258385, -0.15053548, -0.15480232, -0.16754836,
       -0.17898326, -0.1905457 , -0.16900168, -0.15104157, -0.16113843,
       -0.16600331, -0.17255148, -0.15477288, -0.14598101, -0.12296927,
       -0.19079347, -0.13803252, -0.16286614, -0.19735734, -0.17086688,
       -0.18520404, -0.16472825, -0.16517365, -0.1712617 , -0.18039623,
       -0.15673609, -0.14494766, -0.14131076, -0.16902397, -0.12334556,
       -0.13767006, -0.13902112, -0.1557972 , -0.14931836, -0.16597273,
       -0.13733144, -0.16314322, -0.14136478, -0.17633037, -0.16317551,
       -0.15999225, -0.14674788, -0.15412779, -0.18901792, -0.16459027,
       -0.1623672 , -0.13872593, -0.1494638 , -0.17082147, -0.12152325,
       -0.15874838, -0.14431692, -0.16039569, -0.13629557, -0.12325807,
       -0.12573106, -0.1746048 , -0.16072089, -0.14754425, -0.15203931,
       -0.16732829, -0.13901558, -0.12742436, -0.14603954, -0.16278912,
       -0.15943809, -0.14397725, -0.13623029, -0.16034565, -0.1284893 ,
       -0.1535973 , -0.15940788, -0.13603881, -0.15699433, -0.16069475,
       -0.10963482, -0.14178758, -0.17761357, -0.14642397, -0.1313507 ,
       -0.169083  , -0.12770639, -0.20173436, -0.15781949, -0.15573492,
       -0.10750054, -0.13892455, -0.16766524, -0.13415864, -0.13014393,
       -0.17238797, -0.10345231, -0.16045017, -0.13064541, -0.15518181,
       -0.18613173, -0.19164164, -0.15593971, -0.16290242, -0.14114217,
       -0.18292397, -0.15434647, -0.16035498, -0.16362947, -0.13496445,
       -0.14234711, -0.11742631, -0.13476621, -0.13414003, -0.14966139,
       -0.16021908, -0.16116488, -0.14374369, -0.11957435, -0.15993432,
       -0.14676562, -0.14974325, -0.1465171 , -0.1637836 , -0.16070105,
       -0.15530255, -0.16154401, -0.16240522, -0.15062197, -0.13784314,
       -0.1375728 , -0.13530386, -0.12043142, -0.16973851, -0.15450093,
       -0.1564449 , -0.17243193, -0.18002375, -0.14392525, -0.16431245,
       -0.13653096, -0.16516418, -0.17376442, -0.18057245, -0.16140409,
       -0.15061334, -0.16615571, -0.16130687, -0.18091289, -0.11968452,
       -0.16426706, -0.16658027, -0.1419094 , -0.18799268, -0.12457518,
       -0.14450944, -0.13127218, -0.17696897, -0.15752747, -0.18579598,
       -0.14017719, -0.13880682, -0.14312522, -0.15874879, -0.1103152 ,
       -0.16340264, -0.13853523, -0.17863685, -0.13408843, -0.150061  ,
       -0.15682287, -0.12569499, -0.15706728, -0.17489921, -0.15295929,
       -0.15700023, -0.16133236, -0.15646991, -0.14731669, -0.15859346,
       -0.15306931, -0.16217955, -0.12401303, -0.18245105, -0.13256694,
       -0.1566229 , -0.15005442, -0.16943831, -0.13157047, -0.13866215,
       -0.14691911, -0.15931243, -0.16134137, -0.15807702, -0.12513344,
       -0.17488265, -0.1680694 , -0.12653056, -0.19266799, -0.17848767,
       -0.18295738, -0.1529211 , -0.11326894, -0.20352201, -0.18763762,
       -0.18231278, -0.13777816, -0.17783741, -0.168292  , -0.13881367,
       -0.18911357, -0.12956268, -0.18092416, -0.17661607, -0.16205225,
       -0.13717267, -0.14845177, -0.16347378, -0.17938122, -0.15784746,
       -0.15220997, -0.1642008 , -0.15284904, -0.16662349, -0.16313581,
       -0.1435268 , -0.13581728, -0.13176486, -0.16977865, -0.19196061,
       -0.15251919, -0.14008426, -0.17644881, -0.1198187 , -0.14714288,
       -0.15729861, -0.14924147, -0.1777768 , -0.15721246, -0.17654109,
       -0.19386732, -0.15061949, -0.17216404, -0.12964292, -0.17476191,
       -0.18017331, -0.1504705 , -0.1652175 , -0.14818124, -0.1642087 ,
       -0.17033906, -0.14404542, -0.10904399, -0.15349554, -0.15894253,
       -0.16352165, -0.15175825, -0.16461346, -0.15558601, -0.15255411,
       -0.14554161, -0.14336611, -0.14319029, -0.15500712, -0.16605457,
       -0.1351543 , -0.19475969, -0.11591153, -0.1626755 , -0.12813321,
       -0.1481356 , -0.14992584, -0.15155571, -0.12169051, -0.16701375,
       -0.14916504, -0.15359098, -0.17506961, -0.15591327, -0.15266103,
       -0.1620546 , -0.14822466, -0.17106158, -0.17407599, -0.18799685,
       -0.1260182 , -0.15992661, -0.15851553, -0.1567411 , -0.1865518 ,
       -0.16955613, -0.17614061, -0.1548945 , -0.15984182, -0.1551763 ,
       -0.158963  , -0.12950179, -0.16115416, -0.15793521, -0.1515705 ,
       -0.16147602, -0.1710494 , -0.13904892, -0.14849197, -0.18555465,
       -0.15405172, -0.16602097, -0.15939606, -0.16078002, -0.21458446,
       -0.183846  , -0.12372031, -0.13908571, -0.1521828 , -0.1537625 ,
       -0.14401448, -0.14982769, -0.15580171, -0.14316595, -0.15589608,
       -0.15374651, -0.20280954, -0.12520596, -0.15688957, -0.17086389,
       -0.14254935, -0.1485564 , -0.17309813, -0.18801054, -0.15618477,
       -0.12357392, -0.17031789, -0.17720203, -0.16995329, -0.15378921,
       -0.16669   , -0.15226129, -0.13832973, -0.13214441, -0.16696148,
       -0.1524019 , -0.13980074, -0.17498058, -0.1435309 , -0.15799686,
       -0.15579007, -0.13598526, -0.18217219, -0.1429197 , -0.1607051 ,
       -0.17006017, -0.14937652, -0.17676453, -0.17266987, -0.1528948 ,
       -0.146701  , -0.1294427 , -0.16040352, -0.14605795, -0.15542822,
       -0.13310504, -0.17602068, -0.15855769, -0.12220657, -0.13234688,
       -0.14602042, -0.13852522, -0.14804289, -0.17541626, -0.17989534,
       -0.18410793, -0.14512755, -0.12757391, -0.14512891, -0.128323  ,
       -0.15861867, -0.17730044, -0.15914621, -0.15186425, -0.16750178,
       -0.17592846, -0.14296161, -0.15024551, -0.13947084, -0.13536934,
       -0.17319362, -0.140591  , -0.15818126, -0.16834816, -0.144154  ,
       -0.18541467, -0.13466091, -0.16420304, -0.14074877, -0.15668124,
       -0.15218231, -0.17195132, -0.14574851, -0.13429005, -0.14930135,
       -0.14509877, -0.17676484, -0.1816477 , -0.15805412, -0.16277214,
       -0.15809865, -0.15218752, -0.17159364, -0.12588115, -0.11775001,
       -0.12273377, -0.15271927, -0.17683614, -0.14471633, -0.1522006 ,
       -0.16342325, -0.14102513, -0.16985628, -0.15497652, -0.17119635,
       -0.17356816, -0.12281328, -0.16169531, -0.16393231, -0.15721455,
       -0.16937666, -0.14177383, -0.13949732, -0.16445624, -0.14081586,
       -0.13346329, -0.18056134, -0.15942143, -0.15046571, -0.18502338,
       -0.14916288, -0.15164522, -0.16809387, -0.16313029, -0.14453064])]Output weights: [[ -8.40062809e-02   1.17580281e-02]
 [  1.41014473e-01   7.46083813e-02]
 [  1.73542573e-02   6.68573789e-02]
 [  1.28120679e-01  -6.22331329e-02]
 [  4.49004618e-02  -1.29077795e-01]
 [  9.63630650e-02   1.05352599e-01]
 [  9.89137887e-02  -5.47707710e-02]
 [  2.48602600e-02  -1.17437065e-01]
 [ -1.03253750e-01   7.20918139e-02]
 [  7.75138479e-02  -1.41499686e-02]
 [ -9.38371744e-03   2.72506421e-02]
 [  3.77991941e-03   4.72465004e-03]
 [  7.84849224e-02  -1.16974209e-01]
 [ -1.04862012e-01   7.15377548e-02]
 [  6.04715350e-02  -2.77340058e-02]
 [  3.78051870e-02   6.90509670e-02]
 [  9.39209082e-02   1.16538859e-01]
 [  9.69478271e-02   2.49632814e-02]
 [ -8.10031917e-02  -2.21327959e-02]
 [  7.59660169e-02   2.21563526e-02]
 [ -5.03702290e-02   5.75874328e-03]
 [  1.13481581e-01   1.43403893e-01]
 [  1.88328458e-02  -9.23164085e-02]
 [ -1.32372465e-01   2.50735284e-02]
 [  7.96966436e-02   3.49367759e-02]
 [ -8.76520733e-02  -9.42858735e-02]
 [  1.57550995e-02   4.75012401e-02]
 [  7.22750292e-03  -1.47692628e-02]
 [  5.87468088e-02   2.55023541e-02]
 [ -3.30588119e-02   8.82526170e-02]
 [  6.16022096e-02   4.44686829e-02]
 [  5.58631165e-03   8.04788667e-02]
 [ -9.98197213e-04   1.89948741e-02]
 [  4.93238340e-02  -1.53883876e-02]
 [ -7.92144992e-02   6.93898979e-02]
 [  9.47725348e-02   8.59943931e-02]
 [ -2.14722174e-02   7.20720868e-02]
 [  9.27877649e-02   4.57255588e-02]
 [  7.29721103e-03  -4.97072766e-02]
 [  9.19281374e-02   6.48839239e-02]
 [  5.14930516e-02  -3.09986262e-02]
 [  1.29944883e-02   6.13509320e-02]
 [ -3.87969155e-02   4.77605083e-02]
 [  5.00707863e-02   1.21303899e-02]
 [ -7.70700937e-02  -3.49429005e-02]
 [  2.67994369e-03   1.20860250e-01]
 [  7.42275339e-03   9.69293701e-02]
 [  5.11822564e-02  -1.26169813e-01]
 [ -4.44317155e-02   6.89524542e-02]
 [ -2.45141924e-02  -6.26998381e-02]
 [ -2.18062575e-02   2.33983182e-02]
 [ -7.66172301e-03  -1.09306207e-01]
 [  4.18697098e-02   2.92369335e-02]
 [ -6.89997689e-02   8.72728945e-02]
 [  2.56524839e-02  -1.19532968e-01]
 [ -2.83936277e-02   6.38352570e-02]
 [ -6.60027520e-02  -1.05811041e-02]
 [ -3.62624692e-02  -6.65692193e-02]
 [  8.14127890e-02   6.02655368e-02]
 [  5.35930433e-02  -4.54162980e-02]
 [ -2.26510460e-02   3.47548771e-02]
 [  2.48036768e-03   1.57219932e-02]
 [ -2.46918184e-02   4.00392274e-02]
 [  4.38487354e-03   1.25448784e-02]
 [  7.56168746e-02  -1.08372743e-02]
 [ -5.49418639e-02   8.55758881e-02]
 [  5.55683299e-02  -1.51743421e-02]
 [ -4.64775908e-02   1.61010440e-02]
 [ -9.90041633e-04   5.65793813e-03]
 [  5.73716487e-02  -1.25179768e-01]
 [  1.04348751e-01  -9.79728012e-02]
 [  8.16515498e-02   1.34666398e-01]
 [  3.20214391e-02  -2.36797336e-02]
 [ -3.84119467e-02   1.05808468e-01]
 [  3.57284235e-02   2.93334965e-02]
 [  5.54439011e-02   1.32618746e-02]
 [  8.72119940e-02   7.54169515e-03]
 [ -1.73005226e-02  -3.40007741e-02]
 [ -4.34957171e-02   2.84801059e-02]
 [ -1.30423237e-01  -1.36817406e-01]
 [  8.05482165e-02   1.47232927e-01]
 [ -6.41259525e-02  -1.16505938e-01]
 [  2.59680362e-02   4.40389912e-02]
 [  1.52557580e-01  -6.65284603e-03]
 [  5.72757486e-02   6.10275940e-02]
 [  1.17416803e-01  -9.90877395e-02]
 [  7.27059955e-02  -6.75304507e-02]
 [  2.89324217e-02   4.36398716e-02]
 [  3.01884852e-02   6.45370452e-02]
 [  1.15002942e-01   3.28983675e-02]
 [ -1.04722472e-02   5.22632619e-02]
 [ -9.11714388e-02   3.01373213e-02]
 [ -1.13003349e-01   3.57768571e-02]
 [  6.36785269e-02  -3.34682418e-02]
 [ -1.85124102e-01   4.82594857e-02]
 [ -7.82830286e-02  -6.94196227e-03]
 [ -6.07017571e-02  -1.80805380e-01]
 [  8.57513907e-03  -4.13588339e-03]
 [ -8.45149098e-03  -6.86362663e-02]
 [  2.69566320e-02   5.82921215e-02]
 [ -7.19310931e-02   1.05755447e-03]
 [  3.37886205e-02  -3.97108098e-02]
 [ -7.84363415e-02   5.11980790e-02]
 [  7.56089569e-02  -5.34859166e-02]
 [  4.15267622e-02  -5.89615359e-02]
 [  4.28013282e-02  -8.88375621e-02]
 [ -9.22027577e-02   1.05811384e-01]
 [  2.18045321e-02  -3.52466221e-02]
 [  2.65241437e-02   1.69194208e-01]
 [ -1.17616535e-02   2.64119704e-02]
 [  3.63295669e-02  -9.33707504e-02]
 [ -6.56868145e-02   2.26530654e-02]
 [ -4.94629849e-02  -3.12444932e-02]
 [  3.10544062e-02   3.29454281e-02]
 [ -1.45715305e-01  -1.17183739e-02]
 [  6.36465586e-02  -7.04284880e-02]
 [ -4.42638186e-02  -1.80125950e-02]
 [  5.67703568e-02  -1.11428697e-01]
 [ -1.28902532e-01   4.82980043e-02]
 [ -1.13983169e-01  -2.72302030e-02]
 [ -1.28755785e-01  -8.42699734e-02]
 [  1.05559865e-02   1.02188746e-01]
 [  2.13374406e-02   6.59980635e-02]
 [ -1.24237390e-02  -5.45463348e-02]
 [ -1.71731967e-02   5.29621568e-02]
 [  2.88024085e-02   5.51689070e-02]
 [ -1.02559492e-01   5.56187303e-02]
 [ -1.06881049e-01  -4.33033906e-02]
 [  2.27369852e-02  -4.18259395e-02]
 [  2.63638057e-02  -4.28951822e-02]
 [  9.30592882e-03  -3.07819446e-02]
 [ -6.96289613e-02   4.32295121e-02]
 [ -7.52859684e-02  -4.76079221e-03]
 [  2.66778016e-02  -7.30946309e-02]
 [ -9.52626665e-02   5.72571071e-03]
 [ -2.53668943e-02   3.75390277e-02]
 [  2.79619822e-02  -1.13625474e-01]
 [ -8.30203218e-02  -5.42095571e-02]
 [  5.91123763e-03  -8.15917171e-02]
 [  3.65297331e-02  -2.26814040e-02]
 [ -1.66739025e-01  -3.85025241e-02]
 [ -5.53431746e-02  -3.86055969e-02]
 [  6.19728800e-02   8.02550702e-02]
 [ -9.22881539e-02   5.44834724e-02]
 [ -1.26632025e-01   4.06921867e-02]
 [  2.86348695e-02  -2.48260434e-02]
 [ -1.37512506e-01   1.42533555e-02]
 [  1.35099115e-01   1.19742367e-01]
 [  1.58673677e-02  -6.40321970e-03]
 [  2.01978566e-02  -8.36938898e-02]
 [ -1.68428899e-01  -5.78350029e-02]
 [ -1.08068994e-01   7.15389021e-02]
 [  5.75588189e-02   6.17854181e-02]
 [ -8.23717067e-02  -5.23159717e-02]
 [ -7.28361299e-02  -2.54066647e-02]
 [  9.20401212e-03   4.93837529e-02]
 [ -1.85892870e-01  -3.72098665e-02]
 [  1.23414847e-02  -3.43071713e-02]
 [ -1.16770531e-01  -9.97396352e-03]
 [ -3.45739224e-02   1.16255792e-02]
 [  3.82662740e-02   1.13509690e-01]
 [  7.83474045e-02   1.21959025e-01]
 [ -8.19096645e-03   6.95938506e-02]
 [  1.35917873e-02   2.98486945e-02]
 [ -5.13614915e-02  -4.65271870e-02]
 [  1.14557831e-01   5.14393545e-03]
 [ -1.58282983e-02  -6.74296680e-02]
 [ -7.15419471e-02   9.66842660e-02]
 [  3.14458713e-02   7.26512663e-03]
 [ -3.96902120e-02  -8.67897957e-03]
 [ -6.13265380e-02  -4.39920492e-02]
 [ -1.61076213e-01   3.32911266e-02]
 [ -8.53391354e-02  -1.38316898e-01]
 [ -1.20217244e-01   5.03452192e-02]
 [  2.08246047e-02  -1.20549131e-01]
 [  1.11215153e-03   2.19702329e-03]
 [  3.73296925e-02  -1.31981028e-01]
 [  7.97701465e-04  -8.79061828e-03]
 [ -1.01572006e-01  -9.81838632e-02]
 [  2.53164432e-02  -1.21303454e-03]
 [ -4.89701584e-03  -4.08077162e-02]
 [ -7.81446970e-03   5.44537292e-03]
 [ -6.05838689e-02   5.50787651e-02]
 [  5.23449499e-02  -2.33839585e-02]
 [  2.26004454e-02   3.84757304e-02]
 [  9.52212325e-03  -5.67690548e-02]
 [ -7.62541360e-02   1.55740611e-01]
 [  3.76032249e-02  -3.89484928e-02]
 [  1.47511768e-02  -2.67640689e-02]
 [ -4.55801573e-02  -1.48885246e-02]
 [ -8.44005496e-02  -4.51194144e-02]
 [ -1.15262682e-01  -1.52868083e-02]
 [ -1.63149573e-01  -1.25795605e-02]
 [  7.58415007e-02   3.37085831e-02]
 [  5.34404546e-03  -3.33272103e-03]
 [  2.12060246e-02  -2.97376951e-02]
 [  7.78063285e-02  -8.84780655e-02]
 [  9.74336284e-02  -4.74959571e-02]
 [ -1.29804405e-02  -1.01662720e-02]
 [  3.54403170e-02   2.51915713e-02]
 [ -8.31206096e-02   1.60532078e-02]
 [  5.63556335e-02  -3.12427481e-02]
 [  6.33136527e-02   4.00933625e-02]
 [  5.71836448e-02   1.21661544e-01]
 [  2.86091586e-02  -2.35115163e-02]
 [  1.00595609e-02  -2.84076263e-02]
 [  3.61939261e-02   5.27366220e-02]
 [  5.01071388e-02  -2.26935260e-02]
 [  9.14816574e-02   5.80956639e-02]
 [ -1.28095704e-01  -3.60782590e-02]
 [  4.62326110e-02  -1.82858701e-02]
 [  8.36606383e-02  -5.27667781e-02]
 [ -8.19159524e-02   4.27630061e-03]
 [  6.84796468e-02   1.02111284e-01]
 [ -1.51682958e-01  -8.11743311e-02]
 [ -2.68092094e-02   1.62839049e-03]
 [ -7.79113982e-02  -5.99997338e-02]
 [ -6.63437149e-03   1.11640877e-01]
 [  2.28353864e-02  -1.17888694e-01]
 [  1.16726678e-01   5.73384081e-02]
 [ -6.01495527e-02  -3.70401217e-02]
 [ -7.42247129e-02   2.71179577e-02]
 [ -6.10125620e-02  -1.13248214e-02]
 [  2.61150438e-02  -1.57746735e-01]
 [ -1.98866568e-01   4.92247252e-03]
 [  8.10741059e-02  -5.29254845e-02]
 [ -1.14275888e-01   5.82328540e-02]
 [  1.65911706e-02   1.26775366e-01]
 [ -8.86100370e-02  -1.06252887e-02]
 [ -1.55856420e-02  -1.26772832e-02]
 [  1.08493680e-02   1.36918185e-02]
 [ -1.16858659e-01  -1.64290113e-02]
 [ -6.89140538e-02   1.00247475e-01]
 [  9.01221602e-02   2.02138208e-02]
 [ -2.03986817e-02  -2.80618013e-02]
 [  7.12853158e-03   2.95531319e-02]
 [ -4.31459009e-03  -1.62157071e-02]
 [ -7.83596671e-04   2.95284045e-02]
 [ -3.84118950e-02   2.11809619e-02]
 [  3.67195915e-02  -7.85489715e-02]
 [  1.58758147e-02  -6.35190658e-02]
 [  1.01127207e-02   1.51951075e-02]
 [ -1.23374554e-01  -2.54472720e-02]
 [  9.16103359e-02  -1.91109736e-02]
 [ -1.07304248e-01  -7.90533347e-02]
 [  2.21008766e-03  -2.86454304e-02]
 [ -2.95481300e-02   8.26923553e-03]
 [  6.87376273e-02  -1.26078426e-01]
 [ -1.12557071e-01   1.54524025e-02]
 [ -7.78518982e-02  -3.28761599e-02]
 [  9.16441786e-03  -4.76913220e-02]
 [ -2.07702825e-02   5.35061676e-02]
 [  4.71343265e-02  -5.81749116e-02]
 [ -2.54988155e-02   9.91566363e-02]
 [ -1.10058628e-01  -6.20850032e-02]
 [  6.22824744e-02   2.66455377e-02]
 [  3.11115969e-02   7.80135894e-02]
 [ -1.43750873e-01  -5.93545694e-02]
 [  1.68654104e-01   2.23769973e-02]
 [  1.01101077e-01  -4.94141607e-02]
 [  1.38863131e-01  -3.97438963e-02]
 [ -2.19359178e-02   1.46835369e-02]
 [ -1.68153476e-01  -5.18188322e-02]
 [  1.96815967e-01   1.02640653e-02]
 [  7.95822604e-02   8.32508487e-02]
 [  1.06357956e-01   7.83612478e-03]
 [ -1.22448940e-01   2.84171078e-03]
 [  8.48293529e-02   7.44206795e-02]
 [  6.43272612e-02   2.24121871e-02]
 [ -5.52488048e-02  -7.23586426e-02]
 [  1.60066780e-01   3.48470893e-02]
 [ -1.21778084e-01  -4.50769669e-03]
 [  9.05978835e-02   3.72723191e-02]
 [  7.89633072e-02   1.93246044e-02]
 [ -1.02461819e-02   4.07710913e-02]
 [ -7.92416427e-02   2.60918239e-02]
 [ -2.23949936e-02   4.25673167e-02]
 [  5.81023706e-02  -3.41362495e-04]
 [  1.15888359e-01  -1.13438409e-01]
 [ -6.47857362e-03   1.49433818e-02]
 [ -4.58233296e-03   3.29711462e-04]
 [  3.81774434e-02   6.00059375e-03]
 [ -2.89871243e-03   1.30144490e-02]
 [  3.72886518e-02  -1.05066584e-02]
 [  2.66656512e-02   5.38656005e-02]
 [ -3.72188131e-02  -2.11148932e-03]
 [ -1.56437532e-01   9.87800649e-02]
 [ -1.18574700e-01   5.60475465e-02]
 [ -2.54561641e-02   1.58052296e-01]
 [  1.15380223e-01   1.10508159e-01]
 [ -3.58781612e-02  -1.57134705e-02]
 [ -7.58737599e-02  -2.12030720e-02]
 [  1.03906196e-01  -3.18407063e-02]
 [ -1.18255271e-01  -6.45160413e-02]
 [ -3.79217320e-02   3.40653617e-02]
 [  2.33866332e-02  -6.70926105e-02]
 [ -4.29477316e-02   5.00793849e-02]
 [  1.02452185e-01  -4.57634065e-02]
 [  2.69899311e-02  -6.79038611e-02]
 [  9.69921942e-02   2.42990509e-02]
 [  1.59452031e-01   2.94329788e-02]
 [ -4.15653757e-02   1.51930839e-02]
 [  3.61726363e-02   4.04850124e-02]
 [ -7.54493547e-02  -1.64160023e-01]
 [  4.44976623e-02   4.07846396e-02]
 [  9.86334747e-02   1.72770968e-02]
 [ -1.50466335e-02  -1.01897648e-01]
 [ -1.06215988e-02   1.15056546e-01]
 [ -8.29415098e-02   1.00269795e-01]
 [  4.27611944e-02   3.88942089e-03]
 [  7.06774964e-02  -1.05267912e-01]
 [ -4.68979625e-02   4.60123035e-03]
 [ -1.61551191e-01  -6.95841130e-02]
 [  2.05519602e-02  -4.20994771e-03]
 [  3.63574027e-02  -7.50465083e-02]
 [  3.77954469e-02   3.12980560e-02]
 [ -4.35087544e-02   1.06446365e-01]
 [  6.11798215e-02  -2.89886778e-02]
 [  2.28975612e-02   2.80798770e-02]
 [ -1.15658703e-02   5.43476455e-02]
 [ -1.41626758e-02  -4.75841906e-02]
 [ -1.28610081e-01   6.78518247e-02]
 [ -1.08633657e-01   7.78189362e-02]
 [ -4.66522941e-03  -7.67983796e-02]
 [  3.14100704e-02   2.89850647e-02]
 [ -9.71346175e-02  -3.30093703e-02]
 [  1.87236897e-01  -2.38360460e-02]
 [ -1.35190842e-01  -1.06317486e-01]
 [  1.51023545e-02   1.74406686e-02]
 [ -7.56521561e-02  -4.79478399e-02]
 [ -4.09063473e-02  -1.43295336e-02]
 [  2.77995453e-03  -5.30715661e-02]
 [ -1.36568547e-02  -6.76773658e-02]
 [ -1.42124226e-01  -6.58415409e-02]
 [  2.96697548e-02   2.63816495e-02]
 [ -3.02872833e-02  -8.60649135e-03]
 [  2.09497764e-02  -1.07362809e-01]
 [  9.94449706e-02  -1.13240126e-01]
 [ -8.36740425e-03  -3.33219201e-02]
 [  3.14338554e-03  -9.80370272e-02]
 [  3.83114442e-02  -5.29497350e-02]
 [ -2.29939981e-02  -3.64414656e-02]
 [  8.96787317e-02  -1.15463094e-01]
 [  7.36995381e-02   1.10663598e-02]
 [  5.17621348e-02   1.34584749e-01]
 [ -1.03330582e-01  -1.20194912e-02]
 [  4.27365262e-02  -2.62515549e-02]
 [  1.03042032e-02   1.74387094e-02]
 [ -1.26747349e-02   6.06274892e-02]
 [  1.22170219e-01   2.73261934e-02]
 [  3.09044447e-02   8.02129766e-02]
 [  6.60886620e-02   4.68754337e-02]
 [ -2.76823419e-02   4.54494978e-02]
 [  5.92454212e-02  -3.56477125e-02]
 [  1.01514518e-02  -3.18405737e-04]
 [ -1.24326311e-02   6.31589898e-02]
 [ -1.24967453e-01   8.01375099e-03]
 [  4.29004896e-02  -3.87948777e-03]
 [ -2.54054589e-02   1.09453676e-02]
 [ -3.51733411e-02   7.88675733e-02]
 [ -7.15176803e-02   8.92476034e-02]
 [  5.53972772e-02   4.88900276e-02]
 [ -8.05612942e-02  -3.86027495e-04]
 [ -4.78782519e-02   1.01413498e-02]
 [  1.29611574e-01  -1.84873288e-02]
 [  2.56951849e-02  -5.05761008e-03]
 [  5.46548855e-02  -1.49175662e-02]
 [ -1.59690137e-02   6.55621187e-02]
 [  5.68650373e-03   3.11778092e-04]
 [  2.02246476e-01   3.69639156e-02]
 [  1.10537532e-01   2.70983243e-02]
 [ -1.37535440e-01   1.95214433e-02]
 [ -4.04370516e-02  -4.90703733e-02]
 [  4.70302636e-03  -7.43021796e-02]
 [ -6.92835917e-02   1.05161035e-01]
 [ -9.73610846e-02   3.59645810e-02]
 [ -4.86503578e-02   5.39811950e-02]
 [ -1.41093999e-02  -3.85802796e-02]
 [  1.23755414e-02  -6.75545070e-02]
 [  9.16374985e-03  -5.58402446e-02]
 [ -3.00005671e-03   2.50829027e-02]
 [  1.16148935e-01   1.05278617e-01]
 [ -1.19642123e-01  -8.95006664e-02]
 [ -2.13388462e-02  -3.25152372e-02]
 [  7.61097335e-02   4.90629475e-03]
 [ -4.31119804e-02  -2.36658501e-02]
 [ -1.91758014e-02   6.17937156e-03]
 [  1.51576739e-02   1.22003947e-01]
 [  1.64937642e-01   2.34187834e-02]
 [  1.26150571e-02  -6.68588634e-02]
 [ -1.93302618e-01   8.77855107e-02]
 [  7.92136488e-02   9.03705572e-03]
 [  1.07842402e-01   4.80421646e-02]
 [  4.33584663e-02  -4.17115683e-02]
 [ -4.11855837e-02   6.52738330e-02]
 [  5.56843836e-02  -1.40629116e-02]
 [ -3.74399974e-02   2.65510194e-02]
 [ -7.21387676e-02  -1.19725004e-01]
 [ -1.51216146e-01   6.05790490e-02]
 [  3.37675074e-02   2.46842579e-02]
 [ -1.67590667e-02  -9.24139610e-02]
 [ -6.01853202e-02  -2.31013370e-02]
 [  3.49485402e-02   7.90968978e-02]
 [ -3.54236999e-02  -6.08653834e-02]
 [  3.57684485e-02  -5.88156244e-02]
 [ -3.27917470e-02   5.96254395e-02]
 [ -4.14724982e-02  -1.76485734e-01]
 [  1.38020954e-01  -6.39422434e-03]
 [ -8.05796009e-02   4.25561591e-02]
 [ -3.21855665e-02   5.18397254e-02]
 [  4.56428025e-02   1.19504339e-03]
 [ -1.10289626e-02  -4.43570760e-02]
 [  4.41550695e-02   7.06807454e-02]
 [  3.41892346e-03   1.42561330e-01]
 [  2.59194429e-02  -5.33632423e-02]
 [ -3.29686329e-02  -2.80219692e-02]
 [ -1.25463197e-01  -3.74844635e-03]
 [ -1.65449654e-02   7.79848688e-02]
 [ -4.63655136e-02  -3.76445040e-02]
 [ -7.19831743e-03   5.35035121e-02]
 [ -6.93964437e-02  -7.53804093e-02]
 [  8.22041715e-02   4.18657016e-02]
 [  3.37370615e-02  -1.15991744e-01]
 [ -1.19082072e-01   1.90397959e-02]
 [ -1.10519654e-01  -1.29925718e-02]
 [ -3.88182259e-02  -7.43454249e-02]
 [ -9.47160303e-02   2.16163203e-02]
 [ -4.05653863e-02   8.16423318e-03]
 [  7.66088364e-02  -7.43625618e-02]
 [  6.20605739e-02   6.38124096e-02]
 [  1.05935933e-01   1.07603622e-02]
 [ -4.43401310e-02  -1.43105172e-02]
 [ -1.57514182e-01   9.77409935e-03]
 [ -5.24883200e-02  -2.99929468e-02]
 [ -1.48292427e-01   7.68915842e-02]
 [  3.13265066e-02  -1.35344566e-02]
 [  7.79222076e-02   7.44369957e-03]
 [ -1.40336319e-03  -4.11154935e-04]
 [ -3.11142026e-02  -5.24105616e-06]
 [  8.43787970e-03   5.99960825e-02]
 [  1.17027032e-01  -1.21140484e-01]
 [ -3.65336445e-02   6.57439316e-04]
 [ -6.20167015e-02   5.79420413e-02]
 [ -9.76255320e-02  -1.35508120e-02]
 [ -9.99247506e-02  -5.76826006e-03]
 [  7.72459621e-02  -9.24412421e-02]
 [ -5.22817132e-02   2.47816965e-02]
 [  8.61011956e-03   4.44928035e-02]
 [  3.42793050e-02  -4.53086489e-03]
 [ -1.48751369e-02  -1.19496961e-02]
 [  1.58264227e-01  -3.30904897e-02]
 [ -8.62214450e-02  -7.79060703e-02]
 [ -1.78917272e-02   1.03180388e-01]
 [ -9.79666202e-02   5.65295319e-03]
 [  1.82648341e-02  -9.21060421e-02]
 [ -1.57726714e-03  -5.11069674e-03]
 [  7.58878679e-02  -4.27012114e-02]
 [ -1.14489763e-01   5.53853147e-02]
 [ -6.34005652e-02   2.42670465e-02]
 [  2.65729019e-03  -3.44312819e-02]
 [ -4.62511109e-02  -1.33223757e-01]
 [  5.31487023e-02   9.67328651e-02]
 [  9.57694403e-02   3.28128559e-02]
 [ -8.23581604e-03  -2.84374356e-02]
 [  1.93147614e-03   7.50388879e-02]
 [  5.28521966e-02  -6.36014580e-02]
 [ -8.57426572e-02   8.73792571e-02]
 [  3.58394232e-02   1.71525850e-02]
 [ -1.39712517e-01  -1.25613099e-01]
 [ -1.85236012e-01  -1.49888019e-03]
 [ -1.02067137e-01  -7.01433419e-02]
 [  5.31632479e-04   9.32209637e-03]
 [  1.02388496e-01  -3.52492254e-02]
 [ -8.53955595e-02   1.09018732e-01]
 [  2.73805071e-03  -1.43086128e-01]
 [  1.81480717e-02  -4.24993716e-03]
 [ -8.45236009e-02   1.69378791e-02]
 [  3.72543192e-02   5.09124092e-02]
 [  2.42775484e-02  -3.30230621e-02]
 [  1.00519216e-02   1.25929435e-01]
 [  9.40802304e-02  -7.69424700e-02]
 [ -1.80369914e-01  -4.30369368e-02]
 [ -2.27235804e-02   2.22535237e-02]
 [  4.17767593e-02   1.96486169e-02]
 [  1.79496725e-02  -3.16967647e-03]
 [  5.09639717e-02  -6.26608633e-03]
 [ -2.94878370e-02  -5.14836689e-02]
 [ -5.12208974e-02  -3.90249518e-02]
 [  6.34749366e-02   1.61866334e-03]
 [ -1.28916694e-01   1.02663894e-01]
 [ -6.33141405e-02  -3.14315739e-02]
 [  1.16123769e-01   2.38333853e-02]
 [  3.10752490e-02  -5.53765346e-02]
 [ -1.64413406e-02   1.07014172e-02]
 [  6.37866783e-02   1.11481380e-01]
 [ -6.78811302e-02   7.73455026e-02]
 [ -4.53061876e-02  -3.86605036e-02]
 [  2.22860434e-02   4.69407187e-02]
 [  3.06039392e-02  -6.13837333e-02]
 [ -7.44419314e-02  -1.20833776e-02]]Output bias: [ 0.26338523  0.19429211]
Value MLP:Hidden weights: [array([[ 0.00709661, -0.04588879, -0.05742723, ..., -0.01331581,
        -0.08907945, -0.06653676],
       [-0.36592639, -0.35710663, -0.35403161, ..., -0.35110933,
        -0.37420084, -0.35452792],
       [ 0.03140861,  0.13380201,  0.14738428, ...,  0.10324812,
         0.11320673,  0.14106729],
       ..., 
       [ 0.03331685,  0.05177069,  0.05637117, ...,  0.07061389,
         0.0448083 ,  0.05570552],
       [ 0.02249668,  0.04407495,  0.04522579, ...,  0.03410817,
         0.09816239,  0.05316242],
       [-0.11302512, -0.12256831, -0.11781559, ..., -0.12036059,
        -0.03245168, -0.09727544]])]Hidden bias: [array([  1.51916219e-01,   1.31485973e-01,   1.28725776e-01,
         1.57305275e-01,   1.41667429e-01,   1.46000350e-01,
         1.43649107e-01,   1.29660524e-01,  -3.96971571e-01,
         1.71057410e-01,  -6.93140010e+00,  -7.89956391e-01,
         1.39364998e-01,   2.25612074e-01,   2.27190036e-01,
        -2.07091836e-01,   1.23755602e-01,   1.31131747e-01,
         1.20443912e-01,   4.41788699e+00,   2.51840239e-01,
        -6.84160563e-01,  -5.54249634e-01,   1.27209707e-01,
         1.43803017e-01,  -6.38289741e-01,  -3.58852289e-01,
         1.51053029e-01,   1.45499854e-01,   1.76105141e-01,
         1.18718985e-01,   1.65532267e-01,   1.38117061e-01,
         1.26357356e-01,   1.38337923e-01,   1.87290228e-01,
         1.31959473e-01,   1.79092214e-01,   1.09592751e-01,
         1.59829024e-01,   2.00401444e-01,   1.30363531e-01,
         2.18571089e-01,   1.33721249e-01,   1.60450654e-01,
         1.74274345e-01,   1.38396405e-01,   1.47289551e-01,
         1.27996235e-01,  -2.13729819e+00,   1.30282580e-01,
         1.40478069e-01,   1.32158350e-01,   1.96435573e-01,
         9.58532618e-02,   1.79863821e-01,   1.34156289e-01,
         1.54131270e-01,   1.66098098e-01,   1.39992404e-01,
         1.78931593e-01,   1.77012597e-01,   1.42447242e-01,
         1.35408908e-01,   2.02981429e-01,   1.72601734e-01,
         1.22986575e-01,   8.50427414e-02,   1.34948385e-01,
         2.83161404e-01,   1.63327628e-01,   1.19569920e-01,
         1.63709917e-01,   1.67667681e-01,   1.41909191e-01,
         1.50363454e-01,   1.21524952e-01,   1.76476667e-01,
         1.58573444e-01,  -3.84386924e+00,   2.17923223e-01,
         1.45062265e-01,   2.11730777e-01,   1.33917083e-01,
         1.40628550e-01,   1.68888849e-01,   2.81577983e-01,
         1.49507558e-01,   1.63178290e-01,   1.55240971e-01,
         1.06941195e-01,   1.81270327e-01,   1.26309310e-01,
         1.45598314e-01,   1.96159560e-01,   1.81816259e-01,
         1.90644795e-01,   1.98646819e-01,   1.88605861e-01,
         1.36720967e-01,   1.04850095e-01,   1.35968272e-01,
         4.77992156e+00,   1.47938065e-01,   1.27977434e-01,
         1.35887424e-01,   1.92006142e-01,   1.33447846e-01,
         1.38073406e-01,   1.70040213e-01,   1.23815800e-01,
        -1.72777674e+00,   1.53731143e-01,   1.37552539e-01,
         1.51769538e-01,   1.23560025e-01,   1.31197989e-01,
         1.66560496e-01,   1.38498445e-01,   1.50198572e-01,
         1.48345522e-01,   1.51439229e-01,   1.62616892e-01,
         1.73751441e-01,   1.30620982e-01,   1.55855142e-01,
        -3.76979489e+00,   1.30750577e-01,  -2.70467321e+00,
         1.35737627e-01,   1.41667406e-01,   1.65516648e-01,
         1.43857950e-01,   1.54840279e-01,   1.37871469e-01,
         1.33301830e-01,   1.77367119e-01,  -5.80984259e-01,
         1.32354077e-01,   1.35221493e-01,   1.35453940e-01,
         1.34805618e-01,   9.36766119e-03,   1.76283875e-01,
        -1.26121013e+00,   1.66889926e-01,   1.85902876e-01,
         1.73393539e-01,   1.44490372e-01,   1.36199726e-01,
         9.60496902e-02,   1.36061058e-01,   1.31454221e-01,
        -4.81262716e-01,   1.30382665e-01,   1.41137010e-01,
         1.46221424e-01,  -2.54191493e+00,   1.24828640e-01,
         1.32455818e-01,   1.25303123e-01,   1.23595700e-01,
         1.76246939e-01,   1.96111922e-01,   1.17902941e-01,
         1.11795943e-01,   1.19271383e-01,   1.20086836e-01,
         1.31827460e-01,   1.46911502e-01,  -5.87463511e-01,
         1.35487274e-01,   1.33954120e-01,  -7.69918859e-02,
         1.60891025e-01,   1.62916853e-01,   6.43352838e-02,
         1.63730463e-01,   2.45396344e-01,   1.37343177e-01,
         1.35812217e-01,   1.32791632e-01,   1.66831818e-01,
         1.09403848e-01,   1.25276934e-01,   1.32757734e-01,
         1.66015385e-01,   1.31583555e-01,  -1.43420439e+00,
         1.68426060e-01,   1.57474859e-01,   1.28913917e-01,
         1.48101789e-01,   1.30945763e-01,   1.20803347e-01,
        -7.57484965e-01,   1.80213016e-01,   1.60324717e-01,
         1.52900548e-01,  -4.44601771e-01,   1.63395168e-01,
        -6.29406999e-01,  -2.35645928e-01,   1.87525826e-01,
         1.22433265e-01,   2.27424624e-01,   1.29690234e-01,
        -1.28477727e+00,   2.79656239e-02,   1.88672425e-01,
         1.52803100e-01,   2.37061749e-01,   1.39659372e-01,
        -1.47299233e+00,   1.69824124e-01,   1.44053362e-01,
         1.58921350e-01,   1.45901230e-01,   1.38747228e-01,
         1.59835915e-01,   1.48066008e-01,   2.17298977e-01,
         9.93239106e-02,   1.43370695e-01,   1.42664322e-01,
         1.19419333e-01,   2.21266080e-01,   1.27883242e-01,
         1.31774157e-01,   2.36912313e-01,   1.34668652e-01,
         1.93999816e-01,   1.28669721e-01,   1.49478539e-01,
         1.73427532e-01,   1.16099104e-01,   1.23077363e-01,
         1.38160152e-01,   1.39300171e-01,  -1.35845815e-01,
         1.30428236e-01,   1.22964241e-01,   1.22952779e-01,
        -3.18793732e+00,   1.18531778e-01,   1.48753347e-01,
         1.50331810e-01,   1.33983171e-01,   1.34235029e-01,
         1.44066017e-01,   1.24955271e-01,   1.25898662e-01,
        -5.87143522e-01,   1.52633954e-01,   1.29512760e-01,
        -9.24709418e-01,   1.88587565e-01,  -9.08426801e-01,
         1.23950497e-01,   1.46136913e-01,   1.65635817e-01,
         1.29128653e-01,   1.86589944e-01,  -3.33909743e-01,
         2.47850306e-01,   1.32505957e-01,   1.97140318e-01,
         1.23925531e-01,   5.18608455e-02,   4.82034385e+00,
         1.31093270e-01,   4.32386162e-02,   1.35807993e-01,
         1.49560063e-01,   2.27788303e-01,   1.34941314e-01,
         1.47271622e-01,   1.34093326e-01,   1.44445142e-01,
         1.31997744e-01,   1.42835687e-01,  -5.41584302e-01,
         2.03217671e-01,   1.65647150e-01,   1.35794979e-01,
         1.41536391e-01,   1.34187073e-01,   1.42940423e-01,
         1.81850876e-01,   1.69114389e-01,   1.56552981e-01,
         1.21073593e-01,   4.60419141e-02,   1.36780865e-01,
        -9.65172677e-04,   1.32167347e-01,   1.50495898e-01,
         1.23536641e-01,   1.45907969e-01,   2.12534554e-01,
        -4.31935626e-01,   1.42224934e-01,   2.87191099e-01,
         1.12025760e-01,   1.46621330e-01,  -7.52963261e-01,
         1.47377930e-01,   1.47226539e-01,   1.67994909e-01,
         1.88491749e-01,   2.38541512e-01,   1.26326671e-01,
         1.14455160e-01,   1.56615192e-01,   1.62109384e-01,
         1.10019247e-01,  -3.96992236e-01,  -7.23585122e-01,
         1.28826696e-01,   1.19772311e-01,  -4.66836987e-01,
         1.24022234e-01,   1.62853798e-01,   1.48520327e-01,
         4.39507586e-02,   1.74545979e-01,   1.53691771e-01,
        -1.88645565e+00,   1.51701516e-01,   1.44090293e-01,
         1.16335396e-01,   2.46186844e-02,   1.23775988e-01,
         1.31357311e-01,   1.44420979e-01,   1.36215666e-01,
         1.74159832e-01,   1.56722552e-01,   1.53895879e-01,
         2.38566346e-01,  -3.82585930e-01,  -2.44058882e+00,
         1.20207287e-01,  -8.88857984e-01,   1.86082223e-01,
         1.49388491e-01,   1.31331084e-01,   1.46839925e-01,
         1.83111017e-01,   1.57490041e-01,   1.79954415e-01,
         1.61482975e-01,   1.78891568e-01,   1.73020262e-01,
         1.20895879e-01,   2.27592827e-01,   1.26234618e-01,
        -2.28757009e+00,   2.33301259e-01,   1.31141479e-01,
         8.34161757e-02,   1.18747309e-01,   1.25492418e-01,
         1.53645065e-01,   2.22867935e-01,   1.50195683e-01,
         1.34832281e-01,   1.19136345e-01,   1.80312758e-01,
        -5.19067035e-01,  -2.71241834e+00,   1.35833647e-01,
         1.43928474e-01,   1.85376214e-01,   1.50304150e-01,
        -7.75381320e-01,   1.30664541e-01,   1.29465559e-01,
        -6.66342195e+00,   1.53256252e-01,  -7.63215683e-01,
         1.80848187e-01,   1.17826363e-01,   1.55646432e-01,
         1.61926337e-01,   1.46194779e-01,   1.70550219e-01,
         1.54095022e-01,   1.43416099e-01,   8.69634309e-02,
         1.22968206e-01,   1.24330992e-01,   1.45279892e-01,
         1.38773846e-01,  -6.05808325e-01,   1.73527518e-01,
         1.43362599e-01,  -3.63238440e-01,  -1.95793656e+00,
         1.37639831e-01,   1.72883364e-01,   1.59606520e-01,
         1.36590729e-01,   1.31680421e-01,   2.42382966e-01,
         2.87977391e-01,  -7.72167761e-01,   1.33858957e-01,
        -1.67377620e+00,   1.80745165e-01,   1.30720561e-01,
         1.62435773e-01,   1.67740913e-01,   1.49575857e-01,
         1.51685213e-01,   1.13910378e-01,   1.48404242e-01,
         1.34579286e-01,   1.30059059e-01,   1.54265566e-01,
         1.53515556e-01,   1.28884635e-01,   1.94842145e-01,
         1.04085802e-01,   1.76309657e-01,  -5.64380002e+00,
         1.50108459e-01,   1.30922267e-01,   1.37947808e-01,
         1.88611284e-01,   1.62131125e-01,   1.06808872e-01,
         1.47619261e-01,   1.38688944e-01,   1.17895430e-01,
         1.60180753e-01,   1.79030061e-01,   1.28657191e-01,
        -5.78469466e-01,   1.46587258e-01,   1.35478751e-01,
         2.07587246e-01,   2.39091313e-01,  -5.35990253e-02,
         1.48265160e-01,   1.90678915e-01,   1.84935899e-01,
         6.56284562e-02,   2.14624265e-01,  -7.70111778e+00,
         2.03150735e-01,   1.35632539e-01,   1.53329062e-01,
         4.79887289e+00,   1.35206035e-01,   1.31517942e-01,
         1.24512782e-01,   2.65265882e+00,   1.31543024e-01,
        -1.51870272e-01,   1.42049937e-01,   1.72775218e-01,
         1.30868495e-01,   1.28981363e-01,   1.51530126e-01,
         1.39075633e-01,   1.58899080e-01,   1.60257307e-01,
        -7.52100556e-02,   1.61545991e-01,   1.28579305e-01,
         1.28055072e-01,  -1.40316188e+00,   1.67598659e-01,
         1.21721961e-01,   1.72924256e-01,   1.20741349e-01,
         1.34055982e-01,   1.44907214e-01,   1.25272754e-01,
         1.37410643e-01,   2.09804715e-01,   1.19728554e-01,
         1.31008057e-01,  -5.59096682e-02,   1.37306289e-01,
         1.31066094e-01,   1.23811519e-01,   1.49265626e-01,
         1.67167071e-01,   1.55961880e-01,   1.37277795e-01,
         1.65614109e-01,   1.41877017e-01,   1.04556684e-01,
        -1.42566718e+00,  -2.71205115e+00,   1.22580094e-01,
         2.31569506e-01,   1.49502596e-01])]Output weights: [[  3.69162712e-02]
 [  3.17477999e-02]
 [  3.34582773e-02]
 [  8.02855962e-02]
 [  2.84409352e-02]
 [  3.63422887e-02]
 [  2.36268185e-02]
 [  2.30786644e-02]
 [ -1.45101679e+00]
 [  9.99064740e-02]
 [ -1.00644061e+01]
 [ -8.75783659e-01]
 [  5.15170980e-02]
 [  1.22865665e-01]
 [  1.27758109e-01]
 [ -4.46219258e-01]
 [  2.29062996e-02]
 [  3.10823370e-02]
 [  1.81506598e-02]
 [ -4.29778995e+00]
 [  1.65095970e-01]
 [ -2.69713206e-02]
 [ -1.13859224e+00]
 [  2.64968450e-02]
 [  6.05322740e-02]
 [ -2.47680273e-02]
 [ -7.24692257e-01]
 [  5.77260047e-02]
 [  3.33206022e-02]
 [  8.46777528e-02]
 [  2.15922817e-02]
 [  5.00310420e-02]
 [  3.53650351e-02]
 [  2.28197930e-02]
 [  4.57950492e-02]
 [  1.06828351e-01]
 [  3.03424227e-02]
 [  8.55840103e-02]
 [  3.03046823e-03]
 [  4.12392437e-02]
 [  1.34047883e-01]
 [  3.13024480e-02]
 [  1.33756678e-01]
 [  3.48606835e-02]
 [  7.93647611e-02]
 [  9.68087024e-02]
 [  5.97855936e-02]
 [  4.78413324e-02]
 [  5.29824184e-02]
 [ -2.56373829e+00]
 [  2.62387139e-02]
 [  3.83410088e-02]
 [  3.04165813e-02]
 [  1.01396852e-01]
 [  6.03355659e-04]
 [  6.62453892e-02]
 [  3.58445907e-02]
 [  6.45682016e-02]
 [  4.74783630e-02]
 [  3.47877866e-02]
 [  7.40278993e-02]
 [  1.00952163e-01]
 [  2.57628613e-02]
 [  3.95571895e-02]
 [  1.41896608e-01]
 [  6.78397049e-02]
 [  3.06000058e-02]
 [ -9.56602557e-03]
 [  2.99641868e-02]
 [  2.35996297e-01]
 [  9.13494490e-02]
 [  1.72743451e-02]
 [  4.71868982e-02]
 [  5.01080578e-02]
 [  5.07325233e-02]
 [  5.88589330e-02]
 [  1.69660755e-02]
 [  6.77194548e-02]
 [  4.82009256e-02]
 [ -2.69726014e+00]
 [  1.20073402e-01]
 [  5.49986833e-02]
 [  1.39506690e-01]
 [  1.99778117e-02]
 [  2.53185337e-02]
 [  6.44310333e-02]
 [  1.85951689e-01]
 [  4.01041804e-02]
 [  5.96169977e-02]
 [  7.89805340e-02]
 [  1.16482746e-02]
 [  1.12189335e-01]
 [  2.16388246e-02]
 [  6.21676315e-02]
 [  9.64839955e-02]
 [  9.60075906e-02]
 [  9.99673012e-02]
 [  1.23999763e-01]
 [  8.01638330e-02]
 [  2.18456620e-02]
 [  1.07726312e-02]
 [  2.40028174e-02]
 [ -5.48548571e+00]
 [  3.89200153e-02]
 [  3.54774405e-02]
 [  2.98641327e-02]
 [  9.00169200e-02]
 [  3.42683166e-02]
 [  5.73779707e-02]
 [  7.51437595e-02]
 [  2.90933038e-02]
 [ -3.24604980e+00]
 [  3.90489904e-02]
 [  4.75380212e-02]
 [  5.24192335e-02]
 [  2.50229821e-02]
 [  3.62257432e-02]
 [  5.37619657e-02]
 [  3.36530966e-02]
 [  6.33356269e-02]
 [  5.39560864e-02]
 [  6.10766589e-02]
 [  9.17946410e-02]
 [  8.51777598e-02]
 [  1.93412219e-02]
 [  6.14492233e-02]
 [ -2.50908472e+00]
 [  2.57364319e-02]
 [ -2.23900440e+00]
 [  4.11236442e-02]
 [  3.26454417e-02]
 [  6.78466431e-02]
 [  3.27422038e-02]
 [  4.24968782e-02]
 [  3.11585712e-02]
 [  2.36474184e-02]
 [  7.50074568e-02]
 [ -1.11946052e-01]
 [  2.23653446e-02]
 [  4.76289789e-02]
 [  3.67959229e-02]
 [  5.52968453e-02]
 [ -1.12409687e-01]
 [  9.05839619e-02]
 [ -3.09897647e+00]
 [  1.01956575e-01]
 [  8.46010502e-02]
 [  6.53012154e-02]
 [  4.32948152e-02]
 [  2.29311643e-02]
 [  3.90598905e-03]
 [  4.38603618e-02]
 [  2.65937597e-02]
 [ -9.07760489e-01]
 [  1.88067125e-02]
 [  2.24080429e-02]
 [  4.90263260e-02]
 [ -1.00275778e+00]
 [  2.40296069e-02]
 [  2.02715857e-02]
 [  3.82997906e-02]
 [  2.21707161e-02]
 [  6.03146414e-02]
 [  8.37157336e-02]
 [  1.63212343e-02]
 [  7.07900376e-03]
 [  2.14149624e-02]
 [  1.73367647e-02]
 [  3.30126401e-02]
 [  3.81618819e-02]
 [ -5.18809802e-02]
 [  2.22579644e-02]
 [  3.22721949e-02]
 [ -3.21440768e-02]
 [  5.58071167e-02]
 [  4.21317579e-02]
 [ -3.76385603e-02]
 [  7.15898401e-02]
 [  1.42725283e-01]
 [  3.88717850e-02]
 [  2.62877381e-02]
 [  2.05881727e-02]
 [  6.41201884e-02]
 [  5.34333599e-03]
 [  2.70167019e-02]
 [  3.54864819e-02]
 [  4.19455650e-02]
 [  4.10439367e-02]
 [ -1.09381923e-02]
 [  7.79636878e-02]
 [  6.75105103e-02]
 [  2.11934587e-02]
 [  6.84125845e-02]
 [  1.94568947e-02]
 [  2.84835895e-02]
 [ -1.99119007e-02]
 [  8.55355663e-02]
 [  6.85505817e-02]
 [  5.19857405e-02]
 [ -9.29503330e-01]
 [  3.91469293e-02]
 [ -1.93411320e-02]
 [ -5.07018978e-01]
 [  1.30457898e-01]
 [  2.02333546e-02]
 [  1.65039857e-01]
 [  4.96258778e-02]
 [ -1.85481383e-02]
 [ -6.64419523e-02]
 [  7.63905079e-02]
 [  5.66183969e-02]
 [  1.18501121e-01]
 [  5.23529767e-02]
 [ -3.35757826e+00]
 [  1.19345602e-01]
 [  3.22046458e-02]
 [  8.76619731e-02]
 [  4.55743016e-02]
 [  3.23089847e-02]
 [  3.59070865e-02]
 [  4.74627091e-02]
 [  1.31268566e-01]
 [ -5.46193079e-03]
 [  4.05110488e-02]
 [  2.93971196e-02]
 [  2.40063501e-02]
 [  1.54524034e-01]
 [  4.18981396e-02]
 [  1.92927803e-02]
 [  1.36336070e-01]
 [  3.87225967e-02]
 [  1.09602490e-01]
 [  2.46012609e-02]
 [  6.57038168e-02]
 [  7.73396498e-02]
 [  7.44213834e-03]
 [  2.32676284e-02]
 [  3.41425955e-02]
 [  3.10599922e-02]
 [ -3.97825551e-02]
 [  2.21656865e-02]
 [  3.63556970e-02]
 [  1.54785892e-02]
 [  2.53304700e+00]
 [  1.78043552e-02]
 [  5.03210175e-02]
 [  2.84203316e-02]
 [  4.18471142e-02]
 [  2.52934281e-02]
 [  5.52941374e-02]
 [  2.35314932e-02]
 [  2.67409498e-02]
 [ -8.95094114e-02]
 [  4.73208767e-02]
 [  3.04788949e-02]
 [ -1.19679536e+00]
 [  9.02765267e-02]
 [ -7.93538942e-02]
 [  2.14396498e-02]
 [  6.23249261e-02]
 [  7.30745297e-02]
 [  3.61105448e-02]
 [  1.11893541e-01]
 [ -6.68748909e-01]
 [  1.56800083e-01]
 [  2.35967901e-02]
 [  9.81913569e-02]
 [  2.92279488e-02]
 [ -4.97291818e-02]
 [ -5.26162887e+00]
 [  1.87590455e-02]
 [ -6.28731742e-02]
 [  2.41390197e-02]
 [  4.46968320e-02]
 [  1.25071547e-01]
 [  3.42510788e-02]
 [  4.76089353e-02]
 [  3.16123167e-02]
 [  6.05362896e-02]
 [  2.22726160e-02]
 [  4.96330836e-02]
 [ -1.07766538e+00]
 [  9.64434855e-02]
 [  1.03966774e-01]
 [  2.38135801e-02]
 [  4.57700294e-02]
 [  5.06573626e-02]
 [  4.25027248e-02]
 [  7.46874967e-02]
 [  7.03622919e-02]
 [  4.79982620e-02]
 [  1.96094219e-02]
 [ -7.51529837e-02]
 [  2.45641627e-02]
 [ -1.20223519e-01]
 [  2.39209830e-02]
 [  2.90219376e-02]
 [  1.87730567e-02]
 [  5.30856855e-02]
 [  1.13318628e-01]
 [ -8.39763170e-01]
 [  2.26334177e-02]
 [  2.48775936e-01]
 [  9.44308972e-03]
 [  3.41761442e-02]
 [ -1.70794035e-02]
 [  3.65432164e-02]
 [  3.51939837e-02]
 [  6.29772389e-02]
 [  1.33333405e-01]
 [  1.88301179e-01]
 [  4.13664532e-02]
 [  2.14362389e-02]
 [  4.98526516e-02]
 [  7.35948911e-02]
 [  1.33156009e-02]
 [ -8.22838443e-01]
 [ -9.56886845e-01]
 [  1.64730829e-02]
 [  1.49631367e-02]
 [ -8.74689200e-01]
 [  2.23794413e-02]
 [  7.63321842e-02]
 [  4.46643813e-02]
 [ -5.46991719e-02]
 [  1.06676569e-01]
 [  5.86546082e-02]
 [  1.34069472e-03]
 [  6.16557840e-02]
 [  6.29232159e-02]
 [  1.59077278e-02]
 [ -9.19491895e-02]
 [  2.34195995e-02]
 [  4.20296663e-02]
 [  3.49368370e-02]
 [  2.04744431e-02]
 [  7.20871505e-02]
 [  6.41349509e-02]
 [  7.18096672e-02]
 [  1.57417973e-01]
 [ -7.82608850e-01]
 [ -2.98423391e+00]
 [  3.24139838e-02]
 [ -7.58916822e-02]
 [  1.04941576e-01]
 [  4.06862007e-02]
 [  2.99700935e-02]
 [  6.34080747e-02]
 [  8.80185028e-02]
 [  5.35756720e-02]
 [  8.23523476e-02]
 [  6.03253065e-02]
 [  6.61055699e-02]
 [  8.88068249e-02]
 [  3.16996831e-02]
 [  1.57811418e-01]
 [  3.86401973e-02]
 [ -4.35378841e-01]
 [  1.31822546e-01]
 [  4.54519902e-02]
 [ -1.44980544e-02]
 [  1.15187816e-02]
 [  1.83866014e-02]
 [  3.10790536e-02]
 [  1.79970808e-01]
 [  3.81256813e-02]
 [  2.82301092e-02]
 [  2.05909790e-02]
 [  9.76417170e-02]
 [ -9.47859551e-01]
 [ -3.33800997e+00]
 [  3.27448146e-02]
 [  6.37205261e-02]
 [  8.66948288e-02]
 [  4.67813516e-02]
 [ -5.67454541e-02]
 [  2.51097241e-02]
 [  3.54103620e-02]
 [ -8.91885051e+00]
 [  6.15367965e-02]
 [ -8.19559544e-02]
 [  8.28929930e-02]
 [  1.80364247e-02]
 [  8.52855068e-02]
 [  7.34859425e-02]
 [  5.92464163e-02]
 [  7.69658021e-02]
 [  5.95453126e-02]
 [  5.39322738e-02]
 [ -1.26359348e-02]
 [  1.69101274e-02]
 [  3.32970232e-02]
 [  4.12102542e-02]
 [  3.18510808e-02]
 [ -9.44835305e-02]
 [  4.75512714e-02]
 [  2.83759073e-02]
 [ -7.03865147e-01]
 [ -4.64275580e+00]
 [  4.80835800e-02]
 [  6.43799009e-02]
 [  8.86088305e-02]
 [  2.47497188e-02]
 [  2.83951852e-02]
 [  1.94465524e-01]
 [  2.35593624e-01]
 [ -5.57594009e-01]
 [  1.87362621e-02]
 [ -2.97471011e+00]
 [  7.94066435e-02]
 [  4.12332722e-02]
 [  3.27446603e-02]
 [  6.31615208e-02]
 [  4.55970815e-02]
 [  6.47022863e-02]
 [  1.24603111e-02]
 [  4.00361716e-02]
 [  2.36293869e-02]
 [  3.70479392e-02]
 [  4.64201953e-02]
 [  8.78486543e-02]
 [  4.49241837e-02]
 [  1.06345521e-01]
 [ -7.49620184e-04]
 [  5.59912974e-02]
 [ -7.23473924e+00]
 [  5.53593543e-02]
 [  1.88318171e-02]
 [  4.37201210e-02]
 [  1.09982315e-01]
 [  7.47656263e-02]
 [  1.55996282e-02]
 [  4.28135637e-02]
 [  3.15023246e-02]
 [  1.69332768e-02]
 [  4.98152062e-02]
 [  1.02107814e-01]
 [  3.68286084e-02]
 [ -2.90446233e+00]
 [  5.38665909e-02]
 [  3.29848870e-02]
 [  1.20032451e-01]
 [  1.36885954e-01]
 [ -2.45232111e-02]
 [  5.95213701e-02]
 [  1.20487205e-01]
 [  9.06956148e-02]
 [ -3.48259632e-02]
 [  1.47374290e-01]
 [ -1.72052263e+01]
 [  1.44094190e-01]
 [  2.36549819e-02]
 [  8.31431459e-02]
 [ -4.91100877e+00]
 [  5.26671468e-02]
 [  3.05713429e-02]
 [  1.72982730e-02]
 [ -3.99358160e+00]
 [  3.61909108e-02]
 [ -3.69156892e-01]
 [  3.50088041e-02]
 [  6.83159088e-02]
 [  4.29569627e-02]
 [  2.05766168e-02]
 [  3.31188034e-02]
 [  4.41513211e-02]
 [  4.14216701e-02]
 [  4.04394590e-02]
 [ -2.40667273e-01]
 [  4.08269855e-02]
 [  2.68187912e-02]
 [  5.45369037e-02]
 [ -2.19767495e-02]
 [  6.16838712e-02]
 [  2.02784894e-02]
 [  7.73378797e-02]
 [  2.00059520e-02]
 [  2.29639869e-02]
 [  6.26217956e-02]
 [  1.59395335e-02]
 [  2.89297703e-02]
 [  1.04634966e-01]
 [  2.72703620e-02]
 [  2.46873351e-02]
 [ -2.14692408e-01]
 [  5.16811997e-02]
 [  2.40253048e-02]
 [  2.28023604e-02]
 [  6.63190494e-02]
 [  8.67362687e-02]
 [  5.47283089e-02]
 [  2.31996045e-02]
 [  8.36608261e-02]
 [  3.41464178e-02]
 [  1.22180850e-02]
 [ -1.09978560e-02]
 [ -3.14663448e+00]
 [  2.25933030e-02]
 [  1.72769387e-01]
 [  6.16126551e-02]]Output bias: [ 7.68261935]