Action MLP:Hidden weights: [array([[  2.95530122e-02,   6.04888136e-02,   5.84425066e-02,
          3.70866863e-02,   2.26399731e-02,  -5.66654818e-01,
          4.04107806e-02,   4.50368021e-02,   1.96757809e-02,
          5.51834259e-02,  -2.31145752e-02,   4.77397412e-03,
          5.66520544e-01,   3.86785319e-02,   4.87281779e-02,
          3.17183309e-02,   2.98639278e-02,  -9.19071872e-02,
          1.87019214e-02,   1.77785967e-02],
       [  1.29577337e-01,   2.81671415e-01,   8.22986994e-02,
          1.78487594e-01,   1.77261642e-01,   5.97489454e-01,
          2.12220588e-01,   1.51110888e-01,   1.52114025e-01,
          2.08226264e-01,   1.75806306e-01,   1.89445214e-01,
          4.24081275e-01,   1.35610226e-01,   1.77646487e-01,
          1.59516055e-01,   2.04342016e-01,   1.24964156e-01,
          1.67529362e-01,   2.19823355e-01],
       [ -7.14322373e-02,   5.78806814e-01,  -1.10062793e-01,
         -5.54555482e-02,  -4.59748606e-02,  -3.00338094e+00,
         -1.65382878e-02,  -6.17116936e-02,  -5.72684651e-02,
         -3.08604888e-02,  -9.19292241e-02,  -4.41679907e-02,
          2.35516802e+00,  -7.15578086e-02,  -5.13329646e-02,
         -5.21536407e-02,  -7.84935623e-03,  -1.34042032e-01,
         -5.36877458e-02,   2.67342049e-01],
       [ -1.55542856e-01,  -7.49609419e-01,  -1.69099542e-01,
         -1.83544592e-01,  -1.84589169e-01,  -2.41854588e+00,
         -2.58815089e-01,  -1.51245033e-01,  -1.67457309e-01,
         -2.13740743e-01,  -2.50366529e-01,  -2.21073239e-01,
         -2.26282568e+00,  -1.47420579e-01,  -1.76134679e-01,
         -1.62737165e-01,  -2.72674437e-01,  -2.74758700e-01,
         -1.82118259e-01,  -5.72306369e-01],
       [ -4.36451579e-02,  -3.38454728e-01,  -6.28396803e-02,
         -2.52156505e-02,  -1.91742065e-02,   1.95262736e+00,
          1.70566958e-02,  -3.57469110e-02,  -3.18821534e-02,
          1.13853344e-03,  -4.78914716e-02,  -9.99842101e-03,
         -1.38114956e+00,  -4.25467273e-02,  -2.32148818e-02,
         -2.96563704e-02,   2.33498552e-02,  -9.01009257e-02,
         -2.72547450e-02,   1.51383624e-02],
       [  2.28318086e-01,  -5.22781271e-01,   2.86961058e-01,
          8.46716207e-02,   8.99789206e-02,   3.26027453e-01,
         -1.53289126e-01,   2.02728766e-01,   2.04214507e-01,
         -8.66121418e-02,   1.09723653e-01,   5.40541868e-03,
         -2.41075732e-02,   2.67062739e-01,   9.87350495e-02,
          1.53735411e-01,  -1.78044468e-01,   2.86588138e-01,
          1.14691545e-01,  -4.03604601e-01],
       [  8.62143121e-02,   2.06517811e-01,   7.68508630e-02,
          1.00946022e-01,   9.88737744e-02,  -1.67300759e-01,
          8.74471624e-02,   1.18239918e-01,   1.06970331e-01,
          8.87420166e-02,   8.16404139e-02,   7.91752555e-02,
          8.78712250e-02,   1.18023012e-01,   1.09880068e-01,
          9.08094016e-02,   7.40698059e-02,   8.35936821e-02,
          8.01116487e-02,   1.59972515e-01],
       [  7.96811549e-02,   2.19598323e-01,   8.76710747e-02,
          1.14587453e-01,   1.04942444e-01,   1.21918972e-01,
          1.87340490e-01,   7.34483469e-02,   7.26970646e-02,
          1.75031333e-01,   1.16735818e-01,   1.34921411e-01,
         -6.95470143e-02,   5.89297137e-02,   1.10975388e-01,
          9.74539987e-02,   1.92225563e-01,   5.69315885e-02,
          1.11565854e-01,   2.10364701e-01]])]Hidden bias: [array([-0.17062228, -0.2315665 , -0.15476207, -0.18628899, -0.18869469,
        0.27537607, -0.1986605 , -0.1762794 , -0.18680749, -0.18563068,
       -0.22420405, -0.19850499,  0.31540246, -0.1774459 , -0.1838784 ,
       -0.1782186 , -0.19705255, -0.24891973, -0.18593423, -0.28044013])]Output weights: [[ -2.66495479e-02   1.87321815e-02]
 [  1.66708409e-01  -2.16108437e-01]
 [ -2.01706372e-02   4.08453402e-02]
 [ -1.50581323e-02  -2.11307804e-02]
 [ -1.99672655e-02  -1.70936047e-02]
 [  9.73193455e-01   3.24060484e-01]
 [  3.05527956e-04  -6.73900610e-02]
 [ -2.59176238e-02   8.81746008e-03]
 [ -3.10693074e-02   1.28721156e-02]
 [ -3.08931106e-04  -6.22911653e-02]
 [ -1.95201480e-02  -5.60282983e-03]
 [ -1.43195839e-02  -3.31428616e-02]
 [  1.27417020e+00  -5.77515913e-01]
 [ -3.32151516e-02   2.70783067e-02]
 [ -1.61884035e-02  -1.89253014e-02]
 [ -2.26968491e-02  -3.87348775e-03]
 [  7.20780744e-04  -6.72201813e-02]
 [ -4.13999352e-02   5.24493636e-02]
 [ -2.01456775e-02  -1.18602544e-02]
 [  2.05109274e-02  -8.01310246e-02]]Output bias: [-0.39156119 -0.1740978 ]
Value MLP:Hidden weights: [array([[  4.45691654e+00,  -5.91809857e+00,  -2.92536574e+01,
          1.97511287e+01,  -2.33914144e+01,  -7.86224828e+00,
          2.79565361e+01,   1.11788059e+01,  -2.33403644e+00,
          1.20036460e+01,   1.09528723e+01,   5.51102836e+00,
         -5.90596734e+01,   2.06436060e+01,   8.75483060e+00,
          1.97126673e+01,  -9.42559526e+00,   4.93729642e+00,
          3.54730103e-01,   1.82415110e+00],
       [ -1.65050088e+01,  -2.27773379e+01,   3.64074654e+01,
         -1.78234147e+00,  -8.06435183e+00,  -1.72959195e+01,
          6.75779079e+01,   1.37612964e+01,  -1.11653093e+01,
         -1.57835043e+01,   1.13496597e+01,  -8.72668537e+00,
          3.20705564e+01,  -6.25841342e+00,  -8.75781743e+00,
         -1.32055628e+01,  -1.40458167e+01,   2.29434858e+01,
          2.31671761e+01,  -4.67397677e+00],
       [  2.54224911e+01,   1.28938161e+01,  -1.73719571e+01,
         -1.74769620e+01,  -2.73254894e+01,  -2.81790827e+01,
          7.26923624e+00,  -5.25769819e-01,  -1.41075510e+01,
          1.66708087e+01,   1.00018594e+00,  -1.26440143e+01,
         -2.69004127e+01,   1.31052783e+00,  -5.40511314e-01,
          1.49388941e+01,  -5.55823694e+00,   2.12759292e+01,
          3.82385856e+01,   4.53943332e-01],
       [  1.62438952e+01,   9.50531885e+00,   4.69229925e+01,
         -5.45390095e+01,  -3.16671856e+01,  -7.68366804e+00,
          2.64142976e+01,  -1.24311524e+01,  -7.42247667e+00,
          1.23779007e+01,   9.75679607e+00,  -7.42045611e+00,
         -3.98907533e+01,   2.18177076e+01,   4.78649250e+00,
         -1.83674193e+01,   3.60653928e+01,  -2.92401411e+01,
          6.23130286e+01,   1.32262096e+00],
       [ -4.96502636e+01,  -6.96178445e+01,  -2.27592568e+01,
          1.76174282e+02,  -2.22879019e+01,   3.36303222e+01,
          3.70735137e+01,   4.62587214e+01,   3.42293479e+01,
          1.38087920e+01,   3.78741214e+01,   3.61294075e+01,
         -3.98293038e+01,   3.62282477e+01,   2.40210386e+00,
         -4.48797754e+01,  -2.15036720e+01,   4.66765910e+00,
         -2.29836911e+02,   7.41751096e-01],
       [ -6.84119844e+00,  -4.59487446e+01,   6.86659470e+01,
          1.68744036e+02,  -6.58648503e+01,   2.51968755e+01,
          5.96436229e+01,  -1.17926963e+00,   1.87939141e+01,
         -1.49541492e+01,   1.84327287e+01,   1.69143775e+01,
         -5.66651659e+01,   2.35601619e+01,   4.60740013e+00,
         -5.41681263e+01,  -9.26945910e+00,   5.62566784e+01,
         -5.32146644e+02,  -1.66602749e-01],
       [ -1.15090299e+01,   1.31276646e+01,  -2.25608469e+01,
         -2.15054531e+01,  -7.76256927e-01,  -1.85882801e+01,
         -4.28078520e+01,  -3.52388619e+01,  -3.33193345e+01,
         -2.74571064e+01,  -2.27001108e+01,  -2.12394384e+01,
         -1.47881873e+01,  -3.72166265e+01,  -1.93939963e+01,
          1.82491895e+01,  -5.81251522e-01,  -2.46608137e+01,
          8.15585520e+01,  -3.19129528e-01],
       [ -7.70861952e+00,  -4.55223659e+01,  -2.02942182e+01,
          7.24301325e+01,   6.63656385e+00,   4.22985984e+00,
         -2.52951529e+01,   3.16633325e+00,  -5.69400863e+00,
         -1.28255507e+01,  -1.24731503e+01,  -3.88058881e+00,
         -2.30981768e+01,  -7.94761389e+00,  -1.55943879e+01,
         -1.26324715e+01,  -1.26715028e+01,  -5.09070460e+00,
         -1.17666719e+02,  -4.87016082e-01]])]Hidden bias: [array([ -4.95531854e+01,  -7.44615590e+01,   1.81488540e+00,
         4.31852989e+01,  -3.74838027e+00,  -3.15951848e+01,
         3.40807218e+01,   3.15241462e-03,  -3.59397796e+01,
        -6.09486525e+01,  -2.83326000e+01,  -3.08307868e+01,
         2.53874125e+01,  -3.32527035e+01,  -4.88549241e+01,
        -1.12301894e+01,  -4.96396562e+01,   4.77090016e+01,
         4.83634875e+00,  -7.52916439e+00])]Output weights: [[ -1.86049652]
 [  4.60847203]
 [ -2.09806107]
 [  1.99840402]
 [  9.40455827]
 [  0.4957922 ]
 [ -8.86723481]
 [ -2.50191126]
 [-14.43425031]
 [  5.41332681]
 [ -4.19461552]
 [ -9.50598179]
 [ 10.73346554]
 [ -8.01719531]
 [ -4.10342362]
 [  0.28232667]
 [ 34.20162038]
 [  9.12000603]
 [  2.02700812]
 [  5.86884424]]Output bias: [ 0.4575924]