Action MLP:Hidden weights: [array([[ -4.87426909e-02,  -5.63552653e-02,  -5.82182774e-02,
         -5.38810389e-02,  -2.77909111e-02,   1.63863698e-02,
         -6.77980186e-02,   6.34970955e-03,   8.29218542e-03,
         -7.91937712e-02,  -2.71504154e-02,   9.35628514e-02,
          1.68335752e-02,  -5.14302808e-03,  -5.69805074e-02,
          1.54515088e-02,   1.98235852e-02,  -1.16387654e-03,
         -1.65897387e-02,  -6.97151468e-02,  -1.48783025e-02,
         -4.44508700e-03,  -6.73040350e-02,  -4.56989841e-02,
          2.98230815e-02,   5.52741585e-03,  -3.65619602e-02,
         -2.90375760e-02,   1.49507098e-02,   2.48006352e-02,
         -2.60476036e-02,  -2.39827409e-02,  -3.14654165e-02,
         -5.54548491e-02,  -2.25725356e-03,  -5.07650777e-02,
          1.44980904e-01,  -5.80374708e-02,   6.55351339e-03,
          1.64652002e-02,   3.18494168e-02,   2.29460869e-02,
         -2.13906828e-02,  -6.36059174e-02,   2.76546028e-02,
         -5.57941207e-02,  -2.65221145e-02,  -9.55822722e-02,
         -4.52107875e-02,   1.04656338e-02,  -1.63593264e-02,
         -5.25339147e-02,   4.11756439e-03,  -4.17413379e-02,
         -1.36963603e-03,  -3.00252020e-02,   4.76113205e-02,
         -7.86344584e-02,  -6.38407288e-02,  -4.07101597e-02,
          2.02535648e-02,  -4.53880096e-02,   8.42058169e-03,
         -2.16433180e-02,   3.90003760e-02,   1.71079862e-02,
         -3.00675013e-02,  -3.83018700e-02,   3.28395641e-02,
          8.29256885e-04,  -1.97681561e-02,  -6.60347789e-02,
         -2.68212272e-02,   6.86575469e-02,  -4.87142412e-02,
         -7.11469582e-03,  -2.33565305e-02,  -7.09498065e-02,
         -1.01434963e-02,  -1.91391550e-02,  -1.91287992e-02,
         -4.82922470e-02,  -6.98842740e-02,  -9.37425634e-02,
         -5.84163975e-02,  -5.26462349e-02,  -2.00138106e-02,
         -7.71711092e-02,   3.33095579e-02,  -2.09382912e-02,
          2.47469617e-02,  -4.52869480e-02,  -3.73790042e-02,
          2.23577447e-02,  -9.90048739e-03,   3.61385552e-02,
          6.85189364e-03,  -3.26272777e-03,  -3.90426986e-02,
         -5.44152327e-02],
       [  3.21139384e-01,   2.97233924e-01,   3.68588176e-01,
          3.39596367e-01,   2.61127058e-01,   2.77162084e-01,
          3.32475058e-01,   2.94403579e-01,   2.87703792e-01,
          3.91261275e-01,   3.54147550e-01,   3.76449081e-01,
          2.91678658e-01,   2.30185830e-01,   3.31136356e-01,
          2.62001116e-01,   2.83897224e-01,   2.53643203e-01,
          2.81734651e-01,   3.23980843e-01,   3.33216221e-01,
          2.64441421e-01,   3.51994952e-01,   3.35785448e-01,
          2.51684185e-01,   2.58750170e-01,   2.82355254e-01,
          2.91273304e-01,   2.72363858e-01,   2.83881444e-01,
          2.87254624e-01,   2.62251753e-01,   2.97591052e-01,
          3.13036006e-01,   2.76991695e-01,   3.06605225e-01,
          2.63351299e-01,   3.41613385e-01,   2.87844813e-01,
          2.96104020e-01,   2.56980262e-01,   2.79608139e-01,
          2.69887646e-01,   3.55549279e-01,   2.58586741e-01,
          3.24096991e-01,   3.33783626e-01,   4.07236042e-01,
          3.72978578e-01,   2.53474973e-01,   2.83374722e-01,
          3.07005918e-01,   3.09353082e-01,   3.66522661e-01,
          3.06593348e-01,   2.59968674e-01,   2.36796433e-01,
          3.87229061e-01,   3.71192687e-01,   3.27258330e-01,
          2.45253126e-01,   3.62629265e-01,   2.95236305e-01,
          3.29436367e-01,   2.40574200e-01,   2.60640918e-01,
          2.90428812e-01,   3.30250641e-01,   2.54990630e-01,
          2.53573241e-01,   3.57593125e-01,   3.21817903e-01,
          2.74734040e-01,  -5.96595099e-02,   3.45399728e-01,
          2.88961871e-01,   3.31554802e-01,   3.78248921e-01,
          2.66564753e-01,   2.92679693e-01,   3.45920622e-01,
          3.14175882e-01,   3.45080107e-01,   4.33841995e-01,
          3.41548626e-01,   3.08604363e-01,   2.88444950e-01,
          3.81539482e-01,   2.51681385e-01,   3.09096453e-01,
          2.63990663e-01,   3.71079039e-01,   3.01061914e-01,
          2.91783870e-01,   3.29294239e-01,   3.02605450e-01,
          2.60943410e-01,   2.61718126e-01,   3.41770377e-01,
          3.51568920e-01],
       [  2.48001491e-02,   9.36868945e-03,   5.76631091e-03,
          4.22721457e-03,   1.46032539e-02,  -2.70893924e-02,
          3.22730759e-02,  -3.00319836e-02,  -5.28159809e-02,
          4.31616359e-02,  -1.07446623e-02,  -1.48034824e-01,
         -3.61281904e-02,  -1.59951706e+00,   5.36656379e-03,
         -2.95863346e-02,  -7.40313162e-02,   7.91285654e-04,
         -1.80578894e-02,   6.94224323e-02,  -2.66995793e-02,
         -2.72073030e-02,   3.18872259e-02,  -2.19147780e-03,
         -2.92097557e-02,  -3.93962057e-02,   7.63610326e-03,
         -3.51468855e-03,  -3.18888111e-02,  -4.43744038e-02,
         -4.65674166e-03,  -3.35015382e-04,  -1.19991794e-02,
          7.64509532e-02,  -1.95938550e-02,   2.44695470e-02,
         -4.68226528e-03,   1.17288527e-02,  -3.87328617e-02,
         -7.04887142e-02,  -4.34433343e-02,  -8.53836317e-02,
         -5.33608481e-03,   1.06047319e-02,  -1.10189001e-02,
          3.40670092e-02,  -1.83275639e-02,   3.38293777e-02,
         -3.12741199e-03,  -2.21761261e-02,  -4.28825477e-03,
          3.22421799e-02,  -5.08864816e-02,  -1.74096243e-03,
         -2.27259745e-02,  -3.19859501e-03,  -1.10805537e-01,
          4.31617426e-02,   3.09384011e-02,  -3.61704683e-03,
         -4.30147410e-02,   2.13320721e-03,  -3.70168350e-02,
         -1.59648141e-02,  -9.52417661e-02,  -6.27840361e-02,
         -1.37916319e-02,  -5.05957717e-04,  -4.30016767e-02,
          6.94699580e-03,  -1.07527011e-02,   3.64432780e-02,
          1.51706642e-02,  -1.65333008e+00,   8.12938415e-03,
         -3.18336942e-02,  -9.44591248e-03,   1.92068421e-02,
         -5.30732091e-03,  -2.54854347e-02,  -1.69826167e-02,
          2.47282341e-02,   1.08985528e-01,   4.36383089e-02,
          3.53604102e-03,   3.83995159e-02,  -5.33869191e-03,
          4.64959992e-02,  -1.01181834e-01,  -2.51057549e-02,
         -1.26431512e-02,   2.24402617e-03,  -7.99823402e-03,
         -8.44959004e-02,  -2.43153117e-02,  -8.88612582e-02,
         -3.20406313e-02,  -3.81498016e-03,  -5.85996315e-03,
          7.72690770e-03],
       [ -2.72461440e-01,  -2.95436871e-01,  -1.91895017e-01,
         -2.32507275e-01,  -3.41464213e-01,  -2.71420742e-01,
         -2.69492566e-01,  -2.55737163e-01,  -2.41651018e-01,
         -2.32672713e-01,  -1.85312152e-01,  -2.27067204e-02,
         -2.39137545e-01,  -1.42379901e+00,  -2.41850130e-01,
         -2.70467226e-01,  -2.12393808e-01,  -3.23956838e-01,
         -2.59877751e-01,  -3.34144898e-01,  -1.95072121e-01,
         -2.76779036e-01,  -2.61969385e-01,  -2.15700089e-01,
         -2.89725367e-01,  -2.83979556e-01,  -3.19799567e-01,
         -2.66384290e-01,  -2.65777637e-01,  -2.51893047e-01,
         -2.88057651e-01,  -3.11169482e-01,  -2.51723354e-01,
         -3.57786685e-01,  -2.74424206e-01,  -2.95502832e-01,
         -3.46921672e-01,  -2.46878740e-01,  -2.43046408e-01,
         -2.07496891e-01,  -2.67201740e-01,  -2.14185996e-01,
         -2.92753976e-01,  -2.17314995e-01,  -3.00188671e-01,
         -2.94958333e-01,  -2.10329458e-01,  -1.88840825e-01,
         -1.85331293e-01,  -2.86842590e-01,  -2.88686039e-01,
         -2.98069282e-01,  -2.14156011e-01,  -1.80245623e-01,
         -2.41574379e-01,  -3.24769450e-01,  -2.54869637e-01,
         -2.31436227e-01,  -2.33940637e-01,  -2.33770960e-01,
         -2.94017288e-01,  -1.89468315e-01,  -2.38790333e-01,
         -2.26261555e-01,  -2.55573197e-01,  -2.61715124e-01,
         -2.70517441e-01,  -2.36203604e-01,  -2.75479657e-01,
         -3.34461674e-01,  -1.82602812e-01,  -3.01830707e-01,
         -3.16750394e-01,   9.80749179e-01,  -2.29576840e-01,
         -2.52606907e-01,  -2.16871307e-01,  -2.03242602e-01,
         -3.00584224e-01,  -2.49731906e-01,  -1.92384648e-01,
         -3.02993609e-01,  -3.43954015e-01,  -1.76557064e-01,
         -2.22696934e-01,  -3.11800839e-01,  -2.85686595e-01,
         -2.39869838e-01,  -2.51082702e-01,  -2.28861720e-01,
         -2.81533087e-01,  -1.91933578e-01,  -2.49840994e-01,
         -2.08743037e-01,  -2.13748433e-01,  -1.90583418e-01,
         -2.90224318e-01,  -3.10746875e-01,  -2.12372012e-01,
         -2.21118304e-01],
       [  1.21547407e-02,   1.14292189e-02,   4.98074995e-02,
          3.44540533e-02,  -1.68908334e-02,  -1.70746979e-02,
          1.33660422e-02,   3.81394563e-03,   2.33557260e-02,
          2.31167282e-02,   4.24435536e-02,   1.72951042e-01,
          2.51042585e-03,   1.02711199e+00,   2.69248436e-02,
         -1.37525448e-02,   4.90691620e-02,  -3.63831501e-02,
          9.24210935e-03,  -2.88251248e-02,   4.35588124e-02,
          5.43357783e-03,   9.74114556e-03,   3.72249743e-02,
         -3.27891543e-02,   5.00973234e-03,  -8.15939864e-03,
          3.27159081e-03,  -1.11968021e-02,  -4.37520590e-03,
          2.16829697e-03,  -1.17579006e-02,   1.19708667e-02,
         -6.17679774e-02,   1.91684384e-03,   7.28079605e-03,
          6.96839435e-01,   2.13988490e-02,   8.59399461e-03,
          5.08734189e-02,  -2.01281191e-02,   5.24575182e-02,
          5.27187281e-03,   3.21972079e-02,  -2.74702704e-02,
          2.03769511e-03,   3.03513581e-02,   4.33632962e-02,
          3.40217767e-02,  -2.04719372e-02,  -3.34692572e-03,
         -2.19419512e-03,   3.72570716e-02,   3.62719365e-02,
          3.23683087e-03,  -4.94685858e-03,   4.40757681e-02,
          2.76906796e-02,   1.62334765e-02,   2.65126933e-02,
         -1.49454181e-02,   3.50852656e-02,   9.15380246e-03,
          2.44563543e-02,   2.91617924e-02,   5.47163124e-03,
          1.38627753e-02,   2.88966828e-02,  -2.15589946e-02,
         -4.62279120e-02,   4.11962820e-02,   6.89732774e-03,
         -1.04484433e-02,   1.41401641e+00,   2.29173638e-02,
          1.69047738e-02,   2.07513518e-02,   3.84835994e-02,
         -4.79237634e-03,   2.58037933e-02,   4.02823685e-02,
         -4.74218929e-03,  -8.14380412e-02,   3.42093704e-02,
          3.27601930e-02,  -9.57816939e-03,  -4.16832429e-03,
          1.99752849e-02,   3.62977344e-02,   2.58916498e-02,
         -2.36242348e-02,   3.48194972e-02,   1.35071659e-02,
          6.12123059e-02,   2.30068151e-02,   5.62980066e-02,
         -1.43256517e-02,  -1.57263936e-02,   2.62954245e-02,
          2.49198729e-02],
       [ -2.73196288e-02,   2.44288758e-02,   7.24649551e-02,
          5.59605368e-02,  -5.51151102e-02,   6.00530276e-02,
         -3.21153950e-02,   9.28497337e-02,   1.63825704e-01,
         -3.47629226e-02,   7.16927506e-02,   2.51026435e-01,
          9.08712301e-02,   8.24200936e-01,   6.13105898e-02,
          8.17615020e-02,   2.22903236e-01,  -2.90130736e-02,
          7.75729479e-02,  -1.41357357e-01,   1.12098069e-01,
          9.06692913e-02,  -2.64935047e-02,   6.74868945e-02,
          6.12561249e-02,   1.29553914e-01,  -4.84443692e-03,
          4.05876008e-02,   7.77575785e-02,   1.10767337e-01,
          4.33657507e-02,   8.13068309e-03,   7.19498995e-02,
         -1.73069603e-01,   6.50408578e-02,  -3.38625222e-02,
          2.37606281e+00,   3.34787419e-02,   1.22612596e-01,
          2.07805993e-01,   1.11752438e-01,   2.50947396e-01,
          3.87795521e-02,   4.48726276e-02,   5.22914350e-03,
         -4.80182235e-02,   9.19417436e-02,   2.85206003e-02,
          7.41230662e-02,   6.07724106e-02,   2.90915881e-02,
         -5.43469498e-02,   1.58225518e-01,   7.02269610e-02,
          6.96664582e-02,   2.40078682e-02,   3.32912717e-01,
         -2.73065221e-02,  -1.69036364e-02,   6.55826700e-02,
          1.26836115e-01,   5.91595776e-02,   1.03754606e-01,
          7.90302425e-02,   2.83113423e-01,   1.89914708e-01,
          8.49155204e-02,   5.57366658e-02,   1.19019895e-01,
         -5.83321123e-02,   7.21100991e-02,  -4.60262102e-02,
         -4.95319104e-02,   1.30285343e+00,   3.48152388e-02,
          1.09943952e-01,   6.51075198e-02,   2.65857703e-02,
          1.39446192e-02,   1.06407309e-01,   8.45364057e-02,
         -2.97106962e-02,  -2.21456703e-01,  -8.01293837e-03,
          7.15265393e-02,  -7.45524907e-02,   2.88735456e-02,
         -4.85361227e-02,   2.97258624e-01,   1.06324534e-01,
          1.52639968e-02,   6.41104265e-02,   6.73793031e-02,
          2.49312879e-01,   8.87270257e-02,   2.38325616e-01,
          9.17396072e-02,  -3.42449955e-04,   7.55679755e-02,
          3.40236550e-02],
       [  4.36129500e-02,   4.87908518e-02,   4.03107593e-02,
          4.16107137e-02,   6.51698452e-02,   6.23489665e-02,
          2.48860078e-02,   5.08438663e-02,   4.76590975e-02,
          1.36182786e-02,   5.97113994e-02,   8.01919465e-02,
          6.53956199e-02,  -3.77783838e-02,   3.37831257e-02,
          6.61201932e-02,   5.04713504e-02,   6.94359506e-02,
          5.72394960e-02,   4.42978724e-02,   6.13824831e-02,
          4.34365820e-02,   3.91344069e-02,   4.22664192e-02,
          7.09048230e-02,   4.76060637e-02,   4.04812608e-02,
          4.98533364e-02,   5.83817657e-02,   5.73546581e-02,
          4.79991874e-02,   4.45735318e-02,   4.64244499e-02,
          5.16243176e-02,   6.11583554e-02,   5.14677923e-02,
          7.07757666e-02,   3.46299316e-02,   6.43276936e-02,
          5.02770301e-02,   6.14956499e-02,   5.17005791e-02,
          6.35597053e-02,   3.31433102e-02,   7.80081055e-02,
          4.24737677e-02,   6.26009768e-02,   2.50416752e-02,
          5.09870409e-02,   5.80694866e-02,   5.17232700e-02,
          4.83951251e-02,   5.48026172e-02,   4.42116925e-02,
          5.31963163e-02,   5.11888565e-02,   2.83310528e-02,
          2.52761123e-02,   3.47289302e-02,   4.87009970e-02,
          5.88865222e-02,   5.21222508e-02,   5.63920241e-02,
          5.11413043e-02,   3.64270495e-02,   4.08789092e-02,
          4.25321909e-02,   3.99632437e-02,   4.57109033e-02,
          6.72678807e-02,   4.66061446e-02,   3.99473582e-02,
          5.80959164e-02,  -1.87202811e-01,   4.69184018e-02,
          4.39875881e-02,   5.67505508e-02,   3.19663287e-02,
          6.17468437e-02,   5.55769641e-02,   5.51132677e-02,
          4.54716524e-02,   4.94879482e-02,   2.43074063e-02,
          4.65636639e-02,   3.50823914e-02,   4.57960749e-02,
          3.20918262e-02,   4.16108993e-02,   5.68637425e-02,
          7.57524692e-02,   4.58191234e-02,   3.92932390e-02,
          5.64089187e-02,   4.94766169e-02,   4.54537181e-02,
          4.74379033e-02,   6.87138984e-02,   5.61541615e-02,
          4.39238487e-02],
       [  6.55278756e-02,   7.10893582e-02,   5.66677431e-02,
          6.02893424e-02,   4.92410306e-02,   3.02007495e-02,
          7.18729755e-02,   2.86463940e-02,   3.99960755e-02,
          5.40308799e-02,   4.61785937e-02,   6.93740629e-03,
          3.07453214e-02,   7.88657598e-02,   5.55560021e-02,
          2.51789549e-02,   2.51341093e-02,   4.33406232e-02,
          4.71184386e-02,   6.70071123e-02,   4.28081246e-02,
          4.36790796e-02,   6.65922259e-02,   6.00988861e-02,
          3.00015832e-02,   3.54207374e-02,   5.69243248e-02,
          5.94049870e-02,   3.61596231e-02,   2.33857778e-02,
          5.55869701e-02,   5.52990718e-02,   4.31839697e-02,
          6.50246370e-02,   3.91438564e-02,   5.92578945e-02,
         -1.88347742e-01,   5.76665405e-02,   3.08036950e-02,
          1.92369928e-02,   1.91812243e-02,   2.30326789e-02,
          4.96576825e-02,   5.69615135e-02,   2.53088092e-02,
          5.32733601e-02,   4.19116019e-02,   7.04197069e-02,
          6.29468412e-02,   3.99814511e-02,   5.23189426e-02,
          5.98730887e-02,   3.87085933e-02,   5.60593545e-02,
          3.96475979e-02,   5.62768727e-02,   2.25004602e-02,
          6.29461257e-02,   6.14185778e-02,   5.31584004e-02,
          3.25586378e-02,   6.18430947e-02,   3.28354644e-02,
          5.41656182e-02,   1.30105542e-02,   3.61340359e-02,
          4.89344055e-02,   4.60235694e-02,   1.44482918e-02,
          4.66551503e-02,   4.30047127e-02,   7.12298411e-02,
          5.07124184e-02,   1.65224051e-01,   6.63358683e-02,
          3.62689380e-02,   4.99909433e-02,   6.29043426e-02,
          4.19218767e-02,   4.94023463e-02,   3.27437222e-02,
          6.25688896e-02,   7.09633563e-02,   5.47466504e-02,
          5.13581817e-02,   6.00542407e-02,   5.54602492e-02,
          5.41512540e-02,   1.94331500e-02,   4.24095044e-02,
          3.00173627e-02,   5.61901138e-02,   5.98035410e-02,
          3.36045826e-02,   4.24409260e-02,   1.84672186e-02,
          4.32994528e-02,   4.64546587e-02,   4.65499823e-02,
          5.37107029e-02]])]Hidden bias: [array([-0.29434377, -0.29937402, -0.30150749, -0.30000115, -0.28558104,
       -0.27568071, -0.29861299, -0.28219114, -0.28186664, -0.31314873,
       -0.29119723, -0.26546301, -0.27602156, -0.08128824, -0.29745005,
       -0.26905103, -0.27084153, -0.27491989, -0.27946186, -0.30202228,
       -0.28683175, -0.27618953, -0.30700405, -0.29264981, -0.26838591,
       -0.27830392, -0.29333765, -0.28365444, -0.27389857, -0.27639451,
       -0.2894463 , -0.28035517, -0.28316778, -0.29910266, -0.2797477 ,
       -0.2948472 , -0.34159192, -0.30234651, -0.27847283, -0.27434641,
       -0.2661732 , -0.27106892, -0.28226225, -0.30049981, -0.26928864,
       -0.29943466, -0.29090961, -0.31848059, -0.30278372, -0.26945395,
       -0.28516325, -0.29217804, -0.28387035, -0.29511431, -0.2829067 ,
       -0.28794272, -0.26464606, -0.31341814, -0.30693368, -0.2936786 ,
       -0.27401807, -0.29695647, -0.2791204 , -0.29354267, -0.26315184,
       -0.27468349, -0.28820234, -0.29333282, -0.26617964, -0.27551664,
       -0.28974467, -0.30420132, -0.28306923, -0.57260864, -0.29995899,
       -0.28154173, -0.28884955, -0.3068355 , -0.27890358, -0.2856638 ,
       -0.28811038, -0.30088704, -0.2975663 , -0.32236478, -0.29762633,
       -0.29421046, -0.28707919, -0.30955759, -0.2708945 , -0.28543915,
       -0.26673711, -0.30154668, -0.28553328, -0.2778989 , -0.28773282,
       -0.27230975, -0.27861103, -0.278844  , -0.29376833, -0.29878997])]Output weights: [[  5.28553216e-03   1.59689993e-02]
 [  7.94895759e-03  -5.21597654e-03]
 [  3.13650658e-05  -5.19968650e-03]
 [  1.27570187e-03  -6.11052854e-03]
 [  1.09720744e-02   1.73232369e-02]
 [ -6.23608690e-03  -1.22175824e-02]
 [  5.73918082e-03   1.43126073e-02]
 [ -8.30470632e-03  -2.21380704e-02]
 [ -6.46750148e-03  -5.00631595e-02]
 [ -2.77840546e-04   2.29857422e-02]
 [ -2.92863983e-03  -2.19600483e-03]
 [ -2.60222501e-02  -6.03826164e-02]
 [ -7.33145839e-03  -1.81819630e-02]
 [  9.55082897e-01   3.59576980e-01]
 [  6.74604282e-04  -1.08365618e-02]
 [ -5.03504331e-03  -1.99425739e-02]
 [ -9.07536456e-03  -7.01273496e-02]
 [  6.50573229e-03   1.03366167e-02]
 [ -1.58455210e-04  -1.85458904e-02]
 [  2.30270530e-02   4.71100852e-02]
 [ -3.15984787e-03  -1.96283293e-02]
 [ -3.79673950e-03  -2.83574678e-02]
 [  5.89249765e-03   1.74425769e-02]
 [  3.21457015e-04  -8.98423182e-03]
 [ -4.28514652e-03  -1.51487474e-02]
 [ -5.34768444e-03  -4.24304013e-02]
 [  4.17461432e-03  -2.24113567e-04]
 [  2.15066711e-03  -7.65852201e-03]
 [ -5.84915047e-03  -1.93869816e-02]
 [ -1.01759325e-02  -2.82529286e-02]
 [  1.13583828e-03  -1.06892215e-02]
 [  3.59572675e-03  -4.57923071e-03]
 [ -1.03877438e-03  -1.63137053e-02]
 [  3.10494258e-02   5.79226470e-02]
 [ -2.52259051e-03  -1.43293931e-02]
 [  7.72791382e-03   1.60566558e-02]
 [  1.94479964e-02   7.53440462e-01]
 [  6.62680299e-04  -1.02573047e-03]
 [ -5.11863263e-03  -3.07932737e-02]
 [ -9.59034794e-03  -6.22494595e-02]
 [ -8.91395051e-03  -3.13926871e-02]
 [ -9.40206221e-03  -8.18518642e-02]
 [  3.46847473e-03  -7.68688490e-03]
 [  2.34774286e-04  -1.08054246e-03]
 [ -1.98847192e-03   5.88419757e-03]
 [  6.40014791e-03   2.06282886e-02]
 [ -1.64794707e-03  -1.34226323e-02]
 [  3.70744444e-03   9.89689685e-03]
 [  8.38653276e-05  -4.46417665e-03]
 [ -2.44818818e-03  -1.73095567e-02]
 [  4.41761046e-04  -5.36209898e-03]
 [  9.49345658e-03   2.14149504e-02]
 [ -5.79582462e-03  -4.25396416e-02]
 [ -2.10567861e-03  -3.56645279e-03]
 [ -6.15359387e-03  -1.21578219e-02]
 [  5.15537439e-03  -9.89509310e-03]
 [ -1.62668560e-02  -1.23555811e-01]
 [  2.53974973e-03   2.25269962e-02]
 [  2.01814367e-03   1.86672281e-02]
 [  1.10247007e-04  -9.31369862e-03]
 [ -5.06247404e-03  -4.15901485e-02]
 [  5.29879315e-04   1.51512092e-04]
 [ -7.26633735e-03  -2.43108838e-02]
 [ -2.71718687e-03  -1.29452462e-02]
 [ -1.42491532e-02  -1.02184041e-01]
 [ -7.73264770e-03  -6.53334264e-02]
 [ -6.29356374e-04  -2.38164327e-02]
 [ -2.91179534e-03  -6.32887181e-03]
 [ -1.19567692e-02  -3.70271426e-02]
 [  9.10072049e-03   1.83734194e-02]
 [ -6.80730067e-03  -3.34000899e-03]
 [  9.99242087e-03   1.77583787e-02]
 [  7.78283884e-03   1.77930171e-02]
 [ -7.87854084e-01   3.30593077e-01]
 [  1.89464748e-03   2.10501328e-03]
 [ -5.73438563e-03  -3.05103116e-02]
 [ -2.18262312e-03  -5.71719686e-03]
 [  7.71988641e-04   8.14879907e-03]
 [  1.44373831e-03  -4.73289521e-04]
 [ -4.84210188e-04  -2.74596920e-02]
 [ -6.07540815e-03  -8.02514564e-03]
 [  6.80428674e-03   1.29519077e-02]
 [  4.46881594e-02   8.02318863e-02]
 [  7.38783941e-04   2.51900611e-02]
 [  1.81665059e-03  -9.40078948e-03]
 [  9.33037410e-03   2.42517259e-02]
 [  1.29969816e-05  -6.20062516e-03]
 [  3.89693534e-03   2.88489000e-02]
 [ -1.19877081e-02  -1.06565470e-01]
 [ -1.74488081e-03  -2.36863421e-02]
 [ -2.48521025e-03   3.99964799e-03]
 [ -1.64748010e-03  -1.50948167e-03]
 [  7.81642679e-04  -1.64843925e-02]
 [ -7.91620508e-03  -7.99130383e-02]
 [ -6.32889190e-03  -1.50723894e-02]
 [ -1.35528479e-02  -7.33801923e-02]
 [ -4.46811319e-03  -3.00361520e-02]
 [  3.65708188e-03   3.64774948e-03]
 [ -5.69132077e-04  -8.16778668e-03]
 [  1.91527501e-04   3.59447163e-03]]Output bias: [-0.43076464  0.0429234 ]
Value MLP:Hidden weights: [array([[ -5.90774120e-01,  -2.58051994e+00,   1.40940957e+01,
          4.51992458e+00,   8.21140026e+00,   4.71260915e+00,
         -7.64840110e+00,   1.93453519e+00,  -7.08059288e+00,
          8.96084731e-01,   6.85217889e+00,  -2.40383109e+00,
          4.61203526e+00,  -4.68084759e-01,  -8.38678839e+00,
          9.06440021e+00,  -2.65296652e+00,   1.28858439e+00,
          5.13737138e+00,  -3.74181103e+00,  -5.97911595e-01,
          7.49822742e+00,   4.65165910e+00,   1.00746229e+01,
         -1.21869819e+01,  -1.69055797e+00,   1.18433261e+01,
          6.65466431e+00,   1.13257802e+01,   3.68937259e-02,
         -2.18666509e-01,   9.98878378e+00,   5.25280697e+00,
         -2.40974762e+00,  -3.64972173e+00,   1.52669336e+01,
         -1.47419364e+00,   7.38702290e-01,  -1.48076302e+00,
          3.28777726e-01,   1.15819436e+00,   9.17841656e+00,
          2.05418202e+00,   3.26962068e+00,   2.49870358e+00,
         -3.52421632e+00,   5.68937245e+00,  -7.04228080e+00,
         -5.60428586e+00,   2.47758511e-01],
       [ -2.94441461e+00,   4.20620495e+00,   3.21066570e+00,
          5.69307728e+00,   4.48631188e+00,  -1.22142266e+00,
          2.64564724e+00,  -2.88544180e+00,  -2.00803957e+00,
         -4.86176261e+00,   2.00452318e+00,   5.40286924e+00,
         -8.04395221e+00,  -3.93187081e-01,   8.26526057e+00,
         -2.29695036e+00,  -6.47583464e+00,  -7.49512239e+00,
          4.65986493e+00,  -8.51838058e+00,  -1.80967196e+00,
          5.53249622e+00,   5.95033609e+00,   9.68357751e+00,
         -4.60186185e+00,  -6.90565613e-01,   4.95031478e-01,
          3.84732103e+00,   7.21429487e-01,   2.84358813e+00,
          1.96814553e+00,   2.86643143e+00,  -3.91924811e+00,
         -2.63308354e+00,  -8.11668302e+00,  -1.35473161e+00,
          1.09138550e+01,  -2.46907233e+00,  -4.45449234e+00,
         -1.40393017e+00,  -4.61729643e+00,  -1.21110860e+00,
         -1.22681309e+00,  -6.36517341e+00,   8.31283600e-01,
         -8.06001349e+00,   1.95179401e+00,  -3.12883503e+00,
         -9.59160243e+00,  -1.04642539e+01],
       [ -1.60072830e+00,   2.40004590e+01,   2.05281468e+01,
          8.55047118e+00,   1.25244972e+01,   3.88347444e+00,
         -1.08082778e+01,   4.19752176e+00,  -8.98004856e+00,
          5.82821918e+00,   1.50986390e+01,   9.07495741e-01,
          5.39297726e-02,  -1.91932995e+01,  -4.67316720e+00,
          3.02634666e+00,  -3.88525804e-01,   8.11914814e+00,
          9.31712031e+00,   9.26672186e+00,  -2.37780037e+00,
          4.11298992e+00,   1.50518187e+01,   2.24506728e+01,
         -1.63560292e+01,  -6.91909734e+00,   3.20074436e+00,
          2.25530197e+01,   1.05850004e+01,   3.33586535e+00,
         -2.43387383e+01,   1.81540609e+01,  -3.31996549e+00,
         -1.63158920e+00,  -3.47473835e+01,   1.68167664e+01,
         -8.92472291e+00,  -3.53422459e-02,  -4.64146143e-01,
         -5.03003071e+00,   1.42206344e+01,   2.00264973e+01,
          2.39647170e+00,   1.27178908e+01,  -1.20121481e+01,
          2.75588956e+00,   1.90546738e+00,   5.95530129e+00,
         -1.06357719e+01,  -4.26035340e+00],
       [  2.91005897e+00,  -1.94865701e+01,  -4.85990390e-01,
          7.66096195e+00,  -8.50371909e+00,   1.08779758e+01,
          1.52629790e+01,  -2.09981251e+00,  -6.65748811e+00,
          9.43801512e+00,  -6.17001032e+00,   1.09012381e+01,
          2.30150197e+01,   1.13396291e+01,  -1.70832793e-01,
          1.77611878e+01,   3.84026293e+00,  -1.02772877e+01,
          1.40421779e+00,  -1.35649704e+01,   5.71805736e+00,
          1.17294024e+01,   1.09012062e+01,   8.16424207e+00,
          2.11099765e+00,   4.10833012e+00,   1.18938533e+01,
          4.11650027e+00,   1.64846056e+00,   9.84657623e+00,
          6.31703244e+00,   9.79042664e+00,   6.40548381e+00,
         -1.22076163e+00,  -2.91372780e+01,  -1.98700670e+00,
         -3.60225876e+00,  -8.16570538e+00,   3.48334287e+00,
          4.39318746e+00,   2.13982620e+00,  -5.24204024e+00,
          3.47985881e+00,   3.18625266e+00,   1.85824655e+01,
         -3.81324603e+00,   1.23703221e+01,   2.42180817e+00,
          1.85746693e+01,  -1.05463655e+01],
       [ -5.72249116e-01,  -1.28999175e+01,   1.63400289e+01,
         -1.58500458e+01,  -9.19145686e+00,   5.73668233e-02,
          3.10727387e+00,   1.41463542e+01,  -1.60523621e+01,
         -2.44582567e+01,  -2.70421780e+01,  -2.16898291e+01,
         -1.33665797e+01,   3.76135313e+01,  -1.95356547e+01,
         -1.93882071e+01,  -7.71868463e+00,  -2.08139783e+01,
         -1.95463471e+01,  -5.33950140e+00,  -3.20257912e+00,
         -1.76544218e+01,   1.18854201e+01,  -3.42905104e+01,
          6.28865974e+00,  -1.48957901e+01,   7.16806952e+00,
         -1.11553306e+00,  -5.09799277e+00,   1.21173766e+01,
          1.27624269e+01,  -1.63814747e+01,  -3.10829979e+00,
         -2.87171517e+01,   4.79387572e+01,  -6.17136982e+00,
          1.14227761e+01,  -2.54859377e+00,   5.03067789e-01,
          1.04587954e+01,  -2.07594659e+01,  -3.83333618e+01,
          7.16117768e+00,  -2.28504789e+01,  -1.30812285e+00,
         -2.05613942e+01,  -1.90761897e+01,  -2.04881215e+01,
         -6.90487937e+00,   1.25986051e+01],
       [ -1.22401024e+00,   1.02981010e+01,   8.72904154e+00,
          7.39735151e+01,  -1.58270715e+01,   3.71235836e+01,
         -1.89834460e+01,  -8.95204940e-01,  -2.84024751e+01,
          1.29981039e+01,   2.69755599e+00,  -3.58674488e+01,
          5.70008215e+01,   1.08046335e+01,  -2.17001176e+01,
          7.14332312e+01,   2.12505038e+01,   1.76758633e+01,
         -1.40721719e+01,   1.81851252e+01,  -1.69641065e+01,
          8.20680771e+01,   2.56485309e+01,   6.28437566e+01,
          1.55833574e+01,  -2.20230035e+01,   4.14106814e+01,
          3.03484942e+01,   3.14008494e+01,   1.61214793e+01,
         -1.80762427e+01,   4.62704838e+01,  -3.21453934e+01,
         -4.60207549e+00,   3.69941578e+01,   3.08056227e+01,
         -8.76122561e-01,  -2.02755844e+01,   8.36329977e-01,
          2.80944318e+01,   9.44874415e+00,   3.63412898e+01,
          3.00940310e+01,   5.22001983e+01,   5.20900044e+01,
         -1.61630246e+01,   8.12603499e+01,   1.05261518e+01,
          2.30387291e+01,   2.18350874e+01],
       [ -1.05548568e+00,  -1.18835298e+00,  -1.03973076e+01,
          5.01878399e-01,  -1.38984277e+01,   2.83494806e+00,
         -5.40303303e+00,   4.90162724e+00,  -3.36127463e+00,
         -2.32289458e+00,   7.54163189e+00,  -1.85039870e+00,
         -2.19534241e+00,  -1.22205557e+01,  -1.12487277e+01,
          3.90770196e+00,   2.37496333e+00,   3.60226476e+00,
         -2.28383288e+00,   1.09690408e+01,  -1.43073063e+01,
         -1.29744632e-02,  -1.34908231e-01,   6.59137160e-01,
         -6.55839942e+00,   2.82799104e+00,   6.87963200e-01,
          2.62265204e+00,  -1.20375661e+00,  -1.01490634e+01,
         -1.40582949e+01,  -2.50591182e+00,   2.61375648e+00,
          1.14247983e+01,   5.70008375e-01,   2.98600696e+00,
         -4.45648072e+00,   9.35038268e+00,  -1.74131702e+00,
          3.00499302e+00,   9.07731981e+00,   1.43972578e+00,
          7.85527416e-01,   1.83861193e+00,   3.66700914e+00,
          8.56110804e+00,   6.26052429e-01,  -2.92962268e+00,
         -2.72477064e+00,  -7.09894252e-03],
       [ -3.11790493e+00,   1.40631493e+01,  -9.70199934e+00,
         -2.96551084e+00,  -2.22980324e+00,  -1.24235624e+01,
         -1.25997368e+00,   3.93365247e+00,   5.42438881e+00,
         -1.97672516e+00,  -1.08389169e+00,  -1.63777450e+00,
         -1.53652104e+00,   1.68323535e+00,   1.24582636e+00,
         -2.27724974e+00,  -2.00849560e+00,   2.49127517e-01,
         -8.15533779e+00,  -4.55317771e+00,  -4.21306849e+00,
         -1.03678889e+00,  -5.13411932e+00,  -1.30298472e-01,
          9.00151804e+00,   5.40187906e+00,  -8.59424485e+00,
          2.39210620e+00,  -8.98644398e+00,  -1.09008183e+01,
          3.79951623e+00,   1.11687797e-01,   2.34843247e+00,
          3.50832694e+00,   2.26685859e+01,  -7.22268071e+00,
          1.25973660e+01,   5.59425866e+00,  -4.16472499e+00,
         -1.90437835e+00,  -8.99410858e+00,  -6.04344678e-02,
          2.38071284e+00,  -1.49518674e+00,  -8.42706812e+00,
          1.05492487e+01,  -1.19528420e+00,  -7.49414174e+00,
         -1.06300115e+00,  -9.64919627e-01]])]Hidden bias: [array([-10.20164124,  11.75449873,  -7.05310512,  -2.39826309,
         3.08921326, -21.65948152,  -4.13025155,  13.29822269,
         2.71017594, -20.28477579,   4.60898136, -16.07841971,
       -23.90488922, -17.60947464,   0.14736557, -21.06552621,
       -12.44189864,   1.17413966,  -6.72851878,   1.42334378,
       -22.65711829,  -6.88968022, -14.18606133,  -0.99387805,
        -9.9303491 ,  -3.50982133,  -8.42545621,  -2.27640832,
        -7.29247824, -20.36521879,  -9.23443636,  -8.16217779,
        -1.41537725,   6.88085698,   4.53622165,  -4.02451326,
         8.61881667,  16.38311159, -12.90428655,  -4.89913286,
        -4.61642152,  -0.35255137, -10.36412936,  -7.82270462,
       -15.05480797,   1.28500907, -10.68459705,  -6.69010257,
       -24.59254776,  -9.11834679])]Output weights: [[ 27.52088   ]
 [ -1.19646909]
 [ -0.76082976]
 [ -0.72509978]
 [  5.14417861]
 [  3.04823407]
 [ -2.55449873]
 [  9.81242714]
 [  4.45251857]
 [  3.73091186]
 [  1.59353093]
 [ -6.13205164]
 [  1.52241248]
 [ -3.75795777]
 [  6.30272934]
 [  0.43901785]
 [  2.81928882]
 [  0.34755436]
 [ -4.28116882]
 [  0.76587429]
 [ 11.51776113]
 [ -0.70597145]
 [ -1.36362998]
 [ -0.57993416]
 [ -0.12168495]
 [ -3.0234453 ]
 [ -3.84950484]
 [  1.18327293]
 [ -0.25217805]
 [  1.59190817]
 [  3.34248898]
 [  2.45837158]
 [ -3.21333663]
 [  0.19872945]
 [  1.27806053]
 [  2.77957199]
 [ -4.58483329]
 [  3.872539  ]
 [ 20.92674676]
 [ -5.82628737]
 [  3.73441383]
 [ -1.26819908]
 [ -6.59451995]
 [  3.06117924]
 [ -5.88095179]
 [ -2.39680774]
 [ -1.95782375]
 [  3.18313242]
 [  1.5427997 ]
 [ -0.69579766]]Output bias: [-35.91003348]