Action MLP:
Initial hidden weights: [array([[  1.90174835e-03,  -6.80524233e-03,   9.21712295e-03,
          3.31320234e-03,   4.52040750e-03,  -5.15328597e-03,
         -7.44227082e-03,   8.19561691e-03,   4.64222462e-03,
         -5.19256771e-03,   6.46875279e-04,   3.35002104e-03,
         -5.10362643e-03,  -6.01334021e-03,   1.30582494e-03,
         -7.24122561e-03,   4.75085474e-03,   8.13462977e-03,
         -2.49688071e-03,  -1.50322004e-03],
       [ -2.72553575e-03,  -3.01751013e-04,   4.06025697e-03,
         -5.31328179e-03,  -2.04783204e-03,   2.46626217e-03,
          5.21274958e-03,  -3.32582422e-03,   5.95826717e-03,
         -4.23047675e-03,   6.39873805e-03,   9.07740720e-03,
         -6.66883391e-03,   4.36084957e-03,  -9.32800907e-03,
         -3.17560085e-03,  -7.66299663e-04,   5.12583342e-03,
         -1.34588223e-03,   3.49835875e-03],
       [ -7.11409175e-03,   6.99404213e-03,  -2.51473426e-03,
          5.62208462e-03,   4.54293124e-03,   2.32356825e-03,
          1.44891302e-04,   3.56020259e-03,   7.40688814e-03,
         -9.02007079e-03,  -7.02719828e-03,  -6.74656563e-03,
         -4.77158342e-03,   7.90083652e-03,   5.53626705e-03,
         -1.84515122e-03,   4.42963343e-04,   7.98827083e-03,
         -5.88491548e-03,   3.50594051e-03],
       [  6.21984733e-03,   7.74076698e-03,  -6.68678764e-03,
         -6.60090961e-03,   9.69501168e-04,   4.69111206e-03,
          3.98760526e-03,  -6.96880231e-03,  -5.40801213e-03,
          9.21971528e-03,   1.97080691e-03,   9.62366186e-03,
          1.41457019e-05,  -3.10858367e-03,  -1.94466499e-03,
         -4.12380989e-03,   1.15632974e-03,  -7.07114261e-03,
         -4.66783379e-03,  -2.17641252e-03],
       [  7.34702586e-03,   4.35000960e-03,  -4.03710804e-04,
          1.93855786e-03,   1.94497362e-03,   1.84053549e-03,
         -8.27758883e-03,   4.67726272e-03,   4.81397998e-03,
          2.28024910e-03,  -8.80738304e-03,  -9.67333504e-03,
         -3.38231726e-03,   7.80373441e-03,   8.91409335e-03,
          2.90972375e-03,   2.54520004e-03,   5.85038482e-03,
          5.67263907e-03,   9.92278508e-03],
       [ -5.52605234e-03,   8.47987069e-04,   6.11326335e-04,
          3.53923518e-03,  -1.38615216e-03,   3.00034372e-03,
         -4.21199211e-04,  -7.02224658e-03,  -1.38818346e-03,
          9.65887961e-03,  -5.35336218e-03,  -6.50060711e-03,
          1.07127062e-03,   6.40912469e-03,   1.84717436e-03,
         -7.81468607e-03,  -9.44712547e-03,   6.80110647e-03,
         -8.85193185e-03,  -6.08213440e-03],
       [ -7.72427838e-03,   9.34491036e-03,  -6.25400521e-04,
          2.00913438e-03,   5.41383561e-03,   9.90062348e-03,
          9.12695993e-03,   1.91351504e-03,  -4.00683770e-03,
         -5.38854767e-03,  -8.08650066e-03,  -8.71763553e-03,
          7.80217298e-03,  -7.59377546e-03,  -4.70396793e-03,
         -6.08217573e-03,  -3.28272691e-03,  -7.82805919e-03,
          9.06200854e-03,   7.82272709e-03],
       [ -4.59802275e-03,  -7.64432322e-03,  -2.44534837e-03,
         -5.75110151e-03,   7.96938780e-03,   7.75087947e-03,
          3.42191758e-03,  -5.82690624e-03,  -7.37766014e-03,
          3.24364000e-03,   6.77960576e-03,  -6.24479060e-03,
         -6.12538251e-03,   1.96949315e-03,   8.02018111e-03,
          7.48331024e-03,  -7.64803918e-03,   2.70691367e-03,
         -9.74151264e-03,   3.28571872e-03]])]
Initial hidden bias: [array([-1., -1., -1., -1., -1., -1., -1., -1., -1., -1., -1., -1., -1.,
       -1., -1., -1., -1., -1., -1., -1.])]
Initial output weights: [[-0.00093505  0.00119139]
 [-0.00906821 -0.00326127]
 [-0.00500107  0.00092576]
 [ 0.00079125  0.00620377]
 [-0.0051619  -0.0064422 ]
 [-0.00210862  0.00988608]
 [-0.00156215 -0.00441141]
 [-0.00444643  0.00290899]
 [-0.00551339 -0.0083584 ]
 [-0.00879784  0.0055805 ]
 [ 0.00875623  0.00734663]
 [-0.00652125 -0.00434703]
 [ 0.00028639  0.00393358]
 [-0.0049237  -0.00535144]
 [ 0.00726192 -0.00675897]
 [ 0.00495564 -0.00583093]
 [-0.00345718 -0.00361449]
 [ 0.00066034  0.00229695]
 [ 0.00486023 -0.0001884 ]
 [-0.0009007  -0.00127314]]
Initial output bias: [ 1.  1.]
Value MLP:
Initial hidden weights: [array([[ -2.33898820e-03,  -2.24645073e-03,   8.26294563e-03,
         -3.27118594e-03,  -8.67608258e-03,  -1.71274826e-03,
         -5.88083976e-03,  -8.27866013e-06,   7.45827354e-03,
         -4.06423059e-03,  -8.23283234e-03,   8.04371239e-03,
         -9.07985611e-03,  -2.22738281e-03,  -3.78771260e-03,
          7.54716137e-03,  -8.38056811e-03,  -8.84382565e-03,
          6.22739446e-03,   6.60702805e-03],
       [  8.14445517e-03,  -7.65968925e-03,  -2.67743192e-03,
         -8.30167016e-03,  -8.01033563e-03,  -1.29526178e-03,
          5.37428589e-03,  -2.85088213e-03,  -8.14708558e-03,
          4.06507953e-03,  -6.45396596e-03,  -2.39783674e-03,
          9.33580070e-03,  -4.67192249e-03,  -6.35861975e-04,
         -4.13053661e-03,  -2.56720098e-03,   7.60126080e-03,
          9.61912185e-03,  -7.11119389e-03],
       [ -1.15298699e-03,  -7.55416752e-03,   8.48896385e-03,
         -3.34675519e-03,  -1.42913688e-03,   3.51730992e-03,
          9.24109367e-03,   2.31140983e-03,  -3.95455124e-04,
          2.58326865e-03,   2.45943265e-03,  -9.64253441e-03,
         -9.56844678e-03,  -1.36208958e-03,   4.56849030e-03,
         -6.06169713e-03,   7.80574935e-04,  -9.68474591e-03,
         -9.14573597e-03,  -8.67263956e-03],
       [ -7.21640310e-04,   6.23982050e-03,   3.82478126e-04,
         -4.60408890e-03,  -2.71070174e-04,   9.41063527e-03,
         -7.89935804e-03,   4.07944093e-03,   2.45453707e-03,
         -3.72143150e-03,   5.75761605e-03,   1.31560181e-03,
         -6.00786960e-03,   7.56519077e-03,   1.14451505e-03,
         -5.08234913e-03,  -2.78064952e-03,   2.84920600e-03,
         -5.20744199e-03,  -2.53534879e-03],
       [ -4.90467996e-04,  -7.05574979e-04,  -9.23840634e-03,
         -7.18547079e-03,  -7.42309103e-03,  -1.55176606e-03,
         -9.30985312e-04,   9.15214899e-03,  -7.40047533e-03,
          1.85992678e-03,  -4.24599609e-03,   3.87122889e-03,
         -6.52315909e-03,   9.83886943e-03,  -1.44139970e-03,
          3.41439318e-03,   7.43672988e-03,  -7.69953253e-04,
         -4.61350266e-03,  -3.40519372e-03],
       [ -4.27873918e-03,  -5.45031291e-04,   6.80160400e-03,
         -8.52821534e-03,  -6.05753352e-03,   8.08553626e-03,
          6.70612541e-03,  -4.23578416e-03,  -3.94182260e-03,
          1.31114685e-03,   4.75375059e-03,  -7.16618505e-03,
          9.57305480e-03,  -2.49429088e-03,   2.73008485e-03,
         -1.12771376e-03,   6.37508396e-03,   3.45735675e-03,
         -6.06185460e-03,   9.40188917e-03],
       [ -3.59642228e-03,  -4.49129884e-03,   1.05515172e-03,
         -6.81718750e-03,  -6.91801564e-03,   8.51766035e-03,
          5.45893320e-03,  -6.41024728e-03,   4.76790188e-03,
          9.66854509e-03,  -5.56558122e-03,   3.28236911e-03,
         -4.91548280e-03,   3.46725662e-03,  -8.62124016e-04,
         -7.20648671e-03,   7.02968726e-03,  -9.97741427e-03,
          7.68009701e-03,   7.68589940e-03],
       [ -4.10798378e-03,   1.11984558e-04,   4.38808312e-03,
          4.99023896e-03,  -6.69279385e-04,   9.14899685e-03,
         -3.53667512e-03,  -3.42241921e-03,   7.96932862e-03,
          3.48109091e-03,   6.60087826e-03,   8.89089110e-03,
         -2.68959210e-03,  -5.35637598e-03,   5.77337239e-03,
          8.09005663e-04,  -1.35460178e-03,   5.94831908e-03,
          8.65746177e-03,   4.23033343e-03]])]
Initial hidden bias: [array([-1., -1., -1., -1., -1., -1., -1., -1., -1., -1., -1., -1., -1.,
       -1., -1., -1., -1., -1., -1., -1.])]
Initial output weights: [[-0.0031669 ]
 [-0.00686176]
 [-0.00541541]
 [ 0.00851332]
 [ 0.00843633]
 [ 0.00195484]
 [-0.00514514]
 [ 0.00319716]
 [ 0.00788282]
 [ 0.00884526]
 [-0.00299172]
 [ 0.00121416]
 [-0.00256444]
 [-0.00075502]
 [-0.00173819]
 [-0.00156475]
 [-0.00728995]
 [-0.00045267]
 [ 0.00403433]
 [-0.00793803]]
Initial output bias: [ 1.]
