Action MLP:Hidden weights: [array([[ 0.0757813 ,  0.08624957,  0.1114736 ,  0.1308523 ,  0.08521271,
         0.12664677,  0.05427822,  0.10129096,  0.06425901,  0.13052289,
         0.0777095 ,  0.06785367,  0.09056986,  0.06968568,  0.06371051,
        -0.00569253,  0.06104348,  0.13223041,  0.02705053,  0.05326133],
       [ 0.25992183,  0.26258266,  0.26912754,  0.26119594,  0.26164855,
         0.26733798,  0.26826283,  0.26035858,  0.26956119,  0.26230928,
         0.27042826,  0.27084886,  0.2580923 ,  0.2685238 ,  0.25692058,
         0.26484877,  0.26159593,  0.27186752,  0.26456458,  0.26644872],
       [-0.02027244,  0.01697601,  0.00238623,  0.03035267, -0.00082799,
         0.03765627, -0.0252175 ,  0.00153202, -0.02404233,  0.03691489,
        -0.02871136, -0.02451959, -0.00273105, -0.00801219, -0.02421648,
        -0.08892021, -0.0299047 ,  0.02777061, -0.06951198, -0.03230683],
       [-0.28515211, -0.24005549, -0.29548112, -0.28623035, -0.27980606,
        -0.23689726, -0.30061095, -0.30237674, -0.32975972, -0.19823756,
        -0.32556288, -0.27071589, -0.28556149, -0.30787154, -0.33773955,
        -0.40089471, -0.31157946, -0.29683988, -0.37919098, -0.33226189],
       [ 0.04176334,  0.0195729 ,  0.02582646,  0.01801777,  0.02976852,
         0.00580131,  0.03330399,  0.03531583,  0.0527374 , -0.00440391,
         0.03681523,  0.02356091,  0.0240815 ,  0.04581523,  0.05836022,
         0.08848365,  0.04786563,  0.02517061,  0.07794179,  0.06119806],
       [ 0.0946338 ,  0.11086995,  0.12996639,  0.15823635,  0.09876395,
         0.15652414,  0.09090944,  0.11047948,  0.08868564,  0.16141366,
         0.10926795,  0.08149584,  0.12485407,  0.11311833,  0.09591548,
         0.04001158,  0.07392013,  0.1605957 ,  0.06381265,  0.08157416],
       [-0.00146614,  0.01779514,  0.0065079 ,  0.0100737 ,  0.01223384,
         0.01963569,  0.0145859 ,  0.00881825,  0.00079371,  0.00546434,
        -0.00329794, -0.00217702,  0.01480704, -0.00199965, -0.00083629,
        -0.00530028,  0.00205079, -0.00047633,  0.01143464,  0.01240634],
       [-0.01468064, -0.01505034, -0.01384833, -0.01785164, -0.00143262,
        -0.00175381, -0.00689065, -0.01695609, -0.01886846, -0.00408533,
        -0.00658353, -0.01461832, -0.01701584, -0.00935588, -0.00511981,
        -0.006967  , -0.01800641, -0.01023491, -0.02382578, -0.00867892]])]Hidden bias: [array([-0.6215578 , -0.62811892, -0.62234488, -0.62448207, -0.62214165,
       -0.63115268, -0.61895917, -0.62034794, -0.61448438, -0.63405023,
       -0.61822699, -0.62270552, -0.62303318, -0.61941545, -0.61309767,
       -0.59624815, -0.6159219 , -0.62396754, -0.60361232, -0.61390403])]Output weights: [[ 0.14575605  0.09460923]
 [ 0.09213746  0.12232882]
 [ 0.1405379   0.13620206]
 [ 0.12481999  0.17022332]
 [ 0.13049336  0.10828733]
 [ 0.07953836  0.17362422]
 [ 0.15635591  0.07909984]
 [ 0.14948087  0.1223064 ]
 [ 0.18326701  0.07975623]
 [ 0.04650909  0.18018183]
 [ 0.17871018  0.09865951]
 [ 0.12908608  0.08473651]
 [ 0.13658323  0.12329309]
 [ 0.16034613  0.09911228]
 [ 0.19354644  0.08309335]
 [ 0.2724309  -0.00425099]
 [ 0.17032401  0.07294647]
 [ 0.13478483  0.16820481]
 [ 0.24568099  0.03242462]
 [ 0.19080338  0.06864582]]Output bias: [ 1.13770489  0.713537  ]
Value MLP:Hidden weights: [array([[ -3.89301404,   1.35100605, -16.14821232,  29.49428911,
         -9.03559342, -22.99397799,  13.65918055,  27.42750413,
         16.60664869, -22.26640031,  -7.89354211, -13.3107395 ,
         22.33919118,  11.49275998, -11.43426503,  -5.99579946,
         -7.9497196 ,  -3.9073681 , -12.04149321,   6.27189471],
       [  8.22416887,  28.10710733,  -2.43279572,  12.21461911,
         -1.40172748,  -4.60787072,  -4.72041682,  12.67577324,
          6.58275404, -23.14800897,  -8.37969616,   7.72627432,
         -7.17249725,  -6.6150853 ,  17.48904489,   4.64779108,
         -1.66215371,   6.61316175,  -4.45443904,   2.30726658],
       [-13.00948018,  77.93763719, -25.50589892,  20.14037956,
        -33.58976744, -20.88813836,  20.1900834 ,  15.95144597,
         20.23330231, -57.81564441, -28.57215839,   0.79314049,
         14.84804899,  26.25408601, -25.06688928, -24.52896786,
        -20.14520924,   6.0917281 , -27.90258102,  33.55829901],
       [  3.69354743,  13.18835445,  -4.38657055,   5.5784654 ,
          3.26662546,  -2.3499119 ,  -1.77480123,   5.28871365,
          2.70074799,  -2.78047362,   1.53337615,   8.52239597,
         -3.75671915,  -0.38134927,   5.07835331,   2.72513318,
          7.38950961,   1.65492841,  -7.85863811,   0.16885991],
       [ 18.52201889, -29.62332241,   5.87008471,  17.45878153,
         30.45623087, -17.28478705,  17.48912699,  19.64552188,
          2.30259508,  62.85063084,  26.01485049, -28.94429319,
          2.64976291,  12.03261708,  -3.97042052,   2.55284066,
         23.43325618, -24.06764368,   6.2162948 ,  -7.24372503],
       [ -6.23401683,  -1.00543834, -14.43660635,  12.36982718,
          4.11766386, -21.74282846,  30.1383291 ,   7.4595065 ,
         21.03887576,  39.97397616, -28.99880651,  -1.70066313,
         25.88185294,  24.3784584 , -23.43876921, -57.2134793 ,
         23.95256124, -23.58966475, -13.0462216 ,   7.8275625 ],
       [ -5.7904314 , -20.16900583,  -2.93883074, -14.69085462,
          3.86858056,   5.43945531,  -2.80656605, -12.27769797,
        -12.38386164,  17.9164931 ,  -0.28403076, -19.73797823,
         17.58341167,   7.78667543,  -4.10103264, -11.56553673,
          1.7902646 , -14.04495749,  12.7748911 ,  -0.13832109],
       [ -9.26480935, -11.31650272,  22.2292082 , -15.42004952,
         14.09262925,   2.45411711,  -6.39215319, -11.91543854,
         -6.28521895,  31.4265713 ,  17.0940966 ,  -3.6968237 ,
        -10.48080089,   6.61024373,  -1.09222267,   5.81339826,
         -2.61104545,  -1.32326135,   2.00557673,  -5.60900296]])]Hidden bias: [array([ -3.42146093, -29.67658837,   3.04013008, -12.55820602,
         5.21261245,   5.63287931,   3.0269707 , -11.54233802,
        -6.40667251,  20.60399614,  11.80663154, -24.11745574,
         7.83001659,   8.74578136,  -8.65441766,  -9.95404188,
        -4.6357873 ,  -1.68457198,   3.00847962,   1.20064777])]Output weights: [[ 11.34529066]
 [ -2.26939487]
 [  6.24432391]
 [-11.97541728]
 [ 15.65513944]
 [  2.51436834]
 [  6.60437859]
 [ -3.40225723]
 [ -2.2257779 ]
 [ -5.99677921]
 [  4.79604818]
 [  6.88020613]
 [  8.38812275]
 [  8.03426115]
 [  2.05113404]
 [ -7.25126321]
 [ -8.44881242]
 [  8.17848557]
 [ -0.50681684]
 [ 10.72340206]]Output bias: [-112.30760923]