Action MLP:Hidden weights: [array([[  7.61705183e-02,   8.63095472e-02,   1.11902184e-01,
          1.30818436e-01,   8.56024167e-02,   1.26755992e-01,
          5.51030642e-02,   1.01620914e-01,   6.49246152e-02,
          1.30228402e-01,   7.82791173e-02,   6.85012600e-02,
          9.08397113e-02,   7.00720334e-02,   6.44077409e-02,
         -3.97862174e-03,   6.17218654e-02,   1.32255161e-01,
          2.83582484e-02,   5.40417299e-02],
       [  2.24281617e-01,   2.45994748e-01,   2.45135277e-01,
          2.33272586e-01,   2.37431276e-01,   2.58145096e-01,
          2.41318372e-01,   2.24694173e-01,   2.23819208e-01,
          2.57290617e-01,   2.34110877e-01,   2.49914398e-01,
          2.31435715e-01,   2.27749675e-01,   2.06918953e-01,
          2.00280815e-01,   2.21950950e-01,   2.38530385e-01,
          2.04340272e-01,   2.18038671e-01],
       [ -3.00539526e-02,   1.14793622e-02,  -6.48079995e-03,
          2.15904833e-02,  -8.69687091e-03,   3.27538406e-02,
         -3.42450655e-02,  -8.54155382e-03,  -3.61336543e-02,
          3.36577266e-02,  -3.99943004e-02,  -3.15560596e-02,
         -1.16264549e-02,  -1.90984234e-02,  -3.72024696e-02,
         -1.03637169e-01,  -4.05379911e-02,   1.79628694e-02,
         -8.40559288e-02,  -4.47973652e-02],
       [ -2.89397877e-01,  -2.41438025e-01,  -3.01014926e-01,
         -2.88035195e-01,  -2.83883047e-01,  -2.39765493e-01,
         -3.08842337e-01,  -3.06259578e-01,  -3.36010226e-01,
         -1.97331680e-01,  -3.32230971e-01,  -2.77071325e-01,
         -2.89646682e-01,  -3.12617890e-01,  -3.44569822e-01,
         -4.12752368e-01,  -3.17396955e-01,  -2.99075173e-01,
         -3.89311309e-01,  -3.39192411e-01],
       [  6.49181811e-02,   3.63969797e-02,   2.14980310e-02,
          5.10153789e-02,   3.85385916e-02,  -4.62351353e-03,
          9.77844892e-03,   6.26491869e-02,   7.55510193e-02,
          1.13521455e-02,   4.53004009e-02,   3.94391524e-03,
          3.75926335e-02,   7.22279835e-02,   8.27081551e-02,
          9.75307343e-02,   6.64513156e-02,   6.04950340e-02,
          9.30329008e-02,   8.25302187e-02],
       [  9.85983313e-02,   1.11421221e-01,   1.26689155e-01,
          1.62922083e-01,   9.69077349e-02,   1.53716208e-01,
          8.42852393e-02,   1.14444785e-01,   9.29231115e-02,
          1.62535095e-01,   1.07959218e-01,   7.58450817e-02,
          1.24538404e-01,   1.19034343e-01,   1.01620570e-01,
          4.06403959e-02,   7.52335688e-02,   1.67879414e-01,
          6.67104863e-02,   8.58690833e-02],
       [ -5.21791609e-04,   1.83915995e-02,   7.32092209e-03,
          1.07226398e-02,   1.31249045e-02,   2.00542874e-02,
          1.56462250e-02,   9.78046540e-03,   2.01680779e-03,
          5.68581786e-03,  -2.22781913e-03,  -1.26275126e-03,
          1.56118565e-02,  -1.06024234e-03,   3.91121850e-04,
         -3.26404292e-03,   3.28486407e-03,   1.93732759e-04,
          1.31618987e-02,   1.37147496e-02],
       [ -1.45988660e-02,  -1.50111386e-02,  -1.38495366e-02,
         -1.78034836e-02,  -1.37302658e-03,  -1.78902110e-03,
         -6.85019482e-03,  -1.68798722e-02,  -1.87595939e-02,
         -4.12438000e-03,  -6.49915677e-03,  -1.45895732e-02,
         -1.69639645e-02,  -9.27161420e-03,  -5.00532970e-03,
         -6.73473541e-03,  -1.78988224e-02,  -1.01815820e-02,
         -2.36461001e-02,  -8.55606997e-03]])]Hidden bias: [array([-0.62990649, -0.63230418, -0.628747  , -0.63130868, -0.62834693,
       -0.6335813 , -0.62589339, -0.62877747, -0.62519137, -0.63543548,
       -0.62761258, -0.62800588, -0.62994865, -0.62897548, -0.62471569,
       -0.61122485, -0.62535034, -0.63181175, -0.61766302, -0.62513532])]Output weights: [[ 0.12375472  0.09136768]
 [ 0.06202261  0.11057744]
 [ 0.10658724  0.11678909]
 [ 0.09591235  0.15737566]
 [ 0.10073985  0.09428077]
 [ 0.04691642  0.15567265]
 [ 0.12798854  0.06149241]
 [ 0.12562074  0.11457964]
 [ 0.16178704  0.07856448]
 [ 0.0130948   0.16457376]
 [ 0.14936091  0.08325752]
 [ 0.10257286  0.06902529]
 [ 0.10673021  0.10817355]
 [ 0.1374821   0.09927413]
 [ 0.17798112  0.08740777]
 [ 0.26324138  0.0029564 ]
 [ 0.14878346  0.06618128]
 [ 0.10650349  0.16191152]
 [ 0.23434712  0.03893142]
 [ 0.17257365  0.07159309]]Output bias: [ 1.09348043  0.70537065]
Value MLP:Hidden weights: [array([[ 13.85183034, -68.8936779 ,  -3.81848179,  21.30444423,
         24.4500859 ,  -0.82020042,  11.64262691,  10.48725914,
          1.96591506,  14.74821234,  38.16459374,  -6.57120413,
          7.441972  ,  -9.41296912,  29.81760894,  19.31321828,
         14.73459695, -14.57152619,  32.72268093, -36.785273  ],
       [  1.23765174,  27.98756498,  -8.26770475,  10.47100645,
         -9.1604387 , -10.93876593,  -9.43977339,  19.15839507,
         -1.22227226, -25.40336979,  -3.8556392 ,  17.46644789,
         -5.78141676,  -5.14034035,  40.69695812,   0.68775396,
          8.70398768,   3.47385531,  -1.07858895,   0.73066679],
       [ 40.91355127, -39.91606503, -30.51838245,  44.42153764,
         56.91232829, -39.8677034 ,  39.44425209,  20.86528506,
         31.37425575, -22.38876071,  26.89860786, -40.20807087,
         25.07556808,  35.38858798, -57.00779621, -25.47164915,
         42.22352186, -42.04067371,  34.15832418, -24.36404169],
       [ -0.16030035,   8.23114135,  -0.41230358,  -4.26313594,
         -5.62181051,  -0.20641529,  -0.63307373,   1.50795231,
         -6.3460734 , -10.20235493,  -1.80629255,   3.49057142,
          1.11248314,  -2.77471253,  23.27126191,   3.00891997,
          0.97066582,   4.60630171,  -4.99369826,   2.8517614 ],
       [ -1.49437117, -16.95942738,  29.8683008 ,  -5.49245754,
        -10.49451943,   4.7586455 , -21.74277583, -35.54295613,
        -36.39802743,  70.64923199,  45.01192412,  18.18102786,
        -35.09636185, -22.23827883,  80.53804487,  42.9666283 ,
        -20.27002165,  14.94379121,  17.18050107, -20.06233296],
       [  7.92708674, -34.95942172,  -2.26334754,  -1.19599594,
         29.93986558, -19.5325655 ,   8.76693343, -37.14852764,
         12.76461769,  54.93397146,  33.19568453,  26.95037319,
         12.36941888,   3.42671236,  57.88515638, -54.85108475,
         -1.54234159, -21.18600716,   3.51884896, -22.99533061],
       [ -4.24108238, -32.28519598,  -2.08764517, -11.78570815,
         27.63781197,  12.20663687,  -2.94961422, -25.79368839,
          6.33423773,  23.73857786, -16.44842333, -18.43629875,
         16.35177262,  22.17109947, -63.33411438,   0.7105202 ,
          1.34217369, -20.34445443,   8.85062588,  -4.79495037],
       [-20.33966553,  -6.49219007,  18.91253521, -20.57402891,
          8.86671844,   7.58744211,  -5.90738995, -15.69081285,
         -5.5203249 ,  30.39351307,  -7.44198657, -13.55130971,
        -14.18439231,   3.38643847, -32.48818131,  15.94928592,
        -21.91381492,   1.71954104,  24.98584359,  -4.25137463]])]Hidden bias: [array([ -4.55352141, -32.08767427,   1.68316613,  -7.13689986,
         6.17542145,   8.86845847,   8.27250218, -22.39478551,
        -1.51431794,  32.14179899,  -0.90802405, -20.73282301,
        -0.15332449,  11.61811955, -25.68098956,   2.49850456,
       -13.0857069 ,  -2.91885698,  -0.10838064,   0.3573779 ])]Output weights: [[  3.14884677]
 [ -8.394174  ]
 [-10.38520349]
 [  4.57361705]
 [ -2.34130309]
 [ -7.42797109]
 [  2.51120278]
 [-12.21928983]
 [ -6.8578404 ]
 [ 13.25822822]
 [ -3.15837852]
 [ -8.7177215 ]
 [ -4.50160388]
 [ 10.618572  ]
 [-14.42845664]
 [  8.27788354]
 [  0.28376786]
 [  6.11747882]
 [ -7.1988855 ]
 [ -1.1471655 ]]Output bias: [-136.93759774]