Action MLP:Hidden weights: [array([[  7.58693325e-02,   8.63048870e-02,   1.11555921e-01,
          1.30920209e-01,   8.52952501e-02,   1.26686134e-01,
          5.43731053e-02,   1.01384763e-01,   6.43710362e-02,
          1.30539638e-01,   7.78116619e-02,   6.79383379e-02,
          9.06483533e-02,   6.97743974e-02,   6.38207927e-02,
         -5.54647349e-03,   6.11539100e-02,   1.32301751e-01,
          2.71899157e-02,   5.33747687e-02],
       [  2.59624534e-01,   2.62416481e-01,   2.68854908e-01,
          2.60971303e-01,   2.61390725e-01,   2.67214583e-01,
          2.67933984e-01,   2.60062142e-01,   2.69168959e-01,
          2.62260031e-01,   2.70053710e-01,   2.70585341e-01,
          2.57826147e-01,   2.68192985e-01,   2.56507493e-01,
          2.64206320e-01,   2.61233144e-01,   2.71618288e-01,
          2.64003440e-01,   2.66034502e-01],
       [ -2.00263123e-02,   1.71165564e-02,   2.60368816e-03,
          3.05252926e-02,  -6.08305414e-04,   3.77524108e-02,
         -2.49433275e-02,   1.77873821e-03,  -2.37181662e-02,
          3.69522557e-02,  -2.84132669e-02,  -2.42913253e-02,
         -2.51809858e-03,  -7.75238197e-03,  -2.38834174e-02,
         -8.83863263e-02,  -2.95925800e-02,   2.79575590e-02,
         -6.90501248e-02,  -3.19640918e-02],
       [ -2.85131868e-01,  -2.40046616e-01,  -2.95458803e-01,
         -2.86210511e-01,  -2.79790937e-01,  -2.36889869e-01,
         -3.00589713e-01,  -3.02356027e-01,  -3.29732984e-01,
         -1.98238206e-01,  -3.25532441e-01,  -2.70700623e-01,
         -2.85540505e-01,  -3.07844639e-01,  -3.37709726e-01,
         -4.00865540e-01,  -3.11558930e-01,  -2.96816167e-01,
         -3.79158468e-01,  -3.32236138e-01],
       [  4.15103236e-02,   1.94157044e-02,   2.56009741e-02,
          1.78346753e-02,   2.95345431e-02,   5.68669926e-03,
          3.30236360e-02,   3.50588632e-02,   5.24130268e-02,
         -4.46295331e-03,   3.65190368e-02,   2.33186881e-02,
          2.38611376e-02,   4.55568786e-02,   5.80319753e-02,
          8.79677807e-02,   4.75455513e-02,   2.49774487e-02,
          7.74963502e-02,   6.08572015e-02],
       [  9.37591260e-02,   1.10333799e-01,   1.29223109e-01,
          1.57651096e-01,   9.79564356e-02,   1.56145092e-01,
          8.99260547e-02,   1.09609128e-01,   8.75463414e-02,
          1.61205631e-01,   1.08256956e-01,   8.06584727e-02,
          1.24117276e-01,   1.12235883e-01,   9.47555522e-02,
          3.79954788e-02,   7.27829709e-02,   1.59981972e-01,
          6.21424049e-02,   8.03454427e-02],
       [ -1.30072546e-03,   1.78953516e-02,   6.64509411e-03,
          1.01794193e-02,   1.23865751e-02,   1.97043361e-02,
          1.47734560e-02,   8.98169604e-03,   1.01139192e-03,
          5.50176486e-03,  -3.10798676e-03,  -2.01858639e-03,
          1.49440112e-02,  -1.83405046e-03,  -6.14527547e-04,
         -4.89890830e-03,   2.26936222e-03,  -3.65915611e-04,
          1.17631360e-02,   1.26439597e-02],
       [ -1.45944508e-02,  -1.50014320e-02,  -1.37805980e-02,
         -1.78016254e-02,  -1.35566511e-03,  -1.72151576e-03,
         -6.79039918e-03,  -1.68755027e-02,  -1.87529632e-02,
         -4.06796698e-03,  -6.48174647e-03,  -1.45370756e-02,
         -1.69464456e-02,  -9.26705012e-03,  -4.99882335e-03,
         -6.72617327e-03,  -1.78917487e-02,  -1.01814447e-02,
         -2.36380370e-02,  -8.54947758e-03]])]Hidden bias: [array([-0.62165636, -0.62815864, -0.62245055, -0.62457488, -0.62221296,
       -0.63118442, -0.61906412, -0.62044687, -0.6146202 , -0.63404287,
       -0.61837676, -0.62277584, -0.62313313, -0.61954997, -0.61325095,
       -0.5964277 , -0.61602461, -0.6240808 , -0.60379587, -0.61404002])]Output weights: [[ 0.14401102  0.09447567]
 [ 0.09044108  0.1221789 ]
 [ 0.13867127  0.13606268]
 [ 0.12290862  0.17007243]
 [ 0.1288091   0.10814701]
 [ 0.07768618  0.17346668]
 [ 0.15462601  0.07897298]
 [ 0.14771553  0.12216705]
 [ 0.18148834  0.07963426]
 [ 0.04466235  0.18001842]
 [ 0.17684162  0.09853528]
 [ 0.12742247  0.08460393]
 [ 0.13475842  0.12315239]
 [ 0.15848174  0.09898229]
 [ 0.19174555  0.0829699 ]
 [ 0.27074153 -0.00433592]
 [ 0.16866128  0.07282098]
 [ 0.13281498  0.16805902]
 [ 0.24391507  0.03232634]
 [ 0.1890592   0.06852709]]Output bias: [ 1.13844341  0.71394151]
Value MLP:Hidden weights: [array([[  4.33607809e+00,  -1.13895876e-01,  -1.57066519e+01,
          2.78873488e+01,   6.58939742e+00,  -2.28764910e+01,
          1.39745371e+01,   2.20873379e+01,   1.67786529e+01,
         -2.03864394e+01,  -7.91765004e+00,  -1.39271523e+01,
          2.29697071e+01,   1.11802238e+01,  -1.26724331e+01,
         -5.29153718e+00,   8.53693698e-01,  -5.25587952e+00,
         -8.38692031e+00,  -3.65682682e+00],
       [  4.91108310e+00,   2.69321753e+01,  -1.90024235e+00,
          1.30534331e+01,  -1.18101311e+01,  -5.90125553e+00,
          4.44432884e-01,   1.46129092e+01,   9.23658740e+00,
         -2.46402377e+01,  -5.93648970e+00,   8.68653786e+00,
         -6.05305681e+00,  -6.96551914e+00,   1.58876530e+01,
          7.00770448e+00,   7.39460200e+00,  -4.29941903e-01,
         -5.20579339e+00,   7.27530601e+00],
       [ -9.82750966e+00,   7.69468092e+01,  -2.57013138e+01,
          2.85433932e+01,  -1.89318443e+01,  -2.13191520e+01,
          2.67804178e+01,   2.19167952e+01,   2.08992647e+01,
         -5.63512072e+01,  -2.78302321e+01,  -3.98440751e-01,
          2.27458559e+01,   3.09129896e+01,  -2.70319078e+01,
         -2.85279240e+01,  -1.26664830e+01,   7.55510248e+00,
         -2.64188678e+01,   3.06704013e+01],
       [  2.60653614e+00,   1.24141856e+01,  -3.04967969e+00,
          4.79129988e-01,  -4.62695931e+00,  -1.42965105e+00,
         -1.34693912e+00,   4.27602482e+00,   2.37530490e+00,
         -2.19314281e+00,   2.31538133e+00,   8.75802723e+00,
         -5.93090544e-01,  -6.58230227e-01,   6.29428319e+00,
          6.36090104e-01,   8.29997376e+00,  -2.72187915e+00,
         -9.55796878e+00,   2.48546626e+00],
       [  2.75620543e+01,  -3.12562861e+01,   7.00936978e+00,
          9.34188221e+00,   3.33176615e+01,  -1.73235110e+01,
          8.30316265e+00,   8.35698145e+00,   1.68664666e+00,
          6.40207080e+01,   2.91266337e+01,  -2.91616008e+01,
         -7.84950917e+00,   5.64407618e+00,  -6.86164674e-02,
          6.51282006e+00,   2.44068146e+01,  -2.63891363e+01,
          6.43634242e+00,  -1.38179305e+01],
       [ -1.54906528e+00,  -4.55928255e+00,  -1.35500068e+01,
          1.07651700e+01,   2.76084646e+01,  -2.19218956e+01,
          2.84755106e+01,   1.24904789e+00,   1.99442795e+01,
          4.57977739e+01,  -2.70358741e+01,  -2.23991001e+00,
          1.96107298e+01,   2.20349240e+01,  -2.05053519e+01,
         -5.57095851e+01,   2.14833675e+01,  -3.57060963e+01,
         -1.60736376e+01,   6.89301668e+00],
       [ -1.22602105e+01,  -2.07420838e+01,  -3.21317749e+00,
         -1.34968601e+01,   2.06173132e+01,   5.10000723e+00,
         -1.82229895e+00,  -1.52975645e+01,  -1.22878122e+01,
          1.53839713e+01,  -5.55282059e-01,  -1.97357399e+01,
          1.79634101e+01,   8.12087539e+00,  -4.44157942e+00,
         -1.15285143e+01,   1.38145551e+00,  -1.33654791e+01,
          1.50545187e+01,  -8.77024424e+00],
       [ -3.58710003e+00,  -1.12217193e+01,   2.28686486e+01,
         -1.83420515e+01,   1.89484577e+01,   1.91917913e+00,
         -6.51282682e+00,  -1.92228806e+01,  -6.59513027e+00,
          2.86429353e+01,   1.70971488e+01,  -3.69682370e+00,
         -1.19136746e+01,   6.89409987e+00,  -5.97658432e-01,
          6.63826955e+00,  -2.29507276e+01,   4.21286352e+00,
          2.12964201e+00,  -1.24450199e+01]])]Hidden bias: [array([ -4.7584845 , -31.39744602,   3.50952774, -10.57829019,
        13.73301119,   3.46612282,   8.4190331 , -20.21314415,
        -3.84767994,  16.25772347,  12.37823328, -23.03333163,
         4.02010582,   7.16932797, -11.48881835,  -3.84510166,
       -10.95947557,   2.62209534,   5.52741281,  -2.82700717])]Output weights: [[ 12.98418348]
 [ -5.03265601]
 [  0.39401146]
 [ -6.06620911]
 [ 21.46929739]
 [  3.26077107]
 [  6.46555911]
 [ -6.76076432]
 [  2.30005001]
 [ -3.59839124]
 [  4.98726041]
 [ 11.81466676]
 [  8.12256295]
 [  4.22160454]
 [  3.43801114]
 [ -3.90524663]
 [-19.12952569]
 [ 15.27864046]
 [ -9.47372287]
 [  9.12465313]]Output bias: [-120.70949853]