Action MLP:Hidden weights: [array([[  7.62065248e-02,   8.63323631e-02,   1.11933479e-01,
          1.30840381e-01,   8.56385907e-02,   1.26772667e-01,
          5.51503108e-02,   1.01656886e-01,   6.49691864e-02,
          1.30235665e-01,   7.83176421e-02,   6.85436270e-02,
          9.08694558e-02,   7.01040135e-02,   6.44512625e-02,
         -3.90201698e-03,   6.17715566e-02,   1.32276409e-01,
          2.84210493e-02,   5.40904277e-02],
       [  2.24060082e-01,   2.45889164e-01,   2.44944284e-01,
          2.33107387e-01,   2.37250468e-01,   2.58073110e-01,
          2.41082326e-01,   2.24469990e-01,   2.23524459e-01,
          2.57286430e-01,   2.33838242e-01,   2.49726648e-01,
          2.31245975e-01,   2.27501558e-01,   2.06598981e-01,
          1.99802711e-01,   2.21680251e-01,   2.38344756e-01,
          2.03915940e-01,   2.17725323e-01],
       [ -3.00271744e-02,   1.15026741e-02,  -6.45792766e-03,
          2.15987159e-02,  -8.66132152e-03,   3.27707448e-02,
         -3.41975300e-02,  -8.51579546e-03,  -3.61040669e-02,
          3.36694032e-02,  -3.99728289e-02,  -3.15087588e-02,
         -1.16063672e-02,  -1.90857199e-02,  -3.71804558e-02,
         -1.03577169e-01,  -4.04925404e-02,   1.79652875e-02,
         -8.40144507e-02,  -4.47629205e-02],
       [ -2.89381756e-01,  -2.41428443e-01,  -3.01001300e-01,
         -2.88026820e-01,  -2.83866788e-01,  -2.39759665e-01,
         -3.08820106e-01,  -3.06243909e-01,  -3.35990248e-01,
         -1.97330853e-01,  -3.32213586e-01,  -2.77051401e-01,
         -2.89633670e-01,  -3.12603948e-01,  -3.44550553e-01,
         -4.12718088e-01,  -3.17374190e-01,  -2.99067242e-01,
         -3.89283151e-01,  -3.39170491e-01],
       [  6.48433977e-02,   3.63524564e-02,   2.14335757e-02,
          5.09696478e-02,   3.84658991e-02,  -4.65437170e-03,
          9.68231051e-03,   6.25747752e-02,   7.54569205e-02,
          1.13422757e-02,   4.52179441e-02,   3.85919701e-03,
          3.75308546e-02,   7.21587556e-02,   8.26146319e-02,
          9.73699752e-02,   6.63494476e-02,   6.04493264e-02,
          9.28994242e-02,   8.24278350e-02],
       [  9.83112786e-02,   1.11256269e-01,   1.26443337e-01,
          1.62746810e-01,   9.66332521e-02,   1.53605459e-01,
          8.39204101e-02,   1.14158963e-01,   9.25570715e-02,
          1.62506528e-01,   1.07638003e-01,   7.55272233e-02,
          1.24301967e-01,   1.18763388e-01,   1.01253503e-01,
          4.00101790e-02,   7.48431454e-02,   1.67701694e-01,
          6.61861052e-02,   8.54711412e-02],
       [ -4.66645758e-04,   1.84237376e-02,   7.36820127e-03,
          1.07555148e-02,   1.31784307e-02,   2.00756010e-02,
          1.57175924e-02,   9.83528089e-03,   2.08687871e-03,
          5.69113433e-03,  -2.16654607e-03,  -1.20004302e-03,
          1.56571247e-02,  -1.00900716e-03,   4.60738018e-04,
         -3.14321446e-03,   3.36060290e-03,   2.26728219e-04,
          1.32619691e-02,   1.37910088e-02],
       [ -1.46084723e-02,  -1.50158070e-02,  -1.38577672e-02,
         -1.78109437e-02,  -1.38070607e-03,  -1.79257647e-03,
         -6.85998360e-03,  -1.68896126e-02,  -1.87722065e-02,
         -4.12534623e-03,  -6.51080523e-03,  -1.45971921e-02,
         -1.69722485e-02,  -9.28232904e-03,  -5.01920631e-03,
         -6.75520001e-03,  -1.79103129e-02,  -1.01898573e-02,
         -2.36643450e-02,  -8.56953867e-03]])]Hidden bias: [array([-0.63009588, -0.63238901, -0.62891048, -0.63145788, -0.62849335,
       -0.63363998, -0.62608302, -0.62897002, -0.62544626, -0.63543563,
       -0.62785171, -0.62815099, -0.63011276, -0.62919744, -0.6249986 ,
       -0.61163141, -0.62557366, -0.63198302, -0.6180307 , -0.62540468])]Output weights: [[ 0.12332084  0.09131021]
 [ 0.06156538  0.11052518]
 [ 0.10608741  0.11673714]
 [ 0.09535926  0.15732341]
 [ 0.10031394  0.09422698]
 [ 0.04637453  0.15562449]
 [ 0.12758639  0.06143775]
 [ 0.12516195  0.1145243 ]
 [ 0.16134468  0.07850697]
 [ 0.01252931  0.16452485]
 [ 0.14888736  0.0832014 ]
 [ 0.10218968  0.06897188]
 [ 0.10625351  0.10811868]
 [ 0.13698875  0.09921756]
 [ 0.17754399  0.08734818]
 [ 0.26288454  0.00289265]
 [ 0.14839492  0.06612337]
 [ 0.1059239   0.1618595 ]
 [ 0.23395946  0.03886904]
 [ 0.17215375  0.0715341 ]]Output bias: [ 1.09266675  0.70551557]
Value MLP:Hidden weights: [array([[  1.55892661e+01,  -6.72085251e+01,   3.64783280e+01,
          1.88697817e+01,   2.41304333e+01,   1.01284193e+01,
         -1.38019692e+01,  -2.92020852e+01,  -1.98144081e+01,
          4.53326662e+01,   3.83631214e+01,   3.20059932e+01,
         -7.39966376e+00,  -1.65931605e+01,   7.99920336e+01,
          4.89034971e+01,   1.44789509e-01,  -1.31245875e+01,
          2.15213238e+01,  -3.14230562e+01],
       [ -1.30998851e+00,   2.89214322e+01,   1.57487968e+00,
          1.26860610e+01,  -6.44911012e+00,  -1.43722843e+01,
         -8.32046182e+00,   2.00069773e+01,   2.46684907e+00,
         -2.14048734e+01,   1.83283691e+00,   7.98077537e+00,
         -8.29685397e-01,  -2.05161908e+00,   2.54784213e+01,
         -1.06364392e+00,   1.01150321e+01,   1.57697000e+00,
         -7.47604599e-02,  -1.22812254e+00],
       [  4.71097458e+01,  -5.27046071e+01,   2.67620791e+01,
          4.48036995e+01,   5.84775210e+01,  -3.85841433e+01,
          2.51154306e+01,  -3.42568148e+01,   5.92036500e+00,
          3.83485725e+01,   3.77066766e+01,   2.75431009e+01,
          1.19014277e+01,   2.33290368e+01,   2.47503996e+01,
          1.80962682e+01,   3.92901732e+01,  -4.36286093e+01,
          3.64753445e+01,  -3.60088555e+01],
       [ -1.80003712e-01,   9.22086774e+00,  -2.77316634e+00,
         -4.15558466e+00,  -4.71140520e+00,   1.01998030e+00,
         -7.42976646e+00,   7.34821024e+00,  -9.46449662e-01,
         -9.05865431e+00,  -1.83732011e+00,  -4.13152545e+00,
          2.39911727e+00,  -8.79152105e-01,   5.69865446e+00,
          1.77419842e+00,   1.57999139e+00,   2.85775706e+00,
         -3.96743362e+00,   1.71255659e+00],
       [ -7.44546074e+00,  -1.31160600e+00,   2.09782500e+01,
         -9.81555601e+00,  -1.01965738e+01,   1.92689753e+01,
         -3.87717027e+01,  -2.88523023e+01,  -4.61717923e+01,
          4.99753859e+01,   3.76833963e+01,   1.19965509e+01,
         -4.89181826e+01,  -3.81719617e+01,   6.65230391e+01,
          4.01340842e+01,  -3.34841255e+01,   1.82529793e+01,
          9.51308859e+00,  -6.37025004e+00],
       [ -3.17543855e+00,  -3.39832490e+01,   2.26577311e+01,
          4.02953511e+00,   3.11061733e+01,  -8.88882522e+00,
         -1.59231984e+00,  -5.58947817e+01,  -2.72759143e+01,
          6.68276942e+01,   3.08290141e+01,   4.39835414e+01,
          1.42965055e+01,  -3.95068328e-01,   6.39183531e+01,
         -4.30164491e+01,  -1.13144298e+01,  -1.68605958e+01,
         -5.28055325e+00,  -2.66956438e+01],
       [ -3.77242197e+00,  -2.81748000e+01,   1.69440012e+00,
         -1.22379285e+01,   2.64537621e+01,   1.57201376e+01,
          7.08477464e+00,  -2.85999451e+01,  -6.14070004e+00,
          2.10006098e+01,  -1.75819018e+01,  -1.28183050e+01,
          1.80118124e+01,   2.90892947e+01,  -6.41994602e+01,
          8.17351160e-02,  -3.79924908e-01,  -2.04917550e+01,
          1.66010469e+01,  -1.69892563e+00],
       [ -1.44290217e+01,  -7.03681013e+00,   1.08364469e+01,
         -2.11045301e+01,   7.81945017e+00,   1.62104083e+01,
         -1.37611848e+01,  -1.86185935e+01,   8.27517712e-01,
          1.89785675e+01,  -9.10038212e+00,  -3.02968878e+01,
         -2.37126212e+01,   3.55453846e+00,  -3.47331344e+01,
          1.95032768e+01,  -1.65357375e+01,   1.45211382e+00,
          3.47388439e+01,  -4.28973753e+00]])]Hidden bias: [array([ -1.61721887, -29.23366292,   5.36534694,  -4.62023324,
         0.28859825,   9.50565891,  14.41913852, -20.20401955,
        -4.11765563,  26.63288703,   2.6054424 ,  -8.60240867,
        -2.11340646,   8.30141226, -26.43996767,  -2.35689889,
       -16.02043167,  -3.48611789,   2.55117365,   5.23022642])]Output weights: [[ -2.39779311]
 [ -3.69067442]
 [  3.0383736 ]
 [  5.36633016]
 [ -6.38880667]
 [-11.92514892]
 [ 16.09333584]
 [ -0.95944409]
 [-11.99840526]
 [  3.84042523]
 [ -0.4441973 ]
 [ -5.17348686]
 [-10.90401745]
 [ 11.85302113]
 [ -2.84275414]
 [ -1.44070922]
 [ -8.59699754]
 [  1.00589648]
 [  4.85812997]
 [  1.00335009]]Output bias: [-133.52037383]