Action MLP:Hidden weights: [array([[  7.74996239e-02,   8.68981970e-02,   1.12985116e-01,
          1.31714648e-01,   8.66529648e-02,   1.27118335e-01,
          5.65040440e-02,   1.02935654e-01,   6.66941395e-02,
          1.30247456e-01,   7.99020249e-02,   6.95957763e-02,
          9.19432081e-02,   7.15377800e-02,   6.63442921e-02,
         -1.34115770e-03,   6.33638461e-02,   1.33266761e-01,
          3.08158799e-02,   5.59318361e-02],
       [  2.23193567e-01,   2.45537991e-01,   2.44261582e-01,
          2.32569768e-01,   2.36581532e-01,   2.57890020e-01,
          2.40161522e-01,   2.23626604e-01,   2.22357120e-01,
          2.57315596e-01,   2.32768915e-01,   2.49010440e-01,
          2.30542706e-01,   2.26538923e-01,   2.05313664e-01,
          1.98197779e-01,   2.20600541e-01,   2.37722490e-01,
          2.02344483e-01,   2.16479071e-01],
       [ -2.49141743e-02,   1.37131451e-02,  -2.32488619e-03,
          2.49947183e-02,  -4.66059607e-03,   3.40920503e-02,
         -2.88195011e-02,  -3.48120763e-03,  -2.92726771e-02,
          3.36978692e-02,  -3.37001521e-02,  -2.73143512e-02,
         -7.38083880e-03,  -1.34121911e-02,  -2.96775970e-02,
         -9.36358041e-02,  -3.41843083e-02,   2.18340690e-02,
         -7.46055847e-02,  -3.74709309e-02],
       [ -2.88577834e-01,  -2.41065198e-01,  -3.00340180e-01,
         -2.87465985e-01,  -2.83231762e-01,  -2.39524153e-01,
         -3.07982645e-01,  -3.05444528e-01,  -3.34924361e-01,
         -1.97298240e-01,  -3.31232439e-01,  -2.76396427e-01,
         -2.88960668e-01,  -3.11712157e-01,  -3.43381355e-01,
         -4.11152426e-01,  -3.16390528e-01,  -2.98433702e-01,
         -3.87814928e-01,  -3.38034981e-01],
       [  6.20592063e-02,   3.50814312e-02,   1.91328330e-02,
          4.90009366e-02,   3.62623033e-02,  -5.49151344e-03,
          6.79488011e-03,   5.97971083e-02,   7.17699689e-02,
          1.12201052e-02,   4.18233700e-02,   1.60691276e-03,
          3.51914947e-02,   6.90728870e-02,   7.85728498e-02,
          9.18425897e-02,   6.29481186e-02,   5.82357710e-02,
          8.77760094e-02,   7.84987587e-02],
       [  9.61008864e-02,   1.10173652e-01,   1.24556317e-01,
          1.61062545e-01,   9.48564946e-02,   1.52804030e-01,
          8.16672113e-02,   1.11916276e-01,   8.96635414e-02,
          1.62292700e-01,   1.04966012e-01,   7.37703449e-02,
          1.22401229e-01,   1.16319128e-01,   9.80877216e-02,
          3.54679490e-02,   7.21844806e-02,   1.65842475e-01,
          6.20948021e-02,   8.23919770e-02],
       [ -4.66645758e-04,   1.84237376e-02,   7.36820127e-03,
          1.07555148e-02,   1.31784307e-02,   2.00756010e-02,
          1.57175924e-02,   9.83528089e-03,   2.08687871e-03,
          5.69113433e-03,  -2.16654607e-03,  -1.20004302e-03,
          1.56571247e-02,  -1.00900716e-03,   4.60738018e-04,
         -3.14321446e-03,   3.36060290e-03,   2.26728219e-04,
          1.32619691e-02,   1.37910088e-02],
       [ -1.47335671e-02,  -1.50780861e-02,  -1.39659437e-02,
         -1.79087549e-02,  -1.48166700e-03,  -1.84111532e-03,
         -6.98798635e-03,  -1.70169011e-02,  -1.89353856e-02,
         -4.14076210e-03,  -6.66159934e-03,  -1.46973709e-02,
         -1.70808075e-02,  -9.42104895e-03,  -5.19793001e-03,
         -7.00943402e-03,  -1.80596255e-02,  -1.02977403e-02,
         -2.38943193e-02,  -8.74306600e-03]])]Hidden bias: [array([-0.63143307, -0.63297894, -0.63000218, -0.63237281, -0.6295439 ,
       -0.63400862, -0.62747775, -0.63029685, -0.6272256 , -0.63546336,
       -0.6294874 , -0.62923521, -0.63122653, -0.63068025, -0.62695203,
       -0.6142253 , -0.62721565, -0.63301808, -0.62047505, -0.62730122])]Output weights: [[ 0.12319832  0.09121722]
 [ 0.06385133  0.11024508]
 [ 0.10760213  0.11650425]
 [ 0.09709695  0.15701255]
 [ 0.10174141  0.09402491]
 [ 0.04995694  0.15521425]
 [ 0.12829098  0.0613254 ]
 [ 0.12589761  0.11434093]
 [ 0.16037773  0.07847764]
 [ 0.01592737  0.1641168 ]
 [ 0.14828026  0.08314509]
 [ 0.10357774  0.06882223]
 [ 0.10718255  0.10792634]
 [ 0.13655611  0.09911893]
 [ 0.17627279  0.08732376]
 [ 0.25840251  0.00318503]
 [ 0.14785827  0.06608644]
 [ 0.107132    0.16158005]
 [ 0.23040234  0.03906332]
 [ 0.17067586  0.07154864]]Output bias: [ 1.08142213  0.70640784]
Value MLP:Hidden weights: [array([[-33.25375804, -57.83336799,  34.62040203, -23.40163332,
        -12.14925713,  41.56987979, -37.86468728, -27.23821965,
        -29.33967083,  49.72993986,  36.88068009,  24.7935496 ,
        -21.37313609,  53.38729177,  83.1426515 ,  47.40684444,
        -37.69711922,  17.47022134, -31.68748137, -25.08536436],
       [  7.77902865,  26.4670545 ,  -0.76749759,  11.51936391,
         -5.62746689,  -4.52270789, -10.66094433,  18.74454057,
          5.47081585, -18.42325552,  -0.90825924,   5.22933165,
          8.46895047,  -7.60915169,  17.98148912,   0.29367368,
         18.27645508,  15.40864013,  -5.88509856,  -1.48639118],
       [-23.086343  , -66.26871001,  47.71962944,  12.40017213,
         52.87453613,  47.5485512 , -49.50975391, -48.99994839,
        -46.64010006,  59.29921788,  49.17748192,  43.44601436,
        -27.57992074,  33.83821054,  53.84124679,  37.90324118,
        -40.37170952, -17.49963861, -27.32168516, -44.54940652],
       [  1.02347465,   8.0284241 ,  -3.33129803,  -0.4014309 ,
         -6.48261133,   0.67419504,   1.70860716,   6.96246309,
          6.55440332,  -9.05823085,  -4.09516418,  -3.81082222,
         12.45987967,  -5.36995271,  -5.06481569,  -1.01851189,
          3.66120438,   3.08059517,   1.87334607,   0.29140524],
       [ -6.43288049,  16.64821264,  -2.13522948, -36.87688057,
        -40.23307369,  11.27090309,  -7.2489404 ,  -7.34661218,
        -10.11042294,  26.74766926,  28.99415549, -19.44324606,
        -44.18279119,  17.2676844 ,  44.40080532,  20.76271206,
         -8.71778084,  51.76962727,  -3.57518822,  10.07350738],
       [-36.16965885, -22.01306235,   7.11100899, -42.24758516,
         14.97964619,  11.31863453,  -5.98435811, -53.51502189,
        -25.08413248,  62.53269742,  27.24675166,  32.39501119,
        -17.29793672,  48.15763644,  72.447821  , -47.55183545,
        -37.64337853,   2.76681527, -15.01139172, -20.48012472],
       [-26.02374892, -27.37925104,   4.77104209, -16.38346374,
         33.14145938,  12.74300479,   6.70908497, -27.18262191,
        -13.97434332,  19.20790465, -16.25316533,  -9.4991196 ,
          6.04332775,  42.0758781 , -59.85770978,  -1.73558185,
        -22.23366331, -22.05953542,  21.30354027,  -3.32588412],
       [ -9.21360557,  -7.81096397,   4.89970903, -19.5489551 ,
         14.90953451,   9.31051832,  -6.70464504, -22.45579731,
          5.28660676,  20.2417229 ,  -7.75636595, -34.11471235,
        -38.22073654,  20.58452109, -32.45362067,  19.41593324,
          1.22432491, -18.55395702,  44.44311705,  -9.03715934]])]Hidden bias: [array([ -7.43136167, -32.37101844,  -1.785733  ,  -7.52387092,
         0.89656292,  -1.15843178,  17.31810537, -18.80102568,
        -4.9387538 ,  27.08709078,   4.20283834,  -9.22123987,
       -12.24427003,  37.43358887, -19.8157475 ,   1.84096959,
       -15.08748946, -18.25776179,  10.88192242,  -2.86182813])]Output weights: [[ -5.84582021]
 [ -5.46448621]
 [  1.81677364]
 [ 11.33808199]
 [-14.46021947]
 [ -8.56276503]
 [  6.51414223]
 [  3.99156756]
 [  3.77952448]
 [  2.26610023]
 [  4.08335705]
 [  3.07167619]
 [ -0.64407656]
 [ 12.25059916]
 [  2.10046899]
 [  0.7047158 ]
 [  2.35311317]
 [-15.54582924]
 [  8.29946743]
 [ -3.66544468]]Output bias: [-134.70152244]