Action MLP:Hidden weights: [array([[  7.99500483e-02,   8.89809150e-02,   1.15406672e-01,
          1.34376977e-01,   8.88729273e-02,   1.29202809e-01,
          5.87675926e-02,   1.05398611e-01,   6.94389818e-02,
          1.32446131e-01,   8.27833060e-02,   7.15825464e-02,
          9.44292564e-02,   7.42451856e-02,   6.91088882e-02,
          2.24360139e-03,   6.58731242e-02,   1.36017438e-01,
          3.41119398e-02,   5.87044885e-02],
       [  2.83336178e-01,   2.75395391e-01,   2.90504002e-01,
          2.78620732e-01,   2.81856394e-01,   2.76504483e-01,
          2.94178605e-01,   2.83604125e-01,   3.00298251e-01,
          2.65446935e-01,   2.99849841e-01,   2.91655188e-01,
          2.78989869e-01,   2.94583601e-01,   2.88864498e-01,
          3.10861376e-01,   2.90040262e-01,   2.91270497e-01,
          3.06140813e-01,   2.98662300e-01],
       [ -1.28678012e-02,   2.15111838e-02,   9.22338752e-03,
          3.63444146e-02,   5.56453215e-03,   4.15752043e-02,
         -1.71712158e-02,   8.79523483e-03,  -1.46505546e-02,
          3.95065554e-02,  -1.95937574e-02,  -1.79878387e-02,
          4.03864824e-03,   1.88207872e-04,  -1.44471685e-02,
         -7.46965286e-02,  -2.11988604e-02,   3.42573930e-02,
         -5.67688224e-02,  -2.24392861e-02],
       [ -2.71630839e-01,  -2.31826687e-01,  -2.82967194e-01,
         -2.75772537e-01,  -2.67863505e-01,  -2.30537200e-01,
         -2.85773424e-01,  -2.88922847e-01,  -3.12419567e-01,
         -1.94936567e-01,  -3.08958071e-01,  -2.58393503e-01,
         -2.73367673e-01,  -2.92990693e-01,  -3.19818967e-01,
         -3.75047980e-01,  -2.95426300e-01,  -2.85328115e-01,
         -3.55958944e-01,  -3.14178630e-01],
       [  3.37411529e-02,   1.51865631e-02,   1.86623402e-02,
          1.22107980e-02,   2.29876657e-02,   2.66759560e-03,
          2.44583360e-02,   2.75536230e-02,   4.22819778e-02,
         -5.70879579e-03,   2.67486522e-02,   1.65082162e-02,
          1.69620341e-02,   3.68596828e-02,   4.74188660e-02,
          7.25387200e-02,   3.82172777e-02,   1.87004418e-02,
          6.35729380e-02,   5.01787906e-02],
       [  9.51585128e-02,   1.11693243e-01,   1.30250566e-01,
          1.58444029e-01,   9.96186244e-02,   1.57273022e-01,
          9.15762672e-02,   1.11056559e-01,   8.92869931e-02,
          1.62333076e-01,   1.09372341e-01,   8.24644872e-02,
          1.25085680e-01,   1.13172437e-01,   9.63014267e-02,
          4.28020181e-02,   7.49488087e-02,   1.60617112e-01,
          6.52726353e-02,   8.23319188e-02],
       [ -1.60855677e-03,   1.77986877e-02,   6.53384066e-03,
          1.02522487e-02,   1.21120877e-02,   1.98587774e-02,
          1.43743382e-02,   8.73180458e-03,   5.52965591e-04,
          5.75308888e-03,  -3.40776684e-03,  -2.36718210e-03,
          1.47984769e-02,  -2.08287318e-03,  -1.03615207e-03,
         -5.86235148e-03,   1.75026931e-03,  -2.86936743e-04,
          1.10207956e-02,   1.21223091e-02],
       [ -1.48412119e-02,  -1.55124218e-02,  -1.42088331e-02,
         -1.84289178e-02,  -1.72947891e-03,  -2.49556270e-03,
         -6.92265285e-03,  -1.72519745e-02,  -1.88202347e-02,
         -4.94079300e-03,  -6.61940317e-03,  -1.47794271e-02,
         -1.73267713e-02,  -9.45837992e-03,  -5.06149189e-03,
         -6.25484683e-03,  -1.79984351e-02,  -1.07572403e-02,
         -2.33265016e-02,  -8.55997380e-03]])]Hidden bias: [array([-0.61863473, -0.62753044, -0.61973199, -0.62270724, -0.61998956,
       -0.63127218, -0.61546858, -0.6174999 , -0.60997869, -0.63558493,
       -0.61385895, -0.62037157, -0.62057775, -0.61577173, -0.60836116,
       -0.5885071 , -0.61204903, -0.62166189, -0.59679751, -0.6091119 ])]Output weights: [[ 0.14985788  0.09986287]
 [ 0.101997    0.12711965]
 [ 0.14775794  0.14181104]
 [ 0.13263612  0.17644655]
 [ 0.13668492  0.11337897]
 [ 0.09220261  0.17890558]
 [ 0.16075729  0.08398652]
 [ 0.15409014  0.12809638]
 [ 0.1853904   0.0852135 ]
 [ 0.06122254  0.18511596]
 [ 0.18211061  0.10412714]
 [ 0.13664494  0.08910344]
 [ 0.14195592  0.12893663]
 [ 0.16465656  0.10452824]
 [ 0.19259535  0.08907191]
 [ 0.26281326  0.00161472]
 [ 0.1721007   0.07821438]
 [ 0.14345676  0.17425524]
 [ 0.2396617   0.03849119]
 [ 0.19119038  0.07413417]]Output bias: [ 1.17212522  0.70072416]
Value MLP:Hidden weights: [array([[ -2.06766594e+00,  -6.08433513e-01,  -1.08939168e+01,
         -2.13134320e+00,  -3.69748107e-01,  -1.11919604e+00,
          2.41045671e+00,  -9.17544832e+00,   1.39319804e+00,
         -5.33679850e+00,  -9.63539980e+00,  -7.20196612e-01,
         -2.40827676e+00,  -2.93499161e+00,   1.14030803e+00,
          6.49062736e+00,  -1.36166916e+00,   2.91517268e+00,
         -1.20931290e+01,   1.75888358e+01],
       [  4.57639206e+00,  -1.29936941e+00,  -2.69780219e+00,
          8.50064521e+00,  -1.24676627e+00,  -2.60253797e+00,
          3.09205731e+00,   7.60691923e+00,   5.48018992e+00,
          1.04780588e+00,  -4.32497359e+00,  -9.78179695e-01,
          5.24025969e+00,  -2.95242266e+00,   8.77830081e+00,
          2.92465694e+00,  -4.16675054e+00,  -2.25375702e+00,
          1.85556397e-01,   8.07579377e-01],
       [ -9.95287172e+00,  -4.58097106e-01,  -1.17641425e+01,
         -1.80060365e+01,  -1.44928105e+00,   6.14134809e+00,
         -7.50660849e+00,  -2.37297700e+01,  -9.39885519e+00,
         -1.97949513e+00,  -2.91274796e+01,   5.55947588e+00,
         -1.33679430e+01,  -2.92481960e+00,   2.40916351e+00,
          4.87170391e+00,  -6.52620431e+00,   8.58383741e+00,
         -1.83964008e+01,   2.07788346e+01],
       [ -4.44706904e+00,   1.32480001e+00,  -1.26586257e+01,
          9.80367296e+00,   1.44013878e+00,  -2.03838219e+00,
          1.49657475e+00,   5.07349212e+00,   7.10967007e+00,
         -2.45705863e+01,   2.19850112e+00,  -6.86095834e+00,
         -4.28137906e+00,  -5.15275488e-02,   5.15346378e+00,
          4.42944623e+00,  -4.04768309e+00,  -7.36232778e-01,
         -1.62427894e+01,  -3.89943087e+00],
       [  1.30779880e+01,  -4.90367428e-01,  -3.34400079e+00,
          1.98069087e+01,  -6.32696838e-01,  -2.34325523e+01,
          2.47990312e+01,   1.75513524e+01,   1.60846538e+01,
         -3.92143448e+00,   2.35230569e+01,  -2.96157582e+01,
          1.03144219e+01,   2.39401358e+01,  -1.44039592e+01,
         -1.14198433e+01,   1.26859603e+01,  -2.07500336e+01,
         -3.57037598e-01,   1.16968443e+01],
       [ -1.20677397e+00,   2.78969129e-01,  -2.04974241e+01,
         -1.00458943e+01,  -2.20065333e-01,  -2.01895266e+01,
          1.54342659e+01,   5.26841516e+00,   1.65796557e+01,
          1.43691351e+00,  -2.99023826e+01,  -2.85263621e-01,
          1.82062955e+01,   3.16259463e+00,  -2.22276209e+01,
         -5.71913494e+01,   1.98662326e+01,  -1.46562699e+01,
         -9.24882342e+00,   1.04167062e+01],
       [  5.23960004e-01,  -3.91823485e-01,  -1.24383968e-01,
         -1.06739999e+01,  -2.81453640e-01,   5.92276317e+00,
         -8.26458962e+00,  -3.71653597e+00,  -6.81003942e+00,
          1.56278735e+01,  -1.92105607e+00,  -1.33063168e+00,
         -1.45546360e+00,   6.12590305e+00,  -4.57782115e+00,
         -9.23072284e+00,   1.70664521e+00,   3.54810363e+00,
          1.05986543e+01,  -4.18173925e+00],
       [ -4.02635957e+00,  -1.01954858e+00,   2.26388546e+01,
         -8.07613497e+00,  -1.30888503e+00,  -7.63211777e-01,
         -1.78951945e+00,   7.11344339e-01,  -9.52626945e+00,
          1.70547964e+00,   1.74365103e+01,   3.20360490e+00,
         -1.19010608e+01,   8.97913556e+00,  -3.37247007e+00,
         -3.21672896e+00,   1.01139473e+01,   4.10947857e+00,
          5.33020915e+00,   3.31090724e+00]])]Hidden bias: [array([  3.14583932,  -6.4844712 ,  11.04661522,  -9.67629523,
        -6.33543781,   4.58203442,  -0.96499286,  -6.64699632,
        -7.11264936,  14.56980688,  11.35589814,  -2.23275583,
        -3.90437026,   5.15642037, -13.389368  , -10.62169323,
         5.05595364,   4.99404847,  15.98420856,   0.83096059])]Output weights: [[ -1.86845315]
 [ 37.65532436]
 [ -1.62964241]
 [-11.10760474]
 [ 37.58522329]
 [  6.43546494]
 [  5.80735888]
 [ -9.84348304]
 [-14.37806119]
 [ -4.25354124]
 [ 19.00159511]
 [ -4.20938587]
 [  7.22514375]
 [  4.84241531]
 [-14.43500025]
 [ -7.4657688 ]
 [-10.75404867]
 [  4.71159875]
 [ -4.16563037]
 [  6.06360743]]Output bias: [-48.55317204]