Action MLP:Hidden weights: [array([[  7.71266770e-02,   8.70202886e-02,   1.12702161e-01,
          1.31870294e-01,   8.64010080e-02,   1.27217015e-01,
          5.57500913e-02,   1.02651038e-01,   6.59918353e-02,
          1.30772682e-01,   7.93480347e-02,   6.90552086e-02,
          9.17713059e-02,   7.11385273e-02,   6.55087934e-02,
         -3.24377975e-03,   6.26883827e-02,   1.33342999e-01,
          2.93153135e-02,   5.50725317e-02],
       [  2.59249480e-01,   2.62260708e-01,   2.68540325e-01,
          2.60747427e-01,   2.61087450e-01,   2.67152581e-01,
          2.67503274e-01,   2.59705499e-01,   2.68640983e-01,
          2.62316033e-01,   2.69558748e-01,   2.70259612e-01,
          2.57513503e-01,   2.67766262e-01,   2.55946209e-01,
          2.63249528e-01,   2.60749261e-01,   2.71354847e-01,
          2.63189262e-01,   2.65467568e-01],
       [ -1.76048731e-02,   1.84826787e-02,   4.78460630e-03,
          3.23162136e-02,   1.51492545e-03,   3.87453823e-02,
         -2.22844797e-02,   4.20395386e-03,  -2.05731818e-02,
          3.73737160e-02,  -2.54607810e-02,  -2.21397089e-02,
         -3.77468341e-04,  -5.12415159e-03,  -2.06075703e-02,
         -8.37472434e-02,  -2.66148131e-02,   2.99240460e-02,
         -6.48384130e-02,  -2.86544270e-02],
       [ -2.83679660e-01,  -2.39199029e-01,  -2.94089662e-01,
         -2.85039524e-01,  -2.78513879e-01,  -2.36213901e-01,
         -2.99012147e-01,  -3.00880836e-01,  -3.27884720e-01,
         -1.97906372e-01,  -3.23733929e-01,  -2.69423830e-01,
         -2.84205627e-01,  -3.06243520e-01,  -3.35771163e-01,
         -3.98373603e-01,  -3.09833172e-01,  -2.95531151e-01,
         -3.76806925e-01,  -3.30319890e-01],
       [  3.76432036e-02,   1.71974062e-02,   2.20549784e-02,
          1.48554283e-02,   2.61589752e-02,   3.97146382e-03,
          2.88320080e-02,   3.11757322e-02,   4.74575316e-02,
         -5.30197878e-03,   3.18003646e-02,   1.99356933e-02,
          2.03914153e-02,   4.13348052e-02,   5.28437653e-02,
          8.10070836e-02,   4.28849972e-02,   2.17031049e-02,
          7.10196970e-02,   5.56599830e-02],
       [  9.04383740e-02,   1.08336245e-01,   1.26251897e-01,
          1.55209448e-01,   9.49492903e-02,   1.54677842e-01,
          8.62671037e-02,   1.06247918e-01,   8.32688661e-02,
          1.60478753e-01,   1.04327690e-01,   7.76072407e-02,
          1.21199073e-01,   1.08739763e-01,   9.03671918e-02,
          3.15734256e-02,   6.86400538e-02,   1.57361343e-01,
          5.64070290e-02,   7.58366478e-02],
       [ -8.92166108e-04,   1.81621912e-02,   7.00666485e-03,
          1.04742716e-02,   1.27762030e-02,   1.98980547e-02,
          1.52320957e-02,   9.40301912e-03,   1.53520092e-03,
          5.60724941e-03,  -2.64338184e-03,  -1.62062498e-03,
          1.53004814e-02,  -1.42455611e-03,  -9.12584053e-05,
         -4.07516015e-03,   2.79515783e-03,  -6.20042120e-05,
          1.24768011e-02,   1.31985057e-02],
       [ -1.45987060e-02,  -1.50004856e-02,  -1.37826385e-02,
         -1.78000172e-02,  -1.35872951e-03,  -1.71540666e-03,
         -6.79662472e-03,  -1.68790610e-02,  -1.87601551e-02,
         -4.05804453e-03,  -6.48838076e-03,  -1.45412936e-02,
         -1.69489182e-02,  -9.27210083e-03,  -5.00631236e-03,
         -6.73618627e-03,  -1.78985419e-02,  -1.01807591e-02,
         -2.36474326e-02,  -8.55699744e-03]])]Hidden bias: [array([-0.62282557, -0.62874933, -0.62354177, -0.62547591, -0.62318842,
       -0.63160907, -0.62034876, -0.62160937, -0.61615947, -0.63414759,
       -0.61990301, -0.62376489, -0.62419856, -0.62089426, -0.61489727,
       -0.59862309, -0.61741599, -0.62510613, -0.60584625, -0.615642  ])]Output weights: [[ 0.14072533  0.0940247 ]
 [ 0.08865425  0.12161851]
 [ 0.1356091   0.13557587]
 [ 0.12021924  0.16952876]
 [ 0.12627668  0.10764405]
 [ 0.07595883  0.17287379]
 [ 0.15122152  0.07855219]
 [ 0.14469791  0.12167843]
 [ 0.17733992  0.07925146]
 [ 0.04346056  0.17939004]
 [ 0.17274455  0.09814144]
 [ 0.12492341  0.08413143]
 [ 0.13174892  0.1226629 ]
 [ 0.15453035  0.09856494]
 [ 0.18720697  0.08259495]
 [ 0.26421416 -0.00449289]
 [ 0.16510667  0.07240789]
 [ 0.12968429  0.16754832]
 [ 0.23801559  0.03209547]
 [ 0.1846144   0.06817055]]Output bias: [ 1.13254642  0.71569534]
Value MLP:Hidden weights: [array([[  9.61112716,  -7.62538642, -14.16439298,  24.85248858,
         29.21778496, -17.31097038,  15.15298537,  21.4609448 ,
         18.72998955,  -8.07291174,   2.14718816, -24.31901836,
         17.21131145,  12.73729452, -10.77464452,  -2.17705717,
         20.02786992, -19.75244483,  -3.57376883, -15.55438129],
       [  3.5458163 ,  31.81828923,  -0.40568159,  10.00869739,
        -16.43923943,  -6.26765663,  -8.76460924,  12.76006025,
          3.05693171, -28.68654828,  -3.7157852 ,  14.76352989,
         -6.33814839,  -6.82888034,  11.59510486,   6.92864232,
         13.72106747,  -0.67912865,  -5.69019809,   2.75584226],
       [ -6.19284939,  71.57273321, -25.72792816,  31.85933192,
         24.30764616, -27.90996546,  36.40127067,  32.7147809 ,
         25.7278604 , -46.56958395, -24.75130359, -22.38410106,
         27.43372307,  34.54894377, -26.64505101, -34.03390967,
         19.57367311, -22.2845605 , -24.47665755,  20.34204621],
       [ -1.35594255,  11.78019223,  -0.68779491,  -1.47475499,
         -6.1861724 ,   1.1206056 ,  -4.28556484,  -2.59935977,
          2.67579385,  -5.51033666,   4.08089729,   7.90468993,
         -1.92882377,  -0.20231025,   9.74686087,   3.27727703,
          8.69474537,  -1.37361018,  -3.99643922,   0.16840876],
       [ 31.8687212 , -36.28415046,   8.53475074,   6.71104578,
         21.84951147, -15.45160946,  -8.58707235,  -3.28421739,
         -8.52403749,  66.62763313,  38.63840376, -22.08254187,
        -20.29598612,  -1.54519097,   4.57740231,  22.83828882,
          7.01931132, -15.52345147,   8.17333518, -29.96649601],
       [  9.04684062, -12.89263221, -15.00380512,  14.17554267,
         34.61325547, -22.02083102,  18.3266794 ,  -4.72196512,
         20.77863871,  52.08586388, -28.74632349,  -7.0369554 ,
         11.03083978,  16.7245352 , -21.17507353, -47.8345992 ,
         12.08249562, -34.92816981, -26.58616606,  -7.17509805],
       [-15.44422588, -23.86462661,  -1.61375145, -13.61550483,
         25.87660752,   8.6192487 ,   4.16358401, -15.08507996,
         -4.52186913,  19.42289225,  -5.89161376, -20.13914559,
         20.79513617,   9.09716816,  -8.41042618, -12.8335699 ,
         -2.24686136, -14.79219167,  12.08629038,  -0.38894485],
       [-12.09102401, -11.89459281,  22.94889361, -16.92674883,
         12.19992545,   4.07509065,  -1.41849165, -13.71726186,
         -3.95730092,  28.39218404,  12.50479196,  -2.55691471,
         -5.48807695,   6.40268852,  -3.8136224 ,   8.02847748,
        -33.60150299,   4.82100773,   2.15534541, -18.42767078]])]Hidden bias: [array([ -2.52898756, -29.55790312,   5.02998583, -13.77259707,
        17.56078529,   2.75558502,   9.55069795, -15.14368481,
        -6.17026061,  18.58991628,   6.17390114, -16.53222445,
         9.15261786,   7.95657204, -18.86229769,  -7.80262844,
       -14.94686336,   5.16423912,   1.12306761,   0.47558371])]Output weights: [[ 11.10927909]
 [-10.55615679]
 [  3.79037846]
 [  0.69984927]
 [ -5.19762494]
 [  7.1936545 ]
 [  8.60632421]
 [ -5.41285739]
 [  5.35712729]
 [ -6.90675125]
 [  4.04181267]
 [ -6.80120373]
 [ 11.49827466]
 [ -2.43474598]
 [ -9.64196792]
 [ -3.530751  ]
 [ -8.30641125]
 [  1.86006709]
 [ -5.93290415]
 [ 21.26487401]]Output bias: [-126.64500067]