Action MLP:Hidden weights: [array([[  7.72912735e-02,   8.71204905e-02,   1.12842930e-01,
          1.31980291e-01,   8.65549229e-02,   1.27282762e-01,
          5.59354950e-02,   1.02818078e-01,   6.62074613e-02,
          1.30801362e-01,   7.95375317e-02,   6.92159562e-02,
          9.19099794e-02,   7.13039545e-02,   6.57245759e-02,
         -2.88894520e-03,   6.29048236e-02,   1.33458141e-01,
          2.96149539e-02,   5.53001773e-02],
       [  2.58865099e-01,   2.62041997e-01,   2.68180105e-01,
          2.60444858e-01,   2.60752120e-01,   2.66984675e-01,
          2.67080599e-01,   2.59317890e-01,   2.68137267e-01,
          2.62247735e-01,   2.69072659e-01,   2.69919707e-01,
          2.57164022e-01,   2.67336387e-01,   2.55415664e-01,
          2.62448819e-01,   2.60285995e-01,   2.71019677e-01,
          2.62482031e-01,   2.64939078e-01],
       [ -1.71021957e-02,   1.87916934e-02,   5.22079547e-03,
          3.26630255e-02,   1.98428550e-03,   3.89546325e-02,
         -2.17193207e-02,   4.71497724e-03,  -1.99175571e-02,
          3.74684101e-02,  -2.48782131e-02,  -2.16517682e-02,
          5.20564477e-05,  -4.61257491e-03,  -1.99487977e-02,
         -8.26870218e-02,  -2.59618029e-02,   3.02883813e-02,
         -6.39375989e-02,  -2.79646575e-02],
       [ -2.83681573e-01,  -2.39200635e-01,  -2.94091329e-01,
         -2.85041015e-01,  -2.78515880e-01,  -2.36215447e-01,
         -2.99014001e-01,  -3.00883016e-01,  -3.27887266e-01,
         -1.97907964e-01,  -3.23735572e-01,  -2.69425511e-01,
         -2.84207112e-01,  -3.06245179e-01,  -3.35773584e-01,
         -3.98378305e-01,  -3.09835835e-01,  -2.95532633e-01,
         -3.76810939e-01,  -3.30322860e-01],
       [  3.70830519e-02,   1.68444874e-02,   2.15641305e-02,
          1.44599194e-02,   2.56317117e-02,   3.72450848e-03,
          2.82047321e-02,   3.06037731e-02,   4.67348416e-02,
         -5.42455378e-03,   3.11547146e-02,   1.93868391e-02,
          1.99092573e-02,   4.07685076e-02,   5.21205629e-02,
          7.98642599e-02,   4.21615316e-02,   2.12899348e-02,
          7.00466454e-02,   5.49047922e-02],
       [  8.91859306e-02,   1.07537310e-01,   1.25153422e-01,
          1.54319825e-01,   9.37649149e-02,   1.54110128e-01,
          8.48672778e-02,   1.04963538e-01,   8.16522375e-02,
          1.60181777e-01,   1.02893800e-01,   7.63837099e-02,
          1.20120864e-01,   1.07477996e-01,   8.87502281e-02,
          2.90048452e-02,   6.70195630e-02,   1.56435649e-01,
          5.42177447e-02,   7.41404153e-02],
       [ -7.46953747e-04,   1.82559790e-02,   7.13320187e-03,
          1.05765903e-02,   1.29144945e-02,   1.99646806e-02,
          1.53949764e-02,   9.55276076e-03,   1.72391437e-03,
          5.64309881e-03,  -2.47915173e-03,  -1.48002440e-03,
          1.54251812e-02,  -1.27894021e-03,   9.75381213e-05,
         -3.76929165e-03,   2.98460601e-03,   4.36272556e-05,
          1.27385216e-02,   1.33993691e-02],
       [ -1.45987060e-02,  -1.50004856e-02,  -1.37826385e-02,
         -1.78000172e-02,  -1.35872951e-03,  -1.71540666e-03,
         -6.79662472e-03,  -1.68790610e-02,  -1.87601551e-02,
         -4.05804453e-03,  -6.48838076e-03,  -1.45412936e-02,
         -1.69489182e-02,  -9.27210083e-03,  -5.00631236e-03,
         -6.73618627e-03,  -1.78985419e-02,  -1.01807591e-02,
         -2.36474326e-02,  -8.55699744e-03]])]Hidden bias: [array([-0.62293198, -0.62878741, -0.62365799, -0.62557989, -0.62325863,
       -0.63164726, -0.620461  , -0.62171088, -0.6163064 , -0.63414495,
       -0.62007386, -0.62383104, -0.62430851, -0.62104648, -0.61507255,
       -0.59886312, -0.61751926, -0.6252361 , -0.60607568, -0.61579696])]Output weights: [[ 0.13791235  0.09395781]
 [ 0.08592684  0.12154017]
 [ 0.13264942  0.13550686]
 [ 0.11719562  0.16945216]
 [ 0.1235655   0.10757061]
 [ 0.0729909   0.17279391]
 [ 0.14843019  0.07848958]
 [ 0.14189039  0.12160615]
 [ 0.17449676  0.07919212]
 [ 0.04048422  0.17930724]
 [ 0.16977198  0.09808247]
 [ 0.12224869  0.0840638 ]
 [ 0.12883762  0.12259211]
 [ 0.15155322  0.09850301]
 [ 0.18431245  0.08253437]
 [ 0.26138038 -0.0045286 ]
 [ 0.16242174  0.07234361]
 [ 0.12657284  0.16747715]
 [ 0.23512844  0.03205205]
 [ 0.18178309  0.06811347]]Output bias: [ 1.13422058  0.71599848]
Value MLP:Hidden weights: [array([[ 23.19119356, -40.87280912, -13.96873641,  20.82542857,
         30.33281308, -17.56504015,  13.36097985,   6.81667639,
         17.46394828,   0.11518104,   5.15161826, -21.8090438 ,
         14.02373283,   5.28418779,   8.43038693,   7.37255457,
         24.03435068, -17.99280355,   6.16744556, -38.87605859],
       [  2.79447459,  32.15661959,   5.32208893,  15.07038976,
        -14.4703881 ,  -5.63715324,  -4.17738783,  16.60721726,
          7.11130702, -26.70661278,   3.35637547,  15.65411617,
         -6.8616963 ,  -7.54749057,  13.37351483,   8.61067759,
          6.62538365,  -0.50252896,  -3.11185995,  -1.09761521],
       [ 28.88400987,  37.52694768, -30.34310835,  32.99050963,
         29.50131445, -31.58936106,  36.9006585 ,  26.57644428,
         27.7164043 , -40.78832061, -21.43086994, -35.55157586,
         25.78527817,  34.78616818, -29.94819207, -34.57160649,
         34.26991706, -34.0918078 , -30.00703196, -19.11256572],
       [ -4.50031818,  10.26177807,   3.51830999,  -0.67774496,
         -9.16403114,   1.43432373,  -2.71591519,  -3.42654867,
          4.30702666,  -6.61355657,   2.52219619,  11.08322901,
          0.57642123,  -3.87959254,  10.54664883,   5.01962279,
          4.44154498,   1.79099941,   2.80858697,   3.81865191],
       [ 14.39771663, -45.40787384,  18.59106195,   6.671515  ,
         13.32177519, -10.76500655, -10.96440564, -11.76971124,
        -14.42108558,  68.95208694,  52.32104037,  -2.58512516,
        -27.28308915,  -9.44495898,  26.62114148,  35.76897467,
         -4.11123549,   1.26094581,  25.08289964, -20.72732486],
       [ 12.88323901, -30.82403514, -12.93982938,   7.34590629,
         33.332836  , -20.62979239,  17.67318028, -13.72306939,
         16.45815563,  51.570687  , -13.26971384,  20.54759215,
         14.28617687,  14.78087112,  -5.76928157, -38.81901308,
          6.76749401, -28.44477293, -12.47745512, -14.3817847 ],
       [ -8.80868883, -35.56355261,  -0.15760945, -16.64311173,
         27.04229545,   9.56766521,   3.64378723, -25.74942898,
         -5.02592137,  22.09939166, -15.2290411 , -19.35124368,
         18.50180916,  18.23423775, -11.77200895, -10.7142912 ,
         -1.11132819, -19.99810711,   8.00321648,  -1.96488707],
       [-13.20901091, -10.8594203 ,  18.34613412, -21.11206617,
          8.98146283,   5.06530708,  -1.18388098, -13.62219058,
         -6.28892384,  30.2803853 ,   6.09495875,  -3.49661813,
         -7.10561509,   7.25936187,   1.38663204,  10.50169009,
        -27.53647735,   5.1092796 ,  13.14449376,  -5.80914578]])]Hidden bias: [array([  2.82051803, -35.06536659,   7.54779729, -13.46379738,
        20.90906578,   3.47175625,  12.85209097, -17.92979903,
        -2.74719756,  24.19302032,  -0.36377615, -21.78718803,
         8.00967871,  11.46391672, -14.39178134,  -7.77377505,
       -14.69279389,  -1.68130191,   0.06074966,  -4.94963388])]Output weights: [[ -3.3047341 ]
 [-15.07485885]
 [ 11.39359319]
 [  5.227821  ]
 [  3.27751121]
 [  1.5807111 ]
 [  3.16925137]
 [ -8.63465501]
 [  8.26477256]
 [ -6.74531776]
 [  9.74927433]
 [-12.52115484]
 [  7.92637468]
 [ -6.30329824]
 [-11.83822082]
 [ -6.66635991]
 [ -5.97252102]
 [  5.6587695 ]
 [-11.68406718]
 [ -3.06231465]]Output bias: [-132.72883121]