Action MLP:Hidden weights: [array([[  7.53798976e-02,   8.60602602e-02,   1.11122704e-01,
          1.30599613e-01,   8.48808042e-02,   1.26546329e-01,
          5.38310911e-02,   1.00904370e-01,   6.37217359e-02,
          1.30533790e-01,   7.71954597e-02,   6.75031076e-02,
          9.02221838e-02,   6.92339597e-02,   6.31422163e-02,
         -6.39705028e-03,   6.05511135e-02,   1.31936209e-01,
          2.63500175e-02,   5.26993685e-02],
       [  2.61394385e-01,   2.63310750e-01,   2.70394824e-01,
          2.62125034e-01,   2.62879086e-01,   2.67766655e-01,
          2.69908317e-01,   2.61763658e-01,   2.71525287e-01,
          2.62371114e-01,   2.72288331e-01,   2.72154654e-01,
          2.59351562e-01,   2.70152928e-01,   2.58994863e-01,
          2.67790777e-01,   2.63422930e-01,   2.72932557e-01,
          2.67277912e-01,   2.68529286e-01],
       [ -2.27512122e-02,   1.57599832e-02,   2.54394581e-04,
          2.88022844e-02,  -2.89695594e-03,   3.69558290e-02,
         -2.79862911e-02,  -8.33853111e-04,  -2.73487532e-02,
          3.68379092e-02,  -3.18430403e-02,  -2.67147783e-02,
         -4.85043759e-03,  -1.07568103e-02,  -2.77086382e-02,
         -9.37336533e-02,  -3.29779541e-02,   2.59886691e-02,
         -7.40193373e-02,  -3.58029306e-02],
       [ -2.84910597e-01,  -2.39930676e-01,  -2.95275450e-01,
         -2.86078437e-01,  -2.79601190e-01,  -2.36819208e-01,
         -3.00341019e-01,  -3.02146679e-01,  -3.29439735e-01,
         -1.98214210e-01,  -3.25263159e-01,  -2.70498779e-01,
         -2.85356627e-01,  -3.07608941e-01,  -3.37402686e-01,
         -4.00398436e-01,  -3.11277555e-01,  -2.96668235e-01,
         -3.78743693e-01,  -3.31920897e-01],
       [  4.24768446e-02,   1.99237602e-02,   2.64368839e-02,
          1.84604805e-02,   3.03656629e-02,   6.00211449e-03,
          3.41025721e-02,   3.59963850e-02,   5.36905061e-02,
         -4.38139487e-03,   3.77139675e-02,   2.41950825e-02,
          2.46888511e-02,   4.66023911e-02,   5.93656235e-02,
          8.98957659e-02,   4.87545686e-02,   2.56784125e-02,
          7.92511260e-02,   6.22079429e-02],
       [  9.52292741e-02,   1.11193533e-01,   1.30436136e-01,
          1.58578492e-01,   9.92836120e-02,   1.56729929e-01,
          9.15909408e-02,   1.11033851e-01,   8.94854480e-02,
          1.61512075e-01,   1.09977970e-01,   8.20567315e-02,
          1.25328399e-01,   1.13732801e-01,   9.67475769e-02,
          4.16170546e-02,   7.47090411e-02,   1.60968029e-01,
          6.50841734e-02,   8.24553476e-02],
       [ -1.50824081e-03,   1.77690584e-02,   6.47174155e-03,
          1.00448063e-02,   1.21945492e-02,   1.96169828e-02,
          1.45379855e-02,   8.77583400e-03,   7.38106201e-04,
          5.45416387e-03,  -3.34701002e-03,  -2.21695310e-03,
          1.47711893e-02,  -2.04295500e-03,  -8.93318809e-04,
         -5.39940847e-03,   1.99585485e-03,  -5.06651901e-04,
          1.13526514e-02,   1.23459993e-02],
       [ -1.47900367e-02,  -1.51084418e-02,  -1.39291379e-02,
         -1.79075918e-02,  -1.52704159e-03,  -1.78943076e-03,
         -7.01759079e-03,  -1.70539480e-02,  -1.90168189e-02,
         -4.10467822e-03,  -6.71275122e-03,  -1.47228882e-02,
         -1.70988729e-02,  -9.46644821e-03,  -5.27447233e-03,
         -7.30054267e-03,  -1.81552319e-02,  -1.02955587e-02,
         -2.40781485e-02,  -8.84575358e-03]])]Hidden bias: [array([-0.62090191, -0.62780324, -0.62176824, -0.6240562 , -0.6215993 ,
       -0.63097164, -0.61822883, -0.61971719, -0.61360768, -0.63404711,
       -0.6173849 , -0.62213245, -0.62246291, -0.61867672, -0.61216917,
       -0.59500153, -0.61511915, -0.6234745 , -0.60242625, -0.61298318])]Output weights: [[ 0.14627976  0.09482034]
 [ 0.09188127  0.12274059]
 [ 0.14061007  0.13654911]
 [ 0.12425232  0.17073833]
 [ 0.13055301  0.1086096 ]
 [ 0.07886995  0.17416424]
 [ 0.15706489  0.07925603]
 [ 0.14948868  0.12265234]
 [ 0.18402911  0.07989975]
 [ 0.04579074  0.18074026]
 [ 0.1795023   0.09881402]
 [ 0.12970516  0.08491586]
 [ 0.13668566  0.12362603]
 [ 0.16081609  0.09934598]
 [ 0.19421365  0.08325987]
 [ 0.27451693 -0.00450535]
 [ 0.17104595  0.07308707]
 [ 0.1344094   0.16867657]
 [ 0.24740647  0.03229995]
 [ 0.19173692  0.06873692]]Output bias: [ 1.14234029  0.71203186]
Value MLP:Hidden weights: [array([[ -1.90234140e+00,   6.39988397e+00,  -1.51396923e+01,
          2.50811869e+01,  -1.45475133e+01,  -2.38975301e+01,
          1.38520695e+01,   2.72801019e+01,   1.42147405e+01,
          3.84465901e-01,  -7.57299228e+00,  -1.33921328e+01,
          5.41066637e+00,   1.29869243e+01,  -1.20478132e+01,
         -5.06894592e+00,  -1.49963774e+00,  -1.79618870e+00,
         -1.16847375e+01,   9.53904006e+00],
       [  2.76200572e+00,   2.67215111e+01,  -4.72697767e+00,
          1.53888135e+01,   7.75610699e-01,  -1.95243492e+00,
         -3.94049126e+00,   1.22055755e+01,   4.35073490e+00,
          7.61494407e+00,  -9.03047391e+00,   7.71237982e+00,
         -2.36801871e+00,  -7.98949776e+00,   1.41597455e+01,
          7.83362040e+00,  -2.76539274e+00,   4.66022718e+00,
         -5.86863818e+00,   1.18958955e+00],
       [ -1.36161692e+01,   8.16306818e+01,  -1.93698212e+01,
          9.82363771e+00,  -3.41247071e+01,  -2.05736261e+01,
          1.66429060e+01,   1.39029413e+01,   1.80003076e+01,
          4.14105719e+00,  -2.90992737e+01,   6.91588848e-01,
         -1.21308216e+01,   2.29672365e+01,  -2.55716806e+01,
         -1.98363167e+01,  -1.59031302e+01,   1.06111041e+01,
         -2.77901205e+01,   3.29847170e+01],
       [  1.32605363e+00,   8.76605272e+00,  -1.17097779e+01,
          1.02286657e+01,   5.30649809e+00,  -1.01989457e+00,
         -8.38217613e-01,   5.72188638e+00,   1.75259153e+00,
         -2.46238035e+01,   2.48001720e+00,   8.50216119e+00,
         -1.25755087e+00,   7.57122680e-02,   5.13884184e+00,
          4.00218002e+00,   6.10294429e+00,   1.56346030e+00,
         -7.06545040e+00,  -9.09825922e-01],
       [  1.77374389e+01,  -3.03390615e+01,   6.40909788e-01,
          2.37189779e+01,   2.76051527e+01,  -1.70234794e+01,
          1.82514443e+01,   2.09943570e+01,   5.82286314e+00,
         -7.50899814e+00,   2.55215271e+01,  -2.88702250e+01,
          1.31646552e+01,   1.34234743e+01,  -4.01380895e+00,
         -1.56244449e+00,   2.12100346e+01,  -2.46574586e+01,
          5.99728305e+00,  -4.34789927e+00],
       [ -1.55104065e+00,  -1.04441366e+00,  -1.59485532e+01,
          8.42070039e+00,  -1.15554638e+00,  -2.16173219e+01,
          3.06018781e+01,   8.41698246e+00,   2.31515055e+01,
         -4.44660271e+00,  -2.94632887e+01,  -1.44796211e+00,
          2.84356869e+01,   2.41818717e+01,  -2.33286487e+01,
         -5.84574253e+01,   2.64318763e+01,  -2.15672170e+01,
         -1.42398793e+01,   7.65561468e+00],
       [  1.69935726e+00,  -1.74472668e+01,   1.79299646e+00,
         -1.60929528e+01,   1.77955096e-01,  -1.94513194e+00,
         -5.76668408e+00,  -1.22683536e+01,  -1.24146220e+01,
          1.56278735e+01,  -4.98155537e-01,  -1.97379782e+01,
          5.23373150e+00,   9.94386990e+00,  -4.07959746e+00,
         -1.33283683e+01,   2.65701531e+00,  -1.23857389e+01,
          1.23549714e+01,  -7.46133396e-01],
       [  1.62751784e-01,  -4.72947318e+00,   2.31997790e+01,
         -1.43028002e+01,   1.34373035e+01,   1.13150795e+00,
         -8.28157482e+00,  -1.05991725e+01,  -6.46611451e+00,
          1.78066619e+00,   1.69187725e+01,  -3.69682370e+00,
         -7.69396644e+00,   5.05708868e+00,  -1.02550863e+00,
          4.91871358e+00,   6.23267553e+00,  -2.65071056e+00,
          1.85199451e+00,  -5.08500412e+00]])]Hidden bias: [array([ -0.43423968, -21.40396492,   7.65862506, -12.69158119,
         3.88271579,   2.49113586,   0.63068867, -12.43512393,
        -8.2832641 ,  24.39511496,   8.71057026, -24.2039477 ,
         5.16278063,   8.74591806, -11.85271728,  -9.21899218,
         2.77456186,  -2.61840942,   0.42696523,   1.66550592])]Output weights: [[ 10.63442631]
 [ 19.41565657]
 [  5.82637159]
 [ -4.85980746]
 [ 10.02398957]
 [  4.63817358]
 [  4.98701259]
 [  2.92026854]
 [ -8.71956549]
 [-47.88325994]
 [  0.90142255]
 [-10.98021708]
 [ 21.16353987]
 [ 10.61762115]
 [  1.36943328]
 [ -6.10766926]
 [ -9.91529313]
 [ 10.93542119]
 [ -1.189342  ]
 [ 12.30739827]]Output bias: [-92.83317517]