Action MLP:Hidden weights: [array([[  7.62065248e-02,   8.63323631e-02,   1.11933479e-01,
          1.30840381e-01,   8.56385907e-02,   1.26772667e-01,
          5.51503108e-02,   1.01656886e-01,   6.49691864e-02,
          1.30235665e-01,   7.83176421e-02,   6.85436270e-02,
          9.08694558e-02,   7.01040135e-02,   6.44512625e-02,
         -3.90201698e-03,   6.17715566e-02,   1.32276409e-01,
          2.84210493e-02,   5.40904277e-02],
       [  2.24060082e-01,   2.45889164e-01,   2.44944284e-01,
          2.33107387e-01,   2.37250468e-01,   2.58073110e-01,
          2.41082326e-01,   2.24469990e-01,   2.23524459e-01,
          2.57286430e-01,   2.33838242e-01,   2.49726648e-01,
          2.31245975e-01,   2.27501558e-01,   2.06598981e-01,
          1.99802711e-01,   2.21680251e-01,   2.38344756e-01,
          2.03915940e-01,   2.17725323e-01],
       [ -3.00271744e-02,   1.15026741e-02,  -6.45792766e-03,
          2.15987159e-02,  -8.66132152e-03,   3.27707448e-02,
         -3.41975300e-02,  -8.51579546e-03,  -3.61040669e-02,
          3.36694032e-02,  -3.99728289e-02,  -3.15087588e-02,
         -1.16063672e-02,  -1.90857199e-02,  -3.71804558e-02,
         -1.03577169e-01,  -4.04925404e-02,   1.79652875e-02,
         -8.40144507e-02,  -4.47629205e-02],
       [ -2.89381756e-01,  -2.41428443e-01,  -3.01001300e-01,
         -2.88026820e-01,  -2.83866788e-01,  -2.39759665e-01,
         -3.08820106e-01,  -3.06243909e-01,  -3.35990248e-01,
         -1.97330853e-01,  -3.32213586e-01,  -2.77051401e-01,
         -2.89633670e-01,  -3.12603948e-01,  -3.44550553e-01,
         -4.12718088e-01,  -3.17374190e-01,  -2.99067242e-01,
         -3.89283151e-01,  -3.39170491e-01],
       [  6.48433977e-02,   3.63524564e-02,   2.14335757e-02,
          5.09696478e-02,   3.84658991e-02,  -4.65437170e-03,
          9.68231051e-03,   6.25747752e-02,   7.54569205e-02,
          1.13422757e-02,   4.52179441e-02,   3.85919701e-03,
          3.75308546e-02,   7.21587556e-02,   8.26146319e-02,
          9.73699752e-02,   6.63494476e-02,   6.04493264e-02,
          9.28994242e-02,   8.24278350e-02],
       [  9.83112786e-02,   1.11256269e-01,   1.26443337e-01,
          1.62746810e-01,   9.66332521e-02,   1.53605459e-01,
          8.39204101e-02,   1.14158963e-01,   9.25570715e-02,
          1.62506528e-01,   1.07638003e-01,   7.55272233e-02,
          1.24301967e-01,   1.18763388e-01,   1.01253503e-01,
          4.00101790e-02,   7.48431454e-02,   1.67701694e-01,
          6.61861052e-02,   8.54711412e-02],
       [ -4.66645758e-04,   1.84237376e-02,   7.36820127e-03,
          1.07555148e-02,   1.31784307e-02,   2.00756010e-02,
          1.57175924e-02,   9.83528089e-03,   2.08687871e-03,
          5.69113433e-03,  -2.16654607e-03,  -1.20004302e-03,
          1.56571247e-02,  -1.00900716e-03,   4.60738018e-04,
         -3.14321446e-03,   3.36060290e-03,   2.26728219e-04,
          1.32619691e-02,   1.37910088e-02],
       [ -1.46084723e-02,  -1.50158070e-02,  -1.38577672e-02,
         -1.78109437e-02,  -1.38070607e-03,  -1.79257647e-03,
         -6.85998360e-03,  -1.68896126e-02,  -1.87722065e-02,
         -4.12534623e-03,  -6.51080523e-03,  -1.45971921e-02,
         -1.69722485e-02,  -9.28232904e-03,  -5.01920631e-03,
         -6.75520001e-03,  -1.79103129e-02,  -1.01898573e-02,
         -2.36643450e-02,  -8.56953867e-03]])]Hidden bias: [array([-0.63009588, -0.63238901, -0.62891048, -0.63145788, -0.62849335,
       -0.63363998, -0.62608302, -0.62897002, -0.62544626, -0.63543563,
       -0.62785171, -0.62815099, -0.63011276, -0.62919744, -0.6249986 ,
       -0.61163141, -0.62557366, -0.63198302, -0.6180307 , -0.62540468])]Output weights: [[ 0.12332084  0.09131021]
 [ 0.06156538  0.11052518]
 [ 0.10608741  0.11673714]
 [ 0.09535926  0.15732341]
 [ 0.10031394  0.09422698]
 [ 0.04637453  0.15562449]
 [ 0.12758639  0.06143775]
 [ 0.12516195  0.1145243 ]
 [ 0.16134468  0.07850697]
 [ 0.01252931  0.16452485]
 [ 0.14888736  0.0832014 ]
 [ 0.10218968  0.06897188]
 [ 0.10625351  0.10811868]
 [ 0.13698875  0.09921756]
 [ 0.17754399  0.08734818]
 [ 0.26288454  0.00289265]
 [ 0.14839492  0.06612337]
 [ 0.1059239   0.1618595 ]
 [ 0.23395946  0.03886904]
 [ 0.17215375  0.0715341 ]]Output bias: [ 1.09266675  0.70551557]
Value MLP:Hidden weights: [array([[ 11.70666622, -65.70655092,  36.01269276,  18.43292658,
         23.84924998,   8.18013216,  -0.44484828, -28.60912988,
         -9.88641541,  44.40231883,  38.48467748,  16.30180036,
         -4.85752536, -15.8718119 ,  79.10276786,  48.40478757,
         -0.37615097, -13.03859839,  22.92494446, -30.4134879 ],
       [  1.31073812,  24.81992443,  -2.20571297,  11.65956873,
        -10.78002006, -17.34953422,  -7.09772765,  20.30265484,
          0.69170209, -25.59643439,   1.58219105,  11.45799622,
         -3.71978527,   1.04248506,  25.70390684,  -4.61239647,
         13.39766167,   1.95865952,  -2.45382049,  -4.70214272],
       [ 41.15087513, -46.70349086,  26.26140197,  44.96838597,
         56.58152934, -38.46033482,  33.16941151, -32.32479146,
         20.35516688,  36.68773684,  37.73369955,  -6.16444205,
          8.47951572,  26.83026138,  22.01386252,  14.82449918,
         37.42074884, -43.46480255,  37.38454595, -35.2001985 ],
       [  0.69801577,   8.88824301,  -1.85854578,  -3.87691343,
         -4.98483427,   2.85091755,  -2.3833459 ,   6.90627149,
         -2.33697121,  -8.97198382,  -2.00282986,  -1.52936035,
         -2.1228847 ,   1.69923853,   5.93233012,   1.34062714,
          1.84429315,   3.33064307,  -3.40945159,   3.07792748],
       [ -8.03131267, -11.34603754,  22.90921957,  -9.89460095,
         -8.45339299,  15.82465571, -34.13160458, -30.55331556,
        -48.25746321,  51.83154041,  37.49710684,  26.82072023,
        -47.2036044 , -36.0590095 ,  68.40059403,  43.23476069,
        -30.6072547 ,  17.83822108,   9.62479908,  -6.24990018],
       [  3.72777265, -41.52570761,  21.99432571,   4.02027641,
         32.93600798, -11.08164513,   5.54759995, -56.34203053,
        -11.96490243,  65.69425439,  31.14149588,  47.925483  ,
         15.83637508,  -2.37535753,  64.30338596, -40.8262415 ,
         -7.34995702, -17.63484459,  -4.19110763, -28.03540885],
       [ -3.59021748, -27.67506752,   1.96717427, -12.22478075,
         26.95721001,  17.38318146,  -1.00928435, -28.59998041,
          1.19880948,  22.29874059, -17.12690701, -13.74969796,
         20.89332716,  21.90821967, -64.19576328,  -0.78367655,
          1.19393183, -20.43140871,  16.56104363,  -4.23326318],
       [-22.91788632,  -7.04203624,  11.53579118, -21.14969677,
          8.93142941,  16.12260668, -13.63746363, -18.61478771,
         -4.22135476,  20.02145572,  -8.90420124, -31.16336064,
        -21.37811495,  -1.49546682, -34.2651672 ,  19.69490907,
        -22.30594196,   2.71790214,  32.92029639,  -3.69884587]])]Hidden bias: [array([ -6.20710669e+00,  -3.27519292e+01,   2.66462425e+00,
        -6.61738991e+00,  -3.80205584e+00,   5.78670102e+00,
         8.77814915e+00,  -2.03263199e+01,  -2.35302251e+00,
         2.41626494e+01,   2.94968117e+00,  -1.36941978e+01,
         2.04911442e+00,   2.86961066e+00,  -2.60868670e+01,
        -5.73402417e+00,  -1.47390474e+01,  -1.70309476e+00,
        -1.62936133e+00,  -2.26870356e-02])]Output weights: [[ -2.99773181]
 [ -8.56639922]
 [ -3.52301682]
 [  4.29561744]
 [ -0.52205744]
 [ -4.75029566]
 [ 13.10136992]
 [ -5.30375615]
 [-10.65663   ]
 [  0.81770279]
 [ -0.92276456]
 [-17.49110113]
 [-10.24350668]
 [ 14.54150069]
 [ -4.21880133]
 [ -6.66129268]
 [-11.95327939]
 [ -2.51467354]
 [ -0.44412242]
 [ -2.2665768 ]]Output bias: [-130.15839946]