Action MLP:Hidden weights: [array([[  7.61735910e-02,   8.63118918e-02,   1.11904835e-01,
          1.30820064e-01,   8.56059486e-02,   1.26757867e-01,
          5.51074154e-02,   1.01624084e-01,   6.49283108e-02,
          1.30229760e-01,   7.82819274e-02,   6.85053989e-02,
          9.08421235e-02,   7.00741618e-02,   6.44110572e-02,
         -3.97146461e-03,   6.17265819e-02,   1.32256430e-01,
          2.83636982e-02,   5.40459192e-02],
       [  2.24250151e-01,   2.45979340e-01,   2.45107856e-01,
          2.33248915e-01,   2.37405120e-01,   2.58134438e-01,
          2.41284465e-01,   2.24662039e-01,   2.23777407e-01,
          2.57289602e-01,   2.34072352e-01,   2.49887260e-01,
          2.31408624e-01,   2.27714633e-01,   2.06873749e-01,
          2.00214001e-01,   2.21912295e-01,   2.38503959e-01,
          2.04280858e-01,   2.17994313e-01],
       [ -3.00662657e-02,   1.14746164e-02,  -6.49168424e-03,
          2.15797238e-02,  -8.70541704e-03,   3.27507425e-02,
         -3.42563575e-02,  -8.55412563e-03,  -3.61505700e-02,
          3.36590354e-02,  -4.00109746e-02,  -3.15639896e-02,
         -1.16375573e-02,  -1.91144381e-02,  -3.72219781e-02,
         -1.03661692e-01,  -4.05512980e-02,   1.79499236e-02,
         -8.40794366e-02,  -4.48148097e-02],
       [ -2.89393978e-01,  -2.41436209e-01,  -3.01011604e-01,
         -2.88032492e-01,  -2.83879783e-01,  -2.39764401e-01,
         -3.08837992e-01,  -3.06255633e-01,  -3.36004983e-01,
         -1.97331839e-01,  -3.32226191e-01,  -2.77067849e-01,
         -2.89643398e-01,  -3.12613624e-01,  -3.44564196e-01,
         -4.12743719e-01,  -3.17392014e-01,  -2.99072160e-01,
         -3.89303721e-01,  -3.39186812e-01],
       [  6.49144864e-02,   3.63944208e-02,   2.14948736e-02,
          5.10133572e-02,   3.85345853e-02,  -4.62544329e-03,
          9.77341552e-03,   6.26454011e-02,   7.55464461e-02,
          1.13509734e-02,   4.52967752e-02,   3.93926693e-03,
          3.75897084e-02,   7.22251284e-02,   8.27038738e-02,
          9.75221147e-02,   6.64458137e-02,   6.04932976e-02,
          9.30261500e-02,   8.25250953e-02],
       [  9.85655879e-02,   1.11402728e-01,   1.26661435e-01,
          1.62902327e-01,   9.68764246e-02,   1.53703965e-01,
          8.42444750e-02,   1.14411560e-01,   9.28805476e-02,
          1.62531740e-01,   1.07922842e-01,   7.58098720e-02,
          1.24511820e-01,   1.19003720e-01,   1.01577649e-01,
          4.05649109e-02,   7.51881865e-02,   1.67859574e-01,
          6.66479504e-02,   8.58225200e-02],
       [ -5.13616350e-04,   1.83961394e-02,   7.32786406e-03,
          1.07277075e-02,   1.31326011e-02,   2.00572997e-02,
          1.56562461e-02,   9.78876572e-03,   2.02746562e-03,
          5.68657455e-03,  -2.21862599e-03,  -1.25416274e-03,
          1.56185386e-02,  -1.05242578e-03,   4.01961966e-04,
         -3.24535720e-03,   3.29604810e-03,   1.98902742e-04,
          1.31775013e-02,   1.37263678e-02],
       [ -1.45988660e-02,  -1.50111386e-02,  -1.38495366e-02,
         -1.78034836e-02,  -1.37302658e-03,  -1.78902110e-03,
         -6.85019482e-03,  -1.68798722e-02,  -1.87595939e-02,
         -4.12438000e-03,  -6.49915677e-03,  -1.45895732e-02,
         -1.69639645e-02,  -9.27161420e-03,  -5.00532970e-03,
         -6.73473541e-03,  -1.78988224e-02,  -1.01815820e-02,
         -2.36461001e-02,  -8.55606997e-03]])]Hidden bias: [array([-0.62993109, -0.6323155 , -0.62876861, -0.63132837, -0.62836627,
       -0.63358917, -0.62591849, -0.62880262, -0.62522434, -0.63543546,
       -0.62764372, -0.62802527, -0.62997022, -0.62900442, -0.62475217,
       -0.61127569, -0.62537924, -0.63183433, -0.61770941, -0.62516996])]Output weights: [[ 0.12371688  0.09135958]
 [ 0.06197524  0.1105704 ]
 [ 0.10653527  0.11678222]
 [ 0.09585252  0.15736891]
 [ 0.10069849  0.09427347]
 [ 0.04685391  0.1556666 ]
 [ 0.12795154  0.06148481]
 [ 0.12557656  0.11457216]
 [ 0.16174858  0.07855639]
 [ 0.01303112  0.16456743]
 [ 0.14931769  0.08324968]
 [ 0.1025369   0.06901788]
 [ 0.10668362  0.10816608]
 [ 0.13743581  0.09926624]
 [ 0.17794439  0.08739939]
 [ 0.26322235  0.00294688]
 [ 0.14875192  0.06617309]
 [ 0.10644094  0.16190476]
 [ 0.23432202  0.03892226]
 [ 0.1725398   0.07158468]]Output bias: [ 1.09335648  0.70539124]
Value MLP:Hidden weights: [array([[  1.27994080e+01,  -6.59686327e+01,   1.43302147e+01,
          2.28128657e+01,   2.37316771e+01,   2.18343360e+00,
          5.23326491e+00,  -2.90356765e-01,  -4.47024241e+00,
          4.51275802e+01,   3.90881089e+01,   4.82730121e+00,
          1.55740526e+00,  -1.05516912e+01,   6.81865769e+01,
          3.11784603e+01,   8.23356777e+00,  -1.29763162e+01,
          2.53706203e+01,  -3.55040240e+01],
       [  3.43187688e+00,   2.58538769e+01,  -5.44858669e+00,
          1.02118037e+01,  -1.05905623e+01,  -1.10618067e+01,
         -5.14645168e+00,   1.53078798e+01,  -1.97862809e+00,
         -2.54012781e+01,  -2.26253494e+00,   1.72435536e+01,
         -1.48517304e+00,  -8.43365566e-01,   2.23254164e+01,
         -2.46805130e+00,   1.02610579e+01,   2.86966367e+00,
          4.83105848e-02,  -1.99665392e+00],
       [  4.15917719e+01,  -4.32358329e+01,  -2.13381744e+01,
          4.53272872e+01,   5.68942182e+01,  -3.95160468e+01,
          3.75570611e+01,   1.25637273e+01,   2.84962303e+01,
          3.32631079e+01,   3.41721030e+01,  -2.86104055e+01,
          2.11137281e+01,   3.37585574e+01,  -4.27295813e+00,
         -1.55512967e+01,   4.17280880e+01,  -4.30762105e+01,
          3.58499190e+01,  -2.92280729e+01],
       [ -4.01077788e-01,   5.63365897e+00,  -4.71495242e-01,
         -4.82440824e+00,  -5.69558067e+00,   6.83724674e-01,
         -3.77886145e+00,   2.84180054e+00,  -4.99094659e+00,
         -1.02252335e+01,  -1.43078312e+00,   6.15148463e+00,
          1.04067451e+00,   3.37316534e+00,   1.04773439e+01,
          1.28725640e+00,  -3.20700886e-01,   3.20568369e+00,
         -4.36218389e+00,   4.78210427e+00],
       [ -7.27948082e+00,  -1.58696417e+01,   3.87930081e+01,
         -6.06134321e+00,  -1.05939518e+01,   5.20189668e+00,
         -2.70447368e+01,  -4.07441291e+01,  -4.29058075e+01,
          5.36411877e+01,   3.98197151e+01,   2.05709850e+01,
         -4.25555621e+01,  -2.95636127e+01,   7.85152413e+01,
          5.24902644e+01,  -2.44871370e+01,   1.74088927e+01,
          1.19596318e+01,  -1.45115509e+01],
       [  5.62789417e+00,  -4.23948731e+01,   1.48259036e+01,
          5.16502423e+00,   3.05336233e+01,  -1.67924652e+01,
          8.17437197e+00,  -5.67585421e+01,  -6.49225403e-02,
          6.30064551e+01,   3.16038404e+01,   3.15416579e+01,
          8.87411750e+00,   2.94076121e+00,   6.70949655e+01,
         -4.33544860e+01,  -4.01452651e+00,  -1.91760547e+01,
         -2.42426113e+00,  -2.38479339e+01],
       [ -2.65342338e+00,  -3.07374133e+01,  -3.04657992e+00,
         -1.13684481e+01,   2.74009061e+01,   1.47248181e+01,
         -5.25553951e+00,  -3.25160587e+01,   4.95992208e+00,
          2.37126908e+01,  -1.71468039e+01,  -2.14800374e+01,
          1.30585473e+01,   2.28776183e+01,  -6.26210009e+01,
          2.15763387e+00,   7.96846099e-01,  -2.00739971e+01,
          1.70045868e+01,  -4.57442222e+00],
       [ -2.19428839e+01,  -7.59673526e+00,   1.67245847e+01,
         -1.85028088e+01,   9.23726807e+00,   9.27722423e+00,
         -9.71068386e+00,  -1.73135268e+00,  -6.96618094e+00,
          2.20420460e+01,  -8.87437651e+00,  -2.55663331e+01,
         -2.17690862e+01,  -1.13091131e+00,  -3.39116921e+01,
          2.07542114e+01,  -2.26566832e+01,   2.94901623e+00,
          3.15569265e+01,  -5.72595547e+00]])]Hidden bias: [array([ -2.15859663, -30.53393222,   4.29747771,  -4.11160958,
         4.21744503,  13.13244979,  11.33390474, -18.19216233,
        -4.59743358,  27.27867955,  -0.8006163 , -24.25496333,
        -4.04709582,   4.20644806, -32.62670192,   2.19648637,
       -13.72161931,  -0.42680525,   2.03667996,  -3.58473797])]Output weights: [[  2.59371464]
 [ -3.06591511]
 [-11.62642918]
 [  2.16363385]
 [ -0.53580818]
 [ -5.65083802]
 [  8.52543891]
 [-20.99680529]
 [ -7.84890008]
 [ -5.91943504]
 [ -1.99941991]
 [-12.54636535]
 [-10.76798091]
 [  7.89556097]
 [ -7.88604243]
 [  7.0351974 ]
 [ -8.50263179]
 [  0.8329827 ]
 [ -4.87307753]
 [ -5.93222214]]Output bias: [-138.63312167]