Action MLP:Hidden weights: [array([[  7.51211898e-02,   8.58537479e-02,   1.10805101e-01,
          1.30211697e-01,   8.46556168e-02,   1.26255505e-01,
          5.36126872e-02,   1.00611554e-01,   6.34669847e-02,
          1.30242190e-01,   7.68651050e-02,   6.73399891e-02,
          8.98933056e-02,   6.89262667e-02,   6.28374464e-02,
         -6.55828650e-03,   6.03530507e-02,   1.31559830e-01,
          2.61393444e-02,   5.24506335e-02],
       [  2.47591257e-01,   2.55491479e-01,   2.57621005e-01,
          2.51320180e-01,   2.50893862e-01,   2.61715911e-01,
          2.54987119e-01,   2.47872786e-01,   2.53863443e-01,
          2.59435109e-01,   2.55172808e-01,   2.60158616e-01,
          2.46715723e-01,   2.54977777e-01,   2.40383099e-01,
          2.43181939e-01,   2.46994922e-01,   2.61209417e-01,
          2.44289091e-01,   2.50085233e-01],
       [ -2.57475141e-02,   1.37617656e-02,  -2.88319201e-03,
          2.56506995e-02,  -5.57766074e-03,   3.48986051e-02,
         -3.09874342e-02,  -4.06614055e-03,  -3.08556555e-02,
          3.52913198e-02,  -3.55339673e-02,  -2.91338316e-02,
         -7.96651734e-03,  -1.40884518e-02,  -3.14694419e-02,
         -9.74197541e-02,  -3.61467040e-02,   2.27526180e-02,
         -7.78603873e-02,  -3.93445811e-02],
       [ -2.85513050e-01,  -2.40240899e-01,  -2.95789149e-01,
         -2.86487081e-01,  -2.80109921e-01,  -2.37023365e-01,
         -3.00990588e-01,  -3.02733075e-01,  -3.30225247e-01,
         -1.98302750e-01,  -3.26001544e-01,  -2.71014415e-01,
         -2.85889033e-01,  -3.08255761e-01,  -3.38233875e-01,
         -4.01587522e-01,  -3.12013305e-01,  -2.97094640e-01,
         -3.79822584e-01,  -3.32761441e-01],
       [  4.29952590e-02,   2.03077318e-02,   2.71231053e-02,
          1.92902416e-02,   3.08104316e-02,   6.54490401e-03,
          3.45315069e-02,   3.66176891e-02,   5.41965600e-02,
         -3.87543325e-03,   3.84341561e-02,   2.45008293e-02,
          2.54077257e-02,   4.72459760e-02,   5.99813932e-02,
          8.98639758e-02,   4.91089826e-02,   2.64738908e-02,
          7.95142443e-02,   6.26625079e-02],
       [  9.33195513e-02,   1.09956222e-01,   1.29038068e-01,
          1.57692604e-01,   9.73849520e-02,   1.56076905e-01,
          8.92924619e-02,   1.09167055e-01,   8.68717784e-02,
          1.61257959e-01,   1.07984477e-01,   7.99600545e-02,
          1.23963221e-01,   1.12007236e-01,   9.42486829e-02,
          3.60095165e-02,   7.18793898e-02,   1.60056428e-01,
          6.08461642e-02,   7.95678259e-02],
       [ -7.46953747e-04,   1.82559790e-02,   7.13320187e-03,
          1.05765903e-02,   1.29144945e-02,   1.99646806e-02,
          1.53949764e-02,   9.55276076e-03,   1.72391437e-03,
          5.64309881e-03,  -2.47915173e-03,  -1.48002440e-03,
          1.54251812e-02,  -1.27894021e-03,   9.75381213e-05,
         -3.76929165e-03,   2.98460601e-03,   4.36272556e-05,
          1.27385216e-02,   1.33993691e-02],
       [ -1.45987060e-02,  -1.50004856e-02,  -1.37826385e-02,
         -1.78000172e-02,  -1.35872951e-03,  -1.71540666e-03,
         -6.79662472e-03,  -1.68790610e-02,  -1.87601551e-02,
         -4.05804453e-03,  -6.48838076e-03,  -1.45412936e-02,
         -1.69489182e-02,  -9.27210083e-03,  -5.00631236e-03,
         -6.73618627e-03,  -1.78985419e-02,  -1.01807591e-02,
         -2.36474326e-02,  -8.55699744e-03]])]Hidden bias: [array([-0.62555012, -0.6303081 , -0.62610898, -0.62769654, -0.62554762,
       -0.63286912, -0.62327012, -0.62436787, -0.61962189, -0.63479664,
       -0.62330211, -0.6260982 , -0.62673419, -0.6239166 , -0.6185643 ,
       -0.60334203, -0.62060653, -0.6275121 , -0.61030386, -0.61924759])]Output weights: [[ 0.13737079  0.09393132]
 [ 0.0816323   0.12146321]
 [ 0.12991545  0.13544694]
 [ 0.1134641   0.1693785 ]
 [ 0.12102604  0.10751141]
 [ 0.06724387  0.17270056]
 [ 0.14757216  0.07845543]
 [ 0.13996704  0.12155483]
 [ 0.17445141  0.079173  ]
 [ 0.0343297   0.17921107]
 [ 0.16969722  0.09805934]
 [ 0.11981713  0.08400598]
 [ 0.1272856   0.12254689]
 [ 0.15068848  0.09847756]
 [ 0.18588673  0.08253598]
 [ 0.26746637 -0.00447955]
 [ 0.16252138  0.07232165]
 [ 0.12265643  0.16740663]
 [ 0.23973934  0.03208967]
 [ 0.18286556  0.06811187]]Output bias: [ 1.11529803  0.71583457]
Value MLP:Hidden weights: [array([[  2.22178550e+01,  -6.52856744e+01,  -1.18794640e+01,
          2.18268886e+01,   3.00659049e+01,  -1.54675944e+01,
          1.26954777e+01,   4.94932425e+00,   1.69961553e+01,
         -2.39595538e+00,   1.83382580e+01,  -1.93079443e+01,
          1.14601200e+01,   2.66351054e+00,   1.11757647e+01,
          1.00062785e+01,   2.02052186e+01,  -1.75606470e+01,
          1.54461018e+01,  -4.04825454e+01],
       [  6.14082521e+00,   3.60761479e+01,  -2.59105175e+00,
          1.41410522e+01,  -1.42256433e+01,  -6.64971604e+00,
         -4.90447291e+00,   1.67458741e+01,   6.25603860e+00,
         -2.99726084e+01,   4.52092982e+00,   1.61506345e+01,
         -4.04663443e+00,  -9.38794863e+00,   1.62301198e+01,
          7.45964751e+00,   1.14675300e+01,   1.17512699e+00,
         -5.38292725e+00,  -2.56562432e+00],
       [  2.74150620e+01,  -1.35682884e+01,  -3.23192794e+01,
          3.48574646e+01,   3.21143397e+01,  -3.13558667e+01,
          3.73172808e+01,   2.56646828e+01,   2.82817630e+01,
         -4.13162560e+01,  -7.88184244e+00,  -3.69091414e+01,
          2.35986366e+01,   3.54690784e+01,  -1.76412292e+01,
         -3.34149043e+01,   3.56319457e+01,  -3.94400328e+01,
         -2.24541053e+01,  -2.03663571e+01],
       [ -3.66031487e+00,   1.02518201e+01,   3.45235585e+00,
         -6.75731297e-01,  -9.46459430e+00,   9.42768248e-01,
         -3.41850840e+00,   1.11575419e+00,   5.83562900e+00,
         -6.14524964e+00,   3.12052854e+00,   8.60936999e+00,
          3.16864961e-01,  -3.58677880e+00,   6.56279693e+00,
          5.01168191e+00,   5.92156346e+00,   3.36373303e-02,
          1.87643444e+00,   3.25994730e+00],
       [  1.49605913e+01,  -3.47705917e+01,   2.17777437e+01,
          5.12084833e+00,   9.19091059e+00,  -9.63407030e+00,
         -1.31286609e+01,  -1.66341963e+01,  -1.73763684e+01,
          6.88309235e+01,   5.44857632e+01,   1.50246667e+00,
         -2.78923872e+01,  -1.10431128e+01,   2.85512931e+01,
          3.96411026e+01,  -9.55481515e+00,   9.35052345e+00,
          2.74817872e+01,  -1.80161268e+01],
       [  1.31729945e+01,  -3.42205575e+01,  -1.18558164e+01,
          7.65755857e+00,   3.15647907e+01,  -2.14425361e+01,
          1.52634013e+01,  -1.40558062e+01,   1.26974594e+01,
          5.26756660e+01,  -6.98878067e+00,   2.40215596e+01,
          1.94012064e+01,   1.51974234e+01,   1.31623652e+01,
         -3.54844846e+01,   2.89070706e+00,  -2.01831880e+01,
         -5.52267429e+00,  -1.21653665e+01],
       [ -1.06309247e+01,  -3.55586434e+01,  -9.75847499e-01,
         -1.40784206e+01,   2.74855166e+01,   1.16441252e+01,
          3.38780884e+00,  -2.70700766e+01,  -2.23006776e+00,
          2.17143785e+01,  -1.88731839e+01,  -1.97665038e+01,
          1.87069496e+01,   1.84135789e+01,  -1.88239831e+01,
         -1.06068253e+01,  -2.87964566e+00,  -1.90751129e+01,
          1.24766614e+01,  -2.01622515e+00],
       [ -1.52721003e+01,  -7.69005416e+00,   1.73099928e+01,
         -2.12311958e+01,   9.48503586e+00,   6.65693267e+00,
         -4.11656054e-01,  -1.25816655e+01,  -8.82184478e+00,
          2.97227039e+01,  -2.58678720e-01,  -6.27151195e+00,
         -1.18205011e+01,   5.53830806e+00,  -1.52937890e+01,
          1.09074373e+01,  -2.70215674e+01,   6.91323437e+00,
          1.97335117e+01,  -5.02740809e+00]])]Hidden bias: [array([  3.01863776, -31.3621567 ,   2.48171188, -12.78834507,
        21.73857986,   5.77358183,  13.50105945, -20.17080259,
        -4.53576533,  18.4711988 ,  -3.00778151, -18.77763547,
         7.40255381,   8.23459164, -19.96060395, -10.19882206,
       -14.59189848,   4.22552629,   2.97768877,  -5.40876571])]Output weights: [[  2.19875707]
 [  5.90604712]
 [  7.47471627]
 [  6.09453017]
 [  2.67874651]
 [  3.09755025]
 [  3.50619017]
 [-22.72557178]
 [  2.65165952]
 [ -3.23883392]
 [ 13.50564112]
 [ -3.46509223]
 [  5.99062196]
 [ -6.39039958]
 [-21.28856321]
 [ -5.72192654]
 [ -7.52442278]
 [  4.65332941]
 [ -9.26865043]
 [ -5.2411649 ]]Output bias: [-132.53628827]