Action MLP:Hidden weights: [array([[ 0.07592073,  0.08633498,  0.11159498,  0.13094859,  0.08534187,
         0.12670615,  0.05443336,  0.10143229,  0.06443969,  0.13055202,
         0.07787089,  0.06798764,  0.09068883,  0.06982616,  0.06389254,
        -0.00539648,  0.06122338,  0.13233154,  0.02730393,  0.05345269],
       [ 0.25983685,  0.26253774,  0.269051  ,  0.26113438,  0.26157618,
         0.26730658,  0.26816819,  0.26027469,  0.26944712,  0.26229948,
         0.27031986,  0.2707744 ,  0.25801725,  0.26842854,  0.25679973,
         0.2646551 ,  0.26149092,  0.2717985 ,  0.26439664,  0.26632745],
       [-0.02007152,  0.01709336,  0.0025618 ,  0.03049129, -0.0006462 ,
         0.03773614, -0.02499325,  0.0017337 , -0.02377889,  0.03694836,
        -0.02847217, -0.02433056, -0.00255877, -0.00780381, -0.0239476 ,
        -0.08848294, -0.02964757,  0.02791911, -0.06913701, -0.03202755],
       [-0.28512597, -0.2400426 , -0.29545598, -0.28620928, -0.27978492,
        -0.23688755, -0.30058197, -0.30235118, -0.32972481, -0.19823567,
        -0.32552703, -0.27069404, -0.28553702, -0.30783993, -0.3377015 ,
        -0.40083945, -0.31154931, -0.29681546, -0.37914149, -0.33222567],
       [ 0.04153458,  0.01942833,  0.02562149,  0.01785026,  0.02955538,
         0.00569467,  0.03305136,  0.03508218,  0.05244594, -0.00446072,
         0.03654935,  0.02334062,  0.02388162,  0.04558327,  0.05806658,
         0.08802878,  0.04757674,  0.02499479,  0.07754711,  0.06089293],
       [ 0.09404344,  0.11049464,  0.12944735,  0.157817  ,  0.09821012,
         0.15625107,  0.09025679,  0.10987571,  0.08792823,  0.16126159,
         0.10859355,  0.08092615,  0.12434666,  0.11252952,  0.09515531,
         0.03878891,  0.07316143,  0.16015958,  0.06276246,  0.08077288],
       [-0.00136517,  0.01785865,  0.00659457,  0.01014228,  0.01232868,
         0.01968031,  0.01469797,  0.00892121,  0.00092469,  0.00548897,
        -0.00318392, -0.00207951,  0.0148921 , -0.00190019, -0.00070515,
        -0.00508076,  0.00218301, -0.00040541,  0.01162117,  0.01254634],
       [-0.01468064, -0.01505034, -0.01384833, -0.01785164, -0.00143262,
        -0.00175381, -0.00689065, -0.01695609, -0.01886846, -0.00408533,
        -0.00658353, -0.01461832, -0.01701584, -0.00935588, -0.00511981,
        -0.006967  , -0.01800641, -0.01023491, -0.02382578, -0.00867892]])]Hidden bias: [array([-0.62151832, -0.62808014, -0.62231067, -0.62445222, -0.62209454,
       -0.63112027, -0.61891728, -0.62030284, -0.61444175, -0.63401991,
       -0.61819669, -0.62265786, -0.62300037, -0.6193894 , -0.613063  ,
       -0.59619735, -0.61586754, -0.62394314, -0.60356917, -0.61386039])]Output weights: [[ 0.14431984  0.0945487 ]
 [ 0.09075702  0.12225712]
 [ 0.13905301  0.13613676]
 [ 0.12331083  0.17015078]
 [ 0.12910839  0.108222  ]
 [ 0.07807182  0.17354697]
 [ 0.15492265  0.07904316]
 [ 0.14805192  0.12224173]
 [ 0.18180702  0.07970255]
 [ 0.04504739  0.18010102]
 [ 0.17719692  0.09860444]
 [ 0.12771675  0.08467583]
 [ 0.13510802  0.12322785]
 [ 0.1588329   0.09905345]
 [ 0.19205331  0.08303959]
 [ 0.27093484 -0.00427977]
 [ 0.16893312  0.07289107]
 [ 0.13324032  0.16813493]
 [ 0.24417967  0.03238709]
 [ 0.18934567  0.06859462]]Output bias: [ 1.13904741  0.71372596]
Value MLP:Hidden weights: [array([[ -1.69076385,   0.90346994, -16.22019292,  29.0453967 ,
         -6.32755674, -23.03163624,  13.6219602 ,  26.67750984,
         16.60768943, -21.1386109 ,  -7.99144991, -13.8781332 ,
         21.85659225,  10.73762963, -11.11444073,  -6.09022093,
         -2.4864958 ,  -1.45190744, -12.08845156,   0.46348144],
       [  4.34511644,  26.81283003,  -1.72792885,  12.05978952,
         -1.86516565,  -6.29175643,  -0.22361857,  12.60503406,
          7.50618665, -23.35105133,  -6.93994414,   8.43630317,
         -5.96842257,  -6.94912623,  17.27214758,   7.49933149,
         -0.35601977,   1.88447507,  -4.91885754,   4.28950543],
       [-15.10497541,  77.96349221, -25.80062098,  27.39806593,
        -33.01248305, -20.75591829,  23.33308375,  18.39981021,
         20.70249972, -56.67553154, -28.52444621,  -0.26268721,
         18.15986461,  28.86610201, -25.58782319, -27.70880518,
        -14.9957844 ,  14.09477303, -28.23705559,  32.92735123],
       [  1.49134128,  12.29670744,  -3.18956779,   1.65950102,
         -0.43168774,  -2.25158979,  -1.87516805,   4.41114163,
          2.467878  ,  -1.63230622,   1.64584505,   8.71336557,
         -3.93854908,  -1.28126405,   5.62366229,   1.30536177,
         10.5175079 ,  -2.7558487 ,  -7.18527409,   0.09498132],
       [ 23.78391677, -30.44871938,   6.57141327,  11.30911654,
         32.79382395, -17.35045458,  14.68072687,  15.76992091,
          1.94284302,  63.55826089,  28.03766702, -28.92070539,
         -1.56988641,   9.18353304,  -2.52096202,   6.11984472,
         24.66219716, -29.22226484,   6.8470597 , -11.67260032],
       [ -8.71499187,  -0.9927059 , -13.82572273,  12.26917348,
         12.24362961, -21.92813619,  29.16384935,   7.26844128,
         20.33867554,  45.45082372, -27.08771789,  -1.89336983,
         24.61341097,  23.62082865, -22.86184083, -55.94266381,
         25.69955448, -31.66849548, -12.74320962,   5.65031099],
       [ -3.14665408, -19.93707942,  -2.98097889, -12.97969541,
          4.28482008,   5.34590473,  -2.05592374, -14.3844419 ,
        -12.45808923,  15.47235038,  -0.45586346, -19.73797823,
         17.97007237,   7.72200651,  -4.10780948, -11.55441901,
          2.39244354,  -9.83891031,  12.69563034,  -6.91264174],
       [ -2.20145275, -11.21335362,  22.3348093 , -16.769473  ,
         13.38080711,   1.91086861,  -5.98923248, -12.73882196,
         -6.60887148,  29.18173426,  17.11958789,  -3.6968237 ,
        -10.46958046,   6.64403184,  -1.23747442,   6.30066207,
         -7.78541539,  -0.40724423,   1.75199748, -10.39623971]])]Hidden bias: [array([ -8.57820363e-03,  -3.05418333e+01,   3.49718104e+00,
        -1.04829437e+01,   6.59838261e+00,   3.76488117e+00,
         7.82045668e+00,  -1.37230854e+01,  -6.01394863e+00,
         1.76230928e+01,   1.26896869e+01,  -2.35192864e+01,
         8.82859217e+00,   7.76393221e+00,  -9.73218743e+00,
        -4.82364552e+00,  -7.62601138e+00,   8.44034733e-01,
         1.78658229e+00,  -2.32538787e+00])]Output weights: [[ 14.87836924]
 [ -6.07149608]
 [  3.85887261]
 [ -9.52844411]
 [ 16.01414062]
 [  0.81244809]
 [  0.6203367 ]
 [ -7.99712569]
 [ -3.7373768 ]
 [ -5.62877614]
 [  6.09495256]
 [ 12.78745129]
 [  7.12706229]
 [  2.38887189]
 [  6.81695463]
 [ -0.8138702 ]
 [-12.56976976]
 [ 14.68858747]
 [ -3.33475615]
 [  8.02459729]]Output bias: [-121.40232219]