Action MLP:Hidden weights: [array([[  7.74996239e-02,   8.68981970e-02,   1.12985116e-01,
          1.31714648e-01,   8.66529648e-02,   1.27118335e-01,
          5.65040440e-02,   1.02935654e-01,   6.66941395e-02,
          1.30247456e-01,   7.99020249e-02,   6.95957763e-02,
          9.19432081e-02,   7.15377800e-02,   6.63442921e-02,
         -1.34115770e-03,   6.33638461e-02,   1.33266761e-01,
          3.08158799e-02,   5.59318361e-02],
       [  2.23193567e-01,   2.45537991e-01,   2.44261582e-01,
          2.32569768e-01,   2.36581532e-01,   2.57890020e-01,
          2.40161522e-01,   2.23626604e-01,   2.22357120e-01,
          2.57315596e-01,   2.32768915e-01,   2.49010440e-01,
          2.30542706e-01,   2.26538923e-01,   2.05313664e-01,
          1.98197779e-01,   2.20600541e-01,   2.37722490e-01,
          2.02344483e-01,   2.16479071e-01],
       [ -2.49141743e-02,   1.37131451e-02,  -2.32488619e-03,
          2.49947183e-02,  -4.66059607e-03,   3.40920503e-02,
         -2.88195011e-02,  -3.48120763e-03,  -2.92726771e-02,
          3.36978692e-02,  -3.37001521e-02,  -2.73143512e-02,
         -7.38083880e-03,  -1.34121911e-02,  -2.96775970e-02,
         -9.36358041e-02,  -3.41843083e-02,   2.18340690e-02,
         -7.46055847e-02,  -3.74709309e-02],
       [ -2.88577834e-01,  -2.41065198e-01,  -3.00340180e-01,
         -2.87465985e-01,  -2.83231762e-01,  -2.39524153e-01,
         -3.07982645e-01,  -3.05444528e-01,  -3.34924361e-01,
         -1.97298240e-01,  -3.31232439e-01,  -2.76396427e-01,
         -2.88960668e-01,  -3.11712157e-01,  -3.43381355e-01,
         -4.11152426e-01,  -3.16390528e-01,  -2.98433702e-01,
         -3.87814928e-01,  -3.38034981e-01],
       [  6.20592063e-02,   3.50814312e-02,   1.91328330e-02,
          4.90009366e-02,   3.62623033e-02,  -5.49151344e-03,
          6.79488011e-03,   5.97971083e-02,   7.17699689e-02,
          1.12201052e-02,   4.18233700e-02,   1.60691276e-03,
          3.51914947e-02,   6.90728870e-02,   7.85728498e-02,
          9.18425897e-02,   6.29481186e-02,   5.82357710e-02,
          8.77760094e-02,   7.84987587e-02],
       [  9.61008864e-02,   1.10173652e-01,   1.24556317e-01,
          1.61062545e-01,   9.48564946e-02,   1.52804030e-01,
          8.16672113e-02,   1.11916276e-01,   8.96635414e-02,
          1.62292700e-01,   1.04966012e-01,   7.37703449e-02,
          1.22401229e-01,   1.16319128e-01,   9.80877216e-02,
          3.54679490e-02,   7.21844806e-02,   1.65842475e-01,
          6.20948021e-02,   8.23919770e-02],
       [ -4.66645758e-04,   1.84237376e-02,   7.36820127e-03,
          1.07555148e-02,   1.31784307e-02,   2.00756010e-02,
          1.57175924e-02,   9.83528089e-03,   2.08687871e-03,
          5.69113433e-03,  -2.16654607e-03,  -1.20004302e-03,
          1.56571247e-02,  -1.00900716e-03,   4.60738018e-04,
         -3.14321446e-03,   3.36060290e-03,   2.26728219e-04,
          1.32619691e-02,   1.37910088e-02],
       [ -1.47335671e-02,  -1.50780861e-02,  -1.39659437e-02,
         -1.79087549e-02,  -1.48166700e-03,  -1.84111532e-03,
         -6.98798635e-03,  -1.70169011e-02,  -1.89353856e-02,
         -4.14076210e-03,  -6.66159934e-03,  -1.46973709e-02,
         -1.70808075e-02,  -9.42104895e-03,  -5.19793001e-03,
         -7.00943402e-03,  -1.80596255e-02,  -1.02977403e-02,
         -2.38943193e-02,  -8.74306600e-03]])]Hidden bias: [array([-0.63143307, -0.63297894, -0.63000218, -0.63237281, -0.6295439 ,
       -0.63400862, -0.62747775, -0.63029685, -0.6272256 , -0.63546336,
       -0.6294874 , -0.62923521, -0.63122653, -0.63068025, -0.62695203,
       -0.6142253 , -0.62721565, -0.63301808, -0.62047505, -0.62730122])]Output weights: [[ 0.12319832  0.09121722]
 [ 0.06385133  0.11024508]
 [ 0.10760213  0.11650425]
 [ 0.09709695  0.15701255]
 [ 0.10174141  0.09402491]
 [ 0.04995694  0.15521425]
 [ 0.12829098  0.0613254 ]
 [ 0.12589761  0.11434093]
 [ 0.16037773  0.07847764]
 [ 0.01592737  0.1641168 ]
 [ 0.14828026  0.08314509]
 [ 0.10357774  0.06882223]
 [ 0.10718255  0.10792634]
 [ 0.13655611  0.09911893]
 [ 0.17627279  0.08732376]
 [ 0.25840251  0.00318503]
 [ 0.14785827  0.06608644]
 [ 0.107132    0.16158005]
 [ 0.23040234  0.03906332]
 [ 0.17067586  0.07154864]]Output bias: [ 1.08142213  0.70640784]
Value MLP:Hidden weights: [array([[-33.16345076, -57.50040179,  34.60606569, -27.64114774,
        -12.96385286,  41.20141175, -37.74049356, -27.24918696,
        -29.93097838,  49.73283067,  36.76755477,  24.80009356,
        -21.35000918,  55.48377539,  83.10315167,  47.2758482 ,
        -37.71194666,  19.00660861, -31.66700123, -25.06193369],
       [  6.76528763,  26.92463843,  -0.76746458,  18.17970362,
         -5.05612737,  -5.09768116, -10.0575108 ,  18.70656407,
          6.34298711, -18.80439368,  -1.91644884,   5.61693549,
          9.29304081, -18.38623866,  17.69754811,   0.64706057,
         18.40847715,  14.70043557,  -4.48218082,  -1.37610901],
       [-23.44138059, -66.45715435,  47.72494863,   4.79260896,
         52.31829885,  47.85863069, -49.37691144, -48.96357386,
        -47.55206213,  59.53937863,  49.25128877,  43.51530113,
        -27.44232796,  41.95436498,  53.89711755,  37.69224764,
        -40.37130812, -15.10967263, -27.14420853, -44.60375397],
       [  1.6253475 ,   8.41296984,  -3.40798418,  -1.1425728 ,
         -7.114026  ,  -0.12701348,   1.3505486 ,   6.90103092,
          6.6051044 ,  -8.99975655,  -4.243002  ,  -3.91675322,
         12.16503682,  -4.51451361,  -5.01787694,  -1.22220111,
          3.63608858,   3.12464452,   2.50504873,   0.32727815],
       [ -5.90979381,  16.94803816,  -2.16982501, -35.1493603 ,
        -40.805119  ,  10.61761183,  -7.27029543,  -7.409103  ,
         -9.28439585,  26.55473216,  29.01609845, -19.52609876,
        -44.47740689,  13.47691114,  44.39841987,  20.73730616,
         -8.72963826,  51.77890876,  -3.10989264,  10.20854651],
       [-35.99516819, -21.93790708,   7.11656221, -41.8402813 ,
         14.63889389,  11.12997799,  -5.20231896, -53.54781264,
        -22.51706473,  62.49741064,  27.21930893,  32.35272328,
        -17.51419659,  46.38386465,  72.44613936, -47.74132247,
        -37.65308846,   3.20001358, -14.94191763, -20.42745413],
       [-26.02646372, -27.37925104,   4.78515197, -16.29039118,
         33.14145938,  13.35637248,   6.70908497, -27.18262191,
        -14.62158064,  19.20790465, -16.4430555 ,  -9.46027792,
          6.05373266,  42.0758781 , -59.85770978,  -1.73558128,
        -22.23366331, -22.05953542,  21.30354021,  -3.32106196],
       [ -9.21360557,  -7.81096397,   4.89970903, -19.54270963,
         14.91126985,   9.31051832,  -6.70464504, -22.45575224,
          5.28660676,  20.2417229 ,  -7.75636595, -34.11471235,
        -38.13584624,  20.58452109, -32.45362067,  19.62272496,
          1.22432491, -18.55395702,  44.44311705,  -9.03715934]])]Hidden bias: [array([ -8.79852503, -32.00970144,  -1.66846757,  -0.45610569,
         2.22206393,  -0.85076994,  18.57800993, -18.77530803,
        -4.5642826 ,  26.58582685,   3.04796734,  -8.61355852,
       -11.15503235,  24.70451496, -20.10737814,   2.44540749,
       -14.87639303, -19.5988039 ,  12.30109261,  -2.67239655])]Output weights: [[ -3.59962723]
 [ -6.11712099]
 [  1.32942671]
 [  7.71908813]
 [-15.39064824]
 [ -8.6879934 ]
 [  9.52824173]
 [  3.32316367]
 [  3.2829845 ]
 [  2.0109031 ]
 [  2.6911537 ]
 [  2.05077717]
 [  1.56327274]
 [  9.92913531]
 [  0.92298421]
 [ -1.57292058]
 [  3.15078146]
 [-15.77086544]
 [ 12.55757267]
 [ -4.00336939]]Output bias: [-136.23970872]